timestamp_ns,measurement_elapsed_ms,fps,frame_time_ms,frame_e2e_ms,total_ms,rank_ms,sort_ms,inverse_ms,projection_ms,rendering_ms,present_ms,total_splats,loaded_splats,visible_splats,visible_ratio,width,height,model_type,draw_method,msaa,vsync,mip_bias,mip_modulation,log_p_min
1781756696669469360,0,475.267,2.10408,2.02026,1.99846,0.133952,0.225536,0.058368,0.736256,0.844352,0.018831,6131954,6131954,1663433,27.1273,1920,1080,raygs,triangles,1,off,0.1,on,-4
1781756696671446962,1.9776,474.991,2.1053,2.02461,2.00227,0.134624,0.225152,0.058368,0.740352,0.843776,0.015878,6131954,6131954,1663433,27.1273,1920,1080,raygs,triangles,1,off,0.1,on,-4
1781756696673824436,4.35508,475.69,2.10221,2.18989,2.16816,0.133024,0.224704,0.237568,0.728064,0.8448,0.017356,6131954,6131954,1663433,27.1273,1920,1080,raygs,triangles,1,off,0.1,on,-4
1781756696675954197,6.48484,475.011,2.10521,2.02442,2.00176,0.146784,0.221696,0.058368,0.731136,0.843776,0.021987,6131954,6131954,1663433,27.1273,1920,1080,raygs,triangles,1,off,0.1,on,-4
1781756696678111916,8.64256,474.305,2.10835,2.0112,1.98931,0.13456,0.226432,0.057504,0.727072,0.843744,0.029224,6131954,6131954,1663433,27.1273,1920,1080,raygs,triangles,1,off,0.1,on,-4
1781756696680090865,10.6215,473.975,2.10982,2.01843,1.99558,0.1336,0.224704,0.058464,0.735232,0.843584,0.025688,6131954,6131954,1663433,27.1273,1920,1080,raygs,triangles,1,off,0.1,on,-4
1781756696682247703,12.7783,474.267,2.10852,2.14387,2.12074,0.134112,0.34288,0.057568,0.7424,0.843776,0.023692,6131954,6131954,1663433,27.1273,1920,1080,raygs,triangles,1,off,0.1,on,-4
1781756696684295895,14.8265,474.575,2.10715,2.01984,1.99872,0.134016,0.227328,0.058368,0.735232,0.843776,0.023789,6131954,6131954,1663433,27.1273,1920,1080,raygs,triangles,1,off,0.1,on,-4
1781756696686457110,16.9877,475.108,2.10479,2.14928,2.12701,0.13408,0.354528,0.057632,0.736256,0.844512,0.022793,6131954,6131954,1663433,27.1273,1920,1080,raygs,triangles,1,off,0.1,on,-4
1781756696688405055,18.9357,474.558,2.10723,2.02086,1.99888,0.133984,0.225376,0.058304,0.73744,0.843776,0.018383,6131954,6131954,1663433,27.1273,1920,1080,raygs,triangles,1,off,0.1,on,-4
1781756696690740630,21.2713,475.311,2.10389,2.19693,2.17494,0.13392,0.40736,0.058112,0.731136,0.844416,0.016962,6131954,6131954,1663433,27.1273,1920,1080,raygs,triangles,1,off,0.1,on,-4
1781756696692818446,23.3491,475.195,2.1044,2.01533,1.99283,0.137696,0.223776,0.057344,0.730368,0.843648,0.025463,6131954,6131954,1663433,27.1273,1920,1080,raygs,triangles,1,off,0.1,on,-4
1781756696694811019,25.3417,474.473,2.1076,2.01475,1.99517,0.134048,0.225152,0.058368,0.733184,0.844416,0.017016,6131954,6131954,1663433,27.1273,1920,1080,raygs,triangles,1,off,0.1,on,-4
1781756696696860063,27.3907,474.585,2.10711,2.02211,2.00013,0.134208,0.224832,0.058368,0.738304,0.844416,0.017632,6131954,6131954,1663433,27.1273,1920,1080,raygs,triangles,1,off,0.1,on,-4
1781756696699021802,29.5524,474.509,2.10744,2.13693,2.11328,0.13344,0.34176,0.057344,0.735232,0.845504,0.015819,6131954,6131954,1663433,27.1273,1920,1080,raygs,triangles,1,off,0.1,on,-4
1781756696701068502,31.5991,474.702,2.10659,2.02234,2.00118,0.133952,0.226592,0.058368,0.736608,0.845664,0.016416,6131954,6131954,1663433,27.1273,1920,1080,raygs,triangles,1,off,0.1,on,-4
1781756696709511488,40.0421,446.8,2.23814,2.01965,1.9993,0.133504,0.226368,0.058368,0.736256,0.8448,0.015216,6131954,6131954,1663433,27.1273,1920,1080,raygs,triangles,1,off,0.1,on,-4
1781756696709802230,40.3329,452.478,2.21005,2.02029,1.9977,0.134176,0.226464,0.057344,0.735232,0.84448,0.013333,6131954,6131954,1663433,27.1273,1920,1080,raygs,triangles,1,off,0.1,on,-4
1781756696711762862,42.2935,458.526,2.1809,2.03805,2.01715,0.137856,0.22064,0.057344,0.75776,0.843552,0.013925,6131954,6131954,1663433,27.1273,1920,1080,raygs,triangles,1,off,0.1,on,-4
1781756696713930476,44.4611,460.072,2.17357,2.14739,2.12528,0.13456,0.225632,0.057344,0.863232,0.844512,0.012336,6131954,6131954,1663433,27.1273,1920,1080,raygs,triangles,1,off,0.1,on,-4
1781756696715981382,46.512,459.331,2.17708,2.01926,1.99552,0.133664,0.225504,0.057344,0.735232,0.843776,0.013283,6131954,6131954,1663433,27.1273,1920,1080,raygs,triangles,1,off,0.1,on,-4
1781756696718030782,48.5614,458.918,2.17904,2.01914,1.99808,0.133792,0.224864,0.058368,0.736256,0.8448,0.013246,6131954,6131954,1663433,27.1273,1920,1080,raygs,triangles,1,off,0.1,on,-4
1781756696720061859,50.5925,458.872,2.17926,2.01462,1.99338,0.133856,0.225344,0.057344,0.733184,0.843648,0.012665,6131954,6131954,1663433,27.1273,1920,1080,raygs,triangles,1,off,0.1,on,-4
1781756696722269248,52.7999,460.08,2.17353,2.02006,1.99904,0.133856,0.22576,0.058368,0.73728,0.843776,0.012658,6131954,6131954,1663433,27.1273,1920,1080,raygs,triangles,1,off,0.1,on,-4
1781756696724563023,55.0937,459.459,2.17647,2.2169,2.19568,0.13904,0.224704,0.058368,0.928768,0.8448,0.014072,6131954,6131954,1663433,27.1273,1920,1080,raygs,triangles,1,off,0.1,on,-4
1781756696726591434,57.1221,458.484,2.1811,2.01786,1.99536,0.13408,0.22624,0.05808,0.733184,0.843776,0.014068,6131954,6131954,1663433,27.1273,1920,1080,raygs,triangles,1,off,0.1,on,-4
1781756696728826813,59.3575,458.474,2.18115,2.04557,2.02317,0.134112,0.225056,0.057344,0.761856,0.8448,0.025644,6131954,6131954,1663433,27.1273,1920,1080,raygs,triangles,1,off,0.1,on,-4
1781756696730944250,61.4749,459.018,2.17857,2.14282,2.12134,0.134176,0.22416,0.058368,0.861184,0.843456,0.02498,6131954,6131954,1663433,27.1273,1920,1080,raygs,triangles,1,off,0.1,on,-4
1781756696732972578,63.5032,458.626,2.18042,2.02147,1.9992,0.134464,0.226336,0.058368,0.73728,0.842752,0.022361,6131954,6131954,1663433,27.1273,1920,1080,raygs,triangles,1,off,0.1,on,-4
1781756696735015243,65.5459,458.706,2.18005,2.02029,1.99667,0.133408,0.225888,0.057344,0.736256,0.843776,0.021667,6131954,6131954,1663433,27.1273,1920,1080,raygs,triangles,1,off,0.1,on,-4
1781756696737065456,67.5961,458.794,2.17963,2.01802,1.99594,0.134208,0.225696,0.058368,0.733184,0.84448,0.022328,6131954,6131954,1663433,27.1273,1920,1080,raygs,triangles,1,off,0.1,on,-4
1781756696739261225,69.7919,458.961,2.17884,2.01974,1.99811,0.133888,0.225248,0.058336,0.73728,0.84336,0.023487,6131954,6131954,1663433,27.1273,1920,1080,raygs,triangles,1,off,0.1,on,-4
1781756696741523981,72.0546,458.787,2.17966,2.21395,2.1927,0.138272,0.22448,0.058368,0.926784,0.8448,0.021598,6131954,6131954,1663433,27.1273,1920,1080,raygs,triangles,1,off,0.1,on,-4
1781756696743532712,74.0634,458.056,2.18314,2.01485,1.99178,0.13312,0.224608,0.058368,0.73216,0.84352,0.017902,6131954,6131954,1663433,27.1273,1920,1080,raygs,triangles,1,off,0.1,on,-4
1781756696745549670,76.0803,458.774,2.17972,2.04717,2.0255,0.134688,0.2256,0.058432,0.763008,0.843776,0.016259,6131954,6131954,1663433,27.1273,1920,1080,raygs,triangles,1,off,0.1,on,-4
1781756696747691801,78.2224,459.019,2.17856,2.14118,2.11885,0.13344,0.225376,0.058464,0.858112,0.843456,0.014415,6131954,6131954,1663433,27.1273,1920,1080,raygs,triangles,1,off,0.1,on,-4
1781756696749720185,80.2508,458.772,2.17973,2.01773,1.99635,0.133952,0.224,0.058368,0.736256,0.843776,0.01314,6131954,6131954,1663433,27.1273,1920,1080,raygs,triangles,1,off,0.1,on,-4
1781756696751769817,82.3005,458.931,2.17898,2.01693,1.99629,0.133792,0.22624,0.058368,0.733184,0.844704,0.014938,6131954,6131954,1663433,27.1273,1920,1080,raygs,triangles,1,off,0.1,on,-4
1781756696753805045,84.3357,458.962,2.17883,2.01808,1.9968,0.133248,0.225152,0.058368,0.735232,0.8448,0.012484,6131954,6131954,1663433,27.1273,1920,1080,raygs,triangles,1,off,0.1,on,-4
1781756696756027130,86.5578,460.09,2.17349,2.02118,1.99914,0.134336,0.225504,0.058368,0.736256,0.844672,0.014371,6131954,6131954,1663433,27.1273,1920,1080,raygs,triangles,1,off,0.1,on,-4
1781756696758358941,88.8896,459.44,2.17656,2.1647,2.14387,0.147808,0.224224,0.058112,0.869376,0.844352,0.022376,6131954,6131954,1663433,27.1273,1920,1080,raygs,triangles,1,off,0.1,on,-4
1781756696760456674,90.9873,458.372,2.18163,2.01331,1.99206,0.1336,0.225184,0.058368,0.730112,0.8448,0.026423,6131954,6131954,1663433,27.1273,1920,1080,raygs,triangles,1,off,0.1,on,-4
1781756696762481476,93.0121,457.759,2.18456,2.03805,2.01478,0.133792,0.2248,0.057728,0.754688,0.843776,0.023102,6131954,6131954,1663433,27.1273,1920,1080,raygs,triangles,1,off,0.1,on,-4
1781756696764619278,95.1499,458.572,2.18068,2.13466,2.1159,0.252896,0.223424,0.058368,0.736608,0.844608,0.022277,6131954,6131954,1663433,27.1273,1920,1080,raygs,triangles,1,off,0.1,on,-4
1781756696766785543,97.3162,458.311,2.18192,2.14499,2.12118,0.133792,0.351456,0.057344,0.734208,0.844384,0.021826,6131954,6131954,1663433,27.1273,1920,1080,raygs,triangles,1,off,0.1,on,-4
1781756696768830094,99.3607,457.86,2.18408,2.01798,1.99424,0.133152,0.22576,0.058368,0.734208,0.842752,0.022913,6131954,6131954,1663433,27.1273,1920,1080,raygs,triangles,1,off,0.1,on,-4
1781756696770881681,101.412,457.851,2.18412,2.01661,1.99462,0.133824,0.225472,0.058368,0.733184,0.843776,0.025812,6131954,6131954,1663433,27.1273,1920,1080,raygs,triangles,1,off,0.1,on,-4
1781756696773239538,103.77,458.982,2.17873,2.19827,2.17552,0.133216,0.408,0.058368,0.73216,0.843776,0.023275,6131954,6131954,1663433,27.1273,1920,1080,raygs,triangles,1,off,0.1,on,-4
1781756696775271083,105.802,457.924,2.18377,2.01872,1.99654,0.139008,0.224256,0.058368,0.730112,0.8448,0.022614,6131954,6131954,1663433,27.1273,1920,1080,raygs,triangles,1,off,0.1,on,-4
1781756696777328656,107.859,458.091,2.18297,2.01379,1.99024,0.13408,0.225824,0.057344,0.729216,0.843776,0.024621,6131954,6131954,1663433,27.1273,1920,1080,raygs,triangles,1,off,0.1,on,-4
1781756696779352592,109.883,457.936,2.18371,2.01603,1.99405,0.134272,0.225472,0.058368,0.73216,0.843776,0.022461,6131954,6131954,1663433,27.1273,1920,1080,raygs,triangles,1,off,0.1,on,-4
1781756696781522709,112.053,458.359,2.1817,2.02173,2.00019,0.134048,0.22496,0.05808,0.738304,0.8448,0.023555,6131954,6131954,1663433,27.1273,1920,1080,raygs,triangles,1,off,0.1,on,-4
1781756696783566695,114.097,457.881,2.18397,2.0279,2.0056,0.137952,0.223232,0.058368,0.741376,0.844672,0.02153,6131954,6131954,1663433,27.1273,1920,1080,raygs,triangles,1,off,0.1,on,-4
1781756696785619419,116.15,457.962,2.18359,2.01926,1.99677,0.133408,0.224768,0.058368,0.736672,0.843552,0.021517,6131954,6131954,1663433,27.1273,1920,1080,raygs,triangles,1,off,0.1,on,-4
1781756696787650892,118.182,457.875,2.184,2.01824,1.99603,0.134432,0.225248,0.05824,0.733408,0.844704,0.020847,6131954,6131954,1663433,27.1273,1920,1080,raygs,triangles,1,off,0.1,on,-4
1781756696789912013,120.443,459.145,2.17796,2.0143,1.99187,0.133568,0.226048,0.058368,0.730112,0.843776,0.021495,6131954,6131954,1663433,27.1273,1920,1080,raygs,triangles,1,off,0.1,on,-4
1781756696792104763,122.635,458.364,2.18167,2.17107,2.14899,0.150048,0.223328,0.058368,0.873472,0.843776,0.022548,6131954,6131954,1663433,27.1273,1920,1080,raygs,triangles,1,off,0.1,on,-4
1781756696794143857,124.674,457.917,2.1838,2.01517,1.99203,0.134432,0.224896,0.057792,0.731136,0.843776,0.022789,6131954,6131954,1663433,27.1273,1920,1080,raygs,triangles,1,off,0.1,on,-4
1781756696796143006,126.674,457.961,2.18359,2.01571,1.99318,0.137984,0.224992,0.057344,0.729088,0.843776,0.021546,6131954,6131954,1663433,27.1273,1920,1080,raygs,triangles,1,off,0.1,on,-4
1781756696798406537,128.937,458.542,2.18083,2.13501,2.05002,0.13344,0.280448,0.05744,0.734208,0.84448,0.017391,6131954,6131954,1663433,27.1273,1920,1080,raygs,triangles,1,off,0.1,on,-4
1781756696800407631,130.938,457.811,2.18431,2.02352,2.0009,0.13664,0.224864,0.058336,0.73728,0.843776,0.015502,6131954,6131954,1663433,27.1273,1920,1080,raygs,triangles,1,off,0.1,on,-4
1781756696802449719,132.98,458.312,2.18192,2.01885,1.99533,0.133952,0.225792,0.0576,0.734208,0.843776,0.014628,6131954,6131954,1663433,27.1273,1920,1080,raygs,triangles,1,off,0.1,on,-4
1781756696804528724,135.059,457.992,2.18344,2.02173,1.99965,0.133856,0.225344,0.057344,0.737344,0.84576,0.016982,6131954,6131954,1663433,27.1273,1920,1080,raygs,triangles,1,off,0.1,on,-4
1781756696806890903,137.422,458.76,2.17979,2.3575,2.33517,0.13392,0.399008,0.057344,0.90112,0.843776,0.015488,6131954,6131954,1663433,27.1273,1920,1080,raygs,triangles,1,off,0.1,on,-4
1781756696808915033,139.446,458.508,2.18099,2.01373,1.9903,0.1344,0.22576,0.057344,0.729088,0.843712,0.014537,6131954,6131954,1663433,27.1273,1920,1080,raygs,triangles,1,off,0.1,on,-4
1781756696810960636,141.491,458.856,2.17933,2.01565,1.99254,0.133888,0.226272,0.057344,0.730464,0.844576,0.016077,6131954,6131954,1663433,27.1273,1920,1080,raygs,triangles,1,off,0.1,on,-4
1781756696813003935,143.535,458.582,2.18063,2.01658,1.99382,0.133792,0.225728,0.058368,0.73216,0.843776,0.013818,6131954,6131954,1663433,27.1273,1920,1080,raygs,triangles,1,off,0.1,on,-4
1781756696815210573,145.741,458.973,2.17878,2.13901,2.11773,0.1344,0.34288,0.058368,0.73728,0.8448,0.023231,6131954,6131954,1663433,27.1273,1920,1080,raygs,triangles,1,off,0.1,on,-4
1781756696817221805,147.752,458.401,2.1815,2.01898,1.99766,0.13328,0.225984,0.058368,0.735232,0.8448,0.015459,6131954,6131954,1663433,27.1273,1920,1080,raygs,triangles,1,off,0.1,on,-4
1781756696819281205,149.812,459.192,2.17774,2.02029,1.99747,0.13344,0.225824,0.058176,0.735232,0.8448,0.016509,6131954,6131954,1663433,27.1273,1920,1080,raygs,triangles,1,off,0.1,on,-4
1781756696821320736,151.851,458.353,2.18172,2.02378,2.00061,0.132832,0.226496,0.057344,0.740352,0.843584,0.015548,6131954,6131954,1663433,27.1273,1920,1080,raygs,triangles,1,off,0.1,on,-4
1781756696823702073,154.233,459.49,2.17633,2.18954,2.16726,0.133728,0.225152,0.058368,0.90624,0.843776,0.015977,6131954,6131954,1663433,27.1273,1920,1080,raygs,triangles,1,off,0.1,on,-4
1781756696825729880,156.261,458.436,2.18133,2.02845,2.00685,0.15184,0.22224,0.05824,0.730112,0.844416,0.014245,6131954,6131954,1663433,27.1273,1920,1080,raygs,triangles,1,off,0.1,on,-4
1781756696827806261,158.337,458.307,2.18194,2.01165,1.99066,0.133984,0.224256,0.058368,0.729504,0.844544,0.017106,6131954,6131954,1663433,27.1273,1920,1080,raygs,triangles,1,off,0.1,on,-4
1781756696829841442,160.372,458.202,2.18244,2.02016,1.99878,0.134336,0.225184,0.058368,0.736256,0.84464,0.016698,6131954,6131954,1663433,27.1273,1920,1080,raygs,triangles,1,off,0.1,on,-4
1781756696831994925,162.526,458.614,2.18048,2.1359,2.11114,0.133312,0.341472,0.057344,0.735232,0.843776,0.017202,6131954,6131954,1663433,27.1273,1920,1080,raygs,triangles,1,off,0.1,on,-4
1781756696834022587,164.553,488.398,2.04751,2.0215,2.0016,0.133632,0.225312,0.058368,0.73952,0.844768,0.01488,6131954,6131954,1663433,27.1273,1920,1080,raygs,triangles,1,off,0.1,on,-4
1781756696836071472,166.602,481.892,2.07515,2.02115,2.00022,0.13424,0.225888,0.058272,0.73728,0.844544,0.015464,6131954,6131954,1663433,27.1273,1920,1080,raygs,triangles,1,off,0.1,on,-4
1781756696838163378,168.694,475.16,2.10456,2.02147,1.99971,0.134592,0.225696,0.058368,0.738304,0.842752,0.016507,6131954,6131954,1663433,27.1273,1920,1080,raygs,triangles,1,off,0.1,on,-4
1781756696840555117,171.086,474.608,2.107,2.18509,2.13728,0.1344,0.371648,0.058368,0.729088,0.843776,0.018718,6131954,6131954,1663433,27.1273,1920,1080,raygs,triangles,1,off,0.1,on,-4
1781756696842541712,173.072,473.774,2.11071,2.03136,2.00861,0.148608,0.223232,0.057728,0.733408,0.845632,0.014473,6131954,6131954,1663433,27.1273,1920,1080,raygs,triangles,1,off,0.1,on,-4
1781756696844635000,175.166,474.08,2.10935,2.01843,1.99677,0.134624,0.226176,0.058368,0.73216,0.84544,0.018782,6131954,6131954,1663433,27.1273,1920,1080,raygs,triangles,1,off,0.1,on,-4
1781756696846656612,177.187,473.875,2.11026,2.0225,2.00026,0.134592,0.22624,0.058368,0.73728,0.843776,0.016571,6131954,6131954,1663433,27.1273,1920,1080,raygs,triangles,1,off,0.1,on,-4
1781756696848834481,179.365,473.921,2.11006,2.15027,2.12902,0.266496,0.223104,0.058368,0.73728,0.843776,0.018076,6131954,6131954,1663433,27.1273,1920,1080,raygs,triangles,1,off,0.1,on,-4
1781756696850862208,181.393,474.042,2.10952,2.02122,1.99888,0.133568,0.226912,0.057344,0.73728,0.843776,0.016586,6131954,6131954,1663433,27.1273,1920,1080,raygs,triangles,1,off,0.1,on,-4
1781756696852902137,183.433,475.169,2.10451,2.01901,1.99568,0.13424,0.226112,0.057344,0.734208,0.843776,0.01641,6131954,6131954,1663433,27.1273,1920,1080,raygs,triangles,1,off,0.1,on,-4
1781756696854947897,185.479,475.124,2.10471,2.01904,1.99632,0.133216,0.225728,0.057344,0.736256,0.843776,0.014628,6131954,6131954,1663433,27.1273,1920,1080,raygs,triangles,1,off,0.1,on,-4
1781756696857350270,187.881,475.8,2.10172,2.19418,1.99373,0.13424,0.224288,0.05824,0.733184,0.843776,0.016343,6131954,6131954,1663433,27.1273,1920,1080,raygs,triangles,1,off,0.1,on,-4
1781756696859355356,189.886,474.685,2.10666,2.02429,2.00291,0.149184,0.222496,0.058368,0.729088,0.843776,0.013946,6131954,6131954,1663433,27.1273,1920,1080,raygs,triangles,1,off,0.1,on,-4
1781756696861461142,191.992,474.796,2.10617,2.01216,1.98928,0.134496,0.225408,0.05744,0.728256,0.84368,0.019723,6131954,6131954,1663433,27.1273,1920,1080,raygs,triangles,1,off,0.1,on,-4
1781756696863529335,194.06,474.507,2.10745,2.02166,1.99914,0.134784,0.22416,0.058368,0.73728,0.844544,0.02222,6131954,6131954,1663433,27.1273,1920,1080,raygs,triangles,1,off,0.1,on,-4
1781756696865640935,196.172,474.439,2.10775,2.13725,2.1167,0.134144,0.342432,0.058368,0.73728,0.84448,0.018719,6131954,6131954,1663433,27.1273,1920,1080,raygs,triangles,1,off,0.1,on,-4
1781756696867680536,198.211,474.786,2.10621,2.0193,1.9976,0.133888,0.225696,0.057344,0.736256,0.844416,0.0175,6131954,6131954,1663433,27.1273,1920,1080,raygs,triangles,1,off,0.1,on,-4
1781756696869711622,200.242,475.582,2.10269,2.01926,1.99648,0.133632,0.22576,0.057344,0.734208,0.845536,0.01588,6131954,6131954,1663433,27.1273,1920,1080,raygs,triangles,1,off,0.1,on,-4
1781756696871738678,202.269,475.302,2.10392,2.0201,1.99818,0.13424,0.225152,0.057728,0.73728,0.843776,0.016487,6131954,6131954,1663433,27.1273,1920,1080,raygs,triangles,1,off,0.1,on,-4
1781756696874152269,204.683,475.593,2.10264,2.18957,1.99168,0.13408,0.224768,0.057344,0.730112,0.845376,0.015749,6131954,6131954,1663433,27.1273,1920,1080,raygs,triangles,1,off,0.1,on,-4
1781756696876160820,206.691,474.445,2.10772,2.02742,2.00541,0.1512,0.22176,0.058368,0.73056,0.84352,0.013734,6131954,6131954,1663433,27.1273,1920,1080,raygs,triangles,1,off,0.1,on,-4
1781756696878265094,208.796,474.514,2.10742,2.01693,1.99469,0.134176,0.225152,0.058368,0.733216,0.843776,0.018169,6131954,6131954,1663433,27.1273,1920,1080,raygs,triangles,1,off,0.1,on,-4
1781756696880346067,210.877,474.294,2.1084,2.01885,1.99616,0.134048,0.225056,0.057344,0.735232,0.84448,0.020039,6131954,6131954,1663433,27.1273,1920,1080,raygs,triangles,1,off,0.1,on,-4
1781756696882424971,212.956,474.114,2.1092,2.13642,2.11488,0.133472,0.34256,0.058208,0.735232,0.845408,0.015202,6131954,6131954,1663433,27.1273,1920,1080,raygs,triangles,1,off,0.1,on,-4
1781756696884502686,215.033,474.678,2.10669,2.01792,1.99648,0.133088,0.224992,0.058368,0.735232,0.8448,0.017903,6131954,6131954,1663433,27.1273,1920,1080,raygs,triangles,1,off,0.1,on,-4
1781756696886515959,217.047,475.695,2.10219,2.01971,1.99594,0.133888,0.225824,0.057344,0.735232,0.843648,0.015211,6131954,6131954,1663433,27.1273,1920,1080,raygs,triangles,1,off,0.1,on,-4
1781756696888767291,219.298,476.582,2.09828,2.02029,1.99891,0.133856,0.225728,0.058368,0.736256,0.844704,0.015409,6131954,6131954,1663433,27.1273,1920,1080,raygs,triangles,1,off,0.1,on,-4
1781756696890958099,221.489,475.242,2.10419,2.21392,2.19062,0.139072,0.223712,0.057344,0.927744,0.842752,0.014736,6131954,6131954,1663433,27.1273,1920,1080,raygs,triangles,1,off,0.1,on,-4
1781756696893008729,223.539,475.032,2.10512,2.01632,1.99462,0.13456,0.223616,0.058368,0.73344,0.84464,0.016255,6131954,6131954,1663433,27.1273,1920,1080,raygs,triangles,1,off,0.1,on,-4
1781756696895111965,225.643,475.445,2.10329,2.02499,2.00134,0.13408,0.224768,0.057344,0.741376,0.843776,0.018817,6131954,6131954,1663433,27.1273,1920,1080,raygs,triangles,1,off,0.1,on,-4
1781756696897287516,227.818,475.195,2.1044,2.13597,2.11334,0.133792,0.224416,0.058368,0.852992,0.843776,0.019044,6131954,6131954,1663433,27.1273,1920,1080,raygs,triangles,1,off,0.1,on,-4
1781756696899311987,229.843,474.725,2.10648,2.02096,1.99978,0.133792,0.226432,0.058368,0.736416,0.844768,0.019879,6131954,6131954,1663433,27.1273,1920,1080,raygs,triangles,1,off,0.1,on,-4
1781756696901327453,231.858,475.986,2.1009,2.01811,1.99555,0.133312,0.225888,0.058368,0.735232,0.842752,0.015903,6131954,6131954,1663433,27.1273,1920,1080,raygs,triangles,1,off,0.1,on,-4
1781756696903364467,233.895,476.033,2.10069,2.01859,1.99478,0.13376,0.225696,0.057344,0.734208,0.843776,0.014982,6131954,6131954,1663433,27.1273,1920,1080,raygs,triangles,1,off,0.1,on,-4
1781756696905590653,236.121,476.145,2.1002,2.02592,2.00272,0.13392,0.22528,0.057344,0.741376,0.8448,0.015298,6131954,6131954,1663433,27.1273,1920,1080,raygs,triangles,1,off,0.1,on,-4
1781756696907791825,238.322,475.374,2.10361,2.21539,2.19309,0.138368,0.2248,0.058368,0.927808,0.843744,0.014038,6131954,6131954,1663433,27.1273,1920,1080,raygs,triangles,1,off,0.1,on,-4
1781756696909827629,240.358,475.302,2.10393,2.01702,1.99334,0.13424,0.225824,0.057344,0.73216,0.843776,0.013067,6131954,6131954,1663433,27.1273,1920,1080,raygs,triangles,1,off,0.1,on,-4
1781756696911906157,242.437,475.307,2.1039,2.04829,2.0271,0.133792,0.225216,0.058368,0.764928,0.8448,0.01496,6131954,6131954,1663433,27.1273,1920,1080,raygs,triangles,1,off,0.1,on,-4
1781756696914100692,244.631,475.219,2.10429,2.14195,2.11882,0.13424,0.22416,0.057344,0.85936,0.843712,0.015637,6131954,6131954,1663433,27.1273,1920,1080,raygs,triangles,1,off,0.1,on,-4
1781756696916125553,246.656,474.559,2.10722,2.02336,2.00275,0.134016,0.226496,0.058368,0.739328,0.844544,0.014413,6131954,6131954,1663433,27.1273,1920,1080,raygs,triangles,1,off,0.1,on,-4
1781756696918183704,248.714,475.492,2.10308,2.02096,1.9993,0.133248,0.225952,0.057344,0.738304,0.844448,0.015343,6131954,6131954,1663433,27.1273,1920,1080,raygs,triangles,1,off,0.1,on,-4
1781756696920236804,250.767,475.922,2.10118,2.01616,1.99408,0.134624,0.225152,0.057344,0.73216,0.8448,0.01496,6131954,6131954,1663433,27.1273,1920,1080,raygs,triangles,1,off,0.1,on,-4
1781756696922463961,252.995,476.001,2.10084,2.0209,2.00003,0.134048,0.225408,0.058368,0.737536,0.844672,0.01637,6131954,6131954,1663433,27.1273,1920,1080,raygs,triangles,1,off,0.1,on,-4
1781756696924695837,255.226,475.038,2.10509,2.19629,2.17274,0.138944,0.225536,0.057504,0.90624,0.844512,0.019659,6131954,6131954,1663433,27.1273,1920,1080,raygs,triangles,1,off,0.1,on,-4
1781756696926856809,257.387,475.147,2.10461,2.01002,1.98957,0.135424,0.22192,0.058368,0.729088,0.844768,0.015229,6131954,6131954,1663433,27.1273,1920,1080,raygs,triangles,1,off,0.1,on,-4
1781756696928912741,259.443,474.513,2.10742,2.0456,2.02429,0.134176,0.226336,0.058368,0.761856,0.843552,0.015584,6131954,6131954,1663433,27.1273,1920,1080,raygs,triangles,1,off,0.1,on,-4
1781756696931124998,261.656,474.469,2.10762,2.14557,2.12259,0.13376,0.225952,0.057344,0.862208,0.843328,0.019108,6131954,6131954,1663433,27.1273,1920,1080,raygs,triangles,1,off,0.1,on,-4
1781756696933200202,263.731,474.246,2.10861,2.02467,2.00083,0.133696,0.22496,0.058272,0.739328,0.844576,0.025327,6131954,6131954,1663433,27.1273,1920,1080,raygs,triangles,1,off,0.1,on,-4
1781756696935191648,265.722,474.979,2.10536,2.01619,1.99376,0.134432,0.225024,0.057344,0.734208,0.842752,0.015885,6131954,6131954,1663433,27.1273,1920,1080,raygs,triangles,1,off,0.1,on,-4
1781756696937237755,267.768,475.134,2.10467,2.01946,1.99754,0.1336,0.225696,0.058368,0.735232,0.84464,0.015443,6131954,6131954,1663433,27.1273,1920,1080,raygs,triangles,1,off,0.1,on,-4
1781756696939494867,270.026,475.132,2.10468,2.01587,1.99363,0.133696,0.224544,0.058368,0.733248,0.843776,0.019337,6131954,6131954,1663433,27.1273,1920,1080,raygs,triangles,1,off,0.1,on,-4
1781756696941679750,272.21,474.309,2.10833,2.21318,2.19098,0.13888,0.223232,0.057344,0.927744,0.843776,0.01464,6131954,6131954,1663433,27.1273,1920,1080,raygs,triangles,1,off,0.1,on,-4
1781756696943707122,274.238,474.444,2.10773,2.01306,1.99155,0.133344,0.224768,0.058368,0.730304,0.844768,0.013749,6131954,6131954,1663433,27.1273,1920,1080,raygs,triangles,1,off,0.1,on,-4
1781756696945799802,276.33,474.371,2.10806,2.04397,2.02179,0.13456,0.22432,0.057344,0.760832,0.844736,0.017437,6131954,6131954,1663433,27.1273,1920,1080,raygs,triangles,1,off,0.1,on,-4
1781756696948094042,278.625,474.319,2.10829,2.25002,2.23072,0.246432,0.224032,0.057344,0.86016,0.842752,0.01698,6131954,6131954,1663433,27.1273,1920,1080,raygs,triangles,1,off,0.1,on,-4
1781756696950115741,280.646,473.253,2.11304,2.01997,1.99677,0.133088,0.225344,0.057344,0.735232,0.84576,0.015693,6131954,6131954,1663433,27.1273,1920,1080,raygs,triangles,1,off,0.1,on,-4
1781756696952199521,282.73,474.641,2.10686,2.0209,1.99856,0.133664,0.225472,0.058368,0.738304,0.842752,0.024392,6131954,6131954,1663433,27.1273,1920,1080,raygs,triangles,1,off,0.1,on,-4
1781756696954219784,284.75,474.381,2.10801,2.0199,1.99674,0.13408,0.22544,0.057344,0.736256,0.843616,0.016273,6131954,6131954,1663433,27.1273,1920,1080,raygs,triangles,1,off,0.1,on,-4
1781756696956466273,286.997,474.649,2.10682,2.0121,1.98982,0.13344,0.226176,0.058368,0.728064,0.843776,0.017909,6131954,6131954,1663433,27.1273,1920,1080,raygs,triangles,1,off,0.1,on,-4
1781756696958641123,289.172,473.854,2.11035,2.21162,2.18909,0.138368,0.223904,0.058368,0.925696,0.842752,0.014488,6131954,6131954,1663433,27.1273,1920,1080,raygs,triangles,1,off,0.1,on,-4
1781756696960674317,291.205,473.768,2.11074,2.01405,1.99229,0.133312,0.225568,0.058368,0.731424,0.843616,0.013667,6131954,6131954,1663433,27.1273,1920,1080,raygs,triangles,1,off,0.1,on,-4
1781756696962764527,293.295,473.746,2.11083,2.01437,1.9928,0.133856,0.224832,0.058368,0.731136,0.844608,0.018384,6131954,6131954,1663433,27.1273,1920,1080,raygs,triangles,1,off,0.1,on,-4
1781756696964915773,295.446,473.555,2.11169,2.13395,2.11437,0.250144,0.223776,0.057344,0.73728,0.845824,0.01659,6131954,6131954,1663433,27.1273,1920,1080,raygs,triangles,1,off,0.1,on,-4
1781756696966977581,297.508,473.427,2.11226,2.02435,2.0031,0.133696,0.226912,0.058368,0.739328,0.8448,0.020608,6131954,6131954,1663433,27.1273,1920,1080,raygs,triangles,1,off,0.1,on,-4
1781756696968987227,299.518,474.652,2.10681,2.0208,1.99814,0.132928,0.225664,0.057344,0.737472,0.844736,0.01449,6131954,6131954,1663433,27.1273,1920,1080,raygs,triangles,1,off,0.1,on,-4
1781756696971026699,301.557,474.531,2.10735,2.01866,1.99651,0.134176,0.224896,0.058368,0.734272,0.8448,0.018176,6131954,6131954,1663433,27.1273,1920,1080,raygs,triangles,1,off,0.1,on,-4
1781756696973394852,303.925,474.76,2.10633,2.16755,2.14448,0.133248,0.38,0.057344,0.730112,0.843776,0.014971,6131954,6131954,1663433,27.1273,1920,1080,raygs,triangles,1,off,0.1,on,-4
1781756696975470672,306.001,473.43,2.11224,2.0296,2.00794,0.150912,0.223744,0.058368,0.730112,0.8448,0.019387,6131954,6131954,1663433,27.1273,1920,1080,raygs,triangles,1,off,0.1,on,-4
1781756696977481620,308.012,473.799,2.1106,2.01498,1.99277,0.134624,0.224448,0.05776,0.731136,0.8448,0.014685,6131954,6131954,1663433,27.1273,1920,1080,raygs,triangles,1,off,0.1,on,-4
1781756696979514686,310.045,473.861,2.11032,2.02054,1.99795,0.13776,0.224864,0.058368,0.733184,0.843776,0.013908,6131954,6131954,1663433,27.1273,1920,1080,raygs,triangles,1,off,0.1,on,-4
1781756696981815902,312.347,473.909,2.11011,2.13776,2.11398,0.133632,0.341696,0.057664,0.73728,0.843712,0.016104,6131954,6131954,1663433,27.1273,1920,1080,raygs,triangles,1,off,0.1,on,-4
1781756696983887678,314.418,472.939,2.11444,2.02435,2.00285,0.137472,0.224928,0.058368,0.73728,0.8448,0.01855,6131954,6131954,1663433,27.1273,1920,1080,raygs,triangles,1,off,0.1,on,-4
1781756696985889796,316.42,474.181,2.1089,2.01939,1.99706,0.13456,0.223072,0.058368,0.73728,0.843776,0.014102,6131954,6131954,1663433,27.1273,1920,1080,raygs,triangles,1,off,0.1,on,-4
1781756696987954062,318.485,474.202,2.1088,2.02445,2.00144,0.133824,0.224704,0.057664,0.740736,0.844512,0.016891,6131954,6131954,1663433,27.1273,1920,1080,raygs,triangles,1,off,0.1,on,-4
1781756696990359124,320.89,474.391,2.10796,2.19437,2.17219,0.31568,0.225184,0.057344,0.729184,0.8448,0.019192,6131954,6131954,1663433,27.1273,1920,1080,raygs,triangles,1,off,0.1,on,-4
1781756696992354135,322.885,473.125,2.1136,2.01859,1.99661,0.138912,0.223712,0.058368,0.730112,0.845504,0.017738,6131954,6131954,1663433,27.1273,1920,1080,raygs,triangles,1,off,0.1,on,-4
1781756696994379290,324.91,473.538,2.11176,2.01344,1.99197,0.133728,0.225376,0.058336,0.730112,0.844416,0.015247,6131954,6131954,1663433,27.1273,1920,1080,raygs,triangles,1,off,0.1,on,-4
1781756696996421110,326.952,473.615,2.11142,2.01635,1.9936,0.133888,0.225408,0.058368,0.731136,0.8448,0.014767,6131954,6131954,1663433,27.1273,1920,1080,raygs,triangles,1,off,0.1,on,-4
1781756696998724765,329.255,473.759,2.11078,2.13398,2.11146,0.133472,0.342656,0.058368,0.733184,0.843776,0.017202,6131954,6131954,1663433,27.1273,1920,1080,raygs,triangles,1,off,0.1,on,-4
1781756697000758804,331.289,472.473,2.11652,2.02134,1.99824,0.137536,0.22416,0.057344,0.734432,0.844768,0.016534,6131954,6131954,1663433,27.1273,1920,1080,raygs,triangles,1,off,0.1,on,-4
1781756697002818407,333.349,473.908,2.11011,2.01875,1.99638,0.132928,0.22544,0.058368,0.735232,0.844416,0.01986,6131954,6131954,1663433,27.1273,1920,1080,raygs,triangles,1,off,0.1,on,-4
1781756697004858019,335.389,473.704,2.11102,2.02176,1.9983,0.133824,0.223936,0.05744,0.739328,0.843776,0.016315,6131954,6131954,1663433,27.1273,1920,1080,raygs,triangles,1,off,0.1,on,-4
1781756697007426263,337.957,473.983,2.10978,2.3528,2.32883,0.133056,0.412,0.057344,0.881664,0.844768,0.028688,6131954,6131954,1663433,27.1273,1920,1080,raygs,triangles,1,off,0.1,on,-4
1781756697009422087,339.953,471.976,2.11875,2.01418,1.99094,0.1344,0.225312,0.057344,0.730112,0.843776,0.01764,6131954,6131954,1663433,27.1273,1920,1080,raygs,triangles,1,off,0.1,on,-4
1781756697011438657,341.969,472.368,2.11699,2.01958,1.99712,0.138112,0.225728,0.057344,0.731136,0.8448,0.017223,6131954,6131954,1663433,27.1273,1920,1080,raygs,triangles,1,off,0.1,on,-4
1781756697013494230,344.025,472.596,2.11597,2.01891,1.99568,0.13408,0.225856,0.05776,0.733184,0.8448,0.020177,6131954,6131954,1663433,27.1273,1920,1080,raygs,triangles,1,off,0.1,on,-4
1781756697015625639,346.156,472.451,2.11662,2.13078,2.10995,0.248096,0.224352,0.057344,0.73536,0.8448,0.015561,6131954,6131954,1663433,27.1273,1920,1080,raygs,triangles,1,off,0.1,on,-4
1781756697017673563,348.204,472.888,2.11467,2.02282,2.00163,0.13392,0.225568,0.058368,0.739328,0.844448,0.014856,6131954,6131954,1663433,27.1273,1920,1080,raygs,triangles,1,off,0.1,on,-4
1781756697019718028,350.249,473.465,2.11209,2.01952,1.99898,0.133696,0.226176,0.058016,0.736416,0.844672,0.014617,6131954,6131954,1663433,27.1273,1920,1080,raygs,triangles,1,off,0.1,on,-4
1781756697021807537,352.338,473.506,2.1119,2.02182,2.00035,0.13392,0.22496,0.058368,0.739328,0.843776,0.017101,6131954,6131954,1663433,27.1273,1920,1080,raygs,triangles,1,off,0.1,on,-4
1781756697024150759,354.681,473.528,2.11181,2.23885,2.21542,0.134048,0.448096,0.057344,0.73216,0.843776,0.015529,6131954,6131954,1663433,27.1273,1920,1080,raygs,triangles,1,off,0.1,on,-4
1781756697026185383,356.716,472.982,2.11425,2.01798,1.99686,0.138304,0.225376,0.058368,0.730112,0.844704,0.014104,6131954,6131954,1663433,27.1273,1920,1080,raygs,triangles,1,off,0.1,on,-4
1781756697028220611,358.751,472.947,2.1144,2.0145,1.99286,0.133824,0.224736,0.058368,0.73216,0.843776,0.013539,6131954,6131954,1663433,27.1273,1920,1080,raygs,triangles,1,off,0.1,on,-4
1781756697030388722,360.919,472.881,2.1147,2.14362,2.12067,0.13392,0.22576,0.05808,0.859136,0.843776,0.01379,6131954,6131954,1663433,27.1273,1920,1080,raygs,triangles,1,off,0.1,on,-4
1781756697032560138,363.091,472.359,2.11703,2.14086,2.11754,0.133184,0.342752,0.057344,0.738752,0.845504,0.015,6131954,6131954,1663433,27.1273,1920,1080,raygs,triangles,1,off,0.1,on,-4
1781756697034601549,365.132,472.574,2.11607,2.0225,2.00019,0.133568,0.226528,0.058368,0.73728,0.844448,0.013249,6131954,6131954,1663433,27.1273,1920,1080,raygs,triangles,1,off,0.1,on,-4
1781756697036642878,367.174,473.152,2.11348,2.01808,1.99693,0.13328,0.224224,0.058368,0.73728,0.843776,0.012922,6131954,6131954,1663433,27.1273,1920,1080,raygs,triangles,1,off,0.1,on,-4
1781756697038896521,369.427,473.129,2.11359,2.02208,2.00086,0.134176,0.2256,0.058048,0.739328,0.843712,0.012586,6131954,6131954,1663433,27.1273,1920,1080,raygs,triangles,1,off,0.1,on,-4
1781756697041100796,371.631,472.489,2.11645,2.16723,2.14582,0.151552,0.222688,0.058368,0.868576,0.84464,0.017458,6131954,6131954,1663433,27.1273,1920,1080,raygs,triangles,1,off,0.1,on,-4
1781756697043135289,373.666,472.46,2.11658,2.01616,1.99328,0.134368,0.225632,0.057344,0.731136,0.8448,0.013497,6131954,6131954,1663433,27.1273,1920,1080,raygs,triangles,1,off,0.1,on,-4
1781756697045197273,375.728,472.414,2.11679,2.0345,2.01299,0.133728,0.226784,0.058112,0.749568,0.8448,0.014572,6131954,6131954,1663433,27.1273,1920,1080,raygs,triangles,1,off,0.1,on,-4
1781756697047374324,377.905,472.446,2.11665,2.14022,1.9993,0.134592,0.22528,0.058368,0.73728,0.843776,0.014548,6131954,6131954,1663433,27.1273,1920,1080,raygs,triangles,1,off,0.1,on,-4
1781756697049412204,379.943,471.949,2.11887,2.02237,1.99926,0.134496,0.226368,0.057344,0.73728,0.843776,0.013377,6131954,6131954,1663433,27.1273,1920,1080,raygs,triangles,1,off,0.1,on,-4
1781756697051451930,381.983,472.662,2.11568,2.0176,1.99658,0.134048,0.22416,0.058368,0.735232,0.844768,0.01376,6131954,6131954,1663433,27.1273,1920,1080,raygs,triangles,1,off,0.1,on,-4
1781756697053502359,384.033,473.378,2.11248,2.01872,1.99654,0.133856,0.226976,0.057568,0.733408,0.844736,0.013827,6131954,6131954,1663433,27.1273,1920,1080,raygs,triangles,1,off,0.1,on,-4
1781756697055775403,386.306,473.787,2.11065,2.02518,2.00205,0.133792,0.226912,0.057344,0.739328,0.844672,0.01264,6131954,6131954,1663433,27.1273,1920,1080,raygs,triangles,1,off,0.1,on,-4
1781756697057951719,388.482,472.967,2.11431,2.16554,2.14179,0.148608,0.222784,0.057344,0.869376,0.84368,0.012413,6131954,6131954,1663433,27.1273,1920,1080,raygs,triangles,1,off,0.1,on,-4
1781756697060018868,390.55,473.122,2.11362,2.01104,1.98874,0.134432,0.224416,0.057344,0.728064,0.84448,0.01368,6131954,6131954,1663433,27.1273,1920,1080,raygs,triangles,1,off,0.1,on,-4
1781756697062088417,392.619,473.114,2.11365,2.04454,2.02134,0.135136,0.225088,0.057344,0.760256,0.84352,0.015263,6131954,6131954,1663433,27.1273,1920,1080,raygs,triangles,1,off,0.1,on,-4
1781756697064245827,394.776,472.856,2.11481,2.01907,1.99744,0.134272,0.225376,0.05776,0.734208,0.845824,0.014309,6131954,6131954,1663433,27.1273,1920,1080,raygs,triangles,1,off,0.1,on,-4
1781756697066303232,396.834,472.414,2.11679,2.02182,1.99971,0.136992,0.224256,0.058368,0.735296,0.8448,0.014922,6131954,6131954,1663433,27.1273,1920,1080,raygs,triangles,1,off,0.1,on,-4
1781756697068332933,398.864,473.096,2.11373,2.01994,1.99584,0.135136,0.224608,0.057344,0.735232,0.84352,0.015124,6131954,6131954,1663433,27.1273,1920,1080,raygs,triangles,1,off,0.1,on,-4
1781756697070379990,400.911,473.63,2.11135,2.01741,1.99427,0.133632,0.224928,0.057792,0.733184,0.844736,0.013667,6131954,6131954,1663433,27.1273,1920,1080,raygs,triangles,1,off,0.1,on,-4
1781756697072605255,403.136,473.571,2.11161,2.02166,2.00026,0.133792,0.226016,0.058368,0.73728,0.8448,0.018099,6131954,6131954,1663433,27.1273,1920,1080,raygs,triangles,1,off,0.1,on,-4
1781756697074891522,405.422,473.079,2.11381,2.19302,2.17194,0.139264,0.224288,0.058368,0.90624,0.843776,0.024225,6131954,6131954,1663433,27.1273,1920,1080,raygs,triangles,1,off,0.1,on,-4
1781756697076879230,407.41,473.181,2.11336,2.01565,1.99418,0.13392,0.224928,0.058368,0.73216,0.8448,0.016124,6131954,6131954,1663433,27.1273,1920,1080,raygs,triangles,1,off,0.1,on,-4
1781756697078956076,409.487,473.214,2.11321,2.04406,2.02339,0.134688,0.2248,0.058176,0.760256,0.845472,0.016599,6131954,6131954,1663433,27.1273,1920,1080,raygs,triangles,1,off,0.1,on,-4
1781756697081137712,411.668,473.195,2.11329,2.1607,2.13763,0.133536,0.22544,0.057344,0.877568,0.843744,0.017396,6131954,6131954,1663433,27.1273,1920,1080,raygs,triangles,1,off,0.1,on,-4
1781756697083186155,413.717,472.641,2.11577,2.01718,1.99571,0.133408,0.224928,0.058368,0.733184,0.845824,0.015876,6131954,6131954,1663433,27.1273,1920,1080,raygs,triangles,1,off,0.1,on,-4
1781756697085260886,415.792,473.392,2.11241,2.02195,2.00019,0.13408,0.225024,0.058368,0.738304,0.844416,0.01971,6131954,6131954,1663433,27.1273,1920,1080,raygs,triangles,1,off,0.1,on,-4
1781756697087266227,417.797,473.803,2.11058,2.0192,1.99728,0.13472,0.225504,0.058048,0.735232,0.843776,0.015064,6131954,6131954,1663433,27.1273,1920,1080,raygs,triangles,1,off,0.1,on,-4
1781756697089483981,420.015,473.838,2.11042,2.01907,1.99504,0.134208,0.224736,0.057344,0.734208,0.844544,0.014613,6131954,6131954,1663433,27.1273,1920,1080,raygs,triangles,1,off,0.1,on,-4
1781756697091671847,422.202,473.497,2.11194,2.16522,2.14422,0.146752,0.221856,0.058368,0.872448,0.8448,0.01996,6131954,6131954,1663433,27.1273,1920,1080,raygs,triangles,1,off,0.1,on,-4
1781756697093738944,424.27,473.282,2.11291,2.01414,1.99078,0.13536,0.225216,0.057344,0.729088,0.843776,0.019424,6131954,6131954,1663433,27.1273,1920,1080,raygs,triangles,1,off,0.1,on,-4
1781756697095791543,426.322,473.226,2.11316,2.05165,2.0279,0.134208,0.225536,0.057344,0.766176,0.84464,0.014236,6131954,6131954,1663433,27.1273,1920,1080,raygs,triangles,1,off,0.1,on,-4
1781756697097969576,428.5,473.091,2.11376,2.14246,2.12083,0.133984,0.224544,0.058368,0.859136,0.8448,0.014572,6131954,6131954,1663433,27.1273,1920,1080,raygs,triangles,1,off,0.1,on,-4
1781756697100022945,430.554,472.555,2.11616,2.01782,1.99347,0.133664,0.225504,0.057344,0.734208,0.842752,0.01718,6131954,6131954,1663433,27.1273,1920,1080,raygs,triangles,1,off,0.1,on,-4
1781756697102047175,432.578,473.71,2.11099,2.01734,1.99514,0.133568,0.22608,0.057504,0.734208,0.843776,0.019062,6131954,6131954,1663433,27.1273,1920,1080,raygs,triangles,1,off,0.1,on,-4
1781756697104108983,434.64,473.945,2.10995,2.01837,1.99616,0.133696,0.22496,0.057472,0.736256,0.843776,0.015445,6131954,6131954,1663433,27.1273,1920,1080,raygs,triangles,1,off,0.1,on,-4
1781756697106512550,437.043,473.717,2.11097,2.01658,1.9953,0.133792,0.225184,0.058368,0.734208,0.843744,0.027241,6131954,6131954,1663433,27.1273,1920,1080,raygs,triangles,1,off,0.1,on,-4
1781756697108717633,439.248,472.301,2.1173,2.24291,2.21942,0.14976,0.223392,0.057344,0.945152,0.843776,0.022658,6131954,6131954,1663433,27.1273,1920,1080,raygs,triangles,1,off,0.1,on,-4
1781756697110756498,441.287,472.724,2.1154,2.01318,1.99232,0.134528,0.224832,0.058048,0.730112,0.8448,0.022887,6131954,6131954,1663433,27.1273,1920,1080,raygs,triangles,1,off,0.1,on,-4
1781756697112799453,443.33,472.829,2.11493,2.02269,1.9993,0.13376,0.225088,0.059392,0.73728,0.843776,0.025471,6131954,6131954,1663433,27.1273,1920,1080,raygs,triangles,1,off,0.1,on,-4
1781756697115093936,445.625,472.654,2.11571,2.13629,2.1168,0.25248,0.22272,0.058368,0.737472,0.84576,0.025141,6131954,6131954,1663433,27.1273,1920,1080,raygs,triangles,1,off,0.1,on,-4
1781756697117134804,447.665,471.827,2.11942,2.02406,2.00157,0.136928,0.22432,0.058368,0.738304,0.843648,0.024121,6131954,6131954,1663433,27.1273,1920,1080,raygs,triangles,1,off,0.1,on,-4
1781756697119216616,449.747,473.192,2.11331,2.01872,1.996,0.134144,0.22448,0.057344,0.736256,0.843776,0.029541,6131954,6131954,1663433,27.1273,1920,1080,raygs,triangles,1,off,0.1,on,-4
1781756697121222992,451.754,472.86,2.11479,2.01987,1.99786,0.132992,0.22544,0.057344,0.73728,0.8448,0.023396,6131954,6131954,1663433,27.1273,1920,1080,raygs,triangles,1,off,0.1,on,-4
1781756697123405249,453.936,472.939,2.11444,2.01456,1.99402,0.1344,0.22464,0.058368,0.73216,0.844448,0.023647,6131954,6131954,1663433,27.1273,1920,1080,raygs,triangles,1,off,0.1,on,-4
1781756697125676203,456.207,472.403,2.11684,2.21862,2.19254,0.138848,0.222656,0.057344,0.929952,0.843744,0.023999,6131954,6131954,1663433,27.1273,1920,1080,raygs,triangles,1,off,0.1,on,-4
1781756697127720944,458.252,472.545,2.1162,2.01248,1.98995,0.133792,0.224928,0.057344,0.730112,0.843776,0.024035,6131954,6131954,1663433,27.1273,1920,1080,raygs,triangles,1,off,0.1,on,-4
1781756697129751667,460.282,472.477,2.1165,2.01587,1.99482,0.139232,0.222304,0.058368,0.730112,0.8448,0.02232,6131954,6131954,1663433,27.1273,1920,1080,raygs,triangles,1,off,0.1,on,-4
1781756697132047925,462.579,472.613,2.1159,2.24698,2.22669,0.250528,0.223072,0.057344,0.851968,0.843776,0.024737,6131954,6131954,1663433,27.1273,1920,1080,raygs,triangles,1,off,0.1,on,-4
1781756697134079330,464.61,471.635,2.12028,2.01853,1.9967,0.132736,0.225568,0.058368,0.736256,0.843776,0.022215,6131954,6131954,1663433,27.1273,1920,1080,raygs,triangles,1,off,0.1,on,-4
1781756697136119992,466.651,473.807,2.11056,2.01738,1.99565,0.13456,0.226208,0.058368,0.73216,0.844352,0.022511,6131954,6131954,1663433,27.1273,1920,1080,raygs,triangles,1,off,0.1,on,-4
1781756697140977094,471.508,473.557,2.11168,2.02138,1.99914,0.133696,0.226016,0.058368,0.73728,0.843776,0.026189,6131954,6131954,1663433,27.1273,1920,1080,raygs,triangles,1,off,0.1,on,-4
1781756697141649633,472.18,463.125,2.15924,2.1895,2.1679,0.134304,0.398592,0.057344,0.73216,0.845504,0.026472,6131954,6131954,1663433,27.1273,1920,1080,raygs,triangles,1,off,0.1,on,-4
1781756697143337308,473.868,468.121,2.1362,2.01232,1.9919,0.138752,0.220096,0.058144,0.731136,0.843776,0.042011,6131954,6131954,1663433,27.1273,1920,1080,raygs,triangles,1,off,0.1,on,-4
1781756697145398322,475.929,469.756,2.12876,2.0209,1.99866,0.135072,0.225184,0.058368,0.73728,0.842752,0.041387,6131954,6131954,1663433,27.1273,1920,1080,raygs,triangles,1,off,0.1,on,-4
1781756697147368249,477.899,469.621,2.12938,2.02006,1.99891,0.134208,0.22528,0.058368,0.73728,0.843776,0.045111,6131954,6131954,1663433,27.1273,1920,1080,raygs,triangles,1,off,0.1,on,-4
1781756697149417147,479.948,469.98,2.12775,2.13837,2.11693,0.133728,0.343776,0.058368,0.73728,0.843776,0.01746,6131954,6131954,1663433,27.1273,1920,1080,raygs,triangles,1,off,0.1,on,-4
1781756697151639653,482.17,470.124,2.1271,2.01987,1.99978,0.1336,0.22656,0.058368,0.737472,0.843776,0.049816,6131954,6131954,1663433,27.1273,1920,1080,raygs,triangles,1,off,0.1,on,-4
1781756697153756651,484.287,470.516,2.12533,2.14291,2.11965,0.133152,0.35408,0.057504,0.73216,0.842752,0.039106,6131954,6131954,1663433,27.1273,1920,1080,raygs,triangles,1,off,0.1,on,-4
1781756697155940291,486.471,470.229,2.12662,2.01955,1.99635,0.133952,0.224864,0.057504,0.736256,0.843776,0.036248,6131954,6131954,1663433,27.1273,1920,1080,raygs,triangles,1,off,0.1,on,-4
1781756697158215282,488.746,469.672,2.12914,2.22573,2.20054,0.148288,0.22464,0.05744,0.925696,0.84448,0.052324,6131954,6131954,1663433,27.1273,1920,1080,raygs,triangles,1,off,0.1,on,-4
1781756697160124405,490.655,469.319,2.13075,2.01104,1.9905,0.133376,0.22624,0.058368,0.728064,0.844448,0.01721,6131954,6131954,1663433,27.1273,1920,1080,raygs,triangles,1,off,0.1,on,-4
1781756697162185981,492.717,470.346,2.12609,2.04314,2.02179,0.134752,0.223968,0.058304,0.76016,0.844608,0.026851,6131954,6131954,1663433,27.1273,1920,1080,raygs,triangles,1,off,0.1,on,-4
1781756697164360500,494.891,470.231,2.12661,2.14208,2.11859,0.134656,0.224864,0.058208,0.858112,0.842752,0.027117,6131954,6131954,1663433,27.1273,1920,1080,raygs,triangles,1,off,0.1,on,-4
1781756697166516720,497.047,469.755,2.12877,2.14022,2.11683,0.133568,0.343872,0.057344,0.738304,0.843744,0.026451,6131954,6131954,1663433,27.1273,1920,1080,raygs,triangles,1,off,0.1,on,-4
1781756697168564136,499.095,470.139,2.12703,2.02192,1.99958,0.133696,0.22544,0.058368,0.738304,0.843776,0.026118,6131954,6131954,1663433,27.1273,1920,1080,raygs,triangles,1,off,0.1,on,-4
1781756697170604815,501.135,470.741,2.12431,2.0193,1.99686,0.13344,0.225504,0.058368,0.735232,0.84432,0.026028,6131954,6131954,1663433,27.1273,1920,1080,raygs,triangles,1,off,0.1,on,-4
1781756697172841072,503.372,470.671,2.12462,2.01594,1.99254,0.133792,0.225504,0.057504,0.731136,0.844608,0.027674,6131954,6131954,1663433,27.1273,1920,1080,raygs,triangles,1,off,0.1,on,-4
1781756697175034085,505.565,470.068,2.12735,2.16454,2.1415,0.149984,0.222048,0.058368,0.867328,0.843776,0.026198,6131954,6131954,1663433,27.1273,1920,1080,raygs,triangles,1,off,0.1,on,-4
1781756697177060434,507.591,470,2.12766,2.01027,1.98899,0.133664,0.22512,0.058368,0.728064,0.843776,0.025502,6131954,6131954,1663433,27.1273,1920,1080,raygs,triangles,1,off,0.1,on,-4
1781756697179142559,509.673,470.037,2.12749,2.04522,2.02285,0.134816,0.226368,0.057344,0.760832,0.843488,0.027419,6131954,6131954,1663433,27.1273,1920,1080,raygs,triangles,1,off,0.1,on,-4
1781756697181341991,511.873,469.863,2.12828,2.0184,1.99648,0.134496,0.224576,0.057568,0.734208,0.845632,0.030154,6131954,6131954,1663433,27.1273,1920,1080,raygs,triangles,1,off,0.1,on,-4
1781756697183527320,514.058,468.856,2.13285,2.02093,2.00029,0.13712,0.224192,0.058336,0.736256,0.844384,0.050095,6131954,6131954,1663433,27.1273,1920,1080,raygs,triangles,1,off,0.1,on,-4
1781756697185519897,516.051,469.541,2.12974,2.02032,1.99674,0.134496,0.224512,0.057696,0.736256,0.843776,0.035651,6131954,6131954,1663433,27.1273,1920,1080,raygs,triangles,1,off,0.1,on,-4
1781756697187559004,518.09,470.235,2.1266,2.01837,1.99421,0.133408,0.225472,0.057344,0.734208,0.843776,0.03494,6131954,6131954,1663433,27.1273,1920,1080,raygs,triangles,1,off,0.1,on,-4
1781756697189758288,520.289,470.399,2.12585,2.01824,1.99485,0.134784,0.225792,0.057344,0.733184,0.843744,0.035263,6131954,6131954,1663433,27.1273,1920,1080,raygs,triangles,1,off,0.1,on,-4
1781756697192003362,522.534,469.874,2.12823,2.21075,2.18864,0.13856,0.223264,0.058368,0.925696,0.842752,0.03463,6131954,6131954,1663433,27.1273,1920,1080,raygs,triangles,1,off,0.1,on,-4
1781756697194064368,524.595,469.556,2.12967,2.01309,1.9905,0.133696,0.2248,0.058112,0.730112,0.843776,0.039017,6131954,6131954,1663433,27.1273,1920,1080,raygs,triangles,1,off,0.1,on,-4
1781756697196142237,526.673,469.598,2.12948,2.04794,2.02662,0.134464,0.225088,0.058368,0.763904,0.8448,0.038182,6131954,6131954,1663433,27.1273,1920,1080,raygs,triangles,1,off,0.1,on,-4
1781756697198425798,528.956,469.436,2.13021,2.25363,2.23315,0.246944,0.22384,0.057696,0.861184,0.843488,0.03833,6131954,6131954,1663433,27.1273,1920,1080,raygs,triangles,1,off,0.1,on,-4
1781756697200361637,530.892,468.546,2.13426,2.02061,1.99805,0.133728,0.224896,0.058368,0.736256,0.8448,0.020319,6131954,6131954,1663433,27.1273,1920,1080,raygs,triangles,1,off,0.1,on,-4
1781756697202401552,532.932,469.735,2.12886,2.01754,1.99514,0.134176,0.225632,0.057344,0.733184,0.8448,0.02817,6131954,6131954,1663433,27.1273,1920,1080,raygs,triangles,1,off,0.1,on,-4
1781756697204483519,535.014,470.532,2.12525,2.01952,1.99827,0.133664,0.225568,0.058368,0.736256,0.844416,0.040262,6131954,6131954,1663433,27.1273,1920,1080,raygs,triangles,1,off,0.1,on,-4
1781756697206634203,537.165,470.289,2.12635,2.0144,1.9921,0.134176,0.225664,0.058368,0.730112,0.843776,0.018315,6131954,6131954,1663433,27.1273,1920,1080,raygs,triangles,1,off,0.1,on,-4
1781756697208862310,539.393,470.016,2.12759,2.2201,2.19834,0.14784,0.22368,0.058368,0.923648,0.8448,0.026474,6131954,6131954,1663433,27.1273,1920,1080,raygs,triangles,1,off,0.1,on,-4
1781756697210965201,541.496,469.785,2.12863,2.01296,1.99008,0.13328,0.22352,0.058368,0.731136,0.843776,0.046039,6131954,6131954,1663433,27.1273,1920,1080,raygs,triangles,1,off,0.1,on,-4
1781756697212933563,543.464,469.631,2.12933,2.01866,1.99587,0.133856,0.225664,0.058368,0.734208,0.843776,0.021433,6131954,6131954,1663433,27.1273,1920,1080,raygs,triangles,1,off,0.1,on,-4
1781756697215229528,545.76,469.939,2.12793,2.13338,2.11376,0.25264,0.223936,0.058176,0.735232,0.843776,0.027615,6131954,6131954,1663433,27.1273,1920,1080,raygs,triangles,1,off,0.1,on,-4
1781756697217293950,547.825,468.891,2.13269,2.0241,2.00045,0.137312,0.224896,0.057408,0.736256,0.844576,0.028426,6131954,6131954,1663433,27.1273,1920,1080,raygs,triangles,1,off,0.1,on,-4
1781756697219313345,549.844,469.418,2.1303,2.01738,1.99581,0.134592,0.224256,0.058368,0.734208,0.844384,0.026654,6131954,6131954,1663433,27.1273,1920,1080,raygs,triangles,1,off,0.1,on,-4
1781756697221355292,551.886,470.04,2.12748,2.0177,1.99424,0.133728,0.223936,0.057568,0.735232,0.843776,0.02628,6131954,6131954,1663433,27.1273,1920,1080,raygs,triangles,1,off,0.1,on,-4
1781756697223697738,554.228,470.221,2.12666,2.20413,2.18275,0.133984,0.415808,0.058368,0.729088,0.845504,0.025993,6131954,6131954,1663433,27.1273,1920,1080,raygs,triangles,1,off,0.1,on,-4
1781756697225771166,556.302,469.069,2.13188,2.0183,1.99782,0.138592,0.225152,0.058144,0.730112,0.845824,0.030075,6131954,6131954,1663433,27.1273,1920,1080,raygs,triangles,1,off,0.1,on,-4
1781756697227791091,558.322,469.502,2.12992,2.01411,1.99187,0.1344,0.225216,0.058368,0.730112,0.843776,0.026381,6131954,6131954,1663433,27.1273,1920,1080,raygs,triangles,1,off,0.1,on,-4
1781756697229808443,560.339,469.616,2.1294,2.0176,1.99366,0.136928,0.22448,0.057344,0.730112,0.8448,0.024979,6131954,6131954,1663433,27.1273,1920,1080,raygs,triangles,1,off,0.1,on,-4
1781756697232133385,562.664,469.696,2.12904,2.13718,2.11405,0.133824,0.342848,0.058368,0.735232,0.843776,0.02975,6131954,6131954,1663433,27.1273,1920,1080,raygs,triangles,1,off,0.1,on,-4
1781756697234384437,564.915,468.618,2.13393,2.02611,2.00336,0.138208,0.22512,0.058016,0.73728,0.844736,0.055809,6131954,6131954,1663433,27.1273,1920,1080,raygs,triangles,1,off,0.1,on,-4
1781756697236330610,566.861,469.219,2.1312,2.0145,1.99306,0.13376,0.22384,0.058368,0.732416,0.844672,0.037067,6131954,6131954,1663433,27.1273,1920,1080,raygs,triangles,1,off,0.1,on,-4
1781756697238388014,568.919,470.168,2.1269,2.02234,2.00058,0.134464,0.225408,0.0576,0.739328,0.843776,0.041529,6131954,6131954,1663433,27.1273,1920,1080,raygs,triangles,1,off,0.1,on,-4
1781756697240743403,571.274,470.12,2.12712,2.20899,2.18586,0.13392,0.418656,0.058368,0.731136,0.843776,0.037293,6131954,6131954,1663433,27.1273,1920,1080,raygs,triangles,1,off,0.1,on,-4
1781756697242842841,573.373,468.96,2.13238,2.01987,1.99738,0.138336,0.224832,0.058368,0.730112,0.845728,0.042488,6131954,6131954,1663433,27.1273,1920,1080,raygs,triangles,1,off,0.1,on,-4
1781756697244900727,575.431,469.626,2.12936,2.01741,1.99427,0.134656,0.226336,0.057344,0.731136,0.8448,0.044548,6131954,6131954,1663433,27.1273,1920,1080,raygs,triangles,1,off,0.1,on,-4
1781756697246907816,577.438,469.566,2.12963,2.01632,1.99347,0.133536,0.224608,0.058368,0.733184,0.843776,0.039579,6131954,6131954,1663433,27.1273,1920,1080,raygs,triangles,1,off,0.1,on,-4
1781756697249158882,579.69,469.869,2.12825,2.13616,2.11299,0.133568,0.341024,0.058368,0.735232,0.8448,0.038748,6131954,6131954,1663433,27.1273,1920,1080,raygs,triangles,1,off,0.1,on,-4
1781756697251245617,581.776,468.974,2.13231,2.0231,2.0001,0.13728,0.22448,0.057344,0.73536,0.845632,0.040405,6131954,6131954,1663433,27.1273,1920,1080,raygs,triangles,1,off,0.1,on,-4
1781756697253378899,583.91,469.297,2.13085,2.16781,2.14931,0.28912,0.222784,0.0584,0.734208,0.8448,0.038057,6131954,6131954,1663433,27.1273,1920,1080,raygs,triangles,1,off,0.1,on,-4
1781756697255431750,585.962,469.841,2.12838,2.02998,2.00858,0.134944,0.224992,0.058368,0.745472,0.8448,0.036827,6131954,6131954,1663433,27.1273,1920,1080,raygs,triangles,1,off,0.1,on,-4
1781756697257778711,588.309,469.83,2.12843,2.20179,2.17888,0.133664,0.410208,0.058368,0.73216,0.84448,0.035523,6131954,6131954,1663433,27.1273,1920,1080,raygs,triangles,1,off,0.1,on,-4
1781756697259812206,590.343,468.655,2.13376,2.01658,1.9953,0.139104,0.222912,0.058368,0.731136,0.843776,0.034696,6131954,6131954,1663433,27.1273,1920,1080,raygs,triangles,1,off,0.1,on,-4
1781756697261869331,592.4,469.626,2.12935,2.01258,1.99066,0.133952,0.225088,0.057728,0.729088,0.8448,0.036143,6131954,6131954,1663433,27.1273,1920,1080,raygs,triangles,1,off,0.1,on,-4
1781756697264032367,594.563,469.522,2.12982,2.14429,2.12125,0.133536,0.224384,0.058368,0.861184,0.843776,0.035498,6131954,6131954,1663433,27.1273,1920,1080,raygs,triangles,1,off,0.1,on,-4
1781756697266168630,596.699,469.051,2.13196,2.1377,2.11466,0.134112,0.342144,0.057344,0.73728,0.843776,0.033527,6131954,6131954,1663433,27.1273,1920,1080,raygs,triangles,1,off,0.1,on,-4
1781756697268138756,598.669,479.357,2.08613,2.01955,1.99648,0.133248,0.225536,0.057664,0.736256,0.843776,0.018391,6131954,6131954,1663433,27.1273,1920,1080,raygs,triangles,1,off,0.1,on,-4
1781756697270175987,600.707,474.357,2.10812,2.01523,1.99165,0.134496,0.225088,0.057376,0.731136,0.843552,0.028121,6131954,6131954,1663433,27.1273,1920,1080,raygs,triangles,1,off,0.1,on,-4
1781756697272445465,602.976,473.102,2.11371,2.02192,2,0.132992,0.2264,0.058368,0.738496,0.843744,0.029459,6131954,6131954,1663433,27.1273,1920,1080,raygs,triangles,1,off,0.1,on,-4
1781756697274617154,605.148,472.379,2.11694,2.16541,2.14269,0.14992,0.222464,0.058368,0.867328,0.844608,0.027965,6131954,6131954,1663433,27.1273,1920,1080,raygs,triangles,1,off,0.1,on,-4
1781756697276675409,607.206,471.513,2.12083,2.0129,1.99104,0.134208,0.225504,0.057344,0.729504,0.84448,0.028213,6131954,6131954,1663433,27.1273,1920,1080,raygs,triangles,1,off,0.1,on,-4
1781756697278718123,609.249,471.559,2.12062,2.02394,2.00045,0.133984,0.224992,0.057344,0.741376,0.842752,0.027332,6131954,6131954,1663433,27.1273,1920,1080,raygs,triangles,1,off,0.1,on,-4
1781756697280883156,611.414,472.172,2.11787,2.0215,1.99811,0.133888,0.225856,0.057344,0.736512,0.844512,0.02656,6131954,6131954,1663433,27.1273,1920,1080,raygs,triangles,1,off,0.1,on,-4
1781756697282931622,613.462,471.986,2.11871,2.02138,1.99882,0.136544,0.222848,0.058368,0.73728,0.843776,0.027835,6131954,6131954,1663433,27.1273,1920,1080,raygs,triangles,1,off,0.1,on,-4
1781756697284978642,615.509,472.493,2.11643,2.01853,1.99766,0.134752,0.225536,0.058368,0.735232,0.843776,0.027559,6131954,6131954,1663433,27.1273,1920,1080,raygs,triangles,1,off,0.1,on,-4
1781756697287022605,617.553,473.309,2.11279,2.02246,2,0.133536,0.225856,0.058368,0.737664,0.844576,0.027064,6131954,6131954,1663433,27.1273,1920,1080,raygs,triangles,1,off,0.1,on,-4
1781756697289267358,619.798,472.736,2.11535,2.02627,2.00317,0.133952,0.226528,0.057344,0.741568,0.843776,0.026677,6131954,6131954,1663433,27.1273,1920,1080,raygs,triangles,1,off,0.1,on,-4
1781756697291462803,621.993,472.16,2.11793,2.16419,2.14186,0.149376,0.221984,0.058368,0.869376,0.842752,0.027692,6131954,6131954,1663433,27.1273,1920,1080,raygs,triangles,1,off,0.1,on,-4
1781756697293509371,624.04,472,2.11864,2.01331,1.99078,0.1336,0.224832,0.058368,0.729184,0.8448,0.031676,6131954,6131954,1663433,27.1273,1920,1080,raygs,triangles,1,off,0.1,on,-4
1781756697295582205,626.113,472.387,2.11691,2.0447,2.02189,0.134272,0.225056,0.058368,0.759808,0.844384,0.027564,6131954,6131954,1663433,27.1273,1920,1080,raygs,triangles,1,off,0.1,on,-4
1781756697297748591,628.279,472.281,2.11738,2.13875,2.11635,0.134112,0.22608,0.058368,0.735232,0.96256,0.028566,6131954,6131954,1663433,27.1273,1920,1080,raygs,triangles,1,off,0.1,on,-4
1781756697299789035,630.32,471.844,2.11934,2.01907,1.9959,0.133792,0.2256,0.057344,0.735392,0.843776,0.029277,6131954,6131954,1663433,27.1273,1920,1080,raygs,triangles,1,off,0.1,on,-4
1781756697301831623,632.362,472.536,2.11624,2.01824,1.9951,0.134464,0.225312,0.057344,0.734208,0.843776,0.028828,6131954,6131954,1663433,27.1273,1920,1080,raygs,triangles,1,off,0.1,on,-4
1781756697303872326,634.403,473.114,2.11366,2.01427,1.99226,0.133568,0.225408,0.058368,0.73216,0.842752,0.027348,6131954,6131954,1663433,27.1273,1920,1080,raygs,triangles,1,off,0.1,on,-4
1781756697306160594,636.691,473.035,2.11401,2.02096,1.99818,0.133088,0.225664,0.057344,0.738304,0.843776,0.067709,6131954,6131954,1663433,27.1273,1920,1080,raygs,triangles,1,off,0.1,on,-4
1781756697308341224,638.872,472.314,2.11724,2.21075,2.18826,0.138464,0.224,0.058368,0.922624,0.8448,0.018765,6131954,6131954,1663433,27.1273,1920,1080,raygs,triangles,1,off,0.1,on,-4
1781756697310369146,640.9,472.826,2.11494,2.01216,1.9895,0.133472,0.22336,0.05776,0.731136,0.843776,0.029695,6131954,6131954,1663433,27.1273,1920,1080,raygs,triangles,1,off,0.1,on,-4
1781756697312427876,642.959,473.073,2.11384,2.04061,2.01786,0.13328,0.224672,0.058368,0.75776,0.843776,0.027766,6131954,6131954,1663433,27.1273,1920,1080,raygs,triangles,1,off,0.1,on,-4
1781756697314588673,645.119,472.791,2.1151,2.144,2.12278,0.134272,0.226208,0.058368,0.861184,0.842752,0.028444,6131954,6131954,1663433,27.1273,1920,1080,raygs,triangles,1,off,0.1,on,-4
1781756697316765633,647.296,472.27,2.11743,2.13843,2.11594,0.133824,0.341664,0.058368,0.73728,0.8448,0.027367,6131954,6131954,1663433,27.1273,1920,1080,raygs,triangles,1,off,0.1,on,-4
1781756697318819697,649.35,472.404,2.11683,2.0217,1.99933,0.133792,0.226368,0.058112,0.738304,0.842752,0.030709,6131954,6131954,1663433,27.1273,1920,1080,raygs,triangles,1,off,0.1,on,-4
1781756697320857741,651.388,473.113,2.11366,2.01885,1.99731,0.134048,0.225856,0.058368,0.73424,0.8448,0.028382,6131954,6131954,1663433,27.1273,1920,1080,raygs,triangles,1,off,0.1,on,-4
1781756697323092058,653.623,473.244,2.11308,2.01696,1.9945,0.133632,0.225696,0.058368,0.733184,0.843616,0.031054,6131954,6131954,1663433,27.1273,1920,1080,raygs,triangles,1,off,0.1,on,-4
1781756697325278236,655.809,472.618,2.11587,2.16198,2.13997,0.145056,0.223392,0.058368,0.868352,0.8448,0.037709,6131954,6131954,1663433,27.1273,1920,1080,raygs,triangles,1,off,0.1,on,-4
1781756697327501490,658.032,473.011,2.11412,2.15786,2.13674,0.134784,0.226336,0.058368,0.873472,0.843776,0.05391,6131954,6131954,1663433,27.1273,1920,1080,raygs,triangles,1,off,0.1,on,-4
1781756697329493209,660.024,471.934,2.11894,2.03318,2.01187,0.133952,0.225184,0.059392,0.749568,0.843776,0.017746,6131954,6131954,1663433,27.1273,1920,1080,raygs,triangles,1,off,0.1,on,-4
1781756697331671825,662.202,472.051,2.11841,2.13786,1.99699,0.13424,0.224352,0.058368,0.735232,0.8448,0.026923,6131954,6131954,1663433,27.1273,1920,1080,raygs,triangles,1,off,0.1,on,-4
1781756697333734816,664.265,471.705,2.11997,2.01939,1.99734,0.133728,0.225216,0.058368,0.735232,0.8448,0.034169,6131954,6131954,1663433,27.1273,1920,1080,raygs,triangles,1,off,0.1,on,-4
1781756697335767233,666.298,472.058,2.11838,2.0193,1.99616,0.133472,0.224512,0.058368,0.735232,0.844576,0.03164,6131954,6131954,1663433,27.1273,1920,1080,raygs,triangles,1,off,0.1,on,-4
1781756697337796767,668.327,472.795,2.11508,2.01971,1.99798,0.132832,0.226208,0.058176,0.735232,0.845536,0.027172,6131954,6131954,1663433,27.1273,1920,1080,raygs,triangles,1,off,0.1,on,-4
1781756697340053072,670.584,473.023,2.11406,2.01581,1.99347,0.134048,0.22512,0.058368,0.73216,0.843776,0.026531,6131954,6131954,1663433,27.1273,1920,1080,raygs,triangles,1,off,0.1,on,-4
1781756697342261628,672.792,472.051,2.11841,2.16512,2.14381,0.150208,0.222304,0.058368,0.868352,0.844576,0.027903,6131954,6131954,1663433,27.1273,1920,1080,raygs,triangles,1,off,0.1,on,-4
1781756697344294259,674.825,472.359,2.11704,2.01226,1.99011,0.133536,0.225184,0.058368,0.728384,0.84464,0.027614,6131954,6131954,1663433,27.1273,1920,1080,raygs,triangles,1,off,0.1,on,-4
1781756697346348857,676.879,472.414,2.11679,2.01478,1.99158,0.133056,0.225504,0.058112,0.731136,0.843776,0.031092,6131954,6131954,1663433,27.1273,1920,1080,raygs,triangles,1,off,0.1,on,-4
1781756697348494930,679.026,472.318,2.11722,2.13562,2.11462,0.134048,0.34304,0.058368,0.734464,0.844704,0.028816,6131954,6131954,1663433,27.1273,1920,1080,raygs,triangles,1,off,0.1,on,-4
1781756697350533300,681.064,471.889,2.11914,2.01888,1.99651,0.133024,0.225088,0.057344,0.73728,0.843776,0.027365,6131954,6131954,1663433,27.1273,1920,1080,raygs,triangles,1,off,0.1,on,-4
1781756697352588290,683.119,473.081,2.1138,2.02173,2.00134,0.133856,0.226016,0.058368,0.738304,0.8448,0.029953,6131954,6131954,1663433,27.1273,1920,1080,raygs,triangles,1,off,0.1,on,-4
1781756697354639316,685.17,473.12,2.11363,2.0224,2.00029,0.133984,0.226624,0.0576,0.737664,0.844416,0.031234,6131954,6131954,1663433,27.1273,1920,1080,raygs,triangles,1,off,0.1,on,-4
1781756697357030189,687.561,473.034,2.11401,2.23472,1.98771,0.1328,0.22464,0.057344,0.728416,0.844512,0.028806,6131954,6131954,1663433,27.1273,1920,1080,raygs,triangles,1,off,0.1,on,-4
1781756697359063475,689.594,471.557,2.12064,2.01981,1.99597,0.138048,0.225568,0.057344,0.731296,0.843712,0.026952,6131954,6131954,1663433,27.1273,1920,1080,raygs,triangles,1,off,0.1,on,-4
1781756697361103739,691.634,472.78,2.11515,2.0119,1.98832,0.13424,0.22592,0.057344,0.728064,0.842752,0.027418,6131954,6131954,1663433,27.1273,1920,1080,raygs,triangles,1,off,0.1,on,-4
1781756697363150104,693.681,473.52,2.11184,2.0145,1.99194,0.134688,0.223968,0.057344,0.731136,0.8448,0.027442,6131954,6131954,1663433,27.1273,1920,1080,raygs,triangles,1,off,0.1,on,-4
1781756697365422959,695.954,473.104,2.1137,2.13581,2.11334,0.133504,0.340512,0.058368,0.736256,0.844704,0.027762,6131954,6131954,1663433,27.1273,1920,1080,raygs,triangles,1,off,0.1,on,-4
1781756697367464685,697.995,472.331,2.11716,2.0231,2.00077,0.1376,0.223744,0.057344,0.73728,0.8448,0.027903,6131954,6131954,1663433,27.1273,1920,1080,raygs,triangles,1,off,0.1,on,-4
1781756697369578666,700.109,473.495,2.11196,2.01699,1.99542,0.134208,0.225056,0.058176,0.733184,0.8448,0.063096,6131954,6131954,1663433,27.1273,1920,1080,raygs,triangles,1,off,0.1,on,-4
1781756697371555350,702.086,473.533,2.11179,2.01939,1.99642,0.133536,0.225792,0.057376,0.735232,0.84448,0.017039,6131954,6131954,1663433,27.1273,1920,1080,raygs,triangles,1,off,0.1,on,-4
1781756697373910651,704.441,473.728,2.11091,2.1777,2.15741,0.134176,0.388096,0.058592,0.73216,0.844384,0.028357,6131954,6131954,1663433,27.1273,1920,1080,raygs,triangles,1,off,0.1,on,-4
1781756697375964143,706.495,472.447,2.11664,2.02659,2.00531,0.151168,0.222912,0.058368,0.729088,0.843776,0.026882,6131954,6131954,1663433,27.1273,1920,1080,raygs,triangles,1,off,0.1,on,-4
1781756697378009480,708.54,473.2,2.11327,2.01498,1.99264,0.134272,0.225056,0.057504,0.731136,0.844672,0.026795,6131954,6131954,1663433,27.1273,1920,1080,raygs,triangles,1,off,0.1,on,-4
1781756697380034529,710.565,473.394,2.11241,2.01523,1.99203,0.134496,0.226304,0.057344,0.730112,0.843776,0.026243,6131954,6131954,1663433,27.1273,1920,1080,raygs,triangles,1,off,0.1,on,-4
1781756697382338359,712.869,473.682,2.11112,2.14256,2.11933,0.133824,0.34096,0.058368,0.7424,0.843776,0.027884,6131954,6131954,1663433,27.1273,1920,1080,raygs,triangles,1,off,0.1,on,-4
1781756697384374509,714.905,472.808,2.11502,2.02154,1.99766,0.136704,0.223456,0.057344,0.734336,0.845824,0.030992,6131954,6131954,1663433,27.1273,1920,1080,raygs,triangles,1,off,0.1,on,-4
1781756697386445506,716.976,473.979,2.1098,2.02275,1.99994,0.133824,0.22576,0.058336,0.738304,0.843712,0.030127,6131954,6131954,1663433,27.1273,1920,1080,raygs,triangles,1,off,0.1,on,-4
1781756697388474321,719.005,473.796,2.11061,2.02269,2.0007,0.13376,0.224448,0.058368,0.740352,0.843776,0.03215,6131954,6131954,1663433,27.1273,1920,1080,raygs,triangles,1,off,0.1,on,-4
1781756697390808656,721.339,473.96,2.10988,2.19459,2.17142,0.134656,0.402592,0.05824,0.73216,0.843776,0.027024,6131954,6131954,1663433,27.1273,1920,1080,raygs,triangles,1,off,0.1,on,-4
1781756697392853034,723.384,473.297,2.11284,2.0177,1.99584,0.137984,0.224576,0.058368,0.731136,0.843776,0.026959,6131954,6131954,1663433,27.1273,1920,1080,raygs,triangles,1,off,0.1,on,-4
1781756697394912913,725.444,473.618,2.11141,2.01347,1.99085,0.13376,0.224832,0.058368,0.730112,0.843776,0.034227,6131954,6131954,1663433,27.1273,1920,1080,raygs,triangles,1,off,0.1,on,-4
1781756697396943767,727.474,473.311,2.11278,2.01856,1.99619,0.133888,0.225568,0.057728,0.734208,0.8448,0.027486,6131954,6131954,1663433,27.1273,1920,1080,raygs,triangles,1,off,0.1,on,-4
1781756697399222406,729.753,473.276,2.11293,2.13933,2.116,0.134592,0.342816,0.057344,0.736608,0.84464,0.032535,6131954,6131954,1663433,27.1273,1920,1080,raygs,triangles,1,off,0.1,on,-4
1781756697401277264,731.808,473.243,2.11308,2.01789,1.99555,0.137376,0.223872,0.057344,0.733184,0.843776,0.02784,6131954,6131954,1663433,27.1273,1920,1080,raygs,triangles,1,off,0.1,on,-4
1781756697403357606,733.888,473.717,2.11096,2.01946,1.99786,0.133984,0.224448,0.058368,0.73728,0.843776,0.053783,6131954,6131954,1663433,27.1273,1920,1080,raygs,triangles,1,off,0.1,on,-4
1781756697405369446,735.9,473.659,2.11122,2.02093,1.99824,0.134464,0.225376,0.057344,0.738304,0.842752,0.022001,6131954,6131954,1663433,27.1273,1920,1080,raygs,triangles,1,off,0.1,on,-4
1781756697407706423,738.237,473.671,2.11117,2.18486,2.16096,0.13376,0.395296,0.058016,0.730112,0.843776,0.027673,6131954,6131954,1663433,27.1273,1920,1080,raygs,triangles,1,off,0.1,on,-4
1781756697409972464,740.503,473.096,2.11373,2.1655,2.14336,0.147552,0.223264,0.058368,0.8704,0.843776,0.061329,6131954,6131954,1663433,27.1273,1920,1080,raygs,triangles,1,off,0.1,on,-4
1781756697411944172,742.475,472.332,2.11715,2.01206,1.99059,0.134432,0.223904,0.058368,0.729088,0.8448,0.016341,6131954,6131954,1663433,27.1273,1920,1080,raygs,triangles,1,off,0.1,on,-4
1781756697413981028,744.512,472.574,2.11607,2.01882,1.99744,0.133984,0.225056,0.058368,0.735232,0.8448,0.028291,6131954,6131954,1663433,27.1273,1920,1080,raygs,triangles,1,off,0.1,on,-4
1781756697416145731,746.676,472.559,2.11614,2.13702,2.1137,0.133408,0.343936,0.057344,0.734208,0.8448,0.027824,6131954,6131954,1663433,27.1273,1920,1080,raygs,triangles,1,off,0.1,on,-4
1781756697418188101,748.719,472.796,2.11508,2.0177,1.99456,0.133888,0.226368,0.057344,0.733184,0.843776,0.026765,6131954,6131954,1663433,27.1273,1920,1080,raygs,triangles,1,off,0.1,on,-4
1781756697420233987,750.765,473.459,2.11212,2.01955,1.99818,0.13376,0.224096,0.058368,0.736256,0.845696,0.027699,6131954,6131954,1663433,27.1273,1920,1080,raygs,triangles,1,off,0.1,on,-4
1781756697422270289,752.801,473.466,2.11208,2.02006,1.99779,0.13424,0.224128,0.058368,0.73728,0.843776,0.027293,6131954,6131954,1663433,27.1273,1920,1080,raygs,triangles,1,off,0.1,on,-4
1781756697424671601,755.202,473.611,2.11144,2.24288,1.98874,0.133792,0.225056,0.057024,0.729088,0.843776,0.030387,6131954,6131954,1663433,27.1273,1920,1080,raygs,triangles,1,off,0.1,on,-4
1781756697426797748,757.328,472.726,2.11539,2.01904,1.9968,0.139008,0.224352,0.057344,0.730528,0.845568,0.064864,6131954,6131954,1663433,27.1273,1920,1080,raygs,triangles,1,off,0.1,on,-4
1781756697428757201,759.288,472.446,2.11664,2.01363,1.99078,0.13408,0.226496,0.058368,0.728064,0.843776,0.017013,6131954,6131954,1663433,27.1273,1920,1080,raygs,triangles,1,off,0.1,on,-4
1781756697431004355,761.535,472.696,2.11553,2.14899,2.1265,0.134144,0.225056,0.058368,0.864256,0.844672,0.076119,6131954,6131954,1663433,27.1273,1920,1080,raygs,triangles,1,off,0.1,on,-4
1781756697433101020,763.632,472.019,2.11856,2.13971,2.11741,0.133952,0.344096,0.058368,0.736256,0.844736,0.01821,6131954,6131954,1663433,27.1273,1920,1080,raygs,triangles,1,off,0.1,on,-4
1781756697435172221,765.703,472.642,2.11576,2.02275,2.00061,0.134112,0.224864,0.058368,0.738528,0.844736,0.032372,6131954,6131954,1663433,27.1273,1920,1080,raygs,triangles,1,off,0.1,on,-4
1781756697437189534,767.72,473.04,2.11398,2.01658,1.99507,0.133792,0.225952,0.057344,0.734208,0.843776,0.027235,6131954,6131954,1663433,27.1273,1920,1080,raygs,triangles,1,off,0.1,on,-4
1781756697439415173,769.946,473.071,2.11385,2.0207,1.99763,0.133824,0.225248,0.057344,0.737664,0.843552,0.026916,6131954,6131954,1663433,27.1273,1920,1080,raygs,triangles,1,off,0.1,on,-4
1781756697441633931,772.165,472.498,2.11641,2.16637,2.14397,0.149472,0.223328,0.057344,0.869376,0.844448,0.028851,6131954,6131954,1663433,27.1273,1920,1080,raygs,triangles,1,off,0.1,on,-4
1781756697443656432,774.187,472.317,2.11722,2.01229,1.99094,0.134624,0.225344,0.058112,0.729088,0.843776,0.026398,6131954,6131954,1663433,27.1273,1920,1080,raygs,triangles,1,off,0.1,on,-4
1781756697445736153,776.267,472.89,2.11466,2.0423,2.01869,0.133952,0.224832,0.057344,0.758784,0.843776,0.028344,6131954,6131954,1663433,27.1273,1920,1080,raygs,triangles,1,off,0.1,on,-4
1781756697447881820,778.412,472.746,2.1153,2.1399,1.99885,0.13424,0.226208,0.058368,0.735232,0.8448,0.027261,6131954,6131954,1663433,27.1273,1920,1080,raygs,triangles,1,off,0.1,on,-4
1781756697449920323,780.451,472.357,2.11704,2.01894,1.99642,0.134144,0.225152,0.058368,0.734208,0.844544,0.026596,6131954,6131954,1663433,27.1273,1920,1080,raygs,triangles,1,off,0.1,on,-4
1781756697451969088,782.5,473.124,2.11361,2.02355,2.00179,0.133632,0.225728,0.058304,0.739328,0.8448,0.026427,6131954,6131954,1663433,27.1273,1920,1080,raygs,triangles,1,off,0.1,on,-4
1781756697454024050,784.555,473.617,2.11141,2.02163,1.99904,0.133952,0.225888,0.058144,0.73728,0.843776,0.032048,6131954,6131954,1663433,27.1273,1920,1080,raygs,triangles,1,off,0.1,on,-4
1781756697456287896,786.819,474.168,2.10896,2.02141,1.99949,0.13408,0.225536,0.058176,0.73728,0.844416,0.027417,6131954,6131954,1663433,27.1273,1920,1080,raygs,triangles,1,off,0.1,on,-4
1781756697458466641,788.997,473.263,2.11299,2.16614,2.14477,0.150336,0.223168,0.058368,0.868352,0.844544,0.026333,6131954,6131954,1663433,27.1273,1920,1080,raygs,triangles,1,off,0.1,on,-4
1781756697460510420,791.041,473.179,2.11337,2.01245,1.9889,0.133664,0.224608,0.05776,0.729088,0.843776,0.028039,6131954,6131954,1663433,27.1273,1920,1080,raygs,triangles,1,off,0.1,on,-4
1781756697462585302,793.116,473.287,2.11288,2.04307,2.02099,0.133664,0.224576,0.058368,0.759808,0.844576,0.028599,6131954,6131954,1663433,27.1273,1920,1080,raygs,triangles,1,off,0.1,on,-4
1781756697464768772,795.299,473.13,2.11358,2.13648,2.11568,0.133888,0.225696,0.058304,0.852992,0.8448,0.029072,6131954,6131954,1663433,27.1273,1920,1080,raygs,triangles,1,off,0.1,on,-4
1781756697466815763,797.346,472.518,2.11632,2.02317,2.00179,0.133952,0.225344,0.058368,0.739328,0.8448,0.028884,6131954,6131954,1663433,27.1273,1920,1080,raygs,triangles,1,off,0.1,on,-4
1781756697468838871,799.37,473.27,2.11296,2.02269,2.00058,0.133792,0.226592,0.058112,0.738304,0.843776,0.027616,6131954,6131954,1663433,27.1273,1920,1080,raygs,triangles,1,off,0.1,on,-4
1781756697470878584,801.409,474.005,2.10968,2.01792,1.99514,0.13312,0.22464,0.058368,0.735232,0.843776,0.027282,6131954,6131954,1663433,27.1273,1920,1080,raygs,triangles,1,off,0.1,on,-4
1781756697473123419,803.654,473.992,2.10974,2.0191,1.99709,0.134272,0.22528,0.057504,0.735232,0.8448,0.028086,6131954,6131954,1663433,27.1273,1920,1080,raygs,triangles,1,off,0.1,on,-4
1781756697475325971,805.857,473.273,2.11294,2.16704,2.14477,0.148064,0.22416,0.057344,0.8704,0.8448,0.033318,6131954,6131954,1663433,27.1273,1920,1080,raygs,triangles,1,off,0.1,on,-4
1781756697477445000,807.976,473.098,2.11373,2.0145,1.99206,0.133792,0.224992,0.057344,0.731136,0.8448,0.100052,6131954,6131954,1663433,27.1273,1920,1080,raygs,triangles,1,off,0.1,on,-4
1781756697479426545,809.957,472.838,2.11489,2.04365,2.02134,0.13424,0.225024,0.057472,0.760832,0.843776,0.016907,6131954,6131954,1663433,27.1273,1920,1080,raygs,triangles,1,off,0.1,on,-4
1781756697481617764,812.148,473.051,2.11394,2.13846,2.1161,0.134848,0.226112,0.058368,0.852992,0.843776,0.030386,6131954,6131954,1663433,27.1273,1920,1080,raygs,triangles,1,off,0.1,on,-4
1781756697483645359,814.176,472.478,2.1165,2.01869,1.9977,0.133888,0.224192,0.058368,0.73648,0.844768,0.027705,6131954,6131954,1663433,27.1273,1920,1080,raygs,triangles,1,off,0.1,on,-4
1781756697485704852,816.235,473.873,2.11027,2.02048,1.99814,0.1336,0.22608,0.057344,0.736416,0.844704,0.028167,6131954,6131954,1663433,27.1273,1920,1080,raygs,triangles,1,off,0.1,on,-4
1781756697487885442,818.416,473.766,2.11074,2.0193,1.99651,0.13344,0.2256,0.057344,0.73552,0.844608,0.029615,6131954,6131954,1663433,27.1273,1920,1080,raygs,triangles,1,off,0.1,on,-4
1781756697490128075,820.659,473.28,2.11292,2.1952,2.1729,0.136704,0.224736,0.058368,0.909312,0.843776,0.069845,6131954,6131954,1663433,27.1273,1920,1080,raygs,triangles,1,off,0.1,on,-4
1781756697492258121,822.789,472.63,2.11582,2.16483,2.14541,0.29024,0.221728,0.057504,0.731136,0.8448,0.0165,6131954,6131954,1663433,27.1273,1920,1080,raygs,triangles,1,off,0.1,on,-4
1781756697494324563,824.855,473.068,2.11386,2.01533,1.99238,0.13472,0.225728,0.058368,0.729088,0.84448,0.030681,6131954,6131954,1663433,27.1273,1920,1080,raygs,triangles,1,off,0.1,on,-4
1781756697496410872,826.942,472.957,2.11436,2.02218,1.99734,0.133152,0.225792,0.058368,0.73536,0.844672,0.058129,6131954,6131954,1663433,27.1273,1920,1080,raygs,triangles,1,off,0.1,on,-4
1781756697498513513,829.044,473.051,2.11393,2.13594,2.11267,0.133472,0.342848,0.058368,0.734208,0.843776,0.017374,6131954,6131954,1663433,27.1273,1920,1080,raygs,triangles,1,off,0.1,on,-4
1781756697500638376,831.169,472.67,2.11564,2.02403,2.0016,0.134208,0.224992,0.058368,0.739328,0.844704,0.065999,6131954,6131954,1663433,27.1273,1920,1080,raygs,triangles,1,off,0.1,on,-4
1781756697502633609,833.164,473.501,2.11193,2.01654,1.99526,0.132832,0.225056,0.058368,0.734208,0.8448,0.018938,6131954,6131954,1663433,27.1273,1920,1080,raygs,triangles,1,off,0.1,on,-4
1781756697504660238,835.191,473.654,2.11124,2.01741,1.99613,0.134144,0.224608,0.058368,0.735232,0.843776,0.028319,6131954,6131954,1663433,27.1273,1920,1080,raygs,triangles,1,off,0.1,on,-4
1781756697507060599,837.591,473.734,2.11089,2.2481,2.22502,0.134912,0.22528,0.290816,0.73024,0.843776,0.028726,6131954,6131954,1663433,27.1273,1920,1080,raygs,triangles,1,off,0.1,on,-4
1781756697509100200,839.631,472.353,2.11706,2.01728,1.99603,0.138208,0.223712,0.058368,0.730112,0.845632,0.028157,6131954,6131954,1663433,27.1273,1920,1080,raygs,triangles,1,off,0.1,on,-4
1781756697511130592,841.661,473.328,2.1127,2.01085,1.98781,0.13424,0.22416,0.057568,0.728064,0.843776,0.027704,6131954,6131954,1663433,27.1273,1920,1080,raygs,triangles,1,off,0.1,on,-4
1781756697513164315,843.695,473.338,2.11266,2.0159,1.99267,0.134144,0.226048,0.057568,0.731136,0.843776,0.028653,6131954,6131954,1663433,27.1273,1920,1080,raygs,triangles,1,off,0.1,on,-4
1781756697515459666,845.99,473.466,2.11208,2.1384,2.1151,0.13344,0.34224,0.057344,0.738304,0.843776,0.029431,6131954,6131954,1663433,27.1273,1920,1080,raygs,triangles,1,off,0.1,on,-4
1781756697517492458,848.023,472.502,2.11639,2.02157,1.99955,0.13776,0.224672,0.05808,0.734464,0.844576,0.02655,6131954,6131954,1663433,27.1273,1920,1080,raygs,triangles,1,off,0.1,on,-4
1781756697519535051,850.066,473.634,2.11133,2.01616,1.99283,0.133376,0.225152,0.058368,0.73216,0.843776,0.026707,6131954,6131954,1663433,27.1273,1920,1080,raygs,triangles,1,off,0.1,on,-4
1781756697521567396,852.098,473.629,2.11136,2.01843,1.99651,0.133632,0.224928,0.058368,0.736256,0.843328,0.026,6131954,6131954,1663433,27.1273,1920,1080,raygs,triangles,1,off,0.1,on,-4
1781756697523942578,854.473,473.701,2.11104,2.17699,2.15469,0.134176,0.386208,0.057344,0.73216,0.8448,0.02576,6131954,6131954,1663433,27.1273,1920,1080,raygs,triangles,1,off,0.1,on,-4
1781756697525999942,856.531,472.489,2.11645,2.02893,2.00797,0.151584,0.22208,0.058368,0.73216,0.843776,0.026462,6131954,6131954,1663433,27.1273,1920,1080,raygs,triangles,1,off,0.1,on,-4
1781756697528031760,858.562,473.28,2.11292,2.01427,1.99072,0.134464,0.225024,0.057344,0.729088,0.8448,0.025864,6131954,6131954,1663433,27.1273,1920,1080,raygs,triangles,1,off,0.1,on,-4
1781756697530067948,860.599,473.351,2.1126,2.01584,1.99373,0.136128,0.22416,0.058368,0.731456,0.843616,0.025889,6131954,6131954,1663433,27.1273,1920,1080,raygs,triangles,1,off,0.1,on,-4
1781756697532360440,862.891,473.439,2.1122,2.1385,2.11539,0.134112,0.344768,0.057344,0.735424,0.843744,0.027022,6131954,6131954,1663433,27.1273,1920,1080,raygs,triangles,1,off,0.1,on,-4
1781756697534401202,864.932,472.559,2.11614,2.02176,1.99859,0.137984,0.224544,0.058208,0.733184,0.844672,0.027218,6131954,6131954,1663433,27.1273,1920,1080,raygs,triangles,1,off,0.1,on,-4
1781756697536445023,866.976,473.592,2.11152,2.01782,1.99626,0.134112,0.225728,0.058368,0.734272,0.843776,0.031831,6131954,6131954,1663433,27.1273,1920,1080,raygs,triangles,1,off,0.1,on,-4
1781756697538490359,869.021,474.354,2.10813,2.02179,1.99946,0.134912,0.225376,0.058112,0.73728,0.843776,0.028156,6131954,6131954,1663433,27.1273,1920,1080,raygs,triangles,1,off,0.1,on,-4
1781756697540867106,871.398,474.089,2.10931,2.23123,2.20742,0.133952,0.439072,0.057344,0.73232,0.844736,0.02666,6131954,6131954,1663433,27.1273,1920,1080,raygs,triangles,1,off,0.1,on,-4
1781756697542903545,873.434,472.906,2.11458,2.01658,1.99354,0.138336,0.224608,0.057728,0.728064,0.8448,0.030417,6131954,6131954,1663433,27.1273,1920,1080,raygs,triangles,1,off,0.1,on,-4
1781756697544950624,875.481,473.385,2.11245,2.01344,1.99293,0.134752,0.225376,0.058272,0.730112,0.844416,0.027535,6131954,6131954,1663433,27.1273,1920,1080,raygs,triangles,1,off,0.1,on,-4
1781756697546996001,877.527,473.329,2.11269,2.01642,1.99446,0.133664,0.225472,0.058368,0.733184,0.843776,0.02765,6131954,6131954,1663433,27.1273,1920,1080,raygs,triangles,1,off,0.1,on,-4
1781756697549149273,879.68,473.255,2.11302,2.13958,2.11677,0.13392,0.341568,0.058176,0.738304,0.8448,0.026897,6131954,6131954,1663433,27.1273,1920,1080,raygs,triangles,1,off,0.1,on,-4
1781756697551211196,881.742,472.857,2.11481,2.01952,1.99722,0.133696,0.226336,0.057344,0.736256,0.843584,0.031112,6131954,6131954,1663433,27.1273,1920,1080,raygs,triangles,1,off,0.1,on,-4
1781756697553249430,883.78,474.192,2.10885,2.01645,1.9943,0.133664,0.225152,0.058368,0.732512,0.844608,0.027369,6131954,6131954,1663433,27.1273,1920,1080,raygs,triangles,1,off,0.1,on,-4
1781756697555303071,885.834,474.463,2.10765,2.0247,2.0023,0.133728,0.225056,0.058368,0.740352,0.8448,0.029334,6131954,6131954,1663433,27.1273,1920,1080,raygs,triangles,1,off,0.1,on,-4
1781756697557678493,888.209,474.174,2.10893,2.22925,2.208,0.133568,0.227136,0.273408,0.729088,0.8448,0.029448,6131954,6131954,1663433,27.1273,1920,1080,raygs,triangles,1,off,0.1,on,-4
1781756697559714394,890.245,473.594,2.11151,2.01718,1.99462,0.138496,0.223968,0.057344,0.729088,0.845728,0.027309,6131954,6131954,1663433,27.1273,1920,1080,raygs,triangles,1,off,0.1,on,-4
1781756697561765020,892.296,473.897,2.11016,2.0145,1.99194,0.13376,0.22592,0.057344,0.730112,0.8448,0.02855,6131954,6131954,1663433,27.1273,1920,1080,raygs,triangles,1,off,0.1,on,-4
1781756697563926841,894.457,474.019,2.10962,2.14054,2.11805,0.133888,0.224928,0.057344,0.859136,0.842752,0.027945,6131954,6131954,1663433,27.1273,1920,1080,raygs,triangles,1,off,0.1,on,-4
1781756697566099839,896.63,473.39,2.11243,2.13667,2.11485,0.133056,0.342368,0.058368,0.736256,0.8448,0.028185,6131954,6131954,1663433,27.1273,1920,1080,raygs,triangles,1,off,0.1,on,-4
1781756697568123999,898.655,473.599,2.11149,2.01699,1.99581,0.134208,0.225312,0.058304,0.733536,0.844448,0.027861,6131954,6131954,1663433,27.1273,1920,1080,raygs,triangles,1,off,0.1,on,-4
1781756697570277614,900.808,474.38,2.10801,2.01843,1.99514,0.134176,0.226592,0.0576,0.73216,0.844608,0.041821,6131954,6131954,1663433,27.1273,1920,1080,raygs,triangles,1,off,0.1,on,-4
1781756697572332967,902.864,473.896,2.11017,2.15018,2.12688,0.133728,0.353632,0.058464,0.73728,0.843776,0.016968,6131954,6131954,1663433,27.1273,1920,1080,raygs,triangles,1,off,0.1,on,-4
1781756697574692874,905.224,473.985,2.10977,2.18275,2.15987,0.133792,0.224416,0.226752,0.730112,0.8448,0.032728,6131954,6131954,1663433,27.1273,1920,1080,raygs,triangles,1,off,0.1,on,-4
1781756697576769227,907.3,473.229,2.11314,2.02477,2.00259,0.148384,0.223008,0.058368,0.729088,0.843744,0.029782,6131954,6131954,1663433,27.1273,1920,1080,raygs,triangles,1,off,0.1,on,-4
1781756697578790528,909.321,473.013,2.11411,2.01552,1.99338,0.13376,0.225312,0.058368,0.73216,0.843776,0.031008,6131954,6131954,1663433,27.1273,1920,1080,raygs,triangles,1,off,0.1,on,-4
1781756697580827861,911.359,473.149,2.1135,2.02154,1.99757,0.133632,0.225568,0.057344,0.736256,0.844768,0.026244,6131954,6131954,1663433,27.1273,1920,1080,raygs,triangles,1,off,0.1,on,-4
1781756697582988033,913.519,473.254,2.11303,2.14035,2.11837,0.134112,0.345472,0.057728,0.736256,0.8448,0.025391,6131954,6131954,1663433,27.1273,1920,1080,raygs,triangles,1,off,0.1,on,-4
1781756697585027082,915.558,473.646,2.11128,2.0177,1.99622,0.133888,0.224192,0.058336,0.736256,0.843552,0.026204,6131954,6131954,1663433,27.1273,1920,1080,raygs,triangles,1,off,0.1,on,-4
1781756697587085244,917.616,474.176,2.10892,2.01648,1.99427,0.1344,0.225568,0.057344,0.733184,0.843776,0.026649,6131954,6131954,1663433,27.1273,1920,1080,raygs,triangles,1,off,0.1,on,-4
1781756697589339493,919.87,474.082,2.10934,2.02285,1.99962,0.13392,0.226112,0.057344,0.738656,0.843584,0.02639,6131954,6131954,1663433,27.1273,1920,1080,raygs,triangles,1,off,0.1,on,-4
1781756697591536259,922.067,473.427,2.11226,2.1727,2.14938,0.149632,0.222944,0.057344,0.876,0.843456,0.025322,6131954,6131954,1663433,27.1273,1920,1080,raygs,triangles,1,off,0.1,on,-4
1781756697593579012,924.11,473.423,2.11228,2.01261,1.9889,0.13392,0.224768,0.058368,0.729088,0.842752,0.025517,6131954,6131954,1663433,27.1273,1920,1080,raygs,triangles,1,off,0.1,on,-4
1781756697595626398,926.157,473.412,2.11233,2.02506,2.00307,0.134112,0.22544,0.058368,0.7424,0.842752,0.02689,6131954,6131954,1663433,27.1273,1920,1080,raygs,triangles,1,off,0.1,on,-4
1781756697597787901,928.319,473.33,2.11269,2.02282,2.00077,0.133888,0.225504,0.058272,0.739328,0.843776,0.025283,6131954,6131954,1663433,27.1273,1920,1080,raygs,triangles,1,off,0.1,on,-4
1781756697599844369,930.375,472.876,2.11472,2.02109,1.99795,0.13696,0.224416,0.057408,0.734496,0.844672,0.026981,6131954,6131954,1663433,27.1273,1920,1080,raygs,triangles,1,off,0.1,on,-4
1781756697601878960,932.41,473.573,2.11161,2.01814,1.99706,0.134368,0.226336,0.057344,0.735232,0.843776,0.026059,6131954,6131954,1663433,27.1273,1920,1080,raygs,triangles,1,off,0.1,on,-4
1781756697603918236,934.449,474.188,2.10887,2.01859,1.99802,0.13376,0.224256,0.058368,0.73728,0.844352,0.025078,6131954,6131954,1663433,27.1273,1920,1080,raygs,triangles,1,off,0.1,on,-4
1781756697606200220,936.731,474.422,2.10783,2.01891,1.99722,0.13328,0.224928,0.058048,0.73728,0.84368,0.030555,6131954,6131954,1663433,27.1273,1920,1080,raygs,triangles,1,off,0.1,on,-4
1781756697608384876,938.916,473.345,2.11262,2.16733,2.14522,0.1504,0.222272,0.058368,0.8704,0.843776,0.026621,6131954,6131954,1663433,27.1273,1920,1080,raygs,triangles,1,off,0.1,on,-4
1781756697610412643,940.943,473.394,2.1124,2.01475,1.99363,0.134016,0.225216,0.058368,0.731232,0.8448,0.025505,6131954,6131954,1663433,27.1273,1920,1080,raygs,triangles,1,off,0.1,on,-4
1781756697612487076,943.018,473.408,2.11234,2.04387,2.02141,0.134464,0.225344,0.058048,0.759808,0.843744,0.02632,6131954,6131954,1663433,27.1273,1920,1080,raygs,triangles,1,off,0.1,on,-4
1781756697614646335,945.177,473.354,2.11258,2.13619,2.11552,0.133888,0.224768,0.058368,0.854016,0.84448,0.026632,6131954,6131954,1663433,27.1273,1920,1080,raygs,triangles,1,off,0.1,on,-4
1781756697616682497,947.213,473.424,2.11227,2.01805,1.99594,0.133248,0.225504,0.058176,0.735232,0.843776,0.025366,6131954,6131954,1663433,27.1273,1920,1080,raygs,triangles,1,off,0.1,on,-4
1781756697618725215,949.256,474.128,2.10914,2.01866,1.99744,0.134016,0.22592,0.057344,0.735648,0.844512,0.024968,6131954,6131954,1663433,27.1273,1920,1080,raygs,triangles,1,off,0.1,on,-4
1781756697620778176,951.309,474.516,2.10741,2.01853,1.9953,0.133728,0.226112,0.057344,0.734336,0.843776,0.026299,6131954,6131954,1663433,27.1273,1920,1080,raygs,triangles,1,off,0.1,on,-4
1781756697622999477,953.53,474.595,2.10706,2.01741,1.99507,0.133856,0.224864,0.057344,0.734208,0.8448,0.026723,6131954,6131954,1663433,27.1273,1920,1080,raygs,triangles,1,off,0.1,on,-4
1781756697625265247,955.796,473.983,2.10978,2.21293,2.19194,0.13872,0.224352,0.058368,0.925696,0.8448,0.02988,6131954,6131954,1663433,27.1273,1920,1080,raygs,triangles,1,off,0.1,on,-4
1781756697627321774,957.852,473.35,2.1126,2.01504,1.99386,0.134304,0.225248,0.057344,0.73216,0.8448,0.04714,6131954,6131954,1663433,27.1273,1920,1080,raygs,triangles,1,off,0.1,on,-4
1781756697629369559,959.9,473.672,2.11117,2.04464,2.02205,0.133376,0.225664,0.057376,0.761856,0.843776,0.026939,6131954,6131954,1663433,27.1273,1920,1080,raygs,triangles,1,off,0.1,on,-4
1781756697631504078,962.035,473.473,2.11205,2.13965,2.11712,0.133984,0.22384,0.058368,0.857152,0.843776,0.026057,6131954,6131954,1663433,27.1273,1920,1080,raygs,triangles,1,off,0.1,on,-4
1781756697633586852,964.117,473.106,2.11369,2.01997,1.99546,0.132992,0.226464,0.057344,0.734208,0.844448,0.030926,6131954,6131954,1663433,27.1273,1920,1080,raygs,triangles,1,off,0.1,on,-4
1781756697635676544,966.207,474.244,2.10862,2.01702,1.99427,0.13424,0.224704,0.058368,0.733184,0.843776,0.061454,6131954,6131954,1663433,27.1273,1920,1080,raygs,triangles,1,off,0.1,on,-4
1781756697637661120,968.192,474.076,2.10937,2.02285,2.00045,0.133952,0.22528,0.058368,0.738304,0.844544,0.018943,6131954,6131954,1663433,27.1273,1920,1080,raygs,triangles,1,off,0.1,on,-4
1781756697639873646,970.404,474.217,2.10874,2.01763,1.9951,0.133632,0.227168,0.057344,0.733184,0.843776,0.028131,6131954,6131954,1663433,27.1273,1920,1080,raygs,triangles,1,off,0.1,on,-4
1781756697642052474,972.583,473.653,2.11125,2.1656,2.14394,0.146624,0.223744,0.058368,0.871424,0.843776,0.027041,6131954,6131954,1663433,27.1273,1920,1080,raygs,triangles,1,off,0.1,on,-4
1781756697644263318,974.794,474.044,2.10951,2.15302,2.13069,0.13408,0.225088,0.058368,0.869376,0.843776,0.026846,6131954,6131954,1663433,27.1273,1920,1080,raygs,triangles,1,off,0.1,on,-4
1781756697646362870,976.894,473.271,2.11295,2.0503,2.028,0.133728,0.226176,0.058368,0.764928,0.8448,0.071334,6131954,6131954,1663433,27.1273,1920,1080,raygs,triangles,1,off,0.1,on,-4
1781756697648583780,979.114,473.131,2.11358,2.25117,2.23005,0.250656,0.223296,0.05728,0.85504,0.843776,0.026654,6131954,6131954,1663433,27.1273,1920,1080,raygs,triangles,1,off,0.1,on,-4
1781756697650660311,981.191,472.512,2.11635,2.01898,1.99562,0.133696,0.225568,0.057344,0.736256,0.842752,0.028868,6131954,6131954,1663433,27.1273,1920,1080,raygs,triangles,1,off,0.1,on,-4
1781756697652670077,983.201,473.504,2.11191,2.0177,1.99619,0.13392,0.226144,0.058144,0.734208,0.843776,0.027159,6131954,6131954,1663433,27.1273,1920,1080,raygs,triangles,1,off,0.1,on,-4
1781756697654724103,985.255,473.677,2.11115,2.01546,1.99328,0.13376,0.225408,0.058368,0.73216,0.843584,0.028543,6131954,6131954,1663433,27.1273,1920,1080,raygs,triangles,1,off,0.1,on,-4
1781756697656895628,987.426,473.619,2.1114,2.016,1.99155,0.134688,0.224608,0.057344,0.731136,0.843776,0.026614,6131954,6131954,1663433,27.1273,1920,1080,raygs,triangles,1,off,0.1,on,-4
1781756697659156882,989.688,473.197,2.11329,2.21274,2.1904,0.138496,0.224064,0.058368,0.925696,0.843776,0.026404,6131954,6131954,1663433,27.1273,1920,1080,raygs,triangles,1,off,0.1,on,-4
1781756697661202394,991.733,473.271,2.11296,2.01142,1.98806,0.13376,0.224096,0.058368,0.729088,0.842752,0.029696,6131954,6131954,1663433,27.1273,1920,1080,raygs,triangles,1,off,0.1,on,-4
1781756697663236332,993.767,473.264,2.11298,2.01549,1.99123,0.133952,0.224928,0.057632,0.731136,0.843584,0.025655,6131954,6131954,1663433,27.1273,1920,1080,raygs,triangles,1,off,0.1,on,-4
1781756697665502931,996.034,473.166,2.11342,2.24893,2.2279,0.25136,0.223584,0.057408,0.851968,0.843584,0.025631,6131954,6131954,1663433,27.1273,1920,1080,raygs,triangles,1,off,0.1,on,-4
1781756697667557223,998.088,472.522,2.11631,2.01702,1.996,0.13424,0.225248,0.058368,0.734592,0.843552,0.026213,6131954,6131954,1663433,27.1273,1920,1080,raygs,triangles,1,off,0.1,on,-4
1781756697669621460,1000.15,473.624,2.11138,2.01744,1.99466,0.133664,0.22464,0.058368,0.734208,0.843776,0.027882,6131954,6131954,1663433,27.1273,1920,1080,raygs,triangles,1,off,0.1,on,-4
1781756697671667572,1002.2,473.494,2.11196,2.0225,2.00083,0.133664,0.226016,0.058048,0.739328,0.843776,0.031656,6131954,6131954,1663433,27.1273,1920,1080,raygs,triangles,1,off,0.1,on,-4
1781756697674027332,1004.56,473.503,2.11192,2.23581,2.21229,0.133632,0.447648,0.057344,0.729088,0.844576,0.0271,6131954,6131954,1663433,27.1273,1920,1080,raygs,triangles,1,off,0.1,on,-4
1781756697676087801,1006.62,472.484,2.11647,2.01498,1.9928,0.138304,0.224032,0.0576,0.728064,0.8448,0.029789,6131954,6131954,1663433,27.1273,1920,1080,raygs,triangles,1,off,0.1,on,-4
1781756697678125926,1008.66,472.696,2.11552,2.01216,1.98998,0.133472,0.224288,0.058336,0.729088,0.8448,0.026544,6131954,6131954,1663433,27.1273,1920,1080,raygs,triangles,1,off,0.1,on,-4
1781756697680148528,1010.68,472.765,2.11521,2.0169,1.99411,0.13824,0.224384,0.0576,0.730112,0.843776,0.025523,6131954,6131954,1663433,27.1273,1920,1080,raygs,triangles,1,off,0.1,on,-4
1781756697682427286,1012.96,472.914,2.11455,2.13731,2.11312,0.134048,0.34272,0.057344,0.735232,0.843776,0.025555,6131954,6131954,1663433,27.1273,1920,1080,raygs,triangles,1,off,0.1,on,-4
1781756697684472752,1015,472.055,2.1184,2.02445,2.0016,0.13712,0.225472,0.057344,0.73728,0.844384,0.026518,6131954,6131954,1663433,27.1273,1920,1080,raygs,triangles,1,off,0.1,on,-4
1781756697686598537,1017.13,473.31,2.11278,2.01725,1.99558,0.133472,0.224736,0.058368,0.734208,0.8448,0.061059,6131954,6131954,1663433,27.1273,1920,1080,raygs,triangles,1,off,0.1,on,-4
1781756697688560527,1019.09,472.932,2.11447,2.02186,1.99971,0.133952,0.224288,0.058368,0.739328,0.843776,0.015321,6131954,6131954,1663433,27.1273,1920,1080,raygs,triangles,1,off,0.1,on,-4
1781756697690960165,1021.49,473.287,2.11288,2.23446,2.21254,0.133888,0.444352,0.058368,0.731136,0.8448,0.02807,6131954,6131954,1663433,27.1273,1920,1080,raygs,triangles,1,off,0.1,on,-4
1781756697692993013,1023.52,472.461,2.11658,2.01766,1.99472,0.13856,0.224512,0.05776,0.730112,0.843776,0.026494,6131954,6131954,1663433,27.1273,1920,1080,raygs,triangles,1,off,0.1,on,-4
1781756697695036930,1025.57,472.947,2.1144,2.01552,1.99286,0.134016,0.225568,0.058368,0.731136,0.843776,0.028071,6131954,6131954,1663433,27.1273,1920,1080,raygs,triangles,1,off,0.1,on,-4
1781756697697092744,1027.62,472.766,2.11521,2.01475,1.99366,0.13504,0.226368,0.057344,0.731136,0.843776,0.028493,6131954,6131954,1663433,27.1273,1920,1080,raygs,triangles,1,off,0.1,on,-4
1781756697699248891,1029.78,473.11,2.11367,2.13261,2.10784,0.133088,0.340608,0.05632,0.734208,0.843616,0.026756,6131954,6131954,1663433,27.1273,1920,1080,raygs,triangles,1,off,0.1,on,-4
1781756697701313482,1031.84,472.777,2.11516,2.02074,1.99757,0.133888,0.226336,0.057344,0.736256,0.843744,0.028312,6131954,6131954,1663433,27.1273,1920,1080,raygs,triangles,1,off,0.1,on,-4
1781756697703335459,1033.87,473.774,2.11071,2.01693,1.9943,0.133152,0.225824,0.058368,0.734208,0.842752,0.027837,6131954,6131954,1663433,27.1273,1920,1080,raygs,triangles,1,off,0.1,on,-4
1781756697705381483,1035.91,474.089,2.10931,2.02003,1.99776,0.134208,0.224128,0.058368,0.73728,0.843776,0.027579,6131954,6131954,1663433,27.1273,1920,1080,raygs,triangles,1,off,0.1,on,-4
1781756697707742740,1038.27,473.951,2.10992,2.18454,2.16134,0.134144,0.2248,0.229536,0.730112,0.842752,0.028079,6131954,6131954,1663433,27.1273,1920,1080,raygs,triangles,1,off,0.1,on,-4
1781756697709774953,1040.31,472.749,2.11529,2.02262,2.00045,0.147168,0.224064,0.057344,0.728192,0.84368,0.026358,6131954,6131954,1663433,27.1273,1920,1080,raygs,triangles,1,off,0.1,on,-4
1781756697711951416,1042.48,473.229,2.11314,2.01299,1.98973,0.134336,0.226112,0.057344,0.72832,0.843616,0.044273,6131954,6131954,1663433,27.1273,1920,1080,raygs,triangles,1,off,0.1,on,-4
1781756697713993807,1044.52,472.659,2.11569,2.14608,2.12611,0.267552,0.224128,0.057344,0.732416,0.844672,0.017482,6131954,6131954,1663433,27.1273,1920,1080,raygs,triangles,1,off,0.1,on,-4
1781756697716189934,1046.72,472.837,2.11489,2.13885,2.11674,0.13424,0.344096,0.058368,0.73728,0.842752,0.032312,6131954,6131954,1663433,27.1273,1920,1080,raygs,triangles,1,off,0.1,on,-4
1781756697718221632,1048.75,472.931,2.11447,2.01926,1.99834,0.133408,0.225792,0.058368,0.735232,0.845536,0.030812,6131954,6131954,1663433,27.1273,1920,1080,raygs,triangles,1,off,0.1,on,-4
1781756697720272320,1050.8,473.559,2.11167,2.01789,1.99635,0.133056,0.22592,0.057344,0.735232,0.8448,0.029161,6131954,6131954,1663433,27.1273,1920,1080,raygs,triangles,1,off,0.1,on,-4
1781756697722306136,1052.84,473.518,2.11185,2.02109,1.99789,0.13424,0.225312,0.057344,0.73728,0.843712,0.027586,6131954,6131954,1663433,27.1273,1920,1080,raygs,triangles,1,off,0.1,on,-4
1781756697724654582,1055.19,473.594,2.11151,2.18253,2.1569,0.134016,0.22576,0.219136,0.734208,0.843776,0.026169,6131954,6131954,1663433,27.1273,1920,1080,raygs,triangles,1,off,0.1,on,-4
1781756697726736184,1057.27,472.932,2.11447,2.02509,2.0025,0.149472,0.22384,0.058368,0.72704,0.843776,0.02837,6131954,6131954,1663433,27.1273,1920,1080,raygs,triangles,1,off,0.1,on,-4
1781756697728754578,1059.29,472.794,2.11509,2.01216,1.98915,0.133472,0.224448,0.057344,0.730112,0.843776,0.028114,6131954,6131954,1663433,27.1273,1920,1080,raygs,triangles,1,off,0.1,on,-4
1781756697730783509,1061.31,472.844,2.11486,2.016,1.99334,0.13424,0.225824,0.058368,0.730112,0.8448,0.026611,6131954,6131954,1663433,27.1273,1920,1080,raygs,triangles,1,off,0.1,on,-4
1781756697732943585,1063.47,472.958,2.11435,2.13741,2.11437,0.13424,0.342752,0.058368,0.735232,0.843776,0.025873,6131954,6131954,1663433,27.1273,1920,1080,raygs,triangles,1,off,0.1,on,-4
1781756697734993697,1065.52,473.417,2.1123,2.02307,1.99952,0.134144,0.225952,0.058368,0.73728,0.843776,0.02827,6131954,6131954,1663433,27.1273,1920,1080,raygs,triangles,1,off,0.1,on,-4
1781756697737039878,1067.57,473.896,2.11017,2.01866,1.99555,0.133856,0.225536,0.058368,0.733184,0.844608,0.025908,6131954,6131954,1663433,27.1273,1920,1080,raygs,triangles,1,off,0.1,on,-4
1781756697739075055,1069.61,473.828,2.11047,2.02029,1.99808,0.13344,0.225344,0.05824,0.73728,0.843776,0.025332,6131954,6131954,1663433,27.1273,1920,1080,raygs,triangles,1,off,0.1,on,-4
1781756697741458020,1071.99,473.991,2.10975,2.23469,2.21146,0.133824,0.224992,0.281824,0.72704,0.843776,0.029072,6131954,6131954,1663433,27.1273,1920,1080,raygs,triangles,1,off,0.1,on,-4
1781756697743516413,1074.05,473.127,2.1136,2.01734,1.99565,0.138112,0.22512,0.058368,0.731328,0.84272,0.027649,6131954,6131954,1663433,27.1273,1920,1080,raygs,triangles,1,off,0.1,on,-4
1781756697745548273,1076.08,473.012,2.11411,2.01325,1.99078,0.13392,0.226496,0.057344,0.728512,0.844512,0.026101,6131954,6131954,1663433,27.1273,1920,1080,raygs,triangles,1,off,0.1,on,-4
1781756697747829332,1078.36,473.106,2.11369,2.01568,1.99283,0.13392,0.225504,0.057344,0.732288,0.843776,0.052295,6131954,6131954,1663433,27.1273,1920,1080,raygs,triangles,1,off,0.1,on,-4
1781756697749897580,1080.43,472.037,2.11848,2.13885,2.11734,0.133536,0.342752,0.057344,0.738304,0.845408,0.037012,6131954,6131954,1663433,27.1273,1920,1080,raygs,triangles,1,off,0.1,on,-4
1781756697751928411,1082.46,472.773,2.11518,2.0183,1.99526,0.133472,0.226016,0.057792,0.735232,0.842752,0.036247,6131954,6131954,1663433,27.1273,1920,1080,raygs,triangles,1,off,0.1,on,-4
1781756697753972875,1084.5,473.684,2.11111,2.02182,2.00061,0.134048,0.226112,0.058368,0.73728,0.8448,0.035722,6131954,6131954,1663433,27.1273,1920,1080,raygs,triangles,1,off,0.1,on,-4
1781756697756043437,1086.57,473.66,2.11122,2.0184,1.99664,0.132576,0.224608,0.057344,0.73744,0.844672,0.041889,6131954,6131954,1663433,27.1273,1920,1080,raygs,triangles,1,off,0.1,on,-4
1781756697758423094,1088.95,473.571,2.11161,2.18307,2.16179,0.134432,0.224224,0.2304,0.728064,0.844672,0.036684,6131954,6131954,1663433,27.1273,1920,1080,raygs,triangles,1,off,0.1,on,-4
1781756697760469967,1091,472.613,2.1159,2.0272,2.00346,0.150688,0.221888,0.058272,0.728064,0.844544,0.038031,6131954,6131954,1663433,27.1273,1920,1080,raygs,triangles,1,off,0.1,on,-4
1781756697762617851,1093.15,472.783,2.11514,2.01325,1.99082,0.133536,0.225024,0.058368,0.731136,0.842752,0.044627,6131954,6131954,1663433,27.1273,1920,1080,raygs,triangles,1,off,0.1,on,-4
1781756697764543257,1095.07,472.525,2.11629,2.01965,1.99805,0.133792,0.225856,0.058368,0.735232,0.8448,0.036818,6131954,6131954,1663433,27.1273,1920,1080,raygs,triangles,1,off,0.1,on,-4
1781756697766702369,1097.23,472.819,2.11497,2.13978,2.1161,0.134176,0.343136,0.057728,0.73728,0.843776,0.038724,6131954,6131954,1663433,27.1273,1920,1080,raygs,triangles,1,off,0.1,on,-4
1781756697768778340,1099.31,472.971,2.11429,2.0225,2.00045,0.133568,0.226176,0.058016,0.738304,0.844384,0.042694,6131954,6131954,1663433,27.1273,1920,1080,raygs,triangles,1,off,0.1,on,-4
1781756697770796105,1101.33,473.312,2.11277,2.01574,1.99478,0.134016,0.22544,0.058368,0.733184,0.843776,0.036845,6131954,6131954,1663433,27.1273,1920,1080,raygs,triangles,1,off,0.1,on,-4
1781756697773016609,1103.55,474.177,2.10892,2.02454,2.0016,0.133568,0.225632,0.057344,0.740352,0.844704,0.036168,6131954,6131954,1663433,27.1273,1920,1080,raygs,triangles,1,off,0.1,on,-4
1781756697775205054,1105.74,473.654,2.11125,2.16624,2.14243,0.147264,0.223648,0.057344,0.869376,0.8448,0.041985,6131954,6131954,1663433,27.1273,1920,1080,raygs,triangles,1,off,0.1,on,-4
1781756697777242636,1107.77,473.76,2.11077,2.01293,1.99034,0.133472,0.224608,0.057344,0.731136,0.843776,0.035916,6131954,6131954,1663433,27.1273,1920,1080,raygs,triangles,1,off,0.1,on,-4
1781756697779319941,1109.85,473.978,2.1098,2.03699,2.01414,0.133984,0.225376,0.057344,0.753664,0.843776,0.036137,6131954,6131954,1663433,27.1273,1920,1080,raygs,triangles,1,off,0.1,on,-4
1781756697781478345,1112.01,473.714,2.11098,2.14083,2.11869,0.134144,0.226336,0.058368,0.856064,0.843776,0.036628,6131954,6131954,1663433,27.1273,1920,1080,raygs,triangles,1,off,0.1,on,-4
1781756697783510567,1114.04,473.298,2.11284,2.01818,1.99443,0.133376,0.224704,0.057344,0.736256,0.842752,0.035605,6131954,6131954,1663433,27.1273,1920,1080,raygs,triangles,1,off,0.1,on,-4
1781756697785584203,1116.11,473.783,2.11067,2.0199,1.99731,0.134016,0.22592,0.058368,0.735232,0.843776,0.040401,6131954,6131954,1663433,27.1273,1920,1080,raygs,triangles,1,off,0.1,on,-4
1781756697787622304,1118.15,474.437,2.10776,2.01718,1.99574,0.133408,0.22496,0.058368,0.735232,0.843776,0.037164,6131954,6131954,1663433,27.1273,1920,1080,raygs,triangles,1,off,0.1,on,-4
1781756697789840265,1120.37,474.497,2.1075,2.02099,1.99866,0.133376,0.225856,0.057344,0.738304,0.843776,0.036213,6131954,6131954,1663433,27.1273,1920,1080,raygs,triangles,1,off,0.1,on,-4
1781756697792057571,1122.59,473.963,2.10987,2.16483,2.1415,0.14688,0.22208,0.057344,0.8704,0.8448,0.03795,6131954,6131954,1663433,27.1273,1920,1080,raygs,triangles,1,off,0.1,on,-4
1781756697794191544,1124.72,473.976,2.10981,2.14173,2.12298,0.271264,0.221504,0.058368,0.728064,0.843776,0.035613,6131954,6131954,1663433,27.1273,1920,1080,raygs,triangles,1,off,0.1,on,-4
1781756697796374886,1126.91,473.751,2.11081,2.04502,2.02358,0.134464,0.22512,0.058368,0.761856,0.843776,0.04144,6131954,6131954,1663433,27.1273,1920,1080,raygs,triangles,1,off,0.1,on,-4
1781756697798466631,1129,472.998,2.11418,2.02026,1.99811,0.133408,0.224608,0.057344,0.738304,0.844448,0.038696,6131954,6131954,1663433,27.1273,1920,1080,raygs,triangles,1,off,0.1,on,-4
1781756697800478869,1131.01,473.153,2.11348,2.02272,1.99952,0.137344,0.2248,0.057344,0.735232,0.8448,0.036308,6131954,6131954,1663433,27.1273,1920,1080,raygs,triangles,1,off,0.1,on,-4
1781756697802513967,1133.04,474.386,2.10799,2.02029,1.99837,0.13376,0.225408,0.058368,0.735232,0.8456,0.035024,6131954,6131954,1663433,27.1273,1920,1080,raygs,triangles,1,off,0.1,on,-4
1781756697804563638,1135.09,474.584,2.10711,2.01645,1.99491,0.13472,0.226176,0.058368,0.731136,0.844512,0.036161,6131954,6131954,1663433,27.1273,1920,1080,raygs,triangles,1,off,0.1,on,-4
1781756697806760753,1137.29,474.49,2.10753,2.01594,1.99344,0.133152,0.224832,0.057344,0.733312,0.8448,0.036112,6131954,6131954,1663433,27.1273,1920,1080,raygs,triangles,1,off,0.1,on,-4
1781756697809013668,1139.54,473.772,2.11072,2.21485,2.1912,0.137504,0.224416,0.05776,0.927744,0.843776,0.036211,6131954,6131954,1663433,27.1273,1920,1080,raygs,triangles,1,off,0.1,on,-4
1781756697811025041,1141.56,473.887,2.11021,2.01408,1.99139,0.133376,0.225888,0.058368,0.730112,0.843648,0.033522,6131954,6131954,1663433,27.1273,1920,1080,raygs,triangles,1,off,0.1,on,-4
1781756697813055179,1143.59,474.069,2.1094,2.0433,2.02173,0.133888,0.225728,0.058368,0.76016,0.843584,0.025838,6131954,6131954,1663433,27.1273,1920,1080,raygs,triangles,1,off,0.1,on,-4
1781756697815214699,1145.75,474.486,2.10754,2.14496,2.12157,0.134176,0.225088,0.057344,0.861184,0.843776,0.023472,6131954,6131954,1663433,27.1273,1920,1080,raygs,triangles,1,off,0.1,on,-4
1781756697817291345,1147.82,473.707,2.11101,2.01981,1.99421,0.133952,0.22384,0.057408,0.736256,0.842752,0.038581,6131954,6131954,1663433,27.1273,1920,1080,raygs,triangles,1,off,0.1,on,-4
1781756697819290815,1149.82,474.938,2.10554,2.01683,1.99494,0.133408,0.22576,0.057792,0.734208,0.843776,0.016186,6131954,6131954,1663433,27.1273,1920,1080,raygs,triangles,1,off,0.1,on,-4
1781756697821357322,1151.89,475.051,2.10504,2.01917,1.99517,0.13328,0.224512,0.058368,0.735232,0.843776,0.035697,6131954,6131954,1663433,27.1273,1920,1080,raygs,triangles,1,off,0.1,on,-4
1781756697823606847,1154.14,475.064,2.10498,2.0191,1.99558,0.133664,0.225728,0.0584,0.733184,0.844608,0.028415,6131954,6131954,1663433,27.1273,1920,1080,raygs,triangles,1,off,0.1,on,-4
1781756697825789928,1156.32,474.295,2.10839,2.17072,2.14806,0.148672,0.222752,0.058368,0.873472,0.8448,0.025421,6131954,6131954,1663433,27.1273,1920,1080,raygs,triangles,1,off,0.1,on,-4
1781756697827806440,1158.34,474.198,2.10882,2.01373,1.99184,0.134048,0.225856,0.058048,0.729088,0.8448,0.022533,6131954,6131954,1663433,27.1273,1920,1080,raygs,triangles,1,off,0.1,on,-4
1781756697829864406,1160.4,474.383,2.108,2.04339,2.01994,0.13392,0.225952,0.057344,0.760256,0.842464,0.026379,6131954,6131954,1663433,27.1273,1920,1080,raygs,triangles,1,off,0.1,on,-4
1781756697832011805,1162.54,474.247,2.10861,2.13754,2.11494,0.13392,0.225216,0.058016,0.852992,0.8448,0.026109,6131954,6131954,1663433,27.1273,1920,1080,raygs,triangles,1,off,0.1,on,-4
1781756697834081626,1164.61,473.878,2.11025,2.01683,1.99482,0.133056,0.22464,0.058368,0.734208,0.844544,0.028978,6131954,6131954,1663433,27.1273,1920,1080,raygs,triangles,1,off,0.1,on,-4
1781756697836104470,1166.64,474.855,2.10591,2.01776,1.99552,0.1336,0.224384,0.058368,0.735616,0.843552,0.02802,6131954,6131954,1663433,27.1273,1920,1080,raygs,triangles,1,off,0.1,on,-4
1781756697838148339,1168.68,474.942,2.10552,2.01728,1.99434,0.133472,0.225568,0.057344,0.733184,0.844768,0.027788,6131954,6131954,1663433,27.1273,1920,1080,raygs,triangles,1,off,0.1,on,-4
1781756697840371233,1170.9,475.498,2.10306,2.01478,1.99168,0.132992,0.225408,0.058368,0.731136,0.843776,0.026015,6131954,6131954,1663433,27.1273,1920,1080,raygs,triangles,1,off,0.1,on,-4
1781756697842575050,1173.11,474.775,2.10626,2.16915,2.14723,0.152256,0.223456,0.058368,0.8704,0.842752,0.027792,6131954,6131954,1663433,27.1273,1920,1080,raygs,triangles,1,off,0.1,on,-4
1781756697844594690,1175.13,474.81,2.1061,2.0128,1.99011,0.133472,0.225472,0.057536,0.728064,0.845568,0.025214,6131954,6131954,1663433,27.1273,1920,1080,raygs,triangles,1,off,0.1,on,-4
1781756697846654965,1177.19,474.852,2.10592,2.01862,1.9951,0.133792,0.224736,0.059584,0.732192,0.8448,0.027407,6131954,6131954,1663433,27.1273,1920,1080,raygs,triangles,1,off,0.1,on,-4
1781756697849001763,1179.53,474.47,2.10762,2.13322,2.11107,0.133728,0.340992,0.058368,0.735232,0.842752,0.051335,6131954,6131954,1663433,27.1273,1920,1080,raygs,triangles,1,off,0.1,on,-4
1781756697850889622,1181.42,473.482,2.11201,2.0183,1.99782,0.133888,0.225792,0.058464,0.735232,0.844448,0.019553,6131954,6131954,1663433,27.1273,1920,1080,raygs,triangles,1,off,0.1,on,-4
1781756697852933144,1183.46,475.271,2.10406,2.01862,1.99747,0.133792,0.22528,0.058368,0.736256,0.843776,0.02929,6131954,6131954,1663433,27.1273,1920,1080,raygs,triangles,1,off,0.1,on,-4
1781756697854957290,1185.49,475.491,2.10309,2.01814,1.99658,0.133792,0.225728,0.057344,0.736256,0.843456,0.029679,6131954,6131954,1663433,27.1273,1920,1080,raygs,triangles,1,off,0.1,on,-4
1781756697857157464,1187.69,475.448,2.10328,2.01568,1.99354,0.133344,0.224864,0.058368,0.73216,0.8448,0.026961,6131954,6131954,1663433,27.1273,1920,1080,raygs,triangles,1,off,0.1,on,-4
1781756697859352832,1189.88,474.766,2.1063,2.16419,2.14176,0.147168,0.224,0.05744,0.869376,0.843776,0.026928,6131954,6131954,1663433,27.1273,1920,1080,raygs,triangles,1,off,0.1,on,-4
1781756697861382559,1191.91,474.64,2.10686,2.0136,1.99171,0.134944,0.225376,0.058368,0.72928,0.843744,0.025723,6131954,6131954,1663433,27.1273,1920,1080,raygs,triangles,1,off,0.1,on,-4
1781756697863421232,1193.95,474.787,2.10621,2.01866,1.9952,0.133792,0.22496,0.057344,0.734304,0.8448,0.026386,6131954,6131954,1663433,27.1273,1920,1080,raygs,triangles,1,off,0.1,on,-4
1781756697865602562,1196.13,474.761,2.10632,2.13949,2.11622,0.134304,0.342368,0.057344,0.737632,0.844576,0.028337,6131954,6131954,1663433,27.1273,1920,1080,raygs,triangles,1,off,0.1,on,-4
1781756697867643856,1198.17,474.197,2.10883,2.01683,1.99472,0.134016,0.225376,0.058368,0.733184,0.843776,0.027343,6131954,6131954,1663433,27.1273,1920,1080,raygs,triangles,1,off,0.1,on,-4
1781756697869773479,1200.3,475.505,2.10303,2.02109,1.99978,0.133856,0.226496,0.057344,0.73728,0.8448,0.061135,6131954,6131954,1663433,27.1273,1920,1080,raygs,triangles,1,off,0.1,on,-4
1781756697871761621,1202.29,475.209,2.10434,2.01891,1.99613,0.133056,0.224672,0.058368,0.735232,0.8448,0.019798,6131954,6131954,1663433,27.1273,1920,1080,raygs,triangles,1,off,0.1,on,-4
1781756697874168694,1204.7,475.24,2.1042,2.26224,1.98842,0.133696,0.224704,0.058176,0.72704,0.8448,0.029502,6131954,6131954,1663433,27.1273,1920,1080,raygs,triangles,1,off,0.1,on,-4
1781756697876209969,1206.74,475.03,2.10513,2.01366,1.98989,0.137056,0.223456,0.05776,0.72704,0.844576,0.034304,6131954,6131954,1663433,27.1273,1920,1080,raygs,triangles,1,off,0.1,on,-4
1781756697878309722,1208.84,475.02,2.10518,2.01376,1.99117,0.134048,0.224896,0.058336,0.730112,0.843776,0.054556,6131954,6131954,1663433,27.1273,1920,1080,raygs,triangles,1,off,0.1,on,-4
1781756697880307610,1210.84,474.85,2.10593,2.0216,1.99872,0.140864,0.223424,0.058368,0.731584,0.84448,0.017835,6131954,6131954,1663433,27.1273,1920,1080,raygs,triangles,1,off,0.1,on,-4
1781756697882622023,1213.15,474.881,2.10579,2.1353,2.11059,0.132736,0.34112,0.057728,0.735232,0.843776,0.05455,6131954,6131954,1663433,27.1273,1920,1080,raygs,triangles,1,off,0.1,on,-4
1781756697884630764,1215.16,474.143,2.10907,2.01987,1.99786,0.13712,0.22368,0.058048,0.734208,0.8448,0.017123,6131954,6131954,1663433,27.1273,1920,1080,raygs,triangles,1,off,0.1,on,-4
1781756697886656246,1217.19,475.442,2.10331,2.01866,1.99574,0.134048,0.225568,0.057344,0.735232,0.843552,0.02737,6131954,6131954,1663433,27.1273,1920,1080,raygs,triangles,1,off,0.1,on,-4
1781756697888697857,1219.23,475.594,2.10264,2.02314,2.00051,0.134208,0.225856,0.058368,0.738304,0.843776,0.027055,6131954,6131954,1663433,27.1273,1920,1080,raygs,triangles,1,off,0.1,on,-4
1781756697891063570,1221.59,475.912,2.10123,2.18122,2.1583,0.133792,0.391232,0.057344,0.73216,0.843776,0.027677,6131954,6131954,1663433,27.1273,1920,1080,raygs,triangles,1,off,0.1,on,-4
1781756697893116476,1223.65,474.252,2.10859,2.03062,2.00893,0.150944,0.223008,0.058368,0.733184,0.843424,0.027372,6131954,6131954,1663433,27.1273,1920,1080,raygs,triangles,1,off,0.1,on,-4
1781756697895165379,1225.7,474.66,2.10677,2.01315,1.99213,0.134496,0.224736,0.058368,0.729088,0.84544,0.031414,6131954,6131954,1663433,27.1273,1920,1080,raygs,triangles,1,off,0.1,on,-4
1781756697897206964,1227.74,474.776,2.10626,2.01376,1.99232,0.134048,0.225216,0.058368,0.730112,0.844576,0.030141,6131954,6131954,1663433,27.1273,1920,1080,raygs,triangles,1,off,0.1,on,-4
1781756697899477566,1230.01,474.614,2.10697,2.13306,2.1111,0.13456,0.340192,0.058368,0.735232,0.842752,0.027338,6131954,6131954,1663433,27.1273,1920,1080,raygs,triangles,1,off,0.1,on,-4
1781756697901524473,1232.06,474.481,2.10756,2.01994,1.99664,0.137152,0.22416,0.057344,0.734208,0.843776,0.027898,6131954,6131954,1663433,27.1273,1920,1080,raygs,triangles,1,off,0.1,on,-4
1781756697903562674,1234.09,475.007,2.10523,2.02032,1.99792,0.133472,0.224864,0.058368,0.73744,0.843776,0.026772,6131954,6131954,1663433,27.1273,1920,1080,raygs,triangles,1,off,0.1,on,-4
1781756697905608256,1236.14,474.986,2.10533,2.02346,2.00154,0.13456,0.225216,0.057632,0.740352,0.843776,0.026869,6131954,6131954,1663433,27.1273,1920,1080,raygs,triangles,1,off,0.1,on,-4
1781756697907984678,1238.52,475.081,2.10491,2.18253,2.16131,0.133888,0.397216,0.058368,0.728064,0.843776,0.026756,6131954,6131954,1663433,27.1273,1920,1080,raygs,triangles,1,off,0.1,on,-4
1781756697910025360,1240.56,474.307,2.10834,2.02925,2.00627,0.150816,0.223136,0.058368,0.730176,0.843776,0.026461,6131954,6131954,1663433,27.1273,1920,1080,raygs,triangles,1,off,0.1,on,-4
1781756697912071014,1242.6,474.281,2.10845,2.01434,1.99235,0.1336,0.224864,0.058368,0.73216,0.84336,0.028488,6131954,6131954,1663433,27.1273,1920,1080,raygs,triangles,1,off,0.1,on,-4
1781756697914246902,1244.78,474.426,2.10781,2.14035,2.1199,0.134016,0.22448,0.058368,0.858464,0.844576,0.031186,6131954,6131954,1663433,27.1273,1920,1080,raygs,triangles,1,off,0.1,on,-4
1781756697916398876,1246.93,473.829,2.11047,2.13837,2.11402,0.133984,0.342592,0.057344,0.73632,0.843776,0.032157,6131954,6131954,1663433,27.1273,1920,1080,raygs,triangles,1,off,0.1,on,-4
1781756697918446570,1248.98,474.114,2.1092,2.01686,1.99552,0.133856,0.226464,0.058368,0.73216,0.844672,0.027827,6131954,6131954,1663433,27.1273,1920,1080,raygs,triangles,1,off,0.1,on,-4
1781756697920482842,1251.01,474.764,2.10631,2.01754,1.99491,0.132704,0.226752,0.057344,0.733344,0.844768,0.02655,6131954,6131954,1663433,27.1273,1920,1080,raygs,triangles,1,off,0.1,on,-4
1781756697922540144,1253.07,475.127,2.1047,2.0279,2.00451,0.134176,0.226816,0.057344,0.741376,0.8448,0.026953,6131954,6131954,1663433,27.1273,1920,1080,raygs,triangles,1,off,0.1,on,-4
1781756697924914809,1255.45,475.93,2.10115,2.2304,2.20816,0.133824,0.442976,0.057344,0.73024,0.843776,0.026498,6131954,6131954,1663433,27.1273,1920,1080,raygs,triangles,1,off,0.1,on,-4
1781756697926957436,1257.49,474.611,2.10699,2.01731,1.99526,0.138624,0.224224,0.058368,0.73056,0.843488,0.027294,6131954,6131954,1663433,27.1273,1920,1080,raygs,triangles,1,off,0.1,on,-4
1781756697929013092,1259.54,474.37,2.10806,2.01453,1.992,0.133792,0.224928,0.058368,0.730112,0.8448,0.027287,6131954,6131954,1663433,27.1273,1920,1080,raygs,triangles,1,off,0.1,on,-4
1781756697931173534,1261.7,474.322,2.10827,2.14854,2.1249,0.133792,0.225728,0.057344,0.86528,0.842752,0.026862,6131954,6131954,1663433,27.1273,1920,1080,raygs,triangles,1,off,0.1,on,-4
1781756697933340897,1263.87,473.865,2.11031,2.13616,2.11379,0.133728,0.341696,0.058336,0.736256,0.843776,0.027866,6131954,6131954,1663433,27.1273,1920,1080,raygs,triangles,1,off,0.1,on,-4
1781756697935387835,1265.92,474.027,2.10959,2.01901,1.99808,0.134176,0.224896,0.058368,0.736256,0.844384,0.028156,6131954,6131954,1663433,27.1273,1920,1080,raygs,triangles,1,off,0.1,on,-4
1781756697937423393,1267.95,474.777,2.10625,2.02118,1.99782,0.134368,0.22608,0.057344,0.736256,0.843776,0.026389,6131954,6131954,1663433,27.1273,1920,1080,raygs,triangles,1,off,0.1,on,-4
1781756697939670099,1270.2,474.644,2.10684,2.02275,2.00045,0.133824,0.226176,0.057344,0.738304,0.8448,0.02659,6131954,6131954,1663433,27.1273,1920,1080,raygs,triangles,1,off,0.1,on,-4
1781756697941866246,1272.4,473.866,2.1103,2.16083,2.13971,0.147008,0.222208,0.058368,0.868352,0.843776,0.027734,6131954,6131954,1663433,27.1273,1920,1080,raygs,triangles,1,off,0.1,on,-4
1781756697943903476,1274.43,473.671,2.11117,2.01341,1.99184,0.13408,0.2264,0.058496,0.728064,0.8448,0.026989,6131954,6131954,1663433,27.1273,1920,1080,raygs,triangles,1,off,0.1,on,-4
1781756697945978596,1276.51,473.805,2.11057,2.02845,2.00515,0.133376,0.22416,0.057344,0.74752,0.842752,0.028472,6131954,6131954,1663433,27.1273,1920,1080,raygs,triangles,1,off,0.1,on,-4
1781756697948123850,1278.65,473.518,2.11185,2.02109,1.99859,0.13424,0.225216,0.058208,0.736256,0.844672,0.027455,6131954,6131954,1663433,27.1273,1920,1080,raygs,triangles,1,off,0.1,on,-4
1781756697950186149,1280.72,473.233,2.11313,2.02362,2.00154,0.13776,0.22464,0.058368,0.736256,0.844512,0.029048,6131954,6131954,1663433,27.1273,1920,1080,raygs,triangles,1,off,0.1,on,-4
1781756697952289111,1282.82,473.926,2.11003,2.01664,1.99398,0.134016,0.22464,0.057344,0.733536,0.844448,0.041396,6131954,6131954,1663433,27.1273,1920,1080,raygs,triangles,1,off,0.1,on,-4
1781756697954433544,1284.96,474.277,2.10847,2.1455,2.12474,0.266816,0.223776,0.057344,0.73216,0.84464,0.043846,6131954,6131954,1663433,27.1273,1920,1080,raygs,triangles,1,off,0.1,on,-4
1781756697956604339,1287.13,473.834,2.11044,2.01827,1.99702,0.134496,0.225536,0.057344,0.736256,0.843392,0.025914,6131954,6131954,1663433,27.1273,1920,1080,raygs,triangles,1,off,0.1,on,-4
1781756697958842394,1289.37,473.278,2.11292,2.19443,2.17136,0.137568,0.223264,0.058368,0.907616,0.844544,0.028257,6131954,6131954,1663433,27.1273,1920,1080,raygs,triangles,1,off,0.1,on,-4
1781756697960928141,1291.46,472.963,2.11433,2.01261,1.99139,0.133952,0.225344,0.058368,0.729088,0.84464,0.057206,6131954,6131954,1663433,27.1273,1920,1080,raygs,triangles,1,off,0.1,on,-4
1781756697962928064,1293.46,473.052,2.11393,2.04013,2.01696,0.133792,0.224608,0.057344,0.756736,0.84448,0.016778,6131954,6131954,1663433,27.1273,1920,1080,raygs,triangles,1,off,0.1,on,-4
1781756697965110234,1295.64,473.003,2.11415,2.15085,2.12826,0.133952,0.22688,0.058368,0.865536,0.84352,0.031758,6131954,6131954,1663433,27.1273,1920,1080,raygs,triangles,1,off,0.1,on,-4
1781756697967168002,1297.7,472.517,2.11632,2.02138,1.99789,0.133824,0.225824,0.058368,0.736256,0.843616,0.028749,6131954,6131954,1663433,27.1273,1920,1080,raygs,triangles,1,off,0.1,on,-4
1781756697969199491,1299.73,473.098,2.11373,2.01962,1.99626,0.13376,0.226144,0.057344,0.736256,0.842752,0.030793,6131954,6131954,1663433,27.1273,1920,1080,raygs,triangles,1,off,0.1,on,-4
1781756697971235928,1301.77,473.76,2.11077,2.01706,1.99293,0.133152,0.224736,0.058368,0.731136,0.845536,0.027125,6131954,6131954,1663433,27.1273,1920,1080,raygs,triangles,1,off,0.1,on,-4
1781756697973470144,1304,473.688,2.11109,2.02317,2.00154,0.133984,0.225312,0.058368,0.739328,0.844544,0.026998,6131954,6131954,1663433,27.1273,1920,1080,raygs,triangles,1,off,0.1,on,-4
1781756697975678690,1306.21,473.365,2.11254,2.16755,2.14486,0.152704,0.22288,0.058176,0.867328,0.843776,0.029553,6131954,6131954,1663433,27.1273,1920,1080,raygs,triangles,1,off,0.1,on,-4
1781756697977720207,1308.25,473.656,2.11124,2.01434,1.99267,0.133632,0.224736,0.058368,0.731136,0.8448,0.026942,6131954,6131954,1663433,27.1273,1920,1080,raygs,triangles,1,off,0.1,on,-4
1781756697979785876,1310.32,472.881,2.1147,2.04362,2.02093,0.134144,0.22608,0.058144,0.758784,0.843776,0.028229,6131954,6131954,1663433,27.1273,1920,1080,raygs,triangles,1,off,0.1,on,-4
1781756697981933278,1312.46,472.928,2.11449,2.13834,1.99485,0.133728,0.225568,0.057792,0.733184,0.844576,0.027873,6131954,6131954,1663433,27.1273,1920,1080,raygs,triangles,1,off,0.1,on,-4
1781756697983986861,1314.52,472.479,2.11649,2.01856,1.99626,0.132736,0.225408,0.05808,0.736256,0.843776,0.028198,6131954,6131954,1663433,27.1273,1920,1080,raygs,triangles,1,off,0.1,on,-4
1781756697986030339,1316.56,472.982,2.11425,2.02362,2.00128,0.134016,0.225792,0.057344,0.739328,0.8448,0.026757,6131954,6131954,1663433,27.1273,1920,1080,raygs,triangles,1,off,0.1,on,-4
1781756697988067981,1318.6,473.574,2.1116,2.01552,1.99411,0.13376,0.225024,0.058368,0.733184,0.843776,0.027639,6131954,6131954,1663433,27.1273,1920,1080,raygs,triangles,1,off,0.1,on,-4
1781756697990335675,1320.87,473.524,2.11183,2.02013,1.99866,0.134304,0.225152,0.058368,0.735232,0.8456,0.027745,6131954,6131954,1663433,27.1273,1920,1080,raygs,triangles,1,off,0.1,on,-4
1781756697992518800,1323.05,472.665,2.11566,2.17142,2.14893,0.150912,0.223584,0.058368,0.871424,0.84464,0.03056,6131954,6131954,1663433,27.1273,1920,1080,raygs,triangles,1,off,0.1,on,-4
1781756697994646095,1325.18,472.664,2.11567,2.01251,1.99078,0.133824,0.224704,0.058368,0.729088,0.8448,0.071791,6131954,6131954,1663433,27.1273,1920,1080,raygs,triangles,1,off,0.1,on,-4
1781756697996631555,1327.16,472.37,2.11698,2.04726,2.02355,0.13376,0.224768,0.057344,0.76288,0.8448,0.017861,6131954,6131954,1663433,27.1273,1920,1080,raygs,triangles,1,off,0.1,on,-4
1781756697998812432,1329.34,472.934,2.11446,2.14144,2.11872,0.133888,0.2256,0.058368,0.857088,0.843776,0.028657,6131954,6131954,1663433,27.1273,1920,1080,raygs,triangles,1,off,0.1,on,-4
1781756698000854676,1331.39,472.313,2.11724,2.02083,1.99955,0.134624,0.225504,0.058368,0.736256,0.8448,0.028169,6131954,6131954,1663433,27.1273,1920,1080,raygs,triangles,1,off,0.1,on,-4
1781756698002897940,1333.43,473.624,2.11138,2.02138,1.99798,0.133632,0.225952,0.057344,0.73728,0.843776,0.027748,6131954,6131954,1663433,27.1273,1920,1080,raygs,triangles,1,off,0.1,on,-4
1781756698004991562,1335.52,473.599,2.11149,2.01536,1.99446,0.13376,0.225152,0.058368,0.733408,0.843776,0.052894,6131954,6131954,1663433,27.1273,1920,1080,raygs,triangles,1,off,0.1,on,-4
1781756698007185445,1337.72,473.634,2.11134,2.0168,1.99469,0.133984,0.225376,0.058368,0.733184,0.843776,0.016317,6131954,6131954,1663433,27.1273,1920,1080,raygs,triangles,1,off,0.1,on,-4
1781756698009401919,1339.93,472.935,2.11446,2.16986,2.14784,0.15088,0.222688,0.058368,0.871424,0.84448,0.026723,6131954,6131954,1663433,27.1273,1920,1080,raygs,triangles,1,off,0.1,on,-4
1781756698011485412,1342.02,473.215,2.1132,2.0143,1.9905,0.133824,0.224416,0.057344,0.731136,0.843776,0.055256,6131954,6131954,1663433,27.1273,1920,1080,raygs,triangles,1,off,0.1,on,-4
1781756698013480894,1344.01,473.047,2.11396,2.01789,1.99418,0.134112,0.225984,0.059392,0.731136,0.843552,0.016763,6131954,6131954,1663433,27.1273,1920,1080,raygs,triangles,1,off,0.1,on,-4
1781756698015633557,1346.16,473.014,2.1141,2.13594,2.0527,0.133344,0.280064,0.05824,0.73632,0.844736,0.027571,6131954,6131954,1663433,27.1273,1920,1080,raygs,triangles,1,off,0.1,on,-4
1781756698017682261,1348.21,472.723,2.11541,2.02144,1.99942,0.133568,0.225408,0.05824,0.737696,0.844512,0.026372,6131954,6131954,1663433,27.1273,1920,1080,raygs,triangles,1,off,0.1,on,-4
1781756698019730113,1350.26,473.901,2.11015,2.02189,1.99805,0.134016,0.22464,0.057344,0.73728,0.844768,0.026757,6131954,6131954,1663433,27.1273,1920,1080,raygs,triangles,1,off,0.1,on,-4
1781756698021791338,1352.32,473.844,2.1104,2.02179,2.0009,0.13392,0.225824,0.058368,0.739328,0.843456,0.02949,6131954,6131954,1663433,27.1273,1920,1080,raygs,triangles,1,off,0.1,on,-4
1781756698024005280,1354.54,473.857,2.11034,2.01069,1.98771,0.133632,0.22448,0.05776,0.728064,0.843776,0.028348,6131954,6131954,1663433,27.1273,1920,1080,raygs,triangles,1,off,0.1,on,-4
1781756698026185701,1356.72,473.283,2.1129,2.16282,2.13936,0.147936,0.223264,0.057344,0.867328,0.843488,0.028444,6131954,6131954,1663433,27.1273,1920,1080,raygs,triangles,1,off,0.1,on,-4
1781756698028242317,1358.77,473.538,2.11176,2.0161,1.99344,0.134336,0.224672,0.057344,0.732288,0.8448,0.029219,6131954,6131954,1663433,27.1273,1920,1080,raygs,triangles,1,off,0.1,on,-4
1781756698030286891,1360.82,473.48,2.11202,2.01802,1.99677,0.134208,0.225184,0.058368,0.734208,0.8448,0.028157,6131954,6131954,1663433,27.1273,1920,1080,raygs,triangles,1,off,0.1,on,-4
1781756698032441667,1362.97,473.472,2.11206,2.13933,2.11594,0.133696,0.34384,0.057344,0.73728,0.843776,0.030901,6131954,6131954,1663433,27.1273,1920,1080,raygs,triangles,1,off,0.1,on,-4
1781756698034481723,1365.01,473.112,2.11366,2.02179,1.99955,0.133632,0.225344,0.058368,0.737728,0.84448,0.029115,6131954,6131954,1663433,27.1273,1920,1080,raygs,triangles,1,off,0.1,on,-4
1781756698036649888,1367.18,474.314,2.10831,2.02397,2.00234,0.134016,0.224128,0.058368,0.741376,0.844448,0.055056,6131954,6131954,1663433,27.1273,1920,1080,raygs,triangles,1,off,0.1,on,-4
1781756698038708361,1369.24,473.829,2.11047,2.15053,2.12646,0.134624,0.35344,0.057344,0.73728,0.843776,0.016938,6131954,6131954,1663433,27.1273,1920,1080,raygs,triangles,1,off,0.1,on,-4
1781756698041041002,1371.57,473.797,2.11061,2.19123,1.9903,0.133856,0.22464,0.05792,0.730112,0.843776,0.027093,6131954,6131954,1663433,27.1273,1920,1080,raygs,triangles,1,off,0.1,on,-4
1781756698043140667,1373.67,473.241,2.11309,2.01642,1.99574,0.138752,0.22528,0.058144,0.728064,0.845504,0.057673,6131954,6131954,1663433,27.1273,1920,1080,raygs,triangles,1,off,0.1,on,-4
1781756698045126721,1375.66,473.456,2.11213,2.01331,1.99088,0.134624,0.224992,0.058368,0.730144,0.842752,0.016584,6131954,6131954,1663433,27.1273,1920,1080,raygs,triangles,1,off,0.1,on,-4
1781756698047170115,1377.7,473.621,2.11139,2.01549,1.99334,0.135776,0.223968,0.057664,0.73216,0.843776,0.02725,6131954,6131954,1663433,27.1273,1920,1080,raygs,triangles,1,off,0.1,on,-4
1781756698049332372,1379.86,473.625,2.11138,2.02051,1.99722,0.134656,0.225184,0.057344,0.736256,0.843776,0.028029,6131954,6131954,1663433,27.1273,1920,1080,raygs,triangles,1,off,0.1,on,-4
1781756698051380961,1381.91,473.213,2.11321,2.02246,2.00131,0.137664,0.224224,0.058368,0.736256,0.8448,0.027652,6131954,6131954,1663433,27.1273,1920,1080,raygs,triangles,1,off,0.1,on,-4
1781756698053419755,1383.95,474.383,2.108,2.0215,1.99901,0.134656,0.225152,0.058368,0.736256,0.844576,0.026676,6131954,6131954,1663433,27.1273,1920,1080,raygs,triangles,1,off,0.1,on,-4
1781756698055489083,1386.02,474.492,2.10752,2.0215,1.99856,0.1336,0.22544,0.057344,0.737376,0.8448,0.028962,6131954,6131954,1663433,27.1273,1920,1080,raygs,triangles,1,off,0.1,on,-4
1781756698057882391,1388.41,474.301,2.10837,2.24275,2.21942,0.133888,0.45328,0.058368,0.730112,0.843776,0.026885,6131954,6131954,1663433,27.1273,1920,1080,raygs,triangles,1,off,0.1,on,-4
1781756698059904706,1390.44,473.564,2.11165,2.01923,1.99709,0.138528,0.225312,0.057344,0.731136,0.844768,0.026781,6131954,6131954,1663433,27.1273,1920,1080,raygs,triangles,1,off,0.1,on,-4
1781756698061944351,1392.47,474.079,2.10935,2.01254,1.99002,0.134912,0.224256,0.058304,0.728064,0.84448,0.026224,6131954,6131954,1663433,27.1273,1920,1080,raygs,triangles,1,off,0.1,on,-4
1781756698063976550,1394.51,474.103,2.10925,2.01347,1.99098,0.13376,0.2248,0.058368,0.730528,0.84352,0.026088,6131954,6131954,1663433,27.1273,1920,1080,raygs,triangles,1,off,0.1,on,-4
1781756698066270099,1396.8,474.114,2.1092,2.13459,2.11126,0.133664,0.341248,0.057344,0.734208,0.8448,0.029293,6131954,6131954,1663433,27.1273,1920,1080,raygs,triangles,1,off,0.1,on,-4
1781756698068319934,1398.85,473.846,2.11039,2.02499,2.00285,0.137088,0.224288,0.058368,0.739328,0.843776,0.03166,6131954,6131954,1663433,27.1273,1920,1080,raygs,triangles,1,off,0.1,on,-4
1781756698070359524,1400.89,474.494,2.10751,2.02058,1.99805,0.133728,0.224896,0.058368,0.73728,0.843776,0.027547,6131954,6131954,1663433,27.1273,1920,1080,raygs,triangles,1,off,0.1,on,-4
1781756698072403370,1402.93,474.486,2.10754,2.02163,2.00035,0.133664,0.225216,0.058368,0.73728,0.845824,0.027715,6131954,6131954,1663433,27.1273,1920,1080,raygs,triangles,1,off,0.1,on,-4
1781756698074815691,1405.35,474.608,2.107,2.2449,2.22061,0.134048,0.451168,0.057344,0.733248,0.8448,0.028686,6131954,6131954,1663433,27.1273,1920,1080,raygs,triangles,1,off,0.1,on,-4
1781756698076837074,1407.37,473.58,2.11158,2.01661,1.99277,0.137952,0.224544,0.057344,0.72832,0.844608,0.027862,6131954,6131954,1663433,27.1273,1920,1080,raygs,triangles,1,off,0.1,on,-4
1781756698078892739,1409.42,473.749,2.11082,2.01651,1.9945,0.134784,0.226272,0.057504,0.731136,0.8448,0.027381,6131954,6131954,1663433,27.1273,1920,1080,raygs,triangles,1,off,0.1,on,-4
1781756698080930430,1411.46,473.884,2.11022,2.01971,1.99859,0.134912,0.224256,0.058368,0.73728,0.843776,0.02729,6131954,6131954,1663433,27.1273,1920,1080,raygs,triangles,1,off,0.1,on,-4
1781756698083083635,1413.61,474.211,2.10877,2.13734,2.11661,0.13376,0.3424,0.058368,0.738304,0.843776,0.026753,6131954,6131954,1663433,27.1273,1920,1080,raygs,triangles,1,off,0.1,on,-4
1781756698085128431,1415.66,474.436,2.10776,2.01763,1.99437,0.133504,0.225536,0.057344,0.734208,0.843776,0.027108,6131954,6131954,1663433,27.1273,1920,1080,raygs,triangles,1,off,0.1,on,-4
1781756698087176566,1417.71,475.13,2.10469,2.01866,1.9953,0.133952,0.226976,0.057344,0.733248,0.843776,0.027364,6131954,6131954,1663433,27.1273,1920,1080,raygs,triangles,1,off,0.1,on,-4
1781756698089307901,1419.84,475.161,2.10455,2.02128,2.0001,0.133792,0.225792,0.058368,0.73664,0.845504,0.041734,6131954,6131954,1663433,27.1273,1920,1080,raygs,triangles,1,off,0.1,on,-4
1781756698091608781,1422.14,474.82,2.10606,2.24387,1.9889,0.133344,0.2256,0.05632,0.729088,0.844544,0.017556,6131954,6131954,1663433,27.1273,1920,1080,raygs,triangles,1,off,0.1,on,-4
1781756698093690728,1424.22,474.389,2.10798,2.01949,1.99722,0.138368,0.22352,0.058368,0.732192,0.844768,0.033725,6131954,6131954,1663433,27.1273,1920,1080,raygs,triangles,1,off,0.1,on,-4
1781756698095721670,1426.25,474.283,2.10844,2.0128,1.99098,0.134112,0.225504,0.058368,0.729504,0.843488,0.030288,6131954,6131954,1663433,27.1273,1920,1080,raygs,triangles,1,off,0.1,on,-4
1781756698097873829,1428.4,474.279,2.10846,2.14336,2.11974,0.133696,0.225536,0.0576,0.859136,0.843776,0.027148,6131954,6131954,1663433,27.1273,1920,1080,raygs,triangles,1,off,0.1,on,-4
1781756698100114181,1430.64,473.849,2.11038,2.13619,2.1121,0.1336,0.340448,0.057344,0.736256,0.844448,0.077294,6131954,6131954,1663433,27.1273,1920,1080,raygs,triangles,1,off,0.1,on,-4
1781756698102130806,1432.66,473.801,2.11059,2.0233,1.99994,0.13328,0.226432,0.058144,0.738304,0.843776,0.045339,6131954,6131954,1663433,27.1273,1920,1080,raygs,triangles,1,off,0.1,on,-4
1781756698104131341,1434.66,474.58,2.10713,2.01862,1.99693,0.133792,0.22576,0.058368,0.734208,0.8448,0.021496,6131954,6131954,1663433,27.1273,1920,1080,raygs,triangles,1,off,0.1,on,-4
1781756698106179702,1436.71,474.786,2.10621,2.01955,1.9983,0.133696,0.226208,0.058368,0.735232,0.8448,0.033028,6131954,6131954,1663433,27.1273,1920,1080,raygs,triangles,1,off,0.1,on,-4
1781756698108524329,1439.05,474.699,2.1066,2.19875,1.9896,0.133728,0.225664,0.057344,0.729088,0.843776,0.030905,6131954,6131954,1663433,27.1273,1920,1080,raygs,triangles,1,off,0.1,on,-4
1781756698110721159,1441.25,473.954,2.10991,2.1568,2.13619,0.1384,0.2232,0.058368,0.871424,0.8448,0.027877,6131954,6131954,1663433,27.1273,1920,1080,raygs,triangles,1,off,0.1,on,-4
1781756698112748327,1443.28,473.467,2.11208,2.03072,2.00803,0.133632,0.224736,0.058368,0.74752,0.843776,0.026921,6131954,6131954,1663433,27.1273,1920,1080,raygs,triangles,1,off,0.1,on,-4
1781756698114805038,1445.34,473.496,2.11195,2.01882,1.99546,0.133984,0.22416,0.057344,0.736256,0.843712,0.02825,6131954,6131954,1663433,27.1273,1920,1080,raygs,triangles,1,off,0.1,on,-4
1781756698116962984,1447.49,473.427,2.11226,2.1352,2.05024,0.133632,0.280448,0.057344,0.735232,0.843584,0.029874,6131954,6131954,1663433,27.1273,1920,1080,raygs,triangles,1,off,0.1,on,-4
1781756698118998211,1449.53,473.867,2.1103,2.02157,1.99933,0.13376,0.226144,0.058368,0.736256,0.8448,0.026868,6131954,6131954,1663433,27.1273,1920,1080,raygs,triangles,1,off,0.1,on,-4
1781756698121039536,1451.57,474.479,2.10758,2.01693,1.9936,0.134016,0.22528,0.057344,0.734208,0.842752,0.025929,6131954,6131954,1663433,27.1273,1920,1080,raygs,triangles,1,off,0.1,on,-4
1781756698123339744,1453.87,474.765,2.10631,2.0255,2.00448,0.133536,0.226336,0.0584,0.740384,0.845824,0.028546,6131954,6131954,1663433,27.1273,1920,1080,raygs,triangles,1,off,0.1,on,-4
1781756698125497606,1456.03,473.542,2.11175,2.16291,2.14003,0.149056,0.221344,0.057344,0.867488,0.8448,0.027212,6131954,6131954,1663433,27.1273,1920,1080,raygs,triangles,1,off,0.1,on,-4
1781756698127533075,1458.06,473.702,2.11103,2.01274,1.99002,0.13408,0.224544,0.057344,0.7304,0.843648,0.025664,6131954,6131954,1663433,27.1273,1920,1080,raygs,triangles,1,off,0.1,on,-4
1781756698129604276,1460.13,473.739,2.11087,2.04282,2.02003,0.134432,0.225344,0.057792,0.758784,0.84368,0.027027,6131954,6131954,1663433,27.1273,1920,1080,raygs,triangles,1,off,0.1,on,-4
1781756698131772382,1462.3,473.644,2.11129,2.1439,2.1201,0.134176,0.224992,0.057344,0.73728,0.966304,0.026611,6131954,6131954,1663433,27.1273,1920,1080,raygs,triangles,1,off,0.1,on,-4
1781756698133811473,1464.34,473.282,2.1129,2.02099,1.9969,0.13712,0.223424,0.057344,0.736256,0.842752,0.025844,6131954,6131954,1663433,27.1273,1920,1080,raygs,triangles,1,off,0.1,on,-4
1781756698135848735,1466.38,473.95,2.10993,2.01568,1.99405,0.133824,0.224896,0.058368,0.734208,0.842752,0.026583,6131954,6131954,1663433,27.1273,1920,1080,raygs,triangles,1,off,0.1,on,-4
1781756698137903720,1468.43,474.57,2.10717,2.01674,1.99334,0.133984,0.224256,0.058336,0.733184,0.843584,0.026991,6131954,6131954,1663433,27.1273,1920,1080,raygs,triangles,1,off,0.1,on,-4
1781756698140154616,1470.69,474.602,2.10703,2.01939,1.99776,0.13456,0.225344,0.057696,0.735488,0.844672,0.026069,6131954,6131954,1663433,27.1273,1920,1080,raygs,triangles,1,off,0.1,on,-4
1781756698142343941,1472.87,473.836,2.11043,2.16787,2.14515,0.149952,0.222432,0.057568,0.8704,0.8448,0.025719,6131954,6131954,1663433,27.1273,1920,1080,raygs,triangles,1,off,0.1,on,-4
1781756698144379054,1474.91,473.633,2.11134,2.0145,1.99152,0.134048,0.224384,0.057344,0.731136,0.844608,0.025427,6131954,6131954,1663433,27.1273,1920,1080,raygs,triangles,1,off,0.1,on,-4
1781756698146461960,1476.99,473.649,2.11127,2.04186,2.01958,0.134528,0.224128,0.057344,0.759808,0.843776,0.030074,6131954,6131954,1663433,27.1273,1920,1080,raygs,triangles,1,off,0.1,on,-4
1781756698148617496,1479.15,473.522,2.11183,2.13619,2.11309,0.134624,0.225248,0.057472,0.851968,0.843776,0.025437,6131954,6131954,1663433,27.1273,1920,1080,raygs,triangles,1,off,0.1,on,-4
1781756698150669753,1481.2,473.184,2.11334,2.01933,1.99811,0.134528,0.225568,0.058368,0.735232,0.844416,0.026566,6131954,6131954,1663433,27.1273,1920,1080,raygs,triangles,1,off,0.1,on,-4
1781756698152704277,1483.23,473.706,2.11102,2.02154,1.99862,0.133664,0.227072,0.057696,0.735392,0.8448,0.025683,6131954,6131954,1663433,27.1273,1920,1080,raygs,triangles,1,off,0.1,on,-4
1781756698154757640,1485.29,474.327,2.10825,2.01757,1.99434,0.134432,0.225408,0.057728,0.73216,0.844608,0.026954,6131954,6131954,1663433,27.1273,1920,1080,raygs,triangles,1,off,0.1,on,-4
1781756698157023181,1487.55,474.345,2.10817,2.01638,1.99418,0.133632,0.224096,0.057792,0.734208,0.844448,0.033445,6131954,6131954,1663433,27.1273,1920,1080,raygs,triangles,1,off,0.1,on,-4
1781756698159236516,1489.77,473.524,2.11183,2.16618,2.14461,0.150304,0.22176,0.058368,0.869376,0.8448,0.027775,6131954,6131954,1663433,27.1273,1920,1080,raygs,triangles,1,off,0.1,on,-4
1781756698161356310,1491.89,473.228,2.11315,2.01322,1.99062,0.133536,0.225376,0.05808,0.729088,0.844544,0.037472,6131954,6131954,1663433,27.1273,1920,1080,raygs,triangles,1,off,0.1,on,-4
1781756698163386939,1493.92,473.012,2.11411,2.04912,2.02726,0.134592,0.226144,0.057632,0.764256,0.84464,0.041854,6131954,6131954,1663433,27.1273,1920,1080,raygs,triangles,1,off,0.1,on,-4
1781756698165467969,1496,473.502,2.11192,2.13603,2.11501,0.134464,0.225408,0.058368,0.851968,0.8448,0.016507,6131954,6131954,1663433,27.1273,1920,1080,raygs,triangles,1,off,0.1,on,-4
1781756698167536170,1498.07,473.426,2.11226,2.01869,1.99536,0.132832,0.224544,0.058368,0.735232,0.844384,0.028549,6131954,6131954,1663433,27.1273,1920,1080,raygs,triangles,1,off,0.1,on,-4
1781756698169601196,1500.13,474.348,2.10816,2.01786,1.99642,0.133056,0.224864,0.058368,0.73536,0.844768,0.031667,6131954,6131954,1663433,27.1273,1920,1080,raygs,triangles,1,off,0.1,on,-4
1781756698171635112,1502.17,474.415,2.10786,2.02131,1.99853,0.13344,0.225728,0.058304,0.736256,0.8448,0.028272,6131954,6131954,1663433,27.1273,1920,1080,raygs,triangles,1,off,0.1,on,-4
1781756698173843120,1504.37,474.314,2.10831,2.01773,1.9975,0.132928,0.226176,0.058368,0.736256,0.843776,0.02724,6131954,6131954,1663433,27.1273,1920,1080,raygs,triangles,1,off,0.1,on,-4
1781756698176021951,1506.55,473.723,2.11094,2.16029,2.13862,0.146432,0.22192,0.058368,0.867328,0.844576,0.028888,6131954,6131954,1663433,27.1273,1920,1080,raygs,triangles,1,off,0.1,on,-4
1781756698178287212,1508.82,473.688,2.11109,2.15504,2.13408,0.13504,0.225344,0.058368,0.870592,0.844736,0.055332,6131954,6131954,1663433,27.1273,1920,1080,raygs,triangles,1,off,0.1,on,-4
1781756698180428732,1510.96,472.29,2.11734,2.02067,1.99725,0.134848,0.224192,0.059392,0.735232,0.843584,0.04011,6131954,6131954,1663433,27.1273,1920,1080,raygs,triangles,1,off,0.1,on,-4
1781756698182661313,1513.19,472.359,2.11704,2.14003,2.11658,0.1336,0.34768,0.058336,0.734208,0.842752,0.036222,6131954,6131954,1663433,27.1273,1920,1080,raygs,triangles,1,off,0.1,on,-4
1781756698184695663,1515.23,471.884,2.11917,2.02128,1.99914,0.137472,0.225312,0.057344,0.734208,0.8448,0.036794,6131954,6131954,1663433,27.1273,1920,1080,raygs,triangles,1,off,0.1,on,-4
1781756698186736971,1517.27,473.14,2.11354,2.01914,1.99718,0.134304,0.225056,0.057792,0.736256,0.843776,0.034833,6131954,6131954,1663433,27.1273,1920,1080,raygs,triangles,1,off,0.1,on,-4
1781756698188778287,1519.31,473.055,2.11392,2.01741,1.99552,0.133824,0.225344,0.058368,0.734208,0.843776,0.034252,6131954,6131954,1663433,27.1273,1920,1080,raygs,triangles,1,off,0.1,on,-4
1781756698191032807,1521.56,473.055,2.11392,2.01091,1.98934,0.133792,0.226624,0.058368,0.72704,0.84352,0.034192,6131954,6131954,1663433,27.1273,1920,1080,raygs,triangles,1,off,0.1,on,-4
1781756698193128689,1523.66,472.214,2.11768,2.16573,2.14243,0.149472,0.223488,0.057344,0.867328,0.8448,0.018049,6131954,6131954,1663433,27.1273,1920,1080,raygs,triangles,1,off,0.1,on,-4
1781756698195175221,1525.71,472.999,2.11417,2.01315,1.99091,0.134496,0.225184,0.057344,0.729088,0.8448,0.031322,6131954,6131954,1663433,27.1273,1920,1080,raygs,triangles,1,off,0.1,on,-4
1781756698197212638,1527.74,472.976,2.11427,2.01974,1.99875,0.140032,0.22448,0.058304,0.731136,0.8448,0.032606,6131954,6131954,1663433,27.1273,1920,1080,raygs,triangles,1,off,0.1,on,-4
1781756698199370416,1529.9,472.996,2.11418,2.13814,2.11686,0.133536,0.343904,0.058368,0.736256,0.8448,0.026431,6131954,6131954,1663433,27.1273,1920,1080,raygs,triangles,1,off,0.1,on,-4
1781756698201411807,1531.94,472.654,2.11571,2.0207,1.99946,0.133856,0.225664,0.058272,0.73728,0.844384,0.026148,6131954,6131954,1663433,27.1273,1920,1080,raygs,triangles,1,off,0.1,on,-4
1781756698203449426,1533.98,474.048,2.10949,2.01958,1.99715,0.132672,0.226432,0.057344,0.736256,0.844448,0.025858,6131954,6131954,1663433,27.1273,1920,1080,raygs,triangles,1,off,0.1,on,-4
1781756698205504673,1536.04,473.984,2.10978,2.02365,2.00035,0.133696,0.225184,0.057344,0.739328,0.8448,0.025605,6131954,6131954,1663433,27.1273,1920,1080,raygs,triangles,1,off,0.1,on,-4
1781756698207886045,1538.42,473.91,2.11011,2.23565,2.21206,0.133728,0.443872,0.058368,0.73136,0.844736,0.025594,6131954,6131954,1663433,27.1273,1920,1080,raygs,triangles,1,off,0.1,on,-4
1781756698209929475,1540.46,472.762,2.11523,2.01766,1.99574,0.138976,0.224288,0.057568,0.731136,0.843776,0.025005,6131954,6131954,1663433,27.1273,1920,1080,raygs,triangles,1,off,0.1,on,-4
1781756698211961730,1542.49,473.116,2.11365,2.0127,1.99075,0.134048,0.224448,0.057344,0.730112,0.8448,0.02519,6131954,6131954,1663433,27.1273,1920,1080,raygs,triangles,1,off,0.1,on,-4
1781756698214011028,1544.54,473.168,2.11341,2.01414,1.99184,0.135488,0.22512,0.057344,0.730112,0.843776,0.025521,6131954,6131954,1663433,27.1273,1920,1080,raygs,triangles,1,off,0.1,on,-4
1781756698216292694,1546.82,473.187,2.11333,2.1391,2.11571,0.1336,0.343712,0.057344,0.73728,0.843776,0.027293,6131954,6131954,1663433,27.1273,1920,1080,raygs,triangles,1,off,0.1,on,-4
1781756698218338984,1548.87,472.48,2.11649,2.02429,2.00118,0.13744,0.22352,0.058144,0.73728,0.8448,0.025868,6131954,6131954,1663433,27.1273,1920,1080,raygs,triangles,1,off,0.1,on,-4
1781756698220384468,1550.92,473.46,2.11211,2.02032,1.9968,0.13344,0.225984,0.057344,0.736256,0.843776,0.025889,6131954,6131954,1663433,27.1273,1920,1080,raygs,triangles,1,off,0.1,on,-4
1781756698222424692,1552.96,473.623,2.11138,2.02304,2.00157,0.134112,0.225792,0.058368,0.738656,0.84464,0.025993,6131954,6131954,1663433,27.1273,1920,1080,raygs,triangles,1,off,0.1,on,-4
1781756698224693453,1555.22,473.6,2.11149,2.23984,2.2167,0.13344,0.451776,0.0576,0.729088,0.8448,0.026066,6131954,6131954,1663433,27.1273,1920,1080,raygs,triangles,1,off,0.1,on,-4
1781756698226733403,1557.26,473.148,2.1135,2.01443,1.99229,0.133792,0.225056,0.058368,0.730304,0.844768,0.026558,6131954,6131954,1663433,27.1273,1920,1080,raygs,triangles,1,off,0.1,on,-4
1781756698228799497,1559.33,473.948,2.10994,2.01386,1.99286,0.134592,0.225024,0.058368,0.730112,0.844768,0.030628,6131954,6131954,1663433,27.1273,1920,1080,raygs,triangles,1,off,0.1,on,-4
1781756698230847321,1561.38,473.648,2.11127,2.01546,1.99248,0.133728,0.225536,0.058368,0.730112,0.844736,0.031293,6131954,6131954,1663433,27.1273,1920,1080,raygs,triangles,1,off,0.1,on,-4
1781756698233015300,1563.55,473.517,2.11186,2.14125,2.00269,0.13424,0.225504,0.056928,0.741376,0.84464,0.027814,6131954,6131954,1663433,27.1273,1920,1080,raygs,triangles,1,off,0.1,on,-4
1781756698235111151,1565.64,473.087,2.11378,2.01971,1.99773,0.133856,0.22512,0.057696,0.736256,0.8448,0.061681,6131954,6131954,1663433,27.1273,1920,1080,raygs,triangles,1,off,0.1,on,-4
1781756698237117368,1567.65,474.057,2.10945,2.01731,1.99574,0.1336,0.222912,0.058176,0.73728,0.843776,0.021159,6131954,6131954,1663433,27.1273,1920,1080,raygs,triangles,1,off,0.1,on,-4
1781756698239141691,1569.67,474.688,2.10665,2.01965,1.99699,0.13376,0.223936,0.058368,0.736256,0.844672,0.027962,6131954,6131954,1663433,27.1273,1920,1080,raygs,triangles,1,off,0.1,on,-4
1781756698241575200,1572.11,474.713,2.10654,2.21005,2.18845,0.133728,0.225248,0.058368,0.92672,0.844384,0.059441,6131954,6131954,1663433,27.1273,1920,1080,raygs,triangles,1,off,0.1,on,-4
1781756698243617153,1574.15,473.352,2.11259,2.0153,1.99325,0.138656,0.224288,0.057344,0.72832,0.84464,0.031196,6131954,6131954,1663433,27.1273,1920,1080,raygs,triangles,1,off,0.1,on,-4
1781756698245578005,1576.11,473.764,2.11076,2.01622,1.99309,0.13344,0.225344,0.057344,0.731136,0.845824,0.016724,6131954,6131954,1663433,27.1273,1920,1080,raygs,triangles,1,off,0.1,on,-4
1781756698247623324,1578.15,473.943,2.10996,2.01638,1.99549,0.134624,0.226432,0.058368,0.732608,0.843456,0.027854,6131954,6131954,1663433,27.1273,1920,1080,raygs,triangles,1,off,0.1,on,-4
1781756698249871303,1580.4,473.858,2.11034,2.13683,2.11472,0.13424,0.343104,0.058368,0.735232,0.843776,0.041647,6131954,6131954,1663433,27.1273,1920,1080,raygs,triangles,1,off,0.1,on,-4
1781756698251956343,1582.49,474.229,2.10869,2.14944,2.1273,0.133856,0.354752,0.057632,0.73728,0.843776,0.017057,6131954,6131954,1663433,27.1273,1920,1080,raygs,triangles,1,off,0.1,on,-4
1781756698254002808,1584.53,474.386,2.10799,2.01741,1.99616,0.133824,0.225984,0.058368,0.733184,0.8448,0.028421,6131954,6131954,1663433,27.1273,1920,1080,raygs,triangles,1,off,0.1,on,-4
1781756698256110416,1586.64,474.333,2.10822,2.02045,1.99853,0.13376,0.225344,0.058368,0.73728,0.843776,0.053842,6131954,6131954,1663433,27.1273,1920,1080,raygs,triangles,1,off,0.1,on,-4
1781756698258404568,1588.94,474.297,2.10838,2.18214,2.15987,0.133536,0.22512,0.229376,0.728064,0.843776,0.016975,6131954,6131954,1663433,27.1273,1920,1080,raygs,triangles,1,off,0.1,on,-4
1781756698260456484,1590.99,473.738,2.11087,2.02454,2.00214,0.148224,0.222688,0.057344,0.729088,0.8448,0.028091,6131954,6131954,1663433,27.1273,1920,1080,raygs,triangles,1,off,0.1,on,-4
1781756698262500816,1593.03,473.702,2.11103,2.0127,1.99133,0.134016,0.224032,0.058368,0.730112,0.8448,0.02644,6131954,6131954,1663433,27.1273,1920,1080,raygs,triangles,1,off,0.1,on,-4
1781756698264520647,1595.05,473.711,2.11099,2.01802,1.99462,0.13424,0.22608,0.057344,0.733184,0.843776,0.026114,6131954,6131954,1663433,27.1273,1920,1080,raygs,triangles,1,off,0.1,on,-4
1781756698266679458,1597.21,473.926,2.11004,2.13619,2.1136,0.133632,0.34416,0.058144,0.733184,0.84448,0.025588,6131954,6131954,1663433,27.1273,1920,1080,raygs,triangles,1,off,0.1,on,-4
1781756698268734451,1599.27,474.222,2.10872,2.02166,2.0009,0.13376,0.226048,0.058368,0.738304,0.844416,0.025846,6131954,6131954,1663433,27.1273,1920,1080,raygs,triangles,1,off,0.1,on,-4
1781756698270769977,1601.3,474.718,2.10651,2.01568,1.99261,0.132928,0.225376,0.057344,0.733184,0.843776,0.025174,6131954,6131954,1663433,27.1273,1920,1080,raygs,triangles,1,off,0.1,on,-4
1781756698272815488,1603.35,474.722,2.10649,2.02483,2.00269,0.13392,0.225344,0.058272,0.741376,0.843776,0.024503,6131954,6131954,1663433,27.1273,1920,1080,raygs,triangles,1,off,0.1,on,-4
1781756698275235926,1605.77,474.916,2.10564,2.23651,1.988,0.133824,0.22496,0.058336,0.727104,0.843776,0.029993,6131954,6131954,1663433,27.1273,1920,1080,raygs,triangles,1,off,0.1,on,-4
1781756698277259515,1607.79,473.804,2.11058,2.01696,1.99482,0.138304,0.22528,0.057344,0.729088,0.8448,0.029707,6131954,6131954,1663433,27.1273,1920,1080,raygs,triangles,1,off,0.1,on,-4
1781756698279524235,1610.05,473.976,2.10981,2.01296,1.98995,0.133248,0.225472,0.057344,0.730112,0.843776,0.051353,6131954,6131954,1663433,27.1273,1920,1080,raygs,triangles,1,off,0.1,on,-4
1781756698281625926,1612.16,472.94,2.11443,2.14326,2.12182,0.133856,0.223488,0.058368,0.862336,0.843776,0.039918,6131954,6131954,1663433,27.1273,1920,1080,raygs,triangles,1,off,0.1,on,-4
1781756698283796890,1614.33,472.819,2.11498,2.14026,2.1159,0.13392,0.34256,0.057344,0.738304,0.843776,0.042188,6131954,6131954,1663433,27.1273,1920,1080,raygs,triangles,1,off,0.1,on,-4
1781756698285852890,1616.38,473.162,2.11344,2.01936,1.99709,0.133824,0.225888,0.057344,0.735232,0.8448,0.03954,6131954,6131954,1663433,27.1273,1920,1080,raygs,triangles,1,off,0.1,on,-4
1781756698287855927,1618.39,473.795,2.11062,2.01782,1.99446,0.134016,0.226144,0.057344,0.73216,0.8448,0.036461,6131954,6131954,1663433,27.1273,1920,1080,raygs,triangles,1,off,0.1,on,-4
1781756698290075583,1620.61,474.208,2.10878,2.02166,1.99901,0.13376,0.225824,0.057344,0.73728,0.8448,0.035617,6131954,6131954,1663433,27.1273,1920,1080,raygs,triangles,1,off,0.1,on,-4
1781756698292174982,1622.71,473.503,2.11192,2.16717,2.14602,0.151296,0.222176,0.058368,0.8704,0.843776,0.019219,6131954,6131954,1663433,27.1273,1920,1080,raygs,triangles,1,off,0.1,on,-4
1781756698294205484,1624.74,473.487,2.11199,2.01366,1.9928,0.134112,0.2256,0.058368,0.730112,0.844608,0.031072,6131954,6131954,1663433,27.1273,1920,1080,raygs,triangles,1,off,0.1,on,-4
1781756698296271896,1626.8,473.734,2.11089,2.03504,2.01424,0.134016,0.225664,0.058144,0.751616,0.8448,0.029806,6131954,6131954,1663433,27.1273,1920,1080,raygs,triangles,1,off,0.1,on,-4
1781756698298432757,1628.96,473.732,2.1109,2.1407,2.11872,0.134016,0.224896,0.058368,0.857088,0.844352,0.029096,6131954,6131954,1663433,27.1273,1920,1080,raygs,triangles,1,off,0.1,on,-4
1781756698300492937,1631.02,473.223,2.11317,2.01878,1.99757,0.133632,0.224352,0.058368,0.736576,0.84464,0.030647,6131954,6131954,1663433,27.1273,1920,1080,raygs,triangles,1,off,0.1,on,-4
1781756698302539991,1633.07,473.658,2.11123,2.02083,1.99866,0.135008,0.225248,0.057344,0.736256,0.8448,0.027487,6131954,6131954,1663433,27.1273,1920,1080,raygs,triangles,1,off,0.1,on,-4
1781756698304582645,1635.11,474.173,2.10894,2.0209,1.99907,0.134016,0.224512,0.058368,0.737632,0.844544,0.027583,6131954,6131954,1663433,27.1273,1920,1080,raygs,triangles,1,off,0.1,on,-4
1781756698306805813,1637.34,475.596,2.10262,2.02077,1.99792,0.133888,0.22528,0.057568,0.737472,0.843712,0.02688,6131954,6131954,1663433,27.1273,1920,1080,raygs,triangles,1,off,0.1,on,-4
1781756698309060017,1639.59,474.837,2.10599,2.16573,2.14154,0.15088,0.223488,0.057344,0.866304,0.84352,0.056471,6131954,6131954,1663433,27.1273,1920,1080,raygs,triangles,1,off,0.1,on,-4
1781756698311041507,1641.57,474.761,2.10632,2.01478,1.992,0.134048,0.224672,0.058368,0.731136,0.843776,0.016782,6131954,6131954,1663433,27.1273,1920,1080,raygs,triangles,1,off,0.1,on,-4
1781756698313116845,1643.65,474.93,2.10558,2.04195,2.02054,0.133568,0.224,0.058368,0.760832,0.843776,0.026997,6131954,6131954,1663433,27.1273,1920,1080,raygs,triangles,1,off,0.1,on,-4
1781756698315359785,1645.89,474.793,2.10618,2.13526,2.11315,0.134656,0.224576,0.058176,0.851968,0.843776,0.044838,6131954,6131954,1663433,27.1273,1920,1080,raygs,triangles,1,off,0.1,on,-4
1781756698317317373,1647.85,474.067,2.1094,2.0216,1.99907,0.133696,0.226976,0.058368,0.736256,0.843776,0.018996,6131954,6131954,1663433,27.1273,1920,1080,raygs,triangles,1,off,0.1,on,-4
1781756698319358834,1649.89,475.158,2.10456,2.01798,1.99581,0.133184,0.225696,0.057344,0.735232,0.844352,0.027606,6131954,6131954,1663433,27.1273,1920,1080,raygs,triangles,1,off,0.1,on,-4
1781756698321513039,1652.04,475.353,2.1037,2.01674,1.99437,0.133984,0.225056,0.058368,0.733184,0.843776,0.043234,6131954,6131954,1663433,27.1273,1920,1080,raygs,triangles,1,off,0.1,on,-4
1781756698323769250,1654.3,474.966,2.10542,2.1465,2.12528,0.133952,0.35392,0.05824,0.735392,0.843776,0.019686,6131954,6131954,1663433,27.1273,1920,1080,raygs,triangles,1,off,0.1,on,-4
1781756698325940002,1656.47,474.069,2.1094,2.16208,2.13859,0.147872,0.222272,0.057344,0.867328,0.843776,0.027282,6131954,6131954,1663433,27.1273,1920,1080,raygs,triangles,1,off,0.1,on,-4
1781756698327963369,1658.49,473.982,2.10979,2.0113,1.98771,0.133632,0.225696,0.057536,0.728096,0.842752,0.027158,6131954,6131954,1663433,27.1273,1920,1080,raygs,triangles,1,off,0.1,on,-4
1781756698330037112,1660.57,474.067,2.10941,2.04611,2.02454,0.134688,0.226112,0.058112,0.761856,0.843776,0.026709,6131954,6131954,1663433,27.1273,1920,1080,raygs,triangles,1,off,0.1,on,-4
1781756698332198764,1662.73,473.915,2.11008,2.02086,1.99824,0.133984,0.224704,0.058496,0.73728,0.843776,0.030289,6131954,6131954,1663433,27.1273,1920,1080,raygs,triangles,1,off,0.1,on,-4
1781756698334248285,1664.78,473.648,2.11127,2.0208,1.99846,0.137312,0.2248,0.057344,0.734208,0.8448,0.026666,6131954,6131954,1663433,27.1273,1920,1080,raygs,triangles,1,off,0.1,on,-4
1781756698336282461,1666.81,474.772,2.10628,2.02195,1.99968,0.13408,0.224352,0.058368,0.738304,0.844576,0.031959,6131954,6131954,1663433,27.1273,1920,1080,raygs,triangles,1,off,0.1,on,-4
1781756698338336178,1668.87,474.851,2.10592,2.01757,1.99501,0.13376,0.223872,0.058368,0.735232,0.843776,0.026369,6131954,6131954,1663433,27.1273,1920,1080,raygs,triangles,1,off,0.1,on,-4
1781756698340599542,1671.13,474.721,2.1065,2.01715,1.99613,0.134368,0.225536,0.05824,0.733184,0.8448,0.026676,6131954,6131954,1663433,27.1273,1920,1080,raygs,triangles,1,off,0.1,on,-4
1781756698342774031,1673.3,473.971,2.10983,2.1672,2.14486,0.150304,0.224128,0.058304,0.867328,0.8448,0.025852,6131954,6131954,1663433,27.1273,1920,1080,raygs,triangles,1,off,0.1,on,-4
1781756698344855734,1675.39,474.448,2.10771,2.01357,1.9921,0.133856,0.22496,0.058368,0.731136,0.843776,0.03128,6131954,6131954,1663433,27.1273,1920,1080,raygs,triangles,1,off,0.1,on,-4
1781756698346903433,1677.43,474.118,2.10918,2.05184,2.03066,0.134176,0.225216,0.058496,0.769024,0.843744,0.026541,6131954,6131954,1663433,27.1273,1920,1080,raygs,triangles,1,off,0.1,on,-4
1781756698349054979,1679.59,474.187,2.10887,2.13373,2.11072,0.134304,0.224704,0.058368,0.848896,0.844448,0.026026,6131954,6131954,1663433,27.1273,1920,1080,raygs,triangles,1,off,0.1,on,-4
1781756698351097466,1681.63,473.825,2.11048,2.0208,1.99901,0.132928,0.224448,0.058368,0.738496,0.844768,0.026376,6131954,6131954,1663433,27.1273,1920,1080,raygs,triangles,1,off,0.1,on,-4
1781756698353137446,1683.67,474.666,2.10674,2.01766,1.99702,0.133888,0.22512,0.058368,0.735232,0.844416,0.025401,6131954,6131954,1663433,27.1273,1920,1080,raygs,triangles,1,off,0.1,on,-4
1781756698355176618,1685.71,474.671,2.10672,2.01466,1.99235,0.133216,0.224832,0.057344,0.73216,0.8448,0.025675,6131954,6131954,1663433,27.1273,1920,1080,raygs,triangles,1,off,0.1,on,-4
1781756698357431910,1687.96,474.837,2.10599,2.01728,1.99498,0.13392,0.224704,0.057344,0.734208,0.8448,0.026512,6131954,6131954,1663433,27.1273,1920,1080,raygs,triangles,1,off,0.1,on,-4
1781756698359630846,1690.16,474.069,2.1094,2.16432,2.14179,0.149408,0.222464,0.058368,0.867776,0.843776,0.026209,6131954,6131954,1663433,27.1273,1920,1080,raygs,triangles,1,off,0.1,on,-4
1781756698361663617,1692.19,473.951,2.10993,2.01578,1.99325,0.133984,0.226016,0.058368,0.731136,0.843744,0.025652,6131954,6131954,1663433,27.1273,1920,1080,raygs,triangles,1,off,0.1,on,-4
1781756698363713505,1694.24,474.15,2.10904,2.0232,1.99757,0.1336,0.225472,0.058368,0.736704,0.843424,0.024819,6131954,6131954,1663433,27.1273,1920,1080,raygs,triangles,1,off,0.1,on,-4
1781756698365868660,1696.4,474.043,2.10952,2.13818,2.11398,0.133536,0.344064,0.057376,0.735232,0.843776,0.024956,6131954,6131954,1663433,27.1273,1920,1080,raygs,triangles,1,off,0.1,on,-4
1781756698367927998,1698.46,473.537,2.11177,2.01872,1.99712,0.134016,0.225024,0.058368,0.735232,0.84448,0.025734,6131954,6131954,1663433,27.1273,1920,1080,raygs,triangles,1,off,0.1,on,-4
1781756698369961723,1700.49,474.901,2.1057,2.01741,1.99683,0.133664,0.225088,0.058048,0.735232,0.8448,0.02505,6131954,6131954,1663433,27.1273,1920,1080,raygs,triangles,1,off,0.1,on,-4
1781756698372009834,1702.54,474.918,2.10563,2.01744,1.99414,0.133888,0.22592,0.057344,0.733376,0.843616,0.026128,6131954,6131954,1663433,27.1273,1920,1080,raygs,triangles,1,off,0.1,on,-4
1781756698374267918,1704.8,474.577,2.10714,2.01328,1.98954,0.133568,0.224704,0.057376,0.730112,0.843776,0.027151,6131954,6131954,1663433,27.1273,1920,1080,raygs,triangles,1,off,0.1,on,-4
1781756698376456876,1706.99,473.917,2.11007,2.16678,2.14419,0.150912,0.222784,0.058368,0.868352,0.843776,0.026689,6131954,6131954,1663433,27.1273,1920,1080,raygs,triangles,1,off,0.1,on,-4
1781756698378505907,1709.04,474.037,2.10954,2.01485,1.99293,0.134144,0.22448,0.058368,0.73216,0.843776,0.026737,6131954,6131954,1663433,27.1273,1920,1080,raygs,triangles,1,off,0.1,on,-4
1781756698380545168,1711.08,474.146,2.10905,2.0145,1.99046,0.133888,0.225504,0.057632,0.730112,0.843328,0.026747,6131954,6131954,1663433,27.1273,1920,1080,raygs,triangles,1,off,0.1,on,-4
1781756698382703620,1713.23,474.173,2.10894,2.1375,2.11616,0.133184,0.344576,0.058368,0.735232,0.8448,0.026872,6131954,6131954,1663433,27.1273,1920,1080,raygs,triangles,1,off,0.1,on,-4
1781756698384751483,1715.28,473.905,2.11013,2.02064,1.99837,0.134368,0.22656,0.058368,0.735616,0.843456,0.025058,6131954,6131954,1663433,27.1273,1920,1080,raygs,triangles,1,off,0.1,on,-4
1781756698386801183,1717.33,474.961,2.10544,2.02003,1.99773,0.133184,0.22544,0.057344,0.73728,0.84448,0.025892,6131954,6131954,1663433,27.1273,1920,1080,raygs,triangles,1,off,0.1,on,-4
1781756698388970291,1719.5,474.9,2.10571,2.02045,1.99795,0.133728,0.224,0.058368,0.738304,0.843552,0.048041,6131954,6131954,1663433,27.1273,1920,1080,raygs,triangles,1,off,0.1,on,-4
1781756698391279905,1721.81,474.419,2.10784,2.2624,1.99549,0.133888,0.224448,0.057472,0.735232,0.844448,0.017262,6131954,6131954,1663433,27.1273,1920,1080,raygs,triangles,1,off,0.1,on,-4
1781756698393333259,1723.86,473.31,2.11278,2.02896,2.00614,0.1472,0.222592,0.058368,0.733184,0.8448,0.026629,6131954,6131954,1663433,27.1273,1920,1080,raygs,triangles,1,off,0.1,on,-4
1781756698395436066,1725.97,473.675,2.11115,2.01078,1.98915,0.134176,0.224064,0.058368,0.728064,0.84448,0.053662,6131954,6131954,1663433,27.1273,1920,1080,raygs,triangles,1,off,0.1,on,-4
1781756698397415099,1727.95,473.531,2.11179,2.01792,1.99562,0.13808,0.223232,0.058368,0.73216,0.843776,0.024492,6131954,6131954,1663433,27.1273,1920,1080,raygs,triangles,1,off,0.1,on,-4
1781756698399577325,1730.11,473.693,2.11107,2.01722,1.99392,0.133472,0.225024,0.05744,0.734208,0.843776,0.027333,6131954,6131954,1663433,27.1273,1920,1080,raygs,triangles,1,off,0.1,on,-4
1781756698401620594,1732.15,473.25,2.11305,2.02365,2.00115,0.137024,0.224928,0.058368,0.73728,0.843552,0.026605,6131954,6131954,1663433,27.1273,1920,1080,raygs,triangles,1,off,0.1,on,-4
1781756698403655389,1734.19,474.802,2.10614,2.02182,1.99907,0.133952,0.225696,0.058368,0.73728,0.843776,0.025967,6131954,6131954,1663433,27.1273,1920,1080,raygs,triangles,1,off,0.1,on,-4
1781756698405697927,1736.23,474.752,2.10636,2.02112,2.00064,0.13424,0.225952,0.058368,0.738304,0.843776,0.025953,6131954,6131954,1663433,27.1273,1920,1080,raygs,triangles,1,off,0.1,on,-4
1781756698408094642,1738.63,475.707,2.10213,2.23578,2.21261,0.133856,0.447488,0.057376,0.729088,0.8448,0.025997,6131954,6131954,1663433,27.1273,1920,1080,raygs,triangles,1,off,0.1,on,-4
1781756698410152579,1740.68,474.49,2.10753,2.01949,1.99629,0.1384,0.225504,0.057568,0.730112,0.844704,0.027361,6131954,6131954,1663433,27.1273,1920,1080,raygs,triangles,1,off,0.1,on,-4
1781756698412190739,1742.72,474.871,2.10583,2.0159,1.9928,0.134176,0.22576,0.057344,0.731136,0.844384,0.028194,6131954,6131954,1663433,27.1273,1920,1080,raygs,triangles,1,off,0.1,on,-4
1781756698414224816,1744.76,474.992,2.1053,2.01766,1.99488,0.133856,0.224672,0.058368,0.733184,0.8448,0.026711,6131954,6131954,1663433,27.1273,1920,1080,raygs,triangles,1,off,0.1,on,-4
1781756698416379311,1746.91,474.809,2.10611,2.1392,2.11587,0.134144,0.342496,0.057344,0.736256,0.845632,0.026259,6131954,6131954,1663433,27.1273,1920,1080,raygs,triangles,1,off,0.1,on,-4
1781756698418422325,1748.95,475.163,2.10454,2.01882,1.99654,0.133984,0.2264,0.057344,0.735232,0.843584,0.025143,6131954,6131954,1663433,27.1273,1920,1080,raygs,triangles,1,off,0.1,on,-4
1781756698420488762,1751.02,475.321,2.10384,2.01571,1.99392,0.134016,0.224992,0.058368,0.733184,0.84336,0.028071,6131954,6131954,1663433,27.1273,1920,1080,raygs,triangles,1,off,0.1,on,-4
1781756698422531128,1753.06,475.062,2.10499,2.02214,2.0008,0.13424,0.226112,0.058368,0.739328,0.842752,0.025597,6131954,6131954,1663433,27.1273,1920,1080,raygs,triangles,1,off,0.1,on,-4
1781756698424940063,1755.47,475.18,2.10447,2.24166,1.98669,0.1336,0.225792,0.056736,0.72704,0.84352,0.025266,6131954,6131954,1663433,27.1273,1920,1080,raygs,triangles,1,off,0.1,on,-4
1781756698426980432,1757.51,474.274,2.10849,2.01949,1.99712,0.13824,0.224576,0.058368,0.73216,0.843776,0.025556,6131954,6131954,1663433,27.1273,1920,1080,raygs,triangles,1,off,0.1,on,-4
1781756698429003758,1759.53,474.406,2.1079,2.01443,1.99258,0.133696,0.224704,0.05824,0.731136,0.8448,0.025782,6131954,6131954,1663433,27.1273,1920,1080,raygs,triangles,1,off,0.1,on,-4
1781756698431159723,1761.69,474.457,2.10767,2.1415,2.11776,0.133824,0.225888,0.057344,0.857088,0.843616,0.025083,6131954,6131954,1663433,27.1273,1920,1080,raygs,triangles,1,off,0.1,on,-4
1781756698433332767,1763.86,474.059,2.10944,2.13754,2.11571,0.132896,0.342272,0.058368,0.737568,0.844608,0.026733,6131954,6131954,1663433,27.1273,1920,1080,raygs,triangles,1,off,0.1,on,-4
1781756698435431671,1765.96,474.219,2.10873,2.02045,1.99891,0.133568,0.225216,0.058368,0.736256,0.845504,0.046352,6131954,6131954,1663433,27.1273,1920,1080,raygs,triangles,1,off,0.1,on,-4
1781756698437446468,1767.98,474.829,2.10602,2.01968,1.99923,0.13472,0.225088,0.058368,0.73728,0.843776,0.020315,6131954,6131954,1663433,27.1273,1920,1080,raygs,triangles,1,off,0.1,on,-4
1781756698439547829,1770.08,474.659,2.10677,2.01875,1.99638,0.13392,0.22432,0.057376,0.736256,0.844512,0.055826,6131954,6131954,1663433,27.1273,1920,1080,raygs,triangles,1,off,0.1,on,-4
1781756698441921360,1772.45,474.616,2.10697,2.2417,2.22006,0.134016,0.225824,0.284672,0.731136,0.844416,0.041311,6131954,6131954,1663433,27.1273,1920,1080,raygs,triangles,1,off,0.1,on,-4
1781756698443978152,1774.51,474.102,2.10925,2.01805,1.996,0.138336,0.22336,0.058368,0.733184,0.842752,0.028681,6131954,6131954,1663433,27.1273,1920,1080,raygs,triangles,1,off,0.1,on,-4
1781756698446034758,1776.57,473.742,2.11085,2.01242,1.9887,0.133856,0.224576,0.057408,0.729088,0.843776,0.030392,6131954,6131954,1663433,27.1273,1920,1080,raygs,triangles,1,off,0.1,on,-4
1781756698448100536,1778.63,473.667,2.11119,2.01418,1.99312,0.134432,0.223584,0.058368,0.73216,0.844576,0.032981,6131954,6131954,1663433,27.1273,1920,1080,raygs,triangles,1,off,0.1,on,-4
1781756698450173284,1780.7,473.958,2.10989,2.13312,2.11181,0.1336,0.341856,0.058368,0.734208,0.843776,0.019268,6131954,6131954,1663433,27.1273,1920,1080,raygs,triangles,1,off,0.1,on,-4
1781756698452254840,1782.79,474.746,2.10639,2.01798,1.9969,0.133152,0.225248,0.058368,0.735584,0.844544,0.045193,6131954,6131954,1663433,27.1273,1920,1080,raygs,triangles,1,off,0.1,on,-4
1781756698454289339,1784.82,475.045,2.10506,2.01632,1.9961,0.13392,0.225824,0.058368,0.733184,0.8448,0.030636,6131954,6131954,1663433,27.1273,1920,1080,raygs,triangles,1,off,0.1,on,-4
1781756698456328268,1786.86,474.995,2.10528,2.0217,1.99936,0.134208,0.225728,0.057344,0.738304,0.843776,0.033896,6131954,6131954,1663433,27.1273,1920,1080,raygs,triangles,1,off,0.1,on,-4
1781756698458654358,1789.18,475.15,2.1046,2.20611,2.18419,0.134464,0.224544,0.24816,0.731488,0.845536,0.016004,6131954,6131954,1663433,27.1273,1920,1080,raygs,triangles,1,off,0.1,on,-4
1781756698460745484,1791.28,474.406,2.1079,2.01683,1.99578,0.138368,0.22496,0.05856,0.730112,0.843776,0.038908,6131954,6131954,1663433,27.1273,1920,1080,raygs,triangles,1,off,0.1,on,-4
1781756698462856468,1793.39,474.345,2.10817,2.14531,2.1256,0.269696,0.223648,0.058368,0.730112,0.843776,0.015325,6131954,6131954,1663433,27.1273,1920,1080,raygs,triangles,1,off,0.1,on,-4
1781756698464905126,1795.44,473.969,2.10984,2.02166,1.99939,0.133792,0.225152,0.058368,0.73728,0.8448,0.02494,6131954,6131954,1663433,27.1273,1920,1080,raygs,triangles,1,off,0.1,on,-4
1781756698467074876,1797.61,474.077,2.10936,2.13939,2.1175,0.132704,0.342304,0.058368,0.740352,0.843776,0.027112,6131954,6131954,1663433,27.1273,1920,1080,raygs,triangles,1,off,0.1,on,-4
1781756698469136961,1799.67,474.333,2.10822,2.01856,1.99507,0.13392,0.22496,0.057344,0.735232,0.843616,0.040665,6131954,6131954,1663433,27.1273,1920,1080,raygs,triangles,1,off,0.1,on,-4
1781756698471157527,1801.69,474.807,2.10612,2.01875,1.99654,0.134368,0.22464,0.058368,0.734528,0.84464,0.017463,6131954,6131954,1663433,27.1273,1920,1080,raygs,triangles,1,off,0.1,on,-4
1781756698473414847,1803.95,475.086,2.10488,2.01875,1.99738,0.13312,0.225856,0.058368,0.736256,0.843776,0.025395,6131954,6131954,1663433,27.1273,1920,1080,raygs,triangles,1,off,0.1,on,-4
1781756698475610901,1806.14,474.25,2.10859,2.16749,2.14486,0.151232,0.2224,0.058336,0.868352,0.844544,0.026366,6131954,6131954,1663433,27.1273,1920,1080,raygs,triangles,1,off,0.1,on,-4
1781756698477640013,1808.17,474.021,2.10961,2.0143,1.9904,0.1336,0.225568,0.057344,0.730112,0.843776,0.027339,6131954,6131954,1663433,27.1273,1920,1080,raygs,triangles,1,off,0.1,on,-4
1781756698479693125,1810.22,474.059,2.10944,2.02083,1.99683,0.134048,0.224448,0.057344,0.73728,0.843712,0.025681,6131954,6131954,1663433,27.1273,1920,1080,raygs,triangles,1,off,0.1,on,-4
1781756698481859295,1812.39,474.038,2.10954,2.01939,1.99757,0.133792,0.225664,0.05744,0.736256,0.844416,0.026272,6131954,6131954,1663433,27.1273,1920,1080,raygs,triangles,1,off,0.1,on,-4
1781756698483890908,1814.42,473.549,2.11172,2.02259,1.99987,0.136768,0.22368,0.058368,0.73728,0.843776,0.02508,6131954,6131954,1663433,27.1273,1920,1080,raygs,triangles,1,off,0.1,on,-4
1781756698485938565,1816.47,474.362,2.1081,2.0209,1.99882,0.134048,0.225344,0.058368,0.73728,0.843776,0.024684,6131954,6131954,1663433,27.1273,1920,1080,raygs,triangles,1,off,0.1,on,-4
1781756698487979019,1818.51,474.938,2.10554,2.01888,1.99629,0.134048,0.224,0.058368,0.73728,0.842592,0.027847,6131954,6131954,1663433,27.1273,1920,1080,raygs,triangles,1,off,0.1,on,-4
1781756698490059319,1820.59,474.899,2.10571,2.02218,2.00083,0.13344,0.225248,0.058368,0.739328,0.844448,0.035526,6131954,6131954,1663433,27.1273,1920,1080,raygs,triangles,1,off,0.1,on,-4
1781756698492421958,1822.95,474.863,2.10587,2.2392,2.21578,0.134272,0.4472,0.058368,0.731136,0.8448,0.022721,6131954,6131954,1663433,27.1273,1920,1080,raygs,triangles,1,off,0.1,on,-4
1781756698494456187,1824.99,474.031,2.10957,2.01734,1.99632,0.138656,0.224384,0.058368,0.730112,0.8448,0.024725,6131954,6131954,1663433,27.1273,1920,1080,raygs,triangles,1,off,0.1,on,-4
1781756698496528353,1827.06,474.109,2.10922,2.04406,2.02125,0.133632,0.224448,0.058368,0.761216,0.843584,0.025392,6131954,6131954,1663433,27.1273,1920,1080,raygs,triangles,1,off,0.1,on,-4
1781756698498727321,1829.26,474.039,2.10953,2.14621,2.12368,0.134304,0.226048,0.058368,0.861184,0.843776,0.032774,6131954,6131954,1663433,27.1273,1920,1080,raygs,triangles,1,off,0.1,on,-4
1781756698500977599,1831.51,473.53,2.1118,2.13693,2.1159,0.252128,0.22416,0.057184,0.738656,0.843776,0.037683,6131954,6131954,1663433,27.1273,1920,1080,raygs,triangles,1,off,0.1,on,-4
1781756698502946451,1833.48,473.488,2.11199,2.02093,1.99741,0.133024,0.225824,0.057344,0.736608,0.844608,0.02619,6131954,6131954,1663433,27.1273,1920,1080,raygs,triangles,1,off,0.1,on,-4
1781756698504934682,1835.47,474.343,2.10818,2.01798,1.99571,0.133152,0.225472,0.058368,0.733184,0.845536,0.018753,6131954,6131954,1663433,27.1273,1920,1080,raygs,triangles,1,off,0.1,on,-4
1781756698507203624,1837.73,474.622,2.10694,2.01686,1.99581,0.13408,0.225376,0.058368,0.734208,0.843776,0.032452,6131954,6131954,1663433,27.1273,1920,1080,raygs,triangles,1,off,0.1,on,-4
1781756698509376783,1839.91,473.701,2.11104,2.16832,2.1472,0.149984,0.22352,0.058368,0.870528,0.8448,0.027807,6131954,6131954,1663433,27.1273,1920,1080,raygs,triangles,1,off,0.1,on,-4
1781756698511417880,1841.95,473.633,2.11134,2.0121,1.99053,0.134464,0.22592,0.058176,0.728288,0.84368,0.028792,6131954,6131954,1663433,27.1273,1920,1080,raygs,triangles,1,off,0.1,on,-4
1781756698513482996,1844.01,473.59,2.11153,2.0448,2.02102,0.134304,0.224672,0.058368,0.759104,0.844576,0.027279,6131954,6131954,1663433,27.1273,1920,1080,raygs,triangles,1,off,0.1,on,-4
1781756698515647179,1846.18,473.616,2.11142,2.14176,2.11843,0.134144,0.224608,0.057792,0.857088,0.8448,0.025552,6131954,6131954,1663433,27.1273,1920,1080,raygs,triangles,1,off,0.1,on,-4
1781756698517705163,1848.24,473.593,2.11152,2.02051,1.99795,0.133632,0.226016,0.057504,0.736256,0.844544,0.034253,6131954,6131954,1663433,27.1273,1920,1080,raygs,triangles,1,off,0.1,on,-4
1781756698519808100,1850.34,474.522,2.10738,2.01971,1.99757,0.134112,0.226208,0.058368,0.735232,0.843648,0.037619,6131954,6131954,1663433,27.1273,1920,1080,raygs,triangles,1,off,0.1,on,-4
1781756698521811137,1852.34,474.443,2.10773,2.01734,1.9952,0.133792,0.225856,0.057568,0.733184,0.8448,0.016247,6131954,6131954,1663433,27.1273,1920,1080,raygs,triangles,1,off,0.1,on,-4
1781756698524064421,1854.6,474.739,2.10642,2.01795,1.99462,0.133664,0.225632,0.057344,0.734208,0.843776,0.039091,6131954,6131954,1663433,27.1273,1920,1080,raygs,triangles,1,off,0.1,on,-4
1781756698526278753,1856.81,473.79,2.11064,2.16534,2.14234,0.147392,0.222432,0.058336,0.8704,0.843776,0.034553,6131954,6131954,1663433,27.1273,1920,1080,raygs,triangles,1,off,0.1,on,-4
1781756698528252833,1858.78,473.623,2.11138,2.01392,1.99283,0.13424,0.224288,0.058368,0.731136,0.8448,0.016205,6131954,6131954,1663433,27.1273,1920,1080,raygs,triangles,1,off,0.1,on,-4
1781756698530344758,1860.88,473.728,2.11092,2.04522,2.02163,0.13392,0.225568,0.057536,0.760832,0.843776,0.03742,6131954,6131954,1663433,27.1273,1920,1080,raygs,triangles,1,off,0.1,on,-4
1781756698532694342,1863.22,473.558,2.11167,2.1391,2.11603,0.134464,0.226016,0.05776,0.85504,0.842752,0.042441,6131954,6131954,1663433,27.1273,1920,1080,raygs,triangles,1,off,0.1,on,-4
1781756698534798741,1865.33,472.247,2.11754,2.14707,2.12374,0.133536,0.352832,0.058368,0.735232,0.843776,0.036361,6131954,6131954,1663433,27.1273,1920,1080,raygs,triangles,1,off,0.1,on,-4
1781756698536841956,1867.37,473.491,2.11197,2.01894,1.99568,0.134112,0.225216,0.057344,0.734208,0.8448,0.038465,6131954,6131954,1663433,27.1273,1920,1080,raygs,triangles,1,off,0.1,on,-4
1781756698538892355,1869.42,473.596,2.1115,2.01798,1.99494,0.134208,0.225408,0.057344,0.734528,0.843456,0.035505,6131954,6131954,1663433,27.1273,1920,1080,raygs,triangles,1,off,0.1,on,-4
1781756698541091019,1871.62,473.524,2.11182,2.0168,1.99411,0.13408,0.225056,0.057344,0.733184,0.844448,0.035401,6131954,6131954,1663433,27.1273,1920,1080,raygs,triangles,1,off,0.1,on,-4
1781756698543290697,1873.82,472.924,2.1145,2.16544,2.14275,0.149792,0.222816,0.058368,0.867328,0.844448,0.034894,6131954,6131954,1663433,27.1273,1920,1080,raygs,triangles,1,off,0.1,on,-4
1781756698545348444,1875.88,472.667,2.11565,2.01325,1.9927,0.133728,0.225536,0.058368,0.731392,0.84368,0.036718,6131954,6131954,1663433,27.1273,1920,1080,raygs,triangles,1,off,0.1,on,-4
1781756698547373844,1877.9,472.593,2.11598,2.0193,1.99712,0.134464,0.22528,0.059392,0.733184,0.8448,0.035522,6131954,6131954,1663433,27.1273,1920,1080,raygs,triangles,1,off,0.1,on,-4
1781756698549527245,1880.06,472.836,2.1149,2.13875,2.11523,0.133088,0.345792,0.057344,0.735232,0.843776,0.034927,6131954,6131954,1663433,27.1273,1920,1080,raygs,triangles,1,off,0.1,on,-4
1781756698551575434,1882.11,472.409,2.11681,2.01811,1.99638,0.133888,0.225536,0.058368,0.734208,0.844384,0.034614,6131954,6131954,1663433,27.1273,1920,1080,raygs,triangles,1,off,0.1,on,-4
1781756698553621724,1884.15,473.751,2.11081,2.01933,1.99686,0.133664,0.225952,0.05824,0.735232,0.843776,0.034953,6131954,6131954,1663433,27.1273,1920,1080,raygs,triangles,1,off,0.1,on,-4
1781756698555668736,1886.2,473.729,2.11091,2.02147,1.9983,0.133568,0.224992,0.057664,0.738304,0.843776,0.035002,6131954,6131954,1663433,27.1273,1920,1080,raygs,triangles,1,off,0.1,on,-4
1781756698557930110,1888.46,473.653,2.11125,2.01494,1.99158,0.133344,0.225984,0.057344,0.731136,0.843776,0.036052,6131954,6131954,1663433,27.1273,1920,1080,raygs,triangles,1,off,0.1,on,-4
1781756698560118454,1890.65,473.217,2.1132,2.16851,2.14557,0.148544,0.222336,0.058464,0.871424,0.8448,0.03456,6131954,6131954,1663433,27.1273,1920,1080,raygs,triangles,1,off,0.1,on,-4
1781756698562141497,1892.67,473.198,2.11328,2.01475,1.9919,0.134016,0.224608,0.057344,0.731136,0.8448,0.035986,6131954,6131954,1663433,27.1273,1920,1080,raygs,triangles,1,off,0.1,on,-4
1781756698564169792,1894.7,473.371,2.11251,2.01299,1.99229,0.134336,0.225056,0.058368,0.730112,0.844416,0.036467,6131954,6131954,1663433,27.1273,1920,1080,raygs,triangles,1,off,0.1,on,-4
1781756698566330772,1896.86,473.427,2.11226,2.13805,2.11466,0.133856,0.343424,0.057344,0.735232,0.8448,0.035236,6131954,6131954,1663433,27.1273,1920,1080,raygs,triangles,1,off,0.1,on,-4
1781756698568369612,1898.9,473.171,2.1134,2.01696,1.99565,0.134176,0.225312,0.058176,0.734208,0.843776,0.034903,6131954,6131954,1663433,27.1273,1920,1080,raygs,triangles,1,off,0.1,on,-4
1781756698570382399,1900.91,474.418,2.10784,2.01923,1.99642,0.13408,0.225344,0.058272,0.735232,0.843488,0.031364,6131954,6131954,1663433,27.1273,1920,1080,raygs,triangles,1,off,0.1,on,-4
1781756698572546178,1903.08,474.453,2.10769,2.01936,1.99805,0.133504,0.22512,0.058368,0.736256,0.8448,0.047226,6131954,6131954,1663433,27.1273,1920,1080,raygs,triangles,1,off,0.1,on,-4
1781756698574879578,1905.41,474.165,2.10897,2.20477,2.04077,0.133824,0.225888,0.1024,0.733184,0.845472,0.034367,6131954,6131954,1663433,27.1273,1920,1080,raygs,triangles,1,off,0.1,on,-4
1781756698576867952,1907.4,473.288,2.11288,2.02928,2.00698,0.150976,0.223744,0.058368,0.730112,0.843776,0.032663,6131954,6131954,1663433,27.1273,1920,1080,raygs,triangles,1,off,0.1,on,-4
1781756698578852027,1909.38,473.516,2.11186,2.01299,1.99043,0.133312,0.224864,0.058368,0.729088,0.8448,0.016117,6131954,6131954,1663433,27.1273,1920,1080,raygs,triangles,1,off,0.1,on,-4
1781756698580904917,1911.44,473.966,2.10985,2.02022,1.99731,0.139488,0.22384,0.058048,0.73216,0.843776,0.030495,6131954,6131954,1663433,27.1273,1920,1080,raygs,triangles,1,off,0.1,on,-4
1781756698583124985,1913.66,473.874,2.11027,2.02026,1.99792,0.133376,0.22512,0.058368,0.738304,0.842752,0.04949,6131954,6131954,1663433,27.1273,1920,1080,raygs,triangles,1,off,0.1,on,-4
1781756698585120904,1915.65,473.163,2.11344,2.02176,1.99914,0.136928,0.223808,0.057344,0.736256,0.8448,0.016336,6131954,6131954,1663433,27.1273,1920,1080,raygs,triangles,1,off,0.1,on,-4
1781756698587170546,1917.7,474.498,2.10749,2.01872,1.99581,0.13392,0.2248,0.058368,0.734208,0.844512,0.034481,6131954,6131954,1663433,27.1273,1920,1080,raygs,triangles,1,off,0.1,on,-4
1781756698589201339,1919.73,474.602,2.10703,2.02374,2.00106,0.133952,0.225632,0.058368,0.739328,0.843776,0.019783,6131954,6131954,1663433,27.1273,1920,1080,raygs,triangles,1,off,0.1,on,-4
1781756698591594618,1922.13,474.949,2.10549,2.20467,2.18134,0.133696,0.415392,0.058368,0.730112,0.843776,0.037973,6131954,6131954,1663433,27.1273,1920,1080,raygs,triangles,1,off,0.1,on,-4
1781756698593641702,1924.17,473.6,2.11149,2.02035,1.99808,0.138688,0.225088,0.057344,0.733184,0.843776,0.030777,6131954,6131954,1663433,27.1273,1920,1080,raygs,triangles,1,off,0.1,on,-4
1781756698595644087,1926.17,474.087,2.10932,2.01539,1.99165,0.133664,0.225568,0.057504,0.73216,0.842752,0.016972,6131954,6131954,1663433,27.1273,1920,1080,raygs,triangles,1,off,0.1,on,-4
1781756698597825871,1928.36,474.283,2.10845,2.01565,1.99331,0.134944,0.225184,0.058272,0.731136,0.843776,0.048019,6131954,6131954,1663433,27.1273,1920,1080,raygs,triangles,1,off,0.1,on,-4
1781756698599955883,1930.49,473.718,2.11096,2.136,2.11238,0.133408,0.342464,0.058528,0.734208,0.843776,0.018168,6131954,6131954,1663433,27.1273,1920,1080,raygs,triangles,1,off,0.1,on,-4
1781756698602057135,1932.59,474.155,2.10901,2.02394,2.00349,0.138112,0.225312,0.058368,0.73728,0.844416,0.067321,6131954,6131954,1663433,27.1273,1920,1080,raygs,triangles,1,off,0.1,on,-4
1781756698604110247,1934.64,474.568,2.10718,2.02077,1.99789,0.133888,0.2256,0.057344,0.73728,0.843776,0.030341,6131954,6131954,1663433,27.1273,1920,1080,raygs,triangles,1,off,0.1,on,-4
1781756698606214215,1936.74,474.498,2.10749,2.15075,2.13242,0.267008,0.223744,0.058368,0.738688,0.844608,0.01754,6131954,6131954,1663433,27.1273,1920,1080,raygs,triangles,1,off,0.1,on,-4
1781756698608591896,1939.12,474.162,2.10899,2.34448,2.32342,0.134048,0.399424,0.058368,0.887808,0.843776,0.027154,6131954,6131954,1663433,27.1273,1920,1080,raygs,triangles,1,off,0.1,on,-4
1781756698610685378,1941.22,473.455,2.11213,2.01475,1.99094,0.134048,0.225792,0.05824,0.729088,0.843776,0.061192,6131954,6131954,1663433,27.1273,1920,1080,raygs,triangles,1,off,0.1,on,-4
1781756698612652355,1943.18,473.293,2.11285,2.0144,1.99245,0.133664,0.224896,0.058368,0.731136,0.844384,0.015934,6131954,6131954,1663433,27.1273,1920,1080,raygs,triangles,1,off,0.1,on,-4
1781756698615007339,1945.54,473.596,2.1115,2.01846,1.99453,0.133664,0.22656,0.057344,0.733184,0.843776,0.050858,6131954,6131954,1663433,27.1273,1920,1080,raygs,triangles,1,off,0.1,on,-4
1781756698617000326,1947.53,472.142,2.11801,2.02317,2.00112,0.137344,0.224192,0.058368,0.736704,0.844512,0.038243,6131954,6131954,1663433,27.1273,1920,1080,raygs,triangles,1,off,0.1,on,-4
1781756698619038245,1949.57,472.57,2.11609,2.02438,2.00134,0.134464,0.226144,0.057632,0.739328,0.843776,0.035211,6131954,6131954,1663433,27.1273,1920,1080,raygs,triangles,1,off,0.1,on,-4
1781756698621076916,1951.61,473.833,2.11045,2.01741,1.99622,0.134624,0.225248,0.058368,0.734208,0.843776,0.035268,6131954,6131954,1663433,27.1273,1920,1080,raygs,triangles,1,off,0.1,on,-4
1781756698623028417,1953.56,473.842,2.11041,2.02384,2.00061,0.133984,0.22704,0.057344,0.738592,0.843648,0.018924,6131954,6131954,1663433,27.1273,1920,1080,raygs,triangles,1,off,0.1,on,-4
1781756698625388750,1955.92,474.284,2.10844,2.23242,2.21098,0.13376,0.445952,0.058368,0.72912,0.843776,0.027677,6131954,6131954,1663433,27.1273,1920,1080,raygs,triangles,1,off,0.1,on,-4
1781756698627419607,1957.95,473.719,2.11096,2.01622,1.99309,0.13856,0.225216,0.057344,0.72848,0.843488,0.026387,6131954,6131954,1663433,27.1273,1920,1080,raygs,triangles,1,off,0.1,on,-4
1781756698629451728,1959.98,474.562,2.10721,2.01302,1.98963,0.134336,0.225088,0.057344,0.729088,0.843776,0.025554,6131954,6131954,1663433,27.1273,1920,1080,raygs,triangles,1,off,0.1,on,-4
1781756698631617291,1962.15,474.296,2.10839,2.1432,2.12179,0.134496,0.224992,0.058368,0.86016,0.843776,0.025007,6131954,6131954,1663433,27.1273,1920,1080,raygs,triangles,1,off,0.1,on,-4
1781756698633775558,1964.31,473.635,2.11133,2.13821,2.11347,0.133568,0.3416,0.057344,0.73728,0.84368,0.024331,6131954,6131954,1663433,27.1273,1920,1080,raygs,triangles,1,off,0.1,on,-4
1781756698635827880,1966.36,474.118,2.10918,2.01651,1.99453,0.133344,0.22592,0.057344,0.734208,0.843712,0.026252,6131954,6131954,1663433,27.1273,1920,1080,raygs,triangles,1,off,0.1,on,-4
1781756698637869690,1968.4,474.567,2.10718,2.01859,1.99725,0.13376,0.22496,0.058368,0.73552,0.84464,0.029726,6131954,6131954,1663433,27.1273,1920,1080,raygs,triangles,1,off,0.1,on,-4
1781756698639912848,1970.44,474.586,2.1071,2.02198,1.99859,0.134144,0.226112,0.057344,0.73728,0.843712,0.025542,6131954,6131954,1663433,27.1273,1920,1080,raygs,triangles,1,off,0.1,on,-4
1781756698642182525,1972.71,474.651,2.10681,2.2464,1.98861,0.134272,0.225056,0.057344,0.72816,0.843776,0.024851,6131954,6131954,1663433,27.1273,1920,1080,raygs,triangles,1,off,0.1,on,-4
1781756698644225071,1974.76,474.269,2.10851,2.01542,1.99162,0.133696,0.225664,0.057344,0.731136,0.843776,0.025829,6131954,6131954,1663433,27.1273,1920,1080,raygs,triangles,1,off,0.1,on,-4
1781756698646295330,1976.83,474.337,2.10821,2.01312,1.99146,0.133856,0.225696,0.058016,0.730112,0.843776,0.027941,6131954,6131954,1663433,27.1273,1920,1080,raygs,triangles,1,off,0.1,on,-4
1781756698648432483,1978.96,474.345,2.10817,2.01987,1.99594,0.132896,0.225536,0.057344,0.735488,0.844672,0.02588,6131954,6131954,1663433,27.1273,1920,1080,raygs,triangles,1,off,0.1,on,-4
1781756698650475514,1981.01,473.915,2.11008,2.0209,1.99754,0.137088,0.22512,0.057344,0.734208,0.843776,0.025538,6131954,6131954,1663433,27.1273,1920,1080,raygs,triangles,1,off,0.1,on,-4
1781756698652516626,1983.05,474.674,2.10671,2.02122,1.99898,0.134304,0.225536,0.058368,0.73728,0.843488,0.02443,6131954,6131954,1663433,27.1273,1920,1080,raygs,triangles,1,off,0.1,on,-4
1781756698654571077,1985.1,475.306,2.10391,2.0167,1.99632,0.133984,0.225984,0.058368,0.734208,0.843776,0.025382,6131954,6131954,1663433,27.1273,1920,1080,raygs,triangles,1,off,0.1,on,-4
1781756698656620349,1987.15,475.079,2.10491,2.02138,1.99741,0.133472,0.22656,0.057344,0.736256,0.843776,0.026404,6131954,6131954,1663433,27.1273,1920,1080,raygs,triangles,1,off,0.1,on,-4
1781756698659019327,1989.55,475.194,2.10441,2.2377,2.21434,0.13408,0.448992,0.057376,0.730112,0.843776,0.024497,6131954,6131954,1663433,27.1273,1920,1080,raygs,triangles,1,off,0.1,on,-4
1781756698661039579,1991.57,475.179,2.10447,2.01405,1.99181,0.138656,0.223936,0.057536,0.72704,0.84464,0.024204,6131954,6131954,1663433,27.1273,1920,1080,raygs,triangles,1,off,0.1,on,-4
1781756698663085039,1993.62,475.398,2.1035,2.01488,1.99264,0.134144,0.225216,0.058368,0.731136,0.843776,0.025764,6131954,6131954,1663433,27.1273,1920,1080,raygs,triangles,1,off,0.1,on,-4
1781756698665261040,1995.79,475.38,2.10358,2.14611,2.1247,0.134304,0.224992,0.058368,0.863488,0.843552,0.029897,6131954,6131954,1663433,27.1273,1920,1080,raygs,triangles,1,off,0.1,on,-4
1781756698667420691,1997.95,474.906,2.10568,2.13626,2.11341,0.132672,0.341312,0.058368,0.73728,0.843776,0.024695,6131954,6131954,1663433,27.1273,1920,1080,raygs,triangles,1,off,0.1,on,-4
1781756698669506306,2000.04,475.045,2.10507,2.02032,1.99862,0.133824,0.224736,0.057344,0.738304,0.844416,0.028831,6131954,6131954,1663433,27.1273,1920,1080,raygs,triangles,1,off,0.1,on,-4
1781756698671545636,2002.08,475.427,2.10337,2.02202,1.99888,0.133088,0.226368,0.058368,0.73728,0.843776,0.027842,6131954,6131954,1663433,27.1273,1920,1080,raygs,triangles,1,off,0.1,on,-4
1781756698673748942,2004.28,475.532,2.10291,2.02336,1.99965,0.133408,0.225824,0.058336,0.738304,0.843776,0.027452,6131954,6131954,1663433,27.1273,1920,1080,raygs,triangles,1,off,0.1,on,-4
1781756698676126204,2006.66,474.834,2.106,2.23651,2.21309,0.145856,0.223008,0.057344,0.943104,0.843776,0.043524,6131954,6131954,1663433,27.1273,1920,1080,raygs,triangles,1,off,0.1,on,-4
1781756698678071522,2008.6,474.01,2.10966,2.01638,1.99386,0.133632,0.224352,0.057344,0.734208,0.84432,0.020311,6131954,6131954,1663433,27.1273,1920,1080,raygs,triangles,1,off,0.1,on,-4
1781756698680149100,2010.68,474.316,2.1083,2.04426,2.02051,0.134048,0.225568,0.057344,0.759008,0.844544,0.027945,6131954,6131954,1663433,27.1273,1920,1080,raygs,triangles,1,off,0.1,on,-4
1781756698682296669,2012.83,474.22,2.10872,2.13728,2.1152,0.134688,0.224352,0.058368,0.852992,0.8448,0.027512,6131954,6131954,1663433,27.1273,1920,1080,raygs,triangles,1,off,0.1,on,-4
1781756698684456290,2014.99,473.877,2.11025,2.13866,2.11699,0.134016,0.343552,0.058368,0.73728,0.843776,0.026944,6131954,6131954,1663433,27.1273,1920,1080,raygs,triangles,1,off,0.1,on,-4
1781756698686493141,2017.02,474.24,2.10864,2.02214,2.00006,0.134528,0.225152,0.058176,0.737408,0.8448,0.026497,6131954,6131954,1663433,27.1273,1920,1080,raygs,triangles,1,off,0.1,on,-4
1781756698688532645,2019.06,474.82,2.10606,2.01773,1.99526,0.13392,0.225152,0.058208,0.733184,0.8448,0.026081,6131954,6131954,1663433,27.1273,1920,1080,raygs,triangles,1,off,0.1,on,-4
1781756698690833338,2021.36,474.866,2.10586,2.02282,1.99904,0.133888,0.224576,0.057344,0.739456,0.843776,0.028056,6131954,6131954,1663433,27.1273,1920,1080,raygs,triangles,1,off,0.1,on,-4
1781756698692997712,2023.53,473.735,2.11088,2.16618,2.14406,0.150272,0.223296,0.058368,0.868352,0.843776,0.026468,6131954,6131954,1663433,27.1273,1920,1080,raygs,triangles,1,off,0.1,on,-4
1781756698695068838,2025.6,473.722,2.11094,2.01475,1.99238,0.134048,0.22608,0.058368,0.730112,0.843776,0.056659,6131954,6131954,1663433,27.1273,1920,1080,raygs,triangles,1,off,0.1,on,-4
1781756698697114847,2027.65,473.56,2.11166,2.04646,2.02374,0.133984,0.225984,0.057504,0.761856,0.844416,0.028512,6131954,6131954,1663433,27.1273,1920,1080,raygs,triangles,1,off,0.1,on,-4
1781756698699267634,2029.8,473.625,2.11137,2.13571,2.1135,0.134144,0.224224,0.058368,0.852992,0.843776,0.026458,6131954,6131954,1663433,27.1273,1920,1080,raygs,triangles,1,off,0.1,on,-4
1781756698701321604,2031.85,473.545,2.11173,2.01808,1.99456,0.133248,0.225568,0.058016,0.734208,0.84352,0.026815,6131954,6131954,1663433,27.1273,1920,1080,raygs,triangles,1,off,0.1,on,-4
1781756698703379591,2033.91,474.509,2.10744,2.0217,1.99898,0.133792,0.225504,0.0576,0.73728,0.8448,0.026628,6131954,6131954,1663433,27.1273,1920,1080,raygs,triangles,1,off,0.1,on,-4
1781756698705411987,2035.94,474.307,2.10834,2.02275,2.00042,0.133824,0.22512,0.058368,0.739328,0.843776,0.026354,6131954,6131954,1663433,27.1273,1920,1080,raygs,triangles,1,off,0.1,on,-4
1781756698707658030,2038.19,474.089,2.10931,2.01914,1.99741,0.133728,0.224608,0.057344,0.736256,0.845472,0.025757,6131954,6131954,1663433,27.1273,1920,1080,raygs,triangles,1,off,0.1,on,-4
1781756698709855786,2040.39,473.385,2.11245,2.16659,2.14464,0.15072,0.222624,0.058368,0.868352,0.844576,0.02685,6131954,6131954,1663433,27.1273,1920,1080,raygs,triangles,1,off,0.1,on,-4
1781756698711927420,2042.46,473.478,2.11203,2.01501,1.99398,0.134304,0.224352,0.058368,0.73216,0.8448,0.026972,6131954,6131954,1663433,27.1273,1920,1080,raygs,triangles,1,off,0.1,on,-4
1781756698713958657,2044.49,473.11,2.11367,2.0359,2.01312,0.133664,0.225824,0.059264,0.749568,0.8448,0.026456,6131954,6131954,1663433,27.1273,1920,1080,raygs,triangles,1,off,0.1,on,-4
1781756698716128477,2046.66,473.127,2.1136,2.13331,2.11376,0.2536,0.223808,0.057344,0.735232,0.843776,0.029403,6131954,6131954,1663433,27.1273,1920,1080,raygs,triangles,1,off,0.1,on,-4
1781756698718191072,2048.72,472.632,2.11581,2.01786,1.99533,0.133376,0.222688,0.05824,0.73728,0.843744,0.028319,6131954,6131954,1663433,27.1273,1920,1080,raygs,triangles,1,off,0.1,on,-4
1781756698720315018,2050.85,473.885,2.11022,2.02006,1.99843,0.133216,0.225792,0.058368,0.73728,0.843776,0.042683,6131954,6131954,1663433,27.1273,1920,1080,raygs,triangles,1,off,0.1,on,-4
1781756698722272550,2052.8,473.658,2.11123,2.01936,1.99706,0.13456,0.227168,0.058368,0.734208,0.842752,0.019929,6131954,6131954,1663433,27.1273,1920,1080,raygs,triangles,1,off,0.1,on,-4
1781756698724466198,2055,473.754,2.1108,2.01456,1.99082,0.133504,0.224448,0.057344,0.731136,0.844384,0.02781,6131954,6131954,1663433,27.1273,1920,1080,raygs,triangles,1,off,0.1,on,-4
1781756698726730161,2057.26,473.823,2.11049,2.21261,2.19075,0.138336,0.224704,0.05824,0.924672,0.8448,0.028067,6131954,6131954,1663433,27.1273,1920,1080,raygs,triangles,1,off,0.1,on,-4
1781756698728770420,2059.3,473.301,2.11282,2.01248,1.99008,0.133792,0.225024,0.058368,0.730144,0.842752,0.030647,6131954,6131954,1663433,27.1273,1920,1080,raygs,triangles,1,off,0.1,on,-4
1781756698730885660,2061.42,473.434,2.11223,2.01498,1.99363,0.13424,0.22624,0.057344,0.731136,0.844672,0.039078,6131954,6131954,1663433,27.1273,1920,1080,raygs,triangles,1,off,0.1,on,-4
1781756698733061248,2063.59,473.279,2.11292,2.25107,2.2312,0.24848,0.223488,0.057344,0.858112,0.843776,0.016147,6131954,6131954,1663433,27.1273,1920,1080,raygs,triangles,1,off,0.1,on,-4
1781756698735128052,2065.66,473.135,2.11356,2.02269,2.00147,0.13392,0.22608,0.058368,0.739328,0.843776,0.028109,6131954,6131954,1663433,27.1273,1920,1080,raygs,triangles,1,off,0.1,on,-4
1781756698737229500,2067.76,474.145,2.10906,2.01725,1.99606,0.13344,0.22512,0.058368,0.73456,0.844576,0.058378,6131954,6131954,1663433,27.1273,1920,1080,raygs,triangles,1,off,0.1,on,-4
1781756698739192698,2069.72,474.145,2.10906,2.01866,1.99597,0.133824,0.225824,0.058336,0.734208,0.843776,0.015424,6131954,6131954,1663433,27.1273,1920,1080,raygs,triangles,1,off,0.1,on,-4
1781756698741536925,2072.07,474.134,2.10911,2.19046,2.16845,0.133984,0.401184,0.058368,0.730112,0.8448,0.026235,6131954,6131954,1663433,27.1273,1920,1080,raygs,triangles,1,off,0.1,on,-4
1781756698743582588,2074.11,474.489,2.10753,2.01549,1.99414,0.138464,0.224448,0.058368,0.728064,0.8448,0.026237,6131954,6131954,1663433,27.1273,1920,1080,raygs,triangles,1,off,0.1,on,-4
1781756698745619858,2076.15,474.108,2.10923,2.01299,1.99088,0.134272,0.224352,0.058368,0.730112,0.843776,0.025603,6131954,6131954,1663433,27.1273,1920,1080,raygs,triangles,1,off,0.1,on,-4
1781756698747676717,2078.21,474.114,2.1092,2.0151,1.99366,0.140512,0.222944,0.057344,0.729088,0.843776,0.027763,6131954,6131954,1663433,27.1273,1920,1080,raygs,triangles,1,off,0.1,on,-4
1781756698749944860,2080.48,473.906,2.11013,2.13478,2.1129,0.134112,0.339808,0.058368,0.736256,0.844352,0.027648,6131954,6131954,1663433,27.1273,1920,1080,raygs,triangles,1,off,0.1,on,-4
1781756698752323199,2082.85,472.736,2.11535,2.0232,2.00189,0.136896,0.225568,0.058368,0.736256,0.8448,0.053653,6131954,6131954,1663433,27.1273,1920,1080,raygs,triangles,1,off,0.1,on,-4
1781756698754224644,2084.76,472.11,2.11815,2.01974,1.99773,0.134112,0.225536,0.058368,0.735232,0.84448,0.045983,6131954,6131954,1663433,27.1273,1920,1080,raygs,triangles,1,off,0.1,on,-4
1781756698756379985,2086.91,472.957,2.11436,2.15446,2.13171,0.133472,0.223712,0.058624,0.871424,0.84448,0.038845,6131954,6131954,1663433,27.1273,1920,1080,raygs,triangles,1,off,0.1,on,-4
1781756698758700566,2089.23,472.558,2.11614,2.18,2.15766,0.13376,0.391648,0.057344,0.730112,0.8448,0.037757,6131954,6131954,1663433,27.1273,1920,1080,raygs,triangles,1,off,0.1,on,-4
1781756698760747059,2091.28,472.032,2.1185,2.03002,2.00829,0.147232,0.22368,0.058368,0.734208,0.8448,0.03517,6131954,6131954,1663433,27.1273,1920,1080,raygs,triangles,1,off,0.1,on,-4
1781756698762826938,2093.36,472.447,2.11664,2.01197,1.99085,0.134304,0.224288,0.058368,0.730112,0.843776,0.040108,6131954,6131954,1663433,27.1273,1920,1080,raygs,triangles,1,off,0.1,on,-4
1781756698764947334,2095.48,472.276,2.11741,2.13978,2.11779,0.134112,0.226112,0.057728,0.857088,0.842752,0.034605,6131954,6131954,1663433,27.1273,1920,1080,raygs,triangles,1,off,0.1,on,-4
1781756698767108064,2097.64,472.043,2.11845,2.13802,2.11613,0.133344,0.345728,0.058368,0.734208,0.84448,0.034441,6131954,6131954,1663433,27.1273,1920,1080,raygs,triangles,1,off,0.1,on,-4
1781756698769146489,2099.68,471.602,2.12043,2.01517,1.99398,0.13344,0.225216,0.058368,0.733184,0.843776,0.03457,6131954,6131954,1663433,27.1273,1920,1080,raygs,triangles,1,off,0.1,on,-4
1781756698771203167,2101.73,472.468,2.11654,2.02541,2.00381,0.133408,0.225856,0.058368,0.740352,0.845824,0.039043,6131954,6131954,1663433,27.1273,1920,1080,raygs,triangles,1,off,0.1,on,-4
1781756698773252451,2103.78,472.417,2.11677,2.02499,2.00259,0.133408,0.226688,0.058368,0.739328,0.8448,0.034436,6131954,6131954,1663433,27.1273,1920,1080,raygs,triangles,1,off,0.1,on,-4
1781756698775637622,2106.17,472.535,2.11625,2.23754,2.2145,0.1336,0.448352,0.057632,0.731136,0.843776,0.034199,6131954,6131954,1663433,27.1273,1920,1080,raygs,triangles,1,off,0.1,on,-4
1781756698777679712,2108.21,471.573,2.12056,2.01888,1.9961,0.138144,0.223648,0.058368,0.731136,0.8448,0.036037,6131954,6131954,1663433,27.1273,1920,1080,raygs,triangles,1,off,0.1,on,-4
1781756698779746555,2110.28,471.583,2.12052,2.01107,1.98797,0.133408,0.225376,0.058368,0.72704,0.843776,0.036033,6131954,6131954,1663433,27.1273,1920,1080,raygs,triangles,1,off,0.1,on,-4
1781756698781905855,2112.44,471.45,2.12112,2.14445,2.12182,0.133952,0.226592,0.057344,0.86016,0.843776,0.035863,6131954,6131954,1663433,27.1273,1920,1080,raygs,triangles,1,off,0.1,on,-4
1781756698784091751,2114.62,471.091,2.12273,2.13933,2.11696,0.13472,0.341792,0.058368,0.738304,0.843776,0.036282,6131954,6131954,1663433,27.1273,1920,1080,raygs,triangles,1,off,0.1,on,-4
1781756698786126046,2116.66,470.572,2.12508,2.02147,2.00074,0.133568,0.226816,0.058112,0.7376,0.84464,0.03681,6131954,6131954,1663433,27.1273,1920,1080,raygs,triangles,1,off,0.1,on,-4
1781756698788181834,2118.71,471.91,2.11905,2.01568,1.99386,0.13392,0.224896,0.058368,0.73216,0.844512,0.037171,6131954,6131954,1663433,27.1273,1920,1080,raygs,triangles,1,off,0.1,on,-4
1781756698790243725,2120.77,471.777,2.11964,2.01539,1.99389,0.132608,0.225056,0.058368,0.734208,0.843648,0.039827,6131954,6131954,1663433,27.1273,1920,1080,raygs,triangles,1,off,0.1,on,-4
1781756698792575225,2123.11,471.717,2.11992,2.19552,2.03181,0.133824,0.225824,0.098272,0.729088,0.8448,0.036925,6131954,6131954,1663433,27.1273,1920,1080,raygs,triangles,1,off,0.1,on,-4
1781756698794626738,2125.16,471.17,2.12238,2.02589,2.00355,0.148224,0.223552,0.058208,0.729088,0.84448,0.035382,6131954,6131954,1663433,27.1273,1920,1080,raygs,triangles,1,off,0.1,on,-4
1781756698796717455,2127.25,471.588,2.1205,2.01475,1.99219,0.134016,0.224896,0.058368,0.731136,0.843776,0.038773,6131954,6131954,1663433,27.1273,1920,1080,raygs,triangles,1,off,0.1,on,-4
1781756698798717181,2129.25,471.556,2.12064,2.02211,1.99997,0.13424,0.2264,0.05808,0.736544,0.844704,0.037346,6131954,6131954,1663433,27.1273,1920,1080,raygs,triangles,1,off,0.1,on,-4
1781756698800860920,2131.39,471.726,2.11987,2.13958,2.11475,0.133952,0.343264,0.057344,0.73648,0.843712,0.034526,6131954,6131954,1663433,27.1273,1920,1080,raygs,triangles,1,off,0.1,on,-4
1781756698802918150,2133.45,471.989,2.11869,2.01901,1.99821,0.134176,0.225664,0.058336,0.736256,0.843776,0.034573,6131954,6131954,1663433,27.1273,1920,1080,raygs,triangles,1,off,0.1,on,-4
1781756698804956058,2135.49,473.148,2.1135,2.02112,1.99866,0.133216,0.2264,0.058368,0.736256,0.844416,0.034756,6131954,6131954,1663433,27.1273,1920,1080,raygs,triangles,1,off,0.1,on,-4
1781756698807183750,2137.71,472.886,2.11468,2.02173,2.00141,0.133856,0.225344,0.05808,0.740352,0.843776,0.034332,6131954,6131954,1663433,27.1273,1920,1080,raygs,triangles,1,off,0.1,on,-4
1781756698809380106,2139.91,472.279,2.11739,2.16816,2.14595,0.150112,0.222176,0.057408,0.871488,0.844768,0.033941,6131954,6131954,1663433,27.1273,1920,1080,raygs,triangles,1,off,0.1,on,-4
1781756698811423297,2141.95,472.058,2.11838,2.01603,1.99402,0.134272,0.225792,0.058368,0.731136,0.844448,0.03392,6131954,6131954,1663433,27.1273,1920,1080,raygs,triangles,1,off,0.1,on,-4
1781756698813518037,2144.05,472.542,2.11621,2.04554,2.02502,0.134112,0.225984,0.058368,0.761856,0.844704,0.035311,6131954,6131954,1663433,27.1273,1920,1080,raygs,triangles,1,off,0.1,on,-4
1781756698815669183,2146.2,472.273,2.11742,2.14643,2.12326,0.133632,0.224544,0.058368,0.862208,0.844512,0.034582,6131954,6131954,1663433,27.1273,1920,1080,raygs,triangles,1,off,0.1,on,-4
1781756698817717005,2148.25,471.834,2.11939,2.0201,1.99661,0.1344,0.22688,0.057344,0.734208,0.843776,0.035468,6131954,6131954,1663433,27.1273,1920,1080,raygs,triangles,1,off,0.1,on,-4
1781756698819755170,2150.29,472.847,2.11485,2.01795,1.9967,0.13312,0.225184,0.058368,0.736256,0.843776,0.03383,6131954,6131954,1663433,27.1273,1920,1080,raygs,triangles,1,off,0.1,on,-4
1781756698821799618,2152.33,473.312,2.11277,2.02048,1.99811,0.133632,0.225056,0.058368,0.736256,0.8448,0.033397,6131954,6131954,1663433,27.1273,1920,1080,raygs,triangles,1,off,0.1,on,-4
1781756698824050799,2154.58,473.45,2.11216,2.02243,2.00234,0.13456,0.226304,0.058368,0.739328,0.843776,0.033663,6131954,6131954,1663433,27.1273,1920,1080,raygs,triangles,1,off,0.1,on,-4
1781756698826238284,2156.77,472.633,2.1158,2.16221,2.14093,0.147456,0.222976,0.058368,0.868352,0.843776,0.034021,6131954,6131954,1663433,27.1273,1920,1080,raygs,triangles,1,off,0.1,on,-4
1781756698828278733,2158.81,472.528,2.11628,2.01171,1.98906,0.134048,0.2248,0.057344,0.729088,0.843776,0.035063,6131954,6131954,1663433,27.1273,1920,1080,raygs,triangles,1,off,0.1,on,-4
1781756698830426676,2160.96,472.56,2.11614,2.04611,2.02445,0.13376,0.225664,0.057344,0.76288,0.8448,0.040018,6131954,6131954,1663433,27.1273,1920,1080,raygs,triangles,1,off,0.1,on,-4
1781756698832524258,2163.05,472.156,2.11795,2.13968,1.99654,0.134048,0.224832,0.057344,0.73552,0.8448,0.036266,6131954,6131954,1663433,27.1273,1920,1080,raygs,triangles,1,off,0.1,on,-4
1781756698834582539,2165.11,471.914,2.11903,2.02061,1.99805,0.133728,0.225184,0.057056,0.73728,0.8448,0.035698,6131954,6131954,1663433,27.1273,1920,1080,raygs,triangles,1,off,0.1,on,-4
1781756698836740892,2167.27,472.61,2.11591,2.1521,2.13053,0.134528,0.354368,0.058368,0.738752,0.844512,0.034714,6131954,6131954,1663433,27.1273,1920,1080,raygs,triangles,1,off,0.1,on,-4
1781756698838782841,2169.31,472.781,2.11514,2.01926,1.99859,0.133472,0.225024,0.058368,0.73728,0.844448,0.035745,6131954,6131954,1663433,27.1273,1920,1080,raygs,triangles,1,off,0.1,on,-4
1781756698840999935,2171.53,472.944,2.11441,2.01843,1.9961,0.133632,0.225376,0.058368,0.735232,0.843488,0.034039,6131954,6131954,1663433,27.1273,1920,1080,raygs,triangles,1,off,0.1,on,-4
1781756698843192927,2173.72,472.303,2.11729,2.16467,2.14067,0.14672,0.222432,0.057344,0.8704,0.843776,0.034057,6131954,6131954,1663433,27.1273,1920,1080,raygs,triangles,1,off,0.1,on,-4
1781756698845274318,2175.8,472.082,2.11827,2.01226,1.99056,0.133472,0.224832,0.058368,0.730112,0.843776,0.035746,6131954,6131954,1663433,27.1273,1920,1080,raygs,triangles,1,off,0.1,on,-4
1781756698847241591,2177.77,472.152,2.11796,2.04646,2.02419,0.134368,0.224672,0.058368,0.763136,0.843648,0.027445,6131954,6131954,1663433,27.1273,1920,1080,raygs,triangles,1,off,0.1,on,-4
1781756698849454413,2179.99,472.731,2.11537,2.01616,1.99357,0.133728,0.22544,0.058368,0.732512,0.84352,0.034747,6131954,6131954,1663433,27.1273,1920,1080,raygs,triangles,1,off,0.1,on,-4
1781756698851447897,2181.98,471.831,2.1194,2.02221,2.00109,0.137408,0.223232,0.058368,0.73728,0.8448,0.025778,6131954,6131954,1663433,27.1273,1920,1080,raygs,triangles,1,off,0.1,on,-4
1781756698853453815,2183.98,472.515,2.11634,2.01821,1.99552,0.133728,0.224416,0.057344,0.735232,0.8448,0.021301,6131954,6131954,1663433,27.1273,1920,1080,raygs,triangles,1,off,0.1,on,-4
1781756698855498256,2186.03,473.445,2.11218,2.01834,1.99584,0.13456,0.225888,0.058432,0.733248,0.843712,0.030127,6131954,6131954,1663433,27.1273,1920,1080,raygs,triangles,1,off,0.1,on,-4
1781756698857748819,2188.28,473.426,2.11226,2.0152,1.99203,0.13344,0.22608,0.0576,0.73216,0.842752,0.029011,6131954,6131954,1663433,27.1273,1920,1080,raygs,triangles,1,off,0.1,on,-4
1781756698859938986,2190.47,472.961,2.11434,2.16877,2.14726,0.149824,0.222144,0.058368,0.873472,0.843456,0.027823,6131954,6131954,1663433,27.1273,1920,1080,raygs,triangles,1,off,0.1,on,-4
1781756698861990760,2192.52,472.89,2.11466,2.01418,1.99248,0.133664,0.224512,0.058368,0.73216,0.843776,0.028792,6131954,6131954,1663433,27.1273,1920,1080,raygs,triangles,1,off,0.1,on,-4
1781756698864097949,2194.63,472.945,2.11441,2.04125,2.01872,0.133888,0.224928,0.058368,0.758784,0.842752,0.039631,6131954,6131954,1663433,27.1273,1920,1080,raygs,triangles,1,off,0.1,on,-4
1781756698866183272,2196.71,472.922,2.11451,2.13386,2.11245,0.251072,0.223264,0.058368,0.735232,0.844512,0.015002,6131954,6131954,1663433,27.1273,1920,1080,raygs,triangles,1,off,0.1,on,-4
1781756698868261229,2198.79,472.489,2.11645,2.01898,1.99795,0.13312,0.225792,0.058368,0.736256,0.844416,0.028891,6131954,6131954,1663433,27.1273,1920,1080,raygs,triangles,1,off,0.1,on,-4
1781756698870301363,2200.83,473.443,2.11219,2.02016,1.99821,0.134304,0.22528,0.057632,0.73728,0.843712,0.025289,6131954,6131954,1663433,27.1273,1920,1080,raygs,triangles,1,off,0.1,on,-4
1781756698872349385,2202.88,473.407,2.11235,2.01853,1.99683,0.133568,0.224864,0.058368,0.735232,0.8448,0.026198,6131954,6131954,1663433,27.1273,1920,1080,raygs,triangles,1,off,0.1,on,-4
1781756698874581792,2205.11,473.407,2.11235,2.01341,1.9912,0.133696,0.225088,0.058368,0.730272,0.843776,0.024253,6131954,6131954,1663433,27.1273,1920,1080,raygs,triangles,1,off,0.1,on,-4
1781756698876783805,2207.31,472.933,2.11447,2.17126,2.14794,0.15152,0.22272,0.057344,0.871584,0.844768,0.026176,6131954,6131954,1663433,27.1273,1920,1080,raygs,triangles,1,off,0.1,on,-4
1781756698878844127,2209.37,473.109,2.11368,2.01328,1.99018,0.133472,0.225632,0.058368,0.729088,0.843616,0.028361,6131954,6131954,1663433,27.1273,1920,1080,raygs,triangles,1,off,0.1,on,-4
1781756698880874072,2211.4,474.728,2.10647,2.01558,1.9912,0.13392,0.225664,0.058752,0.729088,0.843776,0.025604,6131954,6131954,1663433,27.1273,1920,1080,raygs,triangles,1,off,0.1,on,-4
1781756698883035890,2213.57,473.877,2.11025,2.13619,2.11494,0.134496,0.341344,0.058048,0.736256,0.8448,0.026275,6131954,6131954,1663433,27.1273,1920,1080,raygs,triangles,1,off,0.1,on,-4
1781756698885085580,2215.62,473.869,2.11029,2.02285,2.0015,0.134016,0.22704,0.058368,0.738336,0.843744,0.026739,6131954,6131954,1663433,27.1273,1920,1080,raygs,triangles,1,off,0.1,on,-4
1781756698887111649,2217.64,474.841,2.10597,2.0169,1.99536,0.133088,0.22576,0.058368,0.734624,0.84352,0.025224,6131954,6131954,1663433,27.1273,1920,1080,raygs,triangles,1,off,0.1,on,-4
1781756698889152016,2219.68,474.92,2.10562,2.01949,1.99635,0.13392,0.226144,0.057344,0.735232,0.843712,0.024924,6131954,6131954,1663433,27.1273,1920,1080,raygs,triangles,1,off,0.1,on,-4
1781756698891581001,2222.11,475.147,2.10461,2.24166,2.21754,0.133824,0.450144,0.057632,0.731136,0.8448,0.028272,6131954,6131954,1663433,27.1273,1920,1080,raygs,triangles,1,off,0.1,on,-4
1781756698893595094,2224.13,473.846,2.11039,2.01744,1.99693,0.13872,0.225184,0.058112,0.731136,0.843776,0.026537,6131954,6131954,1663433,27.1273,1920,1080,raygs,triangles,1,off,0.1,on,-4
1781756698895630454,2226.16,474.472,2.10761,2.01165,1.98963,0.13328,0.225376,0.05824,0.728064,0.844672,0.025264,6131954,6131954,1663433,27.1273,1920,1080,raygs,triangles,1,off,0.1,on,-4
1781756698897653458,2228.18,474.495,2.1075,2.00954,1.98794,0.131872,0.224832,0.058368,0.729088,0.843776,0.02563,6131954,6131954,1663433,27.1273,1920,1080,raygs,triangles,1,off,0.1,on,-4
1781756698899939108,2230.47,474.589,2.10709,2.1359,2.11302,0.13408,0.343392,0.057568,0.734208,0.843776,0.024399,6131954,6131954,1663433,27.1273,1920,1080,raygs,triangles,1,off,0.1,on,-4
1781756698901978570,2232.51,473.714,2.11098,2.01894,1.99856,0.137184,0.223936,0.058368,0.734272,0.8448,0.024691,6131954,6131954,1663433,27.1273,1920,1080,raygs,triangles,1,off,0.1,on,-4
1781756698904046361,2234.58,475.005,2.10524,2.02147,2.00032,0.134592,0.225152,0.058368,0.736704,0.845504,0.025402,6131954,6131954,1663433,27.1273,1920,1080,raygs,triangles,1,off,0.1,on,-4
1781756698906084484,2236.62,474.829,2.10602,2.02445,2.0009,0.134528,0.224896,0.057344,0.739328,0.8448,0.025968,6131954,6131954,1663433,27.1273,1920,1080,raygs,triangles,1,off,0.1,on,-4
1781756698908444598,2238.98,475.059,2.105,2.20976,2.18637,0.13456,0.418528,0.057344,0.731136,0.8448,0.026977,6131954,6131954,1663433,27.1273,1920,1080,raygs,triangles,1,off,0.1,on,-4
1781756698910500425,2241.03,474.275,2.10848,2.01814,1.99494,0.138432,0.224256,0.057344,0.730112,0.8448,0.026273,6131954,6131954,1663433,27.1273,1920,1080,raygs,triangles,1,off,0.1,on,-4
1781756698912832969,2243.36,474.731,2.10646,2.01523,1.99334,0.134496,0.225888,0.058112,0.730112,0.844736,0.052581,6131954,6131954,1663433,27.1273,1920,1080,raygs,triangles,1,off,0.1,on,-4
1781756698914722936,2245.25,473.092,2.11375,2.01594,1.9937,0.1352,0.225216,0.058368,0.731136,0.843776,0.037223,6131954,6131954,1663433,27.1273,1920,1080,raygs,triangles,1,off,0.1,on,-4
1781756698917001901,2247.53,474.156,2.10901,2.13802,2.11334,0.133664,0.342496,0.057344,0.735456,0.844384,0.037065,6131954,6131954,1663433,27.1273,1920,1080,raygs,triangles,1,off,0.1,on,-4
1781756698919179405,2249.71,473.359,2.11256,2.16074,2.13843,0.137728,0.225088,0.057344,0.874496,0.843776,0.03781,6131954,6131954,1663433,27.1273,1920,1080,raygs,triangles,1,off,0.1,on,-4
1781756698921224794,2251.76,473.9,2.11015,2.02003,1.99808,0.133152,0.224608,0.058368,0.73728,0.844672,0.04041,6131954,6131954,1663433,27.1273,1920,1080,raygs,triangles,1,off,0.1,on,-4
1781756698923353670,2253.88,473.938,2.10998,2.02394,2.00208,0.133984,0.224416,0.058368,0.740736,0.844576,0.042411,6131954,6131954,1663433,27.1273,1920,1080,raygs,triangles,1,off,0.1,on,-4
1781756698925654777,2256.19,473.795,2.11062,2.33597,2.3153,0.280128,0.250336,0.057344,0.883712,0.843776,0.037726,6131954,6131954,1663433,27.1273,1920,1080,raygs,triangles,1,off,0.1,on,-4
1781756698927697116,2258.23,472.671,2.11564,2.01315,1.99072,0.133472,0.224992,0.058368,0.730112,0.843776,0.04099,6131954,6131954,1663433,27.1273,1920,1080,raygs,triangles,1,off,0.1,on,-4
1781756698929808560,2260.34,473.013,2.11411,2.01629,1.99286,0.133696,0.226912,0.057344,0.731136,0.843776,0.044852,6131954,6131954,1663433,27.1273,1920,1080,raygs,triangles,1,off,0.1,on,-4
1781756698931880622,2262.41,472.737,2.11534,2.01683,1.99488,0.134432,0.226784,0.057728,0.73216,0.843776,0.036222,6131954,6131954,1663433,27.1273,1920,1080,raygs,triangles,1,off,0.1,on,-4
1781756698933911176,2264.44,472.697,2.11552,2.024,2.0009,0.13712,0.224352,0.058368,0.738304,0.842752,0.035285,6131954,6131954,1663433,27.1273,1920,1080,raygs,triangles,1,off,0.1,on,-4
1781756698935954720,2266.49,473.477,2.11204,2.02173,2.00064,0.134752,0.225088,0.058048,0.738304,0.844448,0.034561,6131954,6131954,1663433,27.1273,1920,1080,raygs,triangles,1,off,0.1,on,-4
1781756698937996462,2268.53,474.051,2.10948,2.01533,1.99264,0.1336,0.224736,0.057344,0.733184,0.843776,0.036713,6131954,6131954,1663433,27.1273,1920,1080,raygs,triangles,1,off,0.1,on,-4
1781756698940029808,2270.56,474.037,2.10954,2.02147,1.99875,0.133568,0.22576,0.057344,0.73728,0.8448,0.037522,6131954,6131954,1663433,27.1273,1920,1080,raygs,triangles,1,off,0.1,on,-4
1781756698942314233,2272.84,474.322,2.10827,2.20992,2.18614,0.133632,0.420352,0.058368,0.729088,0.844704,0.019481,6131954,6131954,1663433,27.1273,1920,1080,raygs,triangles,1,off,0.1,on,-4
1781756698944344090,2274.87,473.783,2.11067,2.01859,1.99664,0.138272,0.224064,0.058368,0.73216,0.843776,0.029701,6131954,6131954,1663433,27.1273,1920,1080,raygs,triangles,1,off,0.1,on,-4
1781756698946375701,2276.91,473.835,2.11044,2.01318,1.99018,0.134496,0.224896,0.058208,0.729088,0.843488,0.026665,6131954,6131954,1663433,27.1273,1920,1080,raygs,triangles,1,off,0.1,on,-4
1781756698948526549,2279.06,473.952,2.10992,2.1432,2.12134,0.133472,0.224544,0.058368,0.861184,0.843776,0.025483,6131954,6131954,1663433,27.1273,1920,1080,raygs,triangles,1,off,0.1,on,-4
1781756698950689721,2281.22,473.535,2.11177,2.14067,2.11747,0.13408,0.342464,0.058208,0.738304,0.844416,0.025446,6131954,6131954,1663433,27.1273,1920,1080,raygs,triangles,1,off,0.1,on,-4
1781756698952745745,2283.28,473.903,2.11014,2.01984,1.99696,0.133504,0.22464,0.05776,0.73728,0.843776,0.026009,6131954,6131954,1663433,27.1273,1920,1080,raygs,triangles,1,off,0.1,on,-4
1781756698954786531,2285.32,474.373,2.10804,2.01837,1.99523,0.133536,0.22432,0.057344,0.736256,0.843776,0.027012,6131954,6131954,1663433,27.1273,1920,1080,raygs,triangles,1,off,0.1,on,-4
1781756698956828145,2287.36,474.38,2.10801,2.0216,1.99939,0.133696,0.225248,0.057344,0.738304,0.8448,0.025693,6131954,6131954,1663433,27.1273,1920,1080,raygs,triangles,1,off,0.1,on,-4
1781756698959219959,2289.75,474.844,2.10595,2.23616,1.99258,0.133408,0.226016,0.057632,0.730112,0.845408,0.031667,6131954,6131954,1663433,27.1273,1920,1080,raygs,triangles,1,off,0.1,on,-4
1781756698961258028,2291.79,473.69,2.11109,2.01939,1.996,0.137664,0.225344,0.058144,0.730112,0.844736,0.025564,6131954,6131954,1663433,27.1273,1920,1080,raygs,triangles,1,off,0.1,on,-4
1781756698963318564,2293.85,473.76,2.11077,2.01491,1.99258,0.134304,0.224992,0.058368,0.73216,0.842752,0.027351,6131954,6131954,1663433,27.1273,1920,1080,raygs,triangles,1,off,0.1,on,-4
1781756698965500585,2296.03,474.115,2.10919,2.15018,2.12803,0.134304,0.224448,0.058368,0.867328,0.843584,0.026323,6131954,6131954,1663433,27.1273,1920,1080,raygs,triangles,1,off,0.1,on,-4
1781756698967641354,2298.17,473.589,2.11153,2.14032,2.11696,0.133728,0.343808,0.057344,0.738304,0.843776,0.02546,6131954,6131954,1663433,27.1273,1920,1080,raygs,triangles,1,off,0.1,on,-4
1781756698969690748,2300.22,473.881,2.11023,2.0177,1.99555,0.132864,0.225312,0.058368,0.734208,0.8448,0.03035,6131954,6131954,1663433,27.1273,1920,1080,raygs,triangles,1,off,0.1,on,-4
1781756698971744307,2302.27,474.53,2.10735,2.01901,1.99664,0.133504,0.22576,0.058368,0.736256,0.842752,0.027188,6131954,6131954,1663433,27.1273,1920,1080,raygs,triangles,1,off,0.1,on,-4
1781756698973994849,2304.53,474.486,2.10754,2.02195,1.99891,0.132928,0.225952,0.057344,0.739328,0.84336,0.025566,6131954,6131954,1663433,27.1273,1920,1080,raygs,triangles,1,off,0.1,on,-4
1781756698976182778,2306.71,473.39,2.11242,2.16982,2.14765,0.152064,0.222912,0.058368,0.86976,0.844544,0.024778,6131954,6131954,1663433,27.1273,1920,1080,raygs,triangles,1,off,0.1,on,-4
1781756698978237524,2308.77,473.468,2.11208,2.01661,1.9927,0.133824,0.225792,0.057344,0.73216,0.843584,0.027904,6131954,6131954,1663433,27.1273,1920,1080,raygs,triangles,1,off,0.1,on,-4
1781756698980315955,2310.85,473.236,2.11311,2.04541,2.02362,0.133952,0.224256,0.058112,0.76288,0.844416,0.026723,6131954,6131954,1663433,27.1273,1920,1080,raygs,triangles,1,off,0.1,on,-4
1781756698982535935,2313.07,473.037,2.114,2.13834,2.1153,0.133792,0.2256,0.057344,0.85504,0.84352,0.038512,6131954,6131954,1663433,27.1273,1920,1080,raygs,triangles,1,off,0.1,on,-4
1781756698984535175,2315.07,472.402,2.11684,2.02157,1.99898,0.133664,0.224896,0.058368,0.738304,0.843744,0.017347,6131954,6131954,1663433,27.1273,1920,1080,raygs,triangles,1,off,0.1,on,-4
1781756698986575186,2317.11,473.139,2.11354,2.02045,1.9992,0.134336,0.225344,0.058368,0.735328,0.845824,0.027626,6131954,6131954,1663433,27.1273,1920,1080,raygs,triangles,1,off,0.1,on,-4
1781756698988648773,2319.18,473.806,2.11057,2.01632,1.99501,0.133536,0.226144,0.058368,0.733184,0.843776,0.029048,6131954,6131954,1663433,27.1273,1920,1080,raygs,triangles,1,off,0.1,on,-4
1781756698990808874,2321.34,473.746,2.11083,2.02208,1.99949,0.133184,0.224832,0.058368,0.739328,0.843776,0.029763,6131954,6131954,1663433,27.1273,1920,1080,raygs,triangles,1,off,0.1,on,-4
1781756698993113504,2323.64,473.522,2.11183,2.1951,2.17242,0.13824,0.224768,0.058368,0.90624,0.8448,0.041536,6131954,6131954,1663433,27.1273,1920,1080,raygs,triangles,1,off,0.1,on,-4
1781756698995109174,2325.64,472.69,2.11555,2.01418,1.99184,0.133824,0.2248,0.058368,0.731136,0.843712,0.017072,6131954,6131954,1663433,27.1273,1920,1080,raygs,triangles,1,off,0.1,on,-4
1781756698997182361,2327.71,472.916,2.11454,2.04554,2.0225,0.133056,0.225536,0.058272,0.760832,0.8448,0.026924,6131954,6131954,1663433,27.1273,1920,1080,raygs,triangles,1,off,0.1,on,-4
1781756698999344812,2329.88,472.871,2.11474,2.14544,2.12163,0.133632,0.223648,0.058368,0.862208,0.843776,0.030299,6131954,6131954,1663433,27.1273,1920,1080,raygs,triangles,1,off,0.1,on,-4
1781756699001510083,2332.04,472.419,2.11676,2.13354,2.11331,0.25072,0.223168,0.057344,0.73728,0.8448,0.026947,6131954,6131954,1663433,27.1273,1920,1080,raygs,triangles,1,off,0.1,on,-4
1781756699003680186,2334.21,472.624,2.11585,2.15181,2.1296,0.133856,0.352224,0.058368,0.741376,0.843776,0.027638,6131954,6131954,1663433,27.1273,1920,1080,raygs,triangles,1,off,0.1,on,-4
1781756699005704916,2336.24,472.825,2.11495,2.01754,1.99603,0.13376,0.225184,0.058368,0.734208,0.844512,0.024773,6131954,6131954,1663433,27.1273,1920,1080,raygs,triangles,1,off,0.1,on,-4
1781756699007897329,2338.43,473.053,2.11393,2.0183,1.99517,0.134496,0.227264,0.057344,0.732384,0.84368,0.024598,6131954,6131954,1663433,27.1273,1920,1080,raygs,triangles,1,off,0.1,on,-4
1781756699010129735,2340.66,472.445,2.11665,2.19158,2.16918,0.13776,0.223104,0.058368,0.905216,0.844736,0.024355,6131954,6131954,1663433,27.1273,1920,1080,raygs,triangles,1,off,0.1,on,-4
1781756699012183852,2342.71,472.108,2.11816,2.01238,1.99222,0.134016,0.225152,0.058368,0.730112,0.844576,0.026387,6131954,6131954,1663433,27.1273,1920,1080,raygs,triangles,1,off,0.1,on,-4
1781756699014244781,2344.78,472.058,2.11838,2.02662,2.00349,0.134656,0.225312,0.059392,0.740352,0.843776,0.028162,6131954,6131954,1663433,27.1273,1920,1080,raygs,triangles,1,off,0.1,on,-4
1781756699016498013,2347.03,471.819,2.11946,2.2471,2.22582,0.250656,0.223328,0.057344,0.850944,0.843552,0.025308,6131954,6131954,1663433,27.1273,1920,1080,raygs,triangles,1,off,0.1,on,-4
1781756699018562183,2349.09,471.157,2.12243,2.01962,1.99744,0.133824,0.22608,0.057504,0.735232,0.8448,0.028041,6131954,6131954,1663433,27.1273,1920,1080,raygs,triangles,1,off,0.1,on,-4
1781756699020612567,2351.14,472.584,2.11602,2.01709,1.99405,0.133792,0.225952,0.057344,0.733184,0.843776,0.027484,6131954,6131954,1663433,27.1273,1920,1080,raygs,triangles,1,off,0.1,on,-4
1781756699022640206,2353.17,472.292,2.11733,2.01994,1.99901,0.133792,0.225856,0.058368,0.736256,0.844736,0.025175,6131954,6131954,1663433,27.1273,1920,1080,raygs,triangles,1,off,0.1,on,-4
1781756699025030429,2355.56,472.401,2.11685,2.23984,2.21658,0.133824,0.450496,0.057344,0.730112,0.8448,0.02565,6131954,6131954,1663433,27.1273,1920,1080,raygs,triangles,1,off,0.1,on,-4
1781756699027064227,2357.59,471.05,2.12292,2.01738,1.99482,0.137632,0.22448,0.057792,0.730112,0.8448,0.024373,6131954,6131954,1663433,27.1273,1920,1080,raygs,triangles,1,off,0.1,on,-4
1781756699029105964,2359.64,471.976,2.11875,2.01155,1.98915,0.13392,0.225024,0.058368,0.728064,0.843776,0.024549,6131954,6131954,1663433,27.1273,1920,1080,raygs,triangles,1,off,0.1,on,-4
1781756699031149255,2361.68,471.987,2.1187,2.01619,1.99373,0.139424,0.223072,0.058368,0.730112,0.842752,0.024831,6131954,6131954,1663433,27.1273,1920,1080,raygs,triangles,1,off,0.1,on,-4
1781756699033437016,2363.97,472.147,2.11798,2.13632,2.11229,0.13408,0.341728,0.057472,0.736256,0.842752,0.030528,6131954,6131954,1663433,27.1273,1920,1080,raygs,triangles,1,off,0.1,on,-4
1781756699035463203,2365.99,471.128,2.12257,2.02029,1.99821,0.13744,0.224416,0.058368,0.734208,0.843776,0.024504,6131954,6131954,1663433,27.1273,1920,1080,raygs,triangles,1,off,0.1,on,-4
1781756699037534465,2368.07,472.379,2.11694,2.02432,2.00278,0.133696,0.225728,0.058368,0.740352,0.84464,0.026746,6131954,6131954,1663433,27.1273,1920,1080,raygs,triangles,1,off,0.1,on,-4
1781756699039566234,2370.1,472.362,2.11702,2.02099,1.9999,0.134144,0.225312,0.058368,0.738304,0.843776,0.026318,6131954,6131954,1663433,27.1273,1920,1080,raygs,triangles,1,off,0.1,on,-4
1781756699041950616,2372.48,474.022,2.10961,2.24086,2.21632,0.13376,0.450464,0.057344,0.730112,0.84464,0.025771,6131954,6131954,1663433,27.1273,1920,1080,raygs,triangles,1,off,0.1,on,-4
1781756699044018907,2374.55,471.718,2.11991,2.02086,1.99786,0.138592,0.22496,0.057344,0.733184,0.843776,0.025149,6131954,6131954,1663433,27.1273,1920,1080,raygs,triangles,1,off,0.1,on,-4
1781756699046043560,2376.57,472.505,2.11638,2.0121,1.9896,0.134336,0.225056,0.057344,0.729088,0.843776,0.024559,6131954,6131954,1663433,27.1273,1920,1080,raygs,triangles,1,off,0.1,on,-4
1781756699048084743,2378.62,473.084,2.11379,2.0145,1.992,0.13376,0.224768,0.057536,0.730112,0.845824,0.025844,6131954,6131954,1663433,27.1273,1920,1080,raygs,triangles,1,off,0.1,on,-4
1781756699050244539,2380.78,473.078,2.11382,2.13696,2.11443,0.133888,0.343328,0.057344,0.734208,0.845664,0.025614,6131954,6131954,1663433,27.1273,1920,1080,raygs,triangles,1,off,0.1,on,-4
1781756699052381320,2382.91,473.013,2.11411,2.01766,1.99565,0.133888,0.225344,0.057344,0.735424,0.843648,0.045247,6131954,6131954,1663433,27.1273,1920,1080,raygs,triangles,1,off,0.1,on,-4
1781756699054366092,2384.9,473.497,2.11195,2.01955,1.99715,0.134336,0.224416,0.058368,0.736384,0.843648,0.022415,6131954,6131954,1663433,27.1273,1920,1080,raygs,triangles,1,off,0.1,on,-4
1781756699056411105,2386.94,473.701,2.11104,2.02272,2.00128,0.133504,0.224672,0.058368,0.740352,0.844384,0.027695,6131954,6131954,1663433,27.1273,1920,1080,raygs,triangles,1,off,0.1,on,-4
1781756699058764627,2389.3,474.04,2.10952,2.17642,2.1551,0.133888,0.224096,0.221184,0.731136,0.8448,0.030233,6131954,6131954,1663433,27.1273,1920,1080,raygs,triangles,1,off,0.1,on,-4
1781756699060822954,2391.35,472.898,2.11462,2.02883,2.00685,0.150656,0.223488,0.057792,0.730112,0.8448,0.031851,6131954,6131954,1663433,27.1273,1920,1080,raygs,triangles,1,off,0.1,on,-4
1781756699062858842,2393.39,472.724,2.1154,2.01501,1.99264,0.134304,0.225056,0.058368,0.731136,0.843776,0.028076,6131954,6131954,1663433,27.1273,1920,1080,raygs,triangles,1,off,0.1,on,-4
1781756699064900885,2395.43,472.807,2.11503,2.01558,1.99494,0.133952,0.225664,0.058368,0.73216,0.8448,0.02952,6131954,6131954,1663433,27.1273,1920,1080,raygs,triangles,1,off,0.1,on,-4
1781756699067071381,2397.6,472.775,2.11517,2.13648,2.11526,0.13392,0.34192,0.058368,0.73728,0.843776,0.031948,6131954,6131954,1663433,27.1273,1920,1080,raygs,triangles,1,off,0.1,on,-4
1781756699069174080,2399.7,472.274,2.11741,2.01952,1.99862,0.134688,0.225504,0.058368,0.735264,0.8448,0.044641,6131954,6131954,1663433,27.1273,1920,1080,raygs,triangles,1,off,0.1,on,-4
1781756699071278153,2401.81,472.966,2.11432,2.14496,2.12163,0.133792,0.352608,0.057344,0.733184,0.844704,0.017431,6131954,6131954,1663433,27.1273,1920,1080,raygs,triangles,1,off,0.1,on,-4
1781756699073330506,2403.86,472.666,2.11566,2.02051,1.99866,0.133728,0.226144,0.057728,0.736256,0.8448,0.027492,6131954,6131954,1663433,27.1273,1920,1080,raygs,triangles,1,off,0.1,on,-4
1781756699075668890,2406.2,472.513,2.11634,2.17616,1.99088,0.13408,0.224704,0.05808,0.731264,0.842752,0.027465,6131954,6131954,1663433,27.1273,1920,1080,raygs,triangles,1,off,0.1,on,-4
1781756699077719462,2408.25,471.906,2.11907,2.02653,2.00413,0.149024,0.222848,0.058368,0.730112,0.843776,0.026869,6131954,6131954,1663433,27.1273,1920,1080,raygs,triangles,1,off,0.1,on,-4
1781756699079773422,2410.3,472.238,2.11758,2.01363,1.99155,0.13392,0.225248,0.057344,0.73024,0.8448,0.030143,6131954,6131954,1663433,27.1273,1920,1080,raygs,triangles,1,off,0.1,on,-4
1781756699081810914,2412.34,472.212,2.11769,2.01395,1.99162,0.134304,0.225056,0.058368,0.731136,0.842752,0.027659,6131954,6131954,1663433,27.1273,1920,1080,raygs,triangles,1,off,0.1,on,-4
1781756699083959923,2414.49,472.178,2.11785,2.1367,2.11341,0.133856,0.342176,0.057344,0.735232,0.8448,0.02628,6131954,6131954,1663433,27.1273,1920,1080,raygs,triangles,1,off,0.1,on,-4
1781756699086005636,2416.54,471.86,2.11927,2.01779,1.99587,0.133536,0.22496,0.057344,0.735232,0.8448,0.026703,6131954,6131954,1663433,27.1273,1920,1080,raygs,triangles,1,off,0.1,on,-4
1781756699088052388,2418.58,473.153,2.11348,2.02154,1.99968,0.133856,0.225856,0.057344,0.738304,0.84432,0.027748,6131954,6131954,1663433,27.1273,1920,1080,raygs,triangles,1,off,0.1,on,-4
1781756699090106329,2420.64,473.101,2.11372,2.02288,2.0017,0.133984,0.225376,0.058368,0.739328,0.84464,0.027448,6131954,6131954,1663433,27.1273,1920,1080,raygs,triangles,1,off,0.1,on,-4
1781756699092478558,2423.01,473.152,2.11348,2.17866,2.15706,0.133792,0.225344,0.224256,0.728064,0.8456,0.028691,6131954,6131954,1663433,27.1273,1920,1080,raygs,triangles,1,off,0.1,on,-4
1781756699094535073,2425.07,472.38,2.11694,2.03178,2.0088,0.150208,0.224288,0.057344,0.73216,0.8448,0.02722,6131954,6131954,1663433,27.1273,1920,1080,raygs,triangles,1,off,0.1,on,-4
1781756699096566936,2427.1,472.73,2.11537,2.0129,1.99069,0.13424,0.226048,0.057344,0.729504,0.843552,0.028272,6131954,6131954,1663433,27.1273,1920,1080,raygs,triangles,1,off,0.1,on,-4
1781756699098659868,2429.19,472.809,2.11502,2.01853,1.99642,0.133792,0.225056,0.058368,0.734496,0.844704,0.044039,6131954,6131954,1663433,27.1273,1920,1080,raygs,triangles,1,off,0.1,on,-4
1781756699100799988,2431.33,472.715,2.11544,2.13914,2.11645,0.133472,0.343552,0.058368,0.736256,0.8448,0.021654,6131954,6131954,1663433,27.1273,1920,1080,raygs,triangles,1,off,0.1,on,-4
1781756699102838492,2433.37,473.049,2.11395,2.02208,1.99904,0.134208,0.226656,0.057344,0.736256,0.844576,0.028275,6131954,6131954,1663433,27.1273,1920,1080,raygs,triangles,1,off,0.1,on,-4
1781756699104885472,2435.42,473.607,2.11145,2.01392,1.99267,0.133408,0.223936,0.058368,0.733184,0.843776,0.028654,6131954,6131954,1663433,27.1273,1920,1080,raygs,triangles,1,off,0.1,on,-4
1781756699106927409,2437.46,473.681,2.11113,2.01955,1.99722,0.134752,0.226112,0.058368,0.734208,0.843776,0.027747,6131954,6131954,1663433,27.1273,1920,1080,raygs,triangles,1,off,0.1,on,-4
1781756699109299882,2439.83,473.797,2.11061,2.18534,2.13856,0.1336,0.374176,0.057344,0.729088,0.844352,0.02849,6131954,6131954,1663433,27.1273,1920,1080,raygs,triangles,1,off,0.1,on,-4
1781756699111371479,2441.9,473.231,2.11313,2.02611,2.00378,0.14896,0.223584,0.057344,0.729088,0.8448,0.036674,6131954,6131954,1663433,27.1273,1920,1080,raygs,triangles,1,off,0.1,on,-4
1781756699113371364,2443.9,473.095,2.11374,2.01446,1.99366,0.133792,0.225568,0.058368,0.73216,0.843776,0.020833,6131954,6131954,1663433,27.1273,1920,1080,raygs,triangles,1,off,0.1,on,-4
1781756699115419322,2445.95,473.097,2.11373,2.01754,1.99469,0.133728,0.224992,0.058368,0.734208,0.843392,0.027757,6131954,6131954,1663433,27.1273,1920,1080,raygs,triangles,1,off,0.1,on,-4
1781756699117590515,2448.12,473.212,2.11322,2.13517,2.11277,0.133984,0.342432,0.057344,0.735232,0.843776,0.0286,6131954,6131954,1663433,27.1273,1920,1080,raygs,triangles,1,off,0.1,on,-4
1781756699119686235,2450.22,473.169,2.11341,2.01834,1.99677,0.133504,0.226144,0.058112,0.735232,0.843776,0.049306,6131954,6131954,1663433,27.1273,1920,1080,raygs,triangles,1,off,0.1,on,-4
1781756699121793162,2452.32,474.005,2.10968,2.01968,1.9975,0.133984,0.22592,0.057408,0.735488,0.844704,0.017945,6131954,6131954,1663433,27.1273,1920,1080,raygs,triangles,1,off,0.1,on,-4
1781756699123862555,2454.39,473.642,2.1113,2.02714,2.00496,0.137824,0.224576,0.057344,0.740416,0.8448,0.039348,6131954,6131954,1663433,27.1273,1920,1080,raygs,triangles,1,off,0.1,on,-4
1781756699126234390,2456.77,473.646,2.11128,2.34038,2.32042,0.328704,0.22224,0.058368,0.867328,0.843776,0.021048,6131954,6131954,1663433,27.1273,1920,1080,raygs,triangles,1,off,0.1,on,-4
1781756699128252733,2458.78,472.808,2.11502,2.0135,1.99034,0.13472,0.225408,0.057344,0.729088,0.843776,0.028529,6131954,6131954,1663433,27.1273,1920,1080,raygs,triangles,1,off,0.1,on,-4
1781756699130333604,2460.86,473.368,2.11252,2.04387,2.02166,0.134464,0.226272,0.058368,0.758784,0.843776,0.028342,6131954,6131954,1663433,27.1273,1920,1080,raygs,triangles,1,off,0.1,on,-4
1781756699132491174,2463.02,473.634,2.11133,2.01744,1.99373,0.134048,0.2256,0.057408,0.733184,0.843488,0.028905,6131954,6131954,1663433,27.1273,1920,1080,raygs,triangles,1,off,0.1,on,-4
1781756699134532058,2465.06,473.145,2.11352,2.0217,1.99987,0.136896,0.224576,0.058368,0.735232,0.8448,0.029171,6131954,6131954,1663433,27.1273,1920,1080,raygs,triangles,1,off,0.1,on,-4
1781756699136576000,2467.11,473.671,2.11117,2.01859,1.99594,0.13376,0.224128,0.058016,0.736256,0.843776,0.029503,6131954,6131954,1663433,27.1273,1920,1080,raygs,triangles,1,off,0.1,on,-4
1781756699138663020,2469.19,474.395,2.10795,2.01942,1.99674,0.133984,0.224352,0.058368,0.735232,0.8448,0.046695,6131954,6131954,1663433,27.1273,1920,1080,raygs,triangles,1,off,0.1,on,-4
1781756699140879600,2471.41,474.339,2.1082,2.02464,2.00355,0.132672,0.22656,0.058144,0.7424,0.843776,0.020047,6131954,6131954,1663433,27.1273,1920,1080,raygs,triangles,1,off,0.1,on,-4
1781756699143135274,2473.67,473.851,2.11037,2.23962,2.2183,0.150016,0.222016,0.058368,0.94208,0.845824,0.028348,6131954,6131954,1663433,27.1273,1920,1080,raygs,triangles,1,off,0.1,on,-4
1781756699145167202,2475.7,473.657,2.11123,2.00986,1.98746,0.13424,0.224032,0.057344,0.728064,0.843776,0.028517,6131954,6131954,1663433,27.1273,1920,1080,raygs,triangles,1,off,0.1,on,-4
1781756699147228650,2477.76,473.816,2.11052,2.04214,2.02013,0.133856,0.225696,0.058016,0.759808,0.842752,0.027902,6131954,6131954,1663433,27.1273,1920,1080,raygs,triangles,1,off,0.1,on,-4
1781756699149385119,2479.92,473.858,2.11034,2.13936,1.99818,0.133632,0.224096,0.058368,0.73728,0.8448,0.028688,6131954,6131954,1663433,27.1273,1920,1080,raygs,triangles,1,off,0.1,on,-4
1781756699151435433,2481.97,473.304,2.11281,2.01974,1.99578,0.13392,0.225792,0.057344,0.734208,0.844512,0.027202,6131954,6131954,1663433,27.1273,1920,1080,raygs,triangles,1,off,0.1,on,-4
1781756699153796538,2484.33,474.572,2.10716,2.02294,1.99958,0.13376,0.2264,0.057344,0.738304,0.843776,0.05788,6131954,6131954,1663433,27.1273,1920,1080,raygs,triangles,1,off,0.1,on,-4
1781756699155659597,2486.19,472.781,2.11514,2.01686,1.99517,0.134048,0.225152,0.057344,0.733184,0.84544,0.037689,6131954,6131954,1663433,27.1273,1920,1080,raygs,triangles,1,off,0.1,on,-4
1781756699157869351,2488.4,473.984,2.10978,2.01389,1.99258,0.133184,0.224064,0.058368,0.73216,0.8448,0.035781,6131954,6131954,1663433,27.1273,1920,1080,raygs,triangles,1,off,0.1,on,-4
1781756699160058058,2490.59,473.365,2.11253,2.16963,2.1472,0.15136,0.224512,0.058176,0.868352,0.8448,0.037543,6131954,6131954,1663433,27.1273,1920,1080,raygs,triangles,1,off,0.1,on,-4
1781756699162105246,2492.64,473.755,2.1108,2.01216,1.98973,0.133632,0.224704,0.058432,0.729184,0.843776,0.035334,6131954,6131954,1663433,27.1273,1920,1080,raygs,triangles,1,off,0.1,on,-4
1781756699164187217,2494.72,473.655,2.11124,2.04387,2.02019,0.134464,0.2256,0.057728,0.758784,0.843616,0.036795,6131954,6131954,1663433,27.1273,1920,1080,raygs,triangles,1,off,0.1,on,-4
1781756699166362790,2496.89,473.581,2.11157,2.13885,1.99747,0.134368,0.225664,0.058432,0.734208,0.8448,0.03323,6131954,6131954,1663433,27.1273,1920,1080,raygs,triangles,1,off,0.1,on,-4
1781756699168275171,2498.81,473.145,2.11352,2.02006,1.99606,0.133184,0.225504,0.057344,0.736256,0.843776,0.017589,6131954,6131954,1663433,27.1273,1920,1080,raygs,triangles,1,off,0.1,on,-4
1781756699170342993,2500.87,474.859,2.10589,2.01722,1.99488,0.13344,0.224992,0.057344,0.734304,0.8448,0.035746,6131954,6131954,1663433,27.1273,1920,1080,raygs,triangles,1,off,0.1,on,-4
1781756699172341255,2502.87,474.938,2.10554,2.01827,1.99587,0.13392,0.226656,0.057344,0.733184,0.844768,0.021444,6131954,6131954,1663433,27.1273,1920,1080,raygs,triangles,1,off,0.1,on,-4
1781756699174590291,2505.12,474.942,2.10552,2.02182,1.99994,0.132896,0.225152,0.058208,0.740352,0.843328,0.026191,6131954,6131954,1663433,27.1273,1920,1080,raygs,triangles,1,off,0.1,on,-4
1781756699176769796,2507.3,474.278,2.10847,2.16307,2.14163,0.149888,0.221376,0.058368,0.867328,0.844672,0.026285,6131954,6131954,1663433,27.1273,1920,1080,raygs,triangles,1,off,0.1,on,-4
1781756699178819484,2509.35,474.199,2.10882,2.01437,1.9927,0.133984,0.22544,0.058368,0.731136,0.843776,0.027234,6131954,6131954,1663433,27.1273,1920,1080,raygs,triangles,1,off,0.1,on,-4
1781756699180926942,2511.46,474.612,2.10698,2.04845,2.02755,0.13392,0.224512,0.058368,0.766976,0.843776,0.026313,6131954,6131954,1663433,27.1273,1920,1080,raygs,triangles,1,off,0.1,on,-4
1781756699183086394,2513.62,474.115,2.10919,2.13834,2.11814,0.134752,0.226304,0.058368,0.852992,0.845728,0.025843,6131954,6131954,1663433,27.1273,1920,1080,raygs,triangles,1,off,0.1,on,-4
1781756699185158404,2515.69,473.674,2.11116,2.02096,1.99779,0.134048,0.225344,0.057344,0.73728,0.843776,0.034627,6131954,6131954,1663433,27.1273,1920,1080,raygs,triangles,1,off,0.1,on,-4
1781756699187202850,2517.73,474.782,2.10623,2.0201,1.99683,0.133248,0.226528,0.057344,0.735232,0.84448,0.029494,6131954,6131954,1663433,27.1273,1920,1080,raygs,triangles,1,off,0.1,on,-4
1781756699189243811,2519.77,474.869,2.10584,2.01654,1.99414,0.134304,0.225536,0.057344,0.733184,0.843776,0.026649,6131954,6131954,1663433,27.1273,1920,1080,raygs,triangles,1,off,0.1,on,-4
1781756699191440142,2521.97,474.821,2.10606,2.01395,1.99062,0.133408,0.22496,0.057344,0.731136,0.843776,0.019217,6131954,6131954,1663433,27.1273,1920,1080,raygs,triangles,1,off,0.1,on,-4
1781756699193684339,2524.21,474.215,2.10875,2.2135,2.19149,0.138528,0.224,0.058368,0.925984,0.844608,0.034408,6131954,6131954,1663433,27.1273,1920,1080,raygs,triangles,1,off,0.1,on,-4
1781756699195715913,2526.25,473.972,2.10983,2.01862,1.99587,0.133792,0.225728,0.058368,0.734208,0.843776,0.019601,6131954,6131954,1663433,27.1273,1920,1080,raygs,triangles,1,off,0.1,on,-4
1781756699197895187,2528.43,474.215,2.10875,2.0224,1.99754,0.133472,0.2256,0.058368,0.73632,0.843776,0.042247,6131954,6131954,1663433,27.1273,1920,1080,raygs,triangles,1,off,0.1,on,-4
1781756699200077570,2530.61,473.927,2.11003,2.24986,2.22973,0.24832,0.224224,0.057344,0.856064,0.843776,0.03828,6131954,6131954,1663433,27.1273,1920,1080,raygs,triangles,1,off,0.1,on,-4
1781756699202070782,2532.6,473.42,2.11229,2.02179,1.99837,0.133984,0.22496,0.057344,0.73728,0.8448,0.018271,6131954,6131954,1663433,27.1273,1920,1080,raygs,triangles,1,off,0.1,on,-4
1781756699204179923,2534.71,474.565,2.10719,2.01981,1.99606,0.13296,0.22656,0.057344,0.735616,0.843584,0.044079,6131954,6131954,1663433,27.1273,1920,1080,raygs,triangles,1,off,0.1,on,-4
1781756699206203780,2536.73,474.487,2.10754,2.02077,1.99798,0.13392,0.225664,0.058368,0.736256,0.843776,0.033153,6131954,6131954,1663433,27.1273,1920,1080,raygs,triangles,1,off,0.1,on,-4
1781756699208599896,2539.13,474.656,2.10679,2.19238,2.16874,0.133792,0.404064,0.058368,0.728064,0.844448,0.030156,6131954,6131954,1663433,27.1273,1920,1080,raygs,triangles,1,off,0.1,on,-4
1781756699210643138,2541.17,473.384,2.11245,2.01878,1.99728,0.139296,0.223808,0.05824,0.731136,0.8448,0.029691,6131954,6131954,1663433,27.1273,1920,1080,raygs,triangles,1,off,0.1,on,-4
1781756699212646919,2543.18,473.677,2.11114,2.01312,1.98931,0.134464,0.2248,0.057344,0.728064,0.84464,0.030404,6131954,6131954,1663433,27.1273,1920,1080,raygs,triangles,1,off,0.1,on,-4
1781756699214663441,2545.19,473.832,2.11045,2.00915,1.98768,0.131488,0.224224,0.0584,0.729088,0.84448,0.029216,6131954,6131954,1663433,27.1273,1920,1080,raygs,triangles,1,off,0.1,on,-4
1781756699216937162,2547.47,473.947,2.10994,2.13408,2.11366,0.133632,0.339904,0.058368,0.73728,0.84448,0.030765,6131954,6131954,1663433,27.1273,1920,1080,raygs,triangles,1,off,0.1,on,-4
1781756699218994971,2549.53,473.122,2.11362,2.02672,2.00272,0.136768,0.223616,0.058368,0.739328,0.84464,0.03684,6131954,6131954,1663433,27.1273,1920,1080,raygs,triangles,1,off,0.1,on,-4
1781756699221192677,2551.72,474.362,2.10809,2.15859,2.13491,0.133856,0.22544,0.057344,0.874496,0.843776,0.034031,6131954,6131954,1663433,27.1273,1920,1080,raygs,triangles,1,off,0.1,on,-4
1781756699223203561,2553.73,473.782,2.11068,2.02314,2.00176,0.13424,0.224,0.058368,0.741376,0.843776,0.025084,6131954,6131954,1663433,27.1273,1920,1080,raygs,triangles,1,off,0.1,on,-4
1781756699225563601,2556.09,473.795,2.11062,2.19686,2.17562,0.318112,0.225248,0.057344,0.730112,0.8448,0.037436,6131954,6131954,1663433,27.1273,1920,1080,raygs,triangles,1,off,0.1,on,-4
1781756699227600790,2558.13,472.82,2.11497,2.02269,2.00054,0.13888,0.225248,0.058368,0.733504,0.844544,0.026956,6131954,6131954,1663433,27.1273,1920,1080,raygs,triangles,1,off,0.1,on,-4
1781756699229665478,2560.2,473.248,2.11306,2.01549,1.99302,0.134784,0.225184,0.058368,0.731136,0.843552,0.034849,6131954,6131954,1663433,27.1273,1920,1080,raygs,triangles,1,off,0.1,on,-4
1781756699231680130,2562.21,473.163,2.11344,2.01424,1.99082,0.13456,0.225152,0.057504,0.730112,0.843488,0.017588,6131954,6131954,1663433,27.1273,1920,1080,raygs,triangles,1,off,0.1,on,-4
1781756699233979832,2564.51,473.147,2.11351,2.13862,2.11683,0.134016,0.343072,0.057664,0.73728,0.8448,0.040129,6131954,6131954,1663433,27.1273,1920,1080,raygs,triangles,1,off,0.1,on,-4
1781756699236000262,2566.53,472.29,2.11734,2.02272,2.00064,0.13792,0.22432,0.057344,0.736256,0.8448,0.017672,6131954,6131954,1663433,27.1273,1920,1080,raygs,triangles,1,off,0.1,on,-4
1781756699238067299,2568.6,473.594,2.11151,2.0216,1.99888,0.134016,0.223392,0.057344,0.739328,0.8448,0.037549,6131954,6131954,1663433,27.1273,1920,1080,raygs,triangles,1,off,0.1,on,-4
1781756699240068775,2570.6,473.588,2.11154,2.02234,2.00083,0.134272,0.225088,0.058368,0.738304,0.8448,0.019706,6131954,6131954,1663433,27.1273,1920,1080,raygs,triangles,1,off,0.1,on,-4
1781756699242453954,2572.98,473.575,2.1116,2.23594,2.21216,0.134048,0.445856,0.058368,0.730112,0.843776,0.02632,6131954,6131954,1663433,27.1273,1920,1080,raygs,triangles,1,off,0.1,on,-4
1781756699244569089,2575.1,472.374,2.11697,2.0167,1.99277,0.138016,0.22352,0.057344,0.730112,0.843776,0.046346,6131954,6131954,1663433,27.1273,1920,1080,raygs,triangles,1,off,0.1,on,-4
1781756699246546271,2577.08,472.555,2.11616,2.01466,1.99296,0.13392,0.227008,0.057536,0.730112,0.844384,0.018395,6131954,6131954,1663433,27.1273,1920,1080,raygs,triangles,1,off,0.1,on,-4
1781756699248716408,2579.25,472.914,2.11455,2.14282,2.11933,0.134112,0.225056,0.057344,0.859136,0.84368,0.032266,6131954,6131954,1663433,27.1273,1920,1080,raygs,triangles,1,off,0.1,on,-4
1781756699250868209,2581.4,472.676,2.11561,2.13472,2.11315,0.133952,0.341824,0.058368,0.735232,0.843776,0.0291,6131954,6131954,1663433,27.1273,1920,1080,raygs,triangles,1,off,0.1,on,-4
1781756699252938881,2583.47,472.4,2.11685,2.02214,2.00003,0.13424,0.225344,0.058368,0.738304,0.843776,0.029846,6131954,6131954,1663433,27.1273,1920,1080,raygs,triangles,1,off,0.1,on,-4
1781756699254960109,2585.49,473.617,2.11141,2.01574,1.9936,0.134016,0.226304,0.058368,0.731136,0.843776,0.02807,6131954,6131954,1663433,27.1273,1920,1080,raygs,triangles,1,off,0.1,on,-4
1781756699257021254,2587.55,473.555,2.11169,2.02253,1.99907,0.133888,0.224736,0.057344,0.739328,0.843776,0.029266,6131954,6131954,1663433,27.1273,1920,1080,raygs,triangles,1,off,0.1,on,-4
1781756699259391173,2589.92,473.571,2.11161,2.19085,2.16944,0.133632,0.225408,0.235488,0.730112,0.8448,0.030993,6131954,6131954,1663433,27.1273,1920,1080,raygs,triangles,1,off,0.1,on,-4
1781756699261438580,2591.97,472.765,2.11522,2.03082,2.0079,0.151136,0.222688,0.058144,0.73216,0.843776,0.027845,6131954,6131954,1663433,27.1273,1920,1080,raygs,triangles,1,off,0.1,on,-4
1781756699263535247,2594.07,472.822,2.11496,2.01363,1.9897,0.13392,0.225216,0.057344,0.72944,0.843776,0.044402,6131954,6131954,1663433,27.1273,1920,1080,raygs,triangles,1,off,0.1,on,-4
1781756699265512454,2596.04,472.64,2.11577,2.02109,1.99818,0.134176,0.2256,0.058368,0.736256,0.843776,0.018004,6131954,6131954,1663433,27.1273,1920,1080,raygs,triangles,1,off,0.1,on,-4
1781756699267692025,2598.22,472.864,2.11477,2.13846,2.11587,0.13456,0.344224,0.05808,0.735232,0.843776,0.027891,6131954,6131954,1663433,27.1273,1920,1080,raygs,triangles,1,off,0.1,on,-4
1781756699269722680,2600.25,473.113,2.11366,2.01942,1.9976,0.134624,0.224576,0.058368,0.736256,0.843776,0.027223,6131954,6131954,1663433,27.1273,1920,1080,raygs,triangles,1,off,0.1,on,-4
1781756699271771733,2602.3,474.023,2.1096,2.02035,1.99901,0.134432,0.226176,0.058368,0.735232,0.8448,0.027898,6131954,6131954,1663433,27.1273,1920,1080,raygs,triangles,1,off,0.1,on,-4
1781756699273815662,2604.35,473.902,2.11014,2.01677,1.99302,0.132992,0.224544,0.057504,0.735232,0.842752,0.027325,6131954,6131954,1663433,27.1273,1920,1080,raygs,triangles,1,off,0.1,on,-4
1781756699276208274,2606.74,473.965,2.10986,2.22768,1.98838,0.133952,0.225248,0.058368,0.72704,0.843776,0.031826,6131954,6131954,1663433,27.1273,1920,1080,raygs,triangles,1,off,0.1,on,-4
1781756699278235345,2608.77,472.997,2.11418,2.01926,1.99725,0.138528,0.225056,0.057664,0.73136,0.84464,0.026627,6131954,6131954,1663433,27.1273,1920,1080,raygs,triangles,1,off,0.1,on,-4
1781756699280331386,2610.86,473.181,2.11336,2.01418,1.99098,0.134464,0.226304,0.057344,0.730112,0.842752,0.044847,6131954,6131954,1663433,27.1273,1920,1080,raygs,triangles,1,off,0.1,on,-4
1781756699282316777,2612.85,474.787,2.10621,2.01654,1.99491,0.133792,0.224864,0.058368,0.733184,0.844704,0.016734,6131954,6131954,1663433,27.1273,1920,1080,raygs,triangles,1,off,0.1,on,-4
1781756699284485365,2615.02,473.689,2.11109,2.14112,2.11808,0.13344,0.343168,0.058368,0.739328,0.843776,0.026879,6131954,6131954,1663433,27.1273,1920,1080,raygs,triangles,1,off,0.1,on,-4
1781756699286531710,2617.06,473.896,2.11017,2.01894,1.996,0.133728,0.22544,0.05808,0.735232,0.84352,0.029305,6131954,6131954,1663433,27.1273,1920,1080,raygs,triangles,1,off,0.1,on,-4
1781756699288575828,2619.11,474.408,2.10789,2.01725,1.996,0.134048,0.225536,0.058368,0.733568,0.84448,0.027652,6131954,6131954,1663433,27.1273,1920,1080,raygs,triangles,1,off,0.1,on,-4
1781756699290826078,2621.36,474.445,2.10773,2.02067,1.99978,0.133824,0.225632,0.05808,0.737504,0.844736,0.030761,6131954,6131954,1663433,27.1273,1920,1080,raygs,triangles,1,off,0.1,on,-4
1781756699293008356,2623.54,473.764,2.11076,2.16406,2.14147,0.148768,0.222432,0.057344,0.868352,0.844576,0.028241,6131954,6131954,1663433,27.1273,1920,1080,raygs,triangles,1,off,0.1,on,-4
1781756699295058296,2625.59,473.709,2.111,2.01197,1.98989,0.133184,0.224448,0.058368,0.729088,0.8448,0.029147,6131954,6131954,1663433,27.1273,1920,1080,raygs,triangles,1,off,0.1,on,-4
1781756699297111577,2627.64,473.223,2.11317,2.04365,2.01965,0.13424,0.225824,0.057344,0.758784,0.843456,0.027707,6131954,6131954,1663433,27.1273,1920,1080,raygs,triangles,1,off,0.1,on,-4
1781756699299269463,2629.8,473.233,2.11312,2.14038,2.11936,0.133632,0.225792,0.058048,0.858112,0.843776,0.028524,6131954,6131954,1663433,27.1273,1920,1080,raygs,triangles,1,off,0.1,on,-4
1781756699301510146,2632.04,472.737,2.11534,2.0199,1.99824,0.133056,0.22576,0.057344,0.73728,0.8448,0.044202,6131954,6131954,1663433,27.1273,1920,1080,raygs,triangles,1,off,0.1,on,-4
1781756699303500394,2634.03,472.707,2.11548,2.02205,1.99872,0.13872,0.222624,0.057344,0.736256,0.843776,0.018599,6131954,6131954,1663433,27.1273,1920,1080,raygs,triangles,1,off,0.1,on,-4
1781756699305546803,2636.08,473.379,2.11247,2.02166,1.99792,0.133728,0.225792,0.057344,0.73728,0.843776,0.027829,6131954,6131954,1663433,27.1273,1920,1080,raygs,triangles,1,off,0.1,on,-4
1781756699307778775,2638.31,473.374,2.1125,2.20688,2.1839,0.133632,0.22448,0.057344,0.923872,0.844576,0.028996,6131954,6131954,1663433,27.1273,1920,1080,raygs,triangles,1,off,0.1,on,-4
1781756699309965838,2640.5,472.973,2.11429,2.1376,2.11526,0.133856,0.349152,0.058368,0.730112,0.843776,0.030247,6131954,6131954,1663433,27.1273,1920,1080,raygs,triangles,1,off,0.1,on,-4
1781756699311990348,2642.52,472.85,2.11483,2.0144,1.9935,0.133664,0.225568,0.058368,0.731136,0.844768,0.027987,6131954,6131954,1663433,27.1273,1920,1080,raygs,triangles,1,off,0.1,on,-4
1781756699314063232,2644.59,472.983,2.11424,2.04416,2.02131,0.133728,0.224736,0.058368,0.760832,0.843648,0.027955,6131954,6131954,1663433,27.1273,1920,1080,raygs,triangles,1,off,0.1,on,-4
1781756699316338966,2646.87,472.888,2.11467,2.02275,2.00086,0.13488,0.2264,0.058368,0.736672,0.844544,0.045509,6131954,6131954,1663433,27.1273,1920,1080,raygs,triangles,1,off,0.1,on,-4
1781756699318277384,2648.81,472.039,2.11847,2.02134,2.00122,0.137536,0.22368,0.058368,0.73728,0.844352,0.018454,6131954,6131954,1663433,27.1273,1920,1080,raygs,triangles,1,off,0.1,on,-4
1781756699320326000,2650.86,473.01,2.11412,2.02314,2.00144,0.134208,0.225152,0.057344,0.740352,0.844384,0.030734,6131954,6131954,1663433,27.1273,1920,1080,raygs,triangles,1,off,0.1,on,-4
1781756699322414434,2652.95,473.663,2.1112,2.01968,1.99802,0.134016,0.224576,0.058368,0.735232,0.845824,0.04516,6131954,6131954,1663433,27.1273,1920,1080,raygs,triangles,1,off,0.1,on,-4
1781756699324605792,2655.14,473.507,2.1119,2.02077,1.99782,0.13392,0.224928,0.057344,0.738304,0.843328,0.019936,6131954,6131954,1663433,27.1273,1920,1080,raygs,triangles,1,off,0.1,on,-4
1781756699326797430,2657.33,473.469,2.11207,2.16509,2.14336,0.15024,0.222976,0.057792,0.867584,0.844768,0.029944,6131954,6131954,1663433,27.1273,1920,1080,raygs,triangles,1,off,0.1,on,-4
1781756699328823068,2659.35,473.446,2.11217,2.01181,1.98979,0.134144,0.224544,0.058368,0.728064,0.844672,0.027602,6131954,6131954,1663433,27.1273,1920,1080,raygs,triangles,1,off,0.1,on,-4
1781756699330935874,2661.47,473.304,2.11281,2.04307,2.02051,0.133792,0.225696,0.057344,0.759904,0.843776,0.040871,6131954,6131954,1663433,27.1273,1920,1080,raygs,triangles,1,off,0.1,on,-4
1781756699333072895,2663.6,473.347,2.11261,2.14096,2.11834,0.134272,0.225152,0.058368,0.856064,0.84448,0.021877,6131954,6131954,1663433,27.1273,1920,1080,raygs,triangles,1,off,0.1,on,-4
1781756699335150225,2665.68,472.86,2.11479,2.01824,1.99757,0.134432,0.225728,0.058368,0.734528,0.844512,0.04322,6131954,6131954,1663433,27.1273,1920,1080,raygs,triangles,1,off,0.1,on,-4
1781756699337137961,2667.67,474.073,2.10938,2.02122,1.99843,0.133312,0.2256,0.058368,0.736416,0.844736,0.016365,6131954,6131954,1663433,27.1273,1920,1080,raygs,triangles,1,off,0.1,on,-4
1781756699339208632,2669.74,474.251,2.10859,2.01904,1.99654,0.133216,0.225856,0.058464,0.734208,0.8448,0.037802,6131954,6131954,1663433,27.1273,1920,1080,raygs,triangles,1,off,0.1,on,-4
1781756699341432015,2671.96,473.992,2.10974,2.01946,1.99818,0.134624,0.225312,0.058208,0.736256,0.843776,0.030367,6131954,6131954,1663433,27.1273,1920,1080,raygs,triangles,1,off,0.1,on,-4
1781756699343701573,2674.23,473.21,2.11323,2.21011,2.18765,0.138848,0.224352,0.058048,0.922624,0.843776,0.041191,6131954,6131954,1663433,27.1273,1920,1080,raygs,triangles,1,off,0.1,on,-4
1781756699345683137,2676.21,473.322,2.11273,2.01072,1.9887,0.133952,0.224224,0.057664,0.729088,0.843776,0.017809,6131954,6131954,1663433,27.1273,1920,1080,raygs,triangles,1,off,0.1,on,-4
1781756699347759632,2678.29,473.532,2.11179,2.048,2.02528,0.133824,0.225408,0.057344,0.763904,0.8448,0.028887,6131954,6131954,1663433,27.1273,1920,1080,raygs,triangles,1,off,0.1,on,-4
1781756699350029262,2680.56,474.019,2.10962,2.25334,2.23286,0.246688,0.223872,0.057344,0.861184,0.843776,0.027301,6131954,6131954,1663433,27.1273,1920,1080,raygs,triangles,1,off,0.1,on,-4
1781756699352071340,2682.6,473.186,2.11333,2.0208,1.99907,0.133568,0.225056,0.058368,0.73728,0.8448,0.025924,6131954,6131954,1663433,27.1273,1920,1080,raygs,triangles,1,off,0.1,on,-4
1781756699354129097,2684.66,474.304,2.10835,2.02045,1.99805,0.1336,0.225152,0.058368,0.736256,0.844672,0.027281,6131954,6131954,1663433,27.1273,1920,1080,raygs,triangles,1,off,0.1,on,-4
1781756699356164659,2686.7,474.167,2.10896,2.02054,1.99779,0.134368,0.226368,0.058048,0.736256,0.842752,0.026197,6131954,6131954,1663433,27.1273,1920,1080,raygs,triangles,1,off,0.1,on,-4
1781756699358405500,2688.94,474.357,2.10812,2.01549,1.99478,0.133728,0.225088,0.058368,0.73216,0.84544,0.025757,6131954,6131954,1663433,27.1273,1920,1080,raygs,triangles,1,off,0.1,on,-4
1781756699360595515,2691.13,473.607,2.11146,2.16794,2.1448,0.149984,0.223872,0.057792,0.869376,0.843776,0.026572,6131954,6131954,1663433,27.1273,1920,1080,raygs,triangles,1,off,0.1,on,-4
1781756699362637555,2693.17,473.931,2.11001,2.01414,1.99146,0.134432,0.224768,0.058368,0.730112,0.843776,0.026355,6131954,6131954,1663433,27.1273,1920,1080,raygs,triangles,1,off,0.1,on,-4
1781756699364679664,2695.21,473.873,2.11027,2.01491,1.99382,0.134176,0.225216,0.058496,0.731136,0.8448,0.025981,6131954,6131954,1663433,27.1273,1920,1080,raygs,triangles,1,off,0.1,on,-4
1781756699366843244,2697.37,473.944,2.10995,2.13926,2.11696,0.133952,0.34256,0.058368,0.73728,0.8448,0.025156,6131954,6131954,1663433,27.1273,1920,1080,raygs,triangles,1,off,0.1,on,-4
1781756699368884287,2699.41,473.364,2.11254,2.01974,1.99856,0.133888,0.225152,0.058368,0.737376,0.843776,0.02501,6131954,6131954,1663433,27.1273,1920,1080,raygs,triangles,1,off,0.1,on,-4
1781756699370934082,2701.46,474.668,2.10673,2.02022,1.99683,0.1344,0.225216,0.057184,0.736256,0.843776,0.024347,6131954,6131954,1663433,27.1273,1920,1080,raygs,triangles,1,off,0.1,on,-4
1781756699372978167,2703.51,474.876,2.10581,2.01811,1.99574,0.133632,0.22576,0.058368,0.734208,0.843776,0.0245,6131954,6131954,1663433,27.1273,1920,1080,raygs,triangles,1,off,0.1,on,-4
1781756699375370237,2705.9,474.674,2.10671,2.22301,1.98966,0.133632,0.225824,0.057344,0.729088,0.843776,0.027096,6131954,6131954,1663433,27.1273,1920,1080,raygs,triangles,1,off,0.1,on,-4
1781756699377410365,2707.94,473.781,2.11068,2.01869,1.99645,0.13856,0.224608,0.058368,0.730112,0.8448,0.026314,6131954,6131954,1663433,27.1273,1920,1080,raygs,triangles,1,off,0.1,on,-4
1781756699379450233,2709.98,474.257,2.10856,2.01741,1.99498,0.134624,0.225376,0.058368,0.73216,0.844448,0.026804,6131954,6131954,1663433,27.1273,1920,1080,raygs,triangles,1,off,0.1,on,-4
1781756699381634977,2712.17,474.321,2.10828,2.15088,2.12835,0.137024,0.22368,0.057472,0.865536,0.84464,0.02797,6131954,6131954,1663433,27.1273,1920,1080,raygs,triangles,1,off,0.1,on,-4
1781756699383782168,2714.31,473.622,2.11139,2.13731,2.1151,0.133696,0.341952,0.057376,0.73728,0.8448,0.026176,6131954,6131954,1663433,27.1273,1920,1080,raygs,triangles,1,off,0.1,on,-4
1781756699385836374,2716.37,473.47,2.11207,2.02378,2.00093,0.132832,0.226592,0.058368,0.73936,0.843776,0.02608,6131954,6131954,1663433,27.1273,1920,1080,raygs,triangles,1,off,0.1,on,-4
1781756699387867426,2718.4,474.642,2.10685,2.01654,1.99402,0.133792,0.225152,0.057344,0.733184,0.844544,0.025098,6131954,6131954,1663433,27.1273,1920,1080,raygs,triangles,1,off,0.1,on,-4
1781756699389931302,2720.46,474.673,2.10671,2.02336,1.99968,0.13344,0.225632,0.057344,0.738688,0.844576,0.026729,6131954,6131954,1663433,27.1273,1920,1080,raygs,triangles,1,off,0.1,on,-4
1781756699392205799,2722.74,474.75,2.10637,2.25216,1.9943,0.133888,0.225376,0.05808,0.733184,0.843776,0.0293,6131954,6131954,1663433,27.1273,1920,1080,raygs,triangles,1,off,0.1,on,-4
1781756699394243926,2724.77,473.79,2.11064,2.01325,1.99024,0.133568,0.2256,0.058368,0.728064,0.84464,0.026052,6131954,6131954,1663433,27.1273,1920,1080,raygs,triangles,1,off,0.1,on,-4
1781756699396292305,2726.82,474.225,2.1087,2.01293,1.99146,0.133504,0.2248,0.058368,0.730112,0.844672,0.027821,6131954,6131954,1663433,27.1273,1920,1080,raygs,triangles,1,off,0.1,on,-4
1781756699398442858,2728.97,474.136,2.1091,2.01562,1.9937,0.133856,0.225536,0.058368,0.73216,0.843776,0.025567,6131954,6131954,1663433,27.1273,1920,1080,raygs,triangles,1,off,0.1,on,-4
1781756699400488461,2731.02,473.78,2.11068,2.02461,2.00198,0.137728,0.225056,0.058368,0.736256,0.844576,0.0266,6131954,6131954,1663433,27.1273,1920,1080,raygs,triangles,1,off,0.1,on,-4
1781756699402582175,2733.11,473.778,2.11069,2.02298,2.00054,0.133056,0.225888,0.058496,0.738304,0.8448,0.030677,6131954,6131954,1663433,27.1273,1920,1080,raygs,triangles,1,off,0.1,on,-4
1781756699404608872,2735.14,474.894,2.10573,2.01725,1.99565,0.134464,0.223936,0.05824,0.734208,0.8448,0.027107,6131954,6131954,1663433,27.1273,1920,1080,raygs,triangles,1,off,0.1,on,-4
1781756699406648356,2737.18,474.783,2.10623,2.0231,2.00262,0.134176,0.226112,0.058368,0.739584,0.844384,0.027772,6131954,6131954,1663433,27.1273,1920,1080,raygs,triangles,1,off,0.1,on,-4
1781756699409013795,2739.54,474.955,2.10546,2.23626,2.2119,0.133344,0.44944,0.058144,0.7272,0.843776,0.025919,6131954,6131954,1663433,27.1273,1920,1080,raygs,triangles,1,off,0.1,on,-4
1781756699411052437,2741.58,473.7,2.11104,2.01798,1.99549,0.138272,0.225632,0.058112,0.729088,0.844384,0.02496,6131954,6131954,1663433,27.1273,1920,1080,raygs,triangles,1,off,0.1,on,-4
1781756699413087615,2743.62,474.152,2.10903,2.01462,1.99254,0.134912,0.225376,0.057344,0.731136,0.843776,0.024655,6131954,6131954,1663433,27.1273,1920,1080,raygs,triangles,1,off,0.1,on,-4
1781756699415139847,2745.67,474.184,2.10889,2.01421,1.99341,0.134496,0.224608,0.058368,0.73216,0.843776,0.026253,6131954,6131954,1663433,27.1273,1920,1080,raygs,triangles,1,off,0.1,on,-4
1781756699417419591,2747.95,474.158,2.109,2.13731,2.11533,0.134752,0.341152,0.057344,0.736256,0.845824,0.027192,6131954,6131954,1663433,27.1273,1920,1080,raygs,triangles,1,off,0.1,on,-4
1781756699419480079,2750.01,474.121,2.10916,2.0232,2.00186,0.137536,0.225984,0.058368,0.735232,0.844736,0.030241,6131954,6131954,1663433,27.1273,1920,1080,raygs,triangles,1,off,0.1,on,-4
1781756699421528208,2752.06,474.51,2.10744,2.02195,1.99859,0.134016,0.225824,0.057696,0.73728,0.843776,0.030713,6131954,6131954,1663433,27.1273,1920,1080,raygs,triangles,1,off,0.1,on,-4
1781756699423570819,2754.1,474.475,2.10759,2.02122,1.99888,0.134336,0.225024,0.057472,0.73744,0.844608,0.028766,6131954,6131954,1663433,27.1273,1920,1080,raygs,triangles,1,off,0.1,on,-4
1781756699425945897,2756.48,474.464,2.10764,2.23238,2.10819,0.13408,0.341696,0.057344,0.730464,0.844608,0.025305,6131954,6131954,1663433,27.1273,1920,1080,raygs,triangles,1,off,0.1,on,-4
1781756699427996209,2758.53,473.72,2.11095,2.01722,1.99446,0.138528,0.224384,0.057664,0.729088,0.8448,0.025791,6131954,6131954,1663433,27.1273,1920,1080,raygs,triangles,1,off,0.1,on,-4
1781756699430026895,2760.56,474.398,2.10793,2.01517,1.99315,0.1344,0.225056,0.05776,0.731136,0.8448,0.024929,6131954,6131954,1663433,27.1273,1920,1080,raygs,triangles,1,off,0.1,on,-4
1781756699432202079,2762.73,474.291,2.10841,2.14432,2.1223,0.133536,0.22544,0.058368,0.861184,0.843776,0.031293,6131954,6131954,1663433,27.1273,1920,1080,raygs,triangles,1,off,0.1,on,-4
1781756699434361094,2764.89,473.811,2.11055,2.13722,2.11302,0.133568,0.341056,0.057344,0.73728,0.843776,0.025419,6131954,6131954,1663433,27.1273,1920,1080,raygs,triangles,1,off,0.1,on,-4
1781756699436391862,2766.92,474.098,2.10927,2.01773,1.99763,0.13392,0.226176,0.058368,0.735584,0.843584,0.024949,6131954,6131954,1663433,27.1273,1920,1080,raygs,triangles,1,off,0.1,on,-4
1781756699438444792,2768.98,474.712,2.10654,2.01779,1.99536,0.13408,0.2264,0.058368,0.73216,0.844352,0.02629,6131954,6131954,1663433,27.1273,1920,1080,raygs,triangles,1,off,0.1,on,-4
1781756699440496741,2771.03,474.59,2.10708,2.02224,1.99907,0.133312,0.225088,0.057568,0.738304,0.8448,0.026416,6131954,6131954,1663433,27.1273,1920,1080,raygs,triangles,1,off,0.1,on,-4
1781756699442859837,2773.39,474.675,2.1067,2.2207,1.99114,0.134272,0.225056,0.057952,0.729088,0.844768,0.02516,6131954,6131954,1663433,27.1273,1920,1080,raygs,triangles,1,off,0.1,on,-4
1781756699444894805,2775.43,474.304,2.10835,2.0167,1.99421,0.138368,0.224608,0.057344,0.730112,0.843776,0.024678,6131954,6131954,1663433,27.1273,1920,1080,raygs,triangles,1,off,0.1,on,-4
1781756699446952321,2777.48,473.97,2.10984,2.01568,1.99514,0.134976,0.224832,0.058368,0.73216,0.8448,0.026134,6131954,6131954,1663433,27.1273,1920,1080,raygs,triangles,1,off,0.1,on,-4
1781756699449111639,2779.64,473.954,2.10991,2.14269,2.12067,0.133984,0.224384,0.058368,0.860448,0.843488,0.025859,6131954,6131954,1663433,27.1273,1920,1080,raygs,triangles,1,off,0.1,on,-4
1781756699451276421,2781.81,473.651,2.11126,2.14026,2.1167,0.134048,0.344384,0.057344,0.73728,0.843648,0.024677,6131954,6131954,1663433,27.1273,1920,1080,raygs,triangles,1,off,0.1,on,-4
1781756699453395325,2783.93,473.79,2.11064,2.02042,1.99827,0.133568,0.22608,0.057568,0.736256,0.8448,0.041257,6131954,6131954,1663433,27.1273,1920,1080,raygs,triangles,1,off,0.1,on,-4
1781756699455387001,2785.92,474.012,2.10965,2.02163,1.99904,0.133984,0.225856,0.058368,0.736256,0.844576,0.018852,6131954,6131954,1663433,27.1273,1920,1080,raygs,triangles,1,off,0.1,on,-4
1781756699457615802,2788.15,474.268,2.10851,2.02205,2.00051,0.134144,0.226272,0.058368,0.738304,0.843424,0.02976,6131954,6131954,1663433,27.1273,1920,1080,raygs,triangles,1,off,0.1,on,-4
1781756699459835803,2790.37,473.589,2.11154,2.1993,2.17795,0.138976,0.224448,0.058368,0.91136,0.8448,0.03369,6131954,6131954,1663433,27.1273,1920,1080,raygs,triangles,1,off,0.1,on,-4
1781756699461878130,2792.41,473.338,2.11265,2.01338,1.99101,0.134816,0.224896,0.058368,0.729312,0.843616,0.027463,6131954,6131954,1663433,27.1273,1920,1080,raygs,triangles,1,off,0.1,on,-4
1781756699463942924,2794.47,473.45,2.11215,2.04538,2.02387,0.134976,0.22592,0.058368,0.760832,0.843776,0.027981,6131954,6131954,1663433,27.1273,1920,1080,raygs,triangles,1,off,0.1,on,-4
1781756699466231845,2796.76,473.197,2.11329,2.27334,2.25194,0.266944,0.224128,0.057344,0.859136,0.844384,0.02748,6131954,6131954,1663433,27.1273,1920,1080,raygs,triangles,1,off,0.1,on,-4
1781756699468302640,2798.83,472.475,2.11652,2.02272,2.00128,0.133792,0.22624,0.057504,0.739328,0.844416,0.028819,6131954,6131954,1663433,27.1273,1920,1080,raygs,triangles,1,off,0.1,on,-4
1781756699470341293,2800.87,472.984,2.11424,2.01808,1.99453,0.133984,0.225376,0.057184,0.735232,0.842752,0.02797,6131954,6131954,1663433,27.1273,1920,1080,raygs,triangles,1,off,0.1,on,-4
1781756699472360137,2802.89,473.743,2.11085,2.0176,1.99421,0.133792,0.225088,0.057344,0.734208,0.843776,0.026044,6131954,6131954,1663433,27.1273,1920,1080,raygs,triangles,1,off,0.1,on,-4
1781756699474619175,2805.15,473.741,2.11086,2.01814,1.99702,0.13328,0.225664,0.058048,0.736256,0.843776,0.028343,6131954,6131954,1663433,27.1273,1920,1080,raygs,triangles,1,off,0.1,on,-4
1781756699476790033,2807.32,473.042,2.11398,2.16838,2.14544,0.1504,0.22208,0.05776,0.871424,0.843776,0.0271,6131954,6131954,1663433,27.1273,1920,1080,raygs,triangles,1,off,0.1,on,-4
1781756699478837740,2809.37,473.333,2.11268,2.01587,1.99366,0.134016,0.225344,0.058368,0.731136,0.8448,0.024426,6131954,6131954,1663433,27.1273,1920,1080,raygs,triangles,1,off,0.1,on,-4
1781756699480900299,2811.43,473.321,2.11273,2.04432,2.02243,0.134944,0.224736,0.058368,0.759808,0.844576,0.025888,6131954,6131954,1663433,27.1273,1920,1080,raygs,triangles,1,off,0.1,on,-4
1781756699483085244,2813.62,473.391,2.11242,2.14077,2.11741,0.134112,0.225088,0.057344,0.857088,0.843776,0.027366,6131954,6131954,1663433,27.1273,1920,1080,raygs,triangles,1,off,0.1,on,-4
1781756699485118943,2815.65,472.731,2.11537,2.02285,2.00192,0.132896,0.227456,0.058368,0.7384,0.8448,0.026562,6131954,6131954,1663433,27.1273,1920,1080,raygs,triangles,1,off,0.1,on,-4
1781756699487189425,2817.72,473.509,2.11189,2.01638,1.9952,0.1336,0.22528,0.058656,0.733184,0.84448,0.027348,6131954,6131954,1663433,27.1273,1920,1080,raygs,triangles,1,off,0.1,on,-4
1781756699489208111,2819.74,473.856,2.11035,2.01923,1.99638,0.133376,0.225632,0.057344,0.735232,0.8448,0.029309,6131954,6131954,1663433,27.1273,1920,1080,raygs,triangles,1,off,0.1,on,-4
1781756699491472181,2822,474.04,2.10952,2.01923,1.996,0.133408,0.225056,0.057344,0.735584,0.844608,0.025926,6131954,6131954,1663433,27.1273,1920,1080,raygs,triangles,1,off,0.1,on,-4
1781756699493649750,2824.18,473.208,2.11323,2.1688,2.14646,0.152288,0.222656,0.058368,0.867328,0.845824,0.02546,6131954,6131954,1663433,27.1273,1920,1080,raygs,triangles,1,off,0.1,on,-4
1781756699495684189,2826.21,473.176,2.11338,2.01446,1.99206,0.13472,0.226016,0.058464,0.728064,0.8448,0.024253,6131954,6131954,1663433,27.1273,1920,1080,raygs,triangles,1,off,0.1,on,-4
1781756699497765786,2828.3,473.188,2.11333,2.05037,2.02717,0.134848,0.225248,0.057344,0.765952,0.843776,0.024537,6131954,6131954,1663433,27.1273,1920,1080,raygs,triangles,1,off,0.1,on,-4
1781756699499939125,2830.47,473.09,2.11376,2.14179,2.12038,0.134144,0.22496,0.058368,0.859136,0.843776,0.026379,6131954,6131954,1663433,27.1273,1920,1080,raygs,triangles,1,off,0.1,on,-4
1781756699501988883,2832.52,472.589,2.116,2.02195,2.00058,0.133504,0.2256,0.058368,0.739328,0.843776,0.025489,6131954,6131954,1663433,27.1273,1920,1080,raygs,triangles,1,off,0.1,on,-4
1781756699504034558,2834.57,473.973,2.10983,2.01878,1.99606,0.132928,0.22576,0.057344,0.735232,0.8448,0.026121,6131954,6131954,1663433,27.1273,1920,1080,raygs,triangles,1,off,0.1,on,-4
1781756699506085416,2836.62,473.852,2.11036,2.01795,1.99722,0.13408,0.224736,0.058368,0.735232,0.8448,0.025693,6131954,6131954,1663433,27.1273,1920,1080,raygs,triangles,1,off,0.1,on,-4
1781756699508332656,2838.86,473.784,2.11067,2.01776,1.9952,0.13296,0.225888,0.057344,0.735232,0.843776,0.024739,6131954,6131954,1663433,27.1273,1920,1080,raygs,triangles,1,off,0.1,on,-4
1781756699510523543,2841.05,473.698,2.11105,2.16672,2.14435,0.149792,0.224288,0.058144,0.868352,0.843776,0.024592,6131954,6131954,1663433,27.1273,1920,1080,raygs,triangles,1,off,0.1,on,-4
1781756699512567327,2843.1,473.412,2.11232,2.01603,1.9945,0.133408,0.22576,0.058368,0.73216,0.8448,0.025484,6131954,6131954,1663433,27.1273,1920,1080,raygs,triangles,1,off,0.1,on,-4
1781756699514624145,2845.15,473.459,2.11211,2.02797,2.00442,0.133952,0.224896,0.059392,0.743424,0.842752,0.026553,6131954,6131954,1663433,27.1273,1920,1080,raygs,triangles,1,off,0.1,on,-4
1781756699516768674,2847.3,473.352,2.11259,2.12976,2.1105,0.250048,0.223264,0.058336,0.734208,0.84464,0.024473,6131954,6131954,1663433,27.1273,1920,1080,raygs,triangles,1,off,0.1,on,-4
1781756699518836961,2849.37,473.062,2.11389,2.02045,1.99808,0.1336,0.225184,0.05824,0.73728,0.843776,0.026218,6131954,6131954,1663433,27.1273,1920,1080,raygs,triangles,1,off,0.1,on,-4
1781756699520871421,2851.4,473.802,2.11059,2.0192,1.99667,0.133376,0.225088,0.058176,0.735232,0.8448,0.025816,6131954,6131954,1663433,27.1273,1920,1080,raygs,triangles,1,off,0.1,on,-4
1781756699522908311,2853.44,473.836,2.11043,2.01715,1.99469,0.133696,0.22464,0.058368,0.734208,0.843776,0.02901,6131954,6131954,1663433,27.1273,1920,1080,raygs,triangles,1,off,0.1,on,-4
1781756699525154441,2855.69,473.89,2.1102,2.01226,1.98957,0.1336,0.22576,0.058368,0.728064,0.843776,0.026019,6131954,6131954,1663433,27.1273,1920,1080,raygs,triangles,1,off,0.1,on,-4
1781756699527354433,2857.89,473.513,2.11187,2.16368,2.14163,0.147488,0.222624,0.057344,0.8704,0.843776,0.025892,6131954,6131954,1663433,27.1273,1920,1080,raygs,triangles,1,off,0.1,on,-4
1781756699529384595,2859.92,472.934,2.11446,2.01469,1.99264,0.132928,0.224384,0.058368,0.73216,0.8448,0.02482,6131954,6131954,1663433,27.1273,1920,1080,raygs,triangles,1,off,0.1,on,-4
1781756699531440392,2861.97,473.263,2.11299,2.01568,1.99443,0.134208,0.224288,0.058304,0.73216,0.845472,0.02813,6131954,6131954,1663433,27.1273,1920,1080,raygs,triangles,1,off,0.1,on,-4
1781756699533602426,2864.13,473.175,2.11338,2.13923,2.1176,0.133632,0.343776,0.058368,0.73728,0.844544,0.025835,6131954,6131954,1663433,27.1273,1920,1080,raygs,triangles,1,off,0.1,on,-4
1781756699535634524,2866.17,472.706,2.11548,2.02192,2.00118,0.13504,0.225536,0.058368,0.738496,0.843744,0.024361,6131954,6131954,1663433,27.1273,1920,1080,raygs,triangles,1,off,0.1,on,-4
1781756699537708005,2868.24,473.882,2.11023,2.01965,1.99846,0.133792,0.225344,0.058368,0.736256,0.844704,0.028444,6131954,6131954,1663433,27.1273,1920,1080,raygs,triangles,1,off,0.1,on,-4
1781756699539764684,2870.3,473.62,2.1114,2.01987,1.99814,0.133984,0.226144,0.057344,0.736256,0.844416,0.030824,6131954,6131954,1663433,27.1273,1920,1080,raygs,triangles,1,off,0.1,on,-4
1781756699542103390,2872.63,473.577,2.11159,2.1919,2.16963,0.133632,0.404768,0.058368,0.729088,0.843776,0.028028,6131954,6131954,1663433,27.1273,1920,1080,raygs,triangles,1,off,0.1,on,-4
1781756699544141657,2874.67,472.496,2.11642,2.02096,1.99872,0.138176,0.225056,0.057344,0.733472,0.844672,0.02602,6131954,6131954,1663433,27.1273,1920,1080,raygs,triangles,1,off,0.1,on,-4
1781756699546280740,2876.81,473.464,2.11209,2.01485,1.99309,0.134144,0.224864,0.058272,0.731136,0.844672,0.048074,6131954,6131954,1663433,27.1273,1920,1080,raygs,triangles,1,off,0.1,on,-4
1781756699548337596,2878.87,473.167,2.11342,2.14883,2.12835,0.271168,0.22288,0.057344,0.733184,0.843776,0.015621,6131954,6131954,1663433,27.1273,1920,1080,raygs,triangles,1,off,0.1,on,-4
1781756699550534131,2881.06,473.249,2.11305,2.01773,1.99536,0.134272,0.224736,0.057344,0.734208,0.8448,0.028807,6131954,6131954,1663433,27.1273,1920,1080,raygs,triangles,1,off,0.1,on,-4
1781756699552556921,2883.09,472.589,2.116,2.01974,1.99715,0.137664,0.224352,0.058176,0.733184,0.843776,0.026472,6131954,6131954,1663433,27.1273,1920,1080,raygs,triangles,1,off,0.1,on,-4
1781756699554598475,2885.13,473.893,2.11018,2.01722,1.99574,0.13344,0.224928,0.058368,0.735232,0.843776,0.026992,6131954,6131954,1663433,27.1273,1920,1080,raygs,triangles,1,off,0.1,on,-4
1781756699556635087,2887.17,473.933,2.11,2.02128,1.99894,0.133632,0.22384,0.058368,0.740352,0.842752,0.025796,6131954,6131954,1663433,27.1273,1920,1080,raygs,triangles,1,off,0.1,on,-4
1781756699559015548,2889.55,473.907,2.11012,2.23571,2.21171,0.133792,0.447712,0.057344,0.729088,0.843776,0.024532,6131954,6131954,1663433,27.1273,1920,1080,raygs,triangles,1,off,0.1,on,-4
1781756699561054646,2891.59,473.152,2.11349,2.01443,1.99232,0.138816,0.22432,0.057344,0.72704,0.8448,0.030038,6131954,6131954,1663433,27.1273,1920,1080,raygs,triangles,1,off,0.1,on,-4
1781756699563093206,2893.62,473.594,2.11151,2.01402,1.99178,0.134336,0.226208,0.057344,0.729088,0.8448,0.025167,6131954,6131954,1663433,27.1273,1920,1080,raygs,triangles,1,off,0.1,on,-4
1781756699565132157,2895.66,473.547,2.11172,2.01312,1.99117,0.134432,0.22528,0.057632,0.730112,0.843712,0.02499,6131954,6131954,1663433,27.1273,1920,1080,raygs,triangles,1,off,0.1,on,-4
1781756699567426529,2897.96,473.609,2.11144,2.13437,2.1119,0.133824,0.341888,0.058336,0.734208,0.843648,0.026623,6131954,6131954,1663433,27.1273,1920,1080,raygs,triangles,1,off,0.1,on,-4
1781756699569463817,2899.99,472.689,2.11556,2.02202,1.99965,0.137216,0.225056,0.058368,0.735232,0.843776,0.025312,6131954,6131954,1663433,27.1273,1920,1080,raygs,triangles,1,off,0.1,on,-4
1781756699571494478,2902.03,473.916,2.11008,2.01872,1.99632,0.13392,0.225024,0.058368,0.734432,0.844576,0.024515,6131954,6131954,1663433,27.1273,1920,1080,raygs,triangles,1,off,0.1,on,-4
1781756699573538526,2904.07,473.947,2.10994,2.01917,1.99542,0.133312,0.224736,0.057344,0.73728,0.842752,0.023821,6131954,6131954,1663433,27.1273,1920,1080,raygs,triangles,1,off,0.1,on,-4
1781756699575920723,2906.45,473.997,2.10972,2.23216,2.20941,0.133312,0.443136,0.057344,0.731136,0.84448,0.024825,6131954,6131954,1663433,27.1273,1920,1080,raygs,triangles,1,off,0.1,on,-4
1781756699578027257,2908.56,473.136,2.11356,2.01898,1.99603,0.138272,0.223456,0.057344,0.73216,0.8448,0.030736,6131954,6131954,1663433,27.1273,1920,1080,raygs,triangles,1,off,0.1,on,-4
1781756699580047964,2910.58,473.235,2.11312,2.01296,1.98992,0.133312,0.225696,0.057344,0.729088,0.84448,0.032968,6131954,6131954,1663433,27.1273,1920,1080,raygs,triangles,1,off,0.1,on,-4
1781756699582085615,2912.62,473.654,2.11125,2.01942,1.996,0.134592,0.225056,0.057344,0.734208,0.8448,0.02924,6131954,6131954,1663433,27.1273,1920,1080,raygs,triangles,1,off,0.1,on,-4
1781756699584357660,2914.89,473.376,2.11248,2.13478,2.11152,0.133216,0.341632,0.057568,0.734464,0.84464,0.028265,6131954,6131954,1663433,27.1273,1920,1080,raygs,triangles,1,off,0.1,on,-4
1781756699586403408,2916.93,473.417,2.1123,2.02163,1.99891,0.1376,0.22432,0.057344,0.735232,0.844416,0.027906,6131954,6131954,1663433,27.1273,1920,1080,raygs,triangles,1,off,0.1,on,-4
1781756699588446229,2918.98,474.034,2.10956,2.0161,1.99443,0.134336,0.224352,0.05776,0.734208,0.843776,0.027268,6131954,6131954,1663433,27.1273,1920,1080,raygs,triangles,1,off,0.1,on,-4
1781756699590493678,2921.02,474.011,2.10966,2.02202,2.00134,0.134112,0.225184,0.058368,0.739328,0.844352,0.027912,6131954,6131954,1663433,27.1273,1920,1080,raygs,triangles,1,off,0.1,on,-4
1781756699592868245,2923.4,474.062,2.10943,2.23328,2.20989,0.133856,0.443776,0.058368,0.730112,0.843776,0.026876,6131954,6131954,1663433,27.1273,1920,1080,raygs,triangles,1,off,0.1,on,-4
1781756699594924032,2925.45,473.707,2.11101,2.01741,1.99574,0.13888,0.223584,0.058368,0.731136,0.843776,0.033006,6131954,6131954,1663433,27.1273,1920,1080,raygs,triangles,1,off,0.1,on,-4
1781756699596961411,2927.49,473.837,2.11043,2.01427,1.99178,0.13456,0.22496,0.058368,0.730112,0.843776,0.029175,6131954,6131954,1663433,27.1273,1920,1080,raygs,triangles,1,off,0.1,on,-4
1781756699599131408,2929.66,473.832,2.11045,2.14093,2.11789,0.13424,0.224608,0.058368,0.857088,0.843584,0.028041,6131954,6131954,1663433,27.1273,1920,1080,raygs,triangles,1,off,0.1,on,-4
1781756699601302097,2931.83,473.053,2.11393,2.13523,2.1119,0.13328,0.341184,0.058624,0.734208,0.844608,0.029305,6131954,6131954,1663433,27.1273,1920,1080,raygs,triangles,1,off,0.1,on,-4
1781756699603349116,2933.88,473.535,2.11178,2.01862,1.99683,0.133728,0.226752,0.058368,0.734208,0.843776,0.030253,6131954,6131954,1663433,27.1273,1920,1080,raygs,triangles,1,off,0.1,on,-4
1781756699605388139,2935.92,474.018,2.10962,2.01494,1.99334,0.133216,0.2248,0.058368,0.73216,0.8448,0.02834,6131954,6131954,1663433,27.1273,1920,1080,raygs,triangles,1,off,0.1,on,-4
1781756699607639746,2938.17,474.033,2.10956,2.02166,1.99891,0.132736,0.224704,0.058368,0.739328,0.843776,0.040454,6131954,6131954,1663433,27.1273,1920,1080,raygs,triangles,1,off,0.1,on,-4
1781756699609875617,2940.41,473.347,2.11261,2.19334,2.16979,0.13808,0.223552,0.058144,0.907264,0.842752,0.035773,6131954,6131954,1663433,27.1273,1920,1080,raygs,triangles,1,off,0.1,on,-4
1781756699611913367,2942.44,473.201,2.11327,2.0129,1.98938,0.133216,0.224928,0.057344,0.730112,0.843776,0.035742,6131954,6131954,1663433,27.1273,1920,1080,raygs,triangles,1,off,0.1,on,-4
1781756699613913209,2944.44,473.139,2.11354,2.01309,1.99082,0.1344,0.225184,0.058368,0.730112,0.842752,0.019636,6131954,6131954,1663433,27.1273,1920,1080,raygs,triangles,1,off,0.1,on,-4
1781756699616102101,2946.63,473.51,2.11189,2.14026,2.11958,0.134592,0.225184,0.058368,0.73728,0.96416,0.041218,6131954,6131954,1663433,27.1273,1920,1080,raygs,triangles,1,off,0.1,on,-4
1781756699618295234,2948.83,472.818,2.11498,2.02019,1.99994,0.134368,0.226144,0.058368,0.73728,0.843776,0.035909,6131954,6131954,1663433,27.1273,1920,1080,raygs,triangles,1,off,0.1,on,-4
1781756699620323655,2950.85,473.045,2.11397,2.15155,2.12928,0.134144,0.354688,0.058368,0.73728,0.8448,0.029249,6131954,6131954,1663433,27.1273,1920,1080,raygs,triangles,1,off,0.1,on,-4
1781756699622338987,2952.87,473.659,2.11122,2.01488,1.99376,0.134144,0.226336,0.058368,0.73216,0.842752,0.02189,6131954,6131954,1663433,27.1273,1920,1080,raygs,triangles,1,off,0.1,on,-4
1781756699624552616,2955.08,473.647,2.11127,2.02173,2.00058,0.133856,0.225248,0.058368,0.738304,0.8448,0.026401,6131954,6131954,1663433,27.1273,1920,1080,raygs,triangles,1,off,0.1,on,-4
1781756699626786827,2957.32,473.134,2.11357,2.16349,2.14157,0.145536,0.224512,0.058368,0.868352,0.8448,0.04524,6131954,6131954,1663433,27.1273,1920,1080,raygs,triangles,1,off,0.1,on,-4
1781756699628756931,2959.29,472.939,2.11444,2.01261,1.98934,0.133952,0.224864,0.057664,0.729088,0.843776,0.018742,6131954,6131954,1663433,27.1273,1920,1080,raygs,triangles,1,off,0.1,on,-4
1781756699630828079,2961.36,473.204,2.11325,2.04704,2.02349,0.13456,0.225024,0.057344,0.761856,0.844704,0.027359,6131954,6131954,1663433,27.1273,1920,1080,raygs,triangles,1,off,0.1,on,-4
1781756699632997890,2963.53,473.111,2.11367,2.13715,2.11494,0.134592,0.22512,0.058464,0.852992,0.843776,0.029132,6131954,6131954,1663433,27.1273,1920,1080,raygs,triangles,1,off,0.1,on,-4
1781756699635050567,2965.58,472.639,2.11578,2.02259,2.00058,0.134016,0.227136,0.057344,0.73728,0.8448,0.027595,6131954,6131954,1663433,27.1273,1920,1080,raygs,triangles,1,off,0.1,on,-4
1781756699637083169,2967.61,473.376,2.11248,2.01843,1.99814,0.1336,0.225248,0.058368,0.736256,0.844672,0.02708,6131954,6131954,1663433,27.1273,1920,1080,raygs,triangles,1,off,0.1,on,-4
1781756699639128215,2969.66,473.977,2.10981,2.01866,1.99795,0.13392,0.226016,0.058368,0.735232,0.844416,0.027116,6131954,6131954,1663433,27.1273,1920,1080,raygs,triangles,1,off,0.1,on,-4
1781756699641403433,2971.93,473.992,2.10974,2.02224,1.99971,0.133344,0.223872,0.057344,0.740352,0.8448,0.031206,6131954,6131954,1663433,27.1273,1920,1080,raygs,triangles,1,off,0.1,on,-4
1781756699643589449,2974.12,473.156,2.11347,2.16803,2.14582,0.149824,0.223328,0.057472,0.8704,0.8448,0.031856,6131954,6131954,1663433,27.1273,1920,1080,raygs,triangles,1,off,0.1,on,-4
1781756699645632791,2976.16,473.006,2.11414,2.01619,1.99517,0.134464,0.225376,0.058368,0.73216,0.8448,0.0273,6131954,6131954,1663433,27.1273,1920,1080,raygs,triangles,1,off,0.1,on,-4
1781756699647699969,2978.23,473.103,2.11371,2.04323,2.02032,0.1328,0.225408,0.057504,0.759808,0.8448,0.03138,6131954,6131954,1663433,27.1273,1920,1080,raygs,triangles,1,off,0.1,on,-4
1781756699649864090,2980.39,472.999,2.11417,2.13469,2.11286,0.134144,0.225408,0.057568,0.850944,0.8448,0.027973,6131954,6131954,1663433,27.1273,1920,1080,raygs,triangles,1,off,0.1,on,-4
1781756699651908252,2982.44,472.501,2.1164,2.01853,1.99523,0.134016,0.224864,0.058368,0.734208,0.843776,0.027971,6131954,6131954,1663433,27.1273,1920,1080,raygs,triangles,1,off,0.1,on,-4
1781756699653952659,2984.48,473.274,2.11294,2.02157,2.00118,0.13472,0.226368,0.058368,0.73728,0.844448,0.027126,6131954,6131954,1663433,27.1273,1920,1080,raygs,triangles,1,off,0.1,on,-4
1781756699655994517,2986.53,473.858,2.11034,2.01866,1.99725,0.1328,0.2264,0.058144,0.735232,0.844672,0.026338,6131954,6131954,1663433,27.1273,1920,1080,raygs,triangles,1,off,0.1,on,-4
1781756699658250802,2988.78,473.803,2.11058,2.01629,1.99302,0.133952,0.224768,0.057344,0.734208,0.842752,0.027395,6131954,6131954,1663433,27.1273,1920,1080,raygs,triangles,1,off,0.1,on,-4
1781756699660446853,2990.98,473.102,2.11371,2.16925,2.14643,0.150304,0.224608,0.057344,0.869376,0.8448,0.027461,6131954,6131954,1663433,27.1273,1920,1080,raygs,triangles,1,off,0.1,on,-4
1781756699662481204,2993.01,472.928,2.11449,2.01526,1.99296,0.134528,0.225216,0.058368,0.730112,0.844736,0.028293,6131954,6131954,1663433,27.1273,1920,1080,raygs,triangles,1,off,0.1,on,-4
1781756699664547612,2995.08,472.873,2.11473,2.04349,2.0208,0.13344,0.225408,0.057344,0.760832,0.843776,0.025685,6131954,6131954,1663433,27.1273,1920,1080,raygs,triangles,1,off,0.1,on,-4
1781756699666729544,2997.26,473.115,2.11365,2.14534,2.12429,0.13456,0.225376,0.058368,0.862208,0.843776,0.028917,6131954,6131954,1663433,27.1273,1920,1080,raygs,triangles,1,off,0.1,on,-4
1781756699668775656,2999.31,472.555,2.11615,2.01725,1.99629,0.132416,0.225472,0.058368,0.735232,0.8448,0.02785,6131954,6131954,1663433,27.1273,1920,1080,raygs,triangles,1,off,0.1,on,-4
1781756699670836450,3001.37,473.639,2.11131,2.01901,1.99565,0.13376,0.224512,0.057344,0.736256,0.843776,0.028017,6131954,6131954,1663433,27.1273,1920,1080,raygs,triangles,1,off,0.1,on,-4
1781756699672876106,3003.41,473.532,2.11179,2.01654,1.99488,0.13424,0.22672,0.057344,0.733184,0.843392,0.028091,6131954,6131954,1663433,27.1273,1920,1080,raygs,triangles,1,off,0.1,on,-4
1781756699675102968,3005.63,473.842,2.11041,2.01798,1.99536,0.133792,0.224512,0.057344,0.735232,0.84448,0.029317,6131954,6131954,1663433,27.1273,1920,1080,raygs,triangles,1,off,0.1,on,-4
1781756699677360435,3007.89,473.241,2.11309,2.21315,2.19181,0.13808,0.223968,0.058368,0.92672,0.844672,0.040917,6131954,6131954,1663433,27.1273,1920,1080,raygs,triangles,1,off,0.1,on,-4
1781756699679381066,3009.91,473.117,2.11364,2.01139,1.98928,0.133728,0.225856,0.058048,0.729088,0.84256,0.019436,6131954,6131954,1663433,27.1273,1920,1080,raygs,triangles,1,off,0.1,on,-4
1781756699681428273,3011.96,473.039,2.11399,2.03264,2.01136,0.133504,0.225472,0.059392,0.749568,0.843424,0.037112,6131954,6131954,1663433,27.1273,1920,1080,raygs,triangles,1,off,0.1,on,-4
1781756699683588874,3014.12,472.974,2.11428,2.13178,2.11379,0.25312,0.223296,0.058368,0.734208,0.8448,0.029888,6131954,6131954,1663433,27.1273,1920,1080,raygs,triangles,1,off,0.1,on,-4
1781756699685614956,3016.15,472.512,2.11635,2.01856,1.99622,0.133728,0.226176,0.058368,0.734592,0.84336,0.027006,6131954,6131954,1663433,27.1273,1920,1080,raygs,triangles,1,off,0.1,on,-4
1781756699687654691,3018.19,473.833,2.11045,2.02099,1.99814,0.133088,0.225632,0.057344,0.73728,0.8448,0.028058,6131954,6131954,1663433,27.1273,1920,1080,raygs,triangles,1,off,0.1,on,-4
1781756699689743667,3020.27,473.816,2.11052,2.01872,1.99546,0.133888,0.226048,0.057536,0.735232,0.842752,0.039818,6131954,6131954,1663433,27.1273,1920,1080,raygs,triangles,1,off,0.1,on,-4
1781756699692062488,3022.59,473.697,2.11105,2.14186,2.11946,0.134144,0.353056,0.058368,0.731136,0.842752,0.021107,6131954,6131954,1663433,27.1273,1920,1080,raygs,triangles,1,off,0.1,on,-4
1781756699694250989,3024.78,472.532,2.11626,2.16496,2.14128,0.145984,0.223776,0.057344,0.869376,0.8448,0.02783,6131954,6131954,1663433,27.1273,1920,1080,raygs,triangles,1,off,0.1,on,-4
1781756699696290141,3026.82,472.977,2.11427,2.0145,1.99328,0.13376,0.2256,0.058368,0.730112,0.84544,0.027811,6131954,6131954,1663433,27.1273,1920,1080,raygs,triangles,1,off,0.1,on,-4
1781756699698351675,3028.88,472.983,2.11424,2.01779,1.99494,0.133984,0.224672,0.058368,0.733184,0.844736,0.029936,6131954,6131954,1663433,27.1273,1920,1080,raygs,triangles,1,off,0.1,on,-4
1781756699700492641,3031.02,472.852,2.11482,2.13613,2.11466,0.133568,0.344,0.058368,0.735232,0.843488,0.032925,6131954,6131954,1663433,27.1273,1920,1080,raygs,triangles,1,off,0.1,on,-4
1781756699702520110,3033.05,472.513,2.11634,2.01898,1.99731,0.133792,0.224544,0.057344,0.73728,0.844352,0.026793,6131954,6131954,1663433,27.1273,1920,1080,raygs,triangles,1,off,0.1,on,-4
1781756699704573171,3035.1,473.859,2.11033,2.0191,1.99584,0.13328,0.225184,0.057344,0.736256,0.843776,0.028389,6131954,6131954,1663433,27.1273,1920,1080,raygs,triangles,1,off,0.1,on,-4
1781756699706620239,3037.15,474.175,2.10892,2.01773,1.99434,0.1336,0.225408,0.058368,0.734208,0.842752,0.027366,6131954,6131954,1663433,27.1273,1920,1080,raygs,triangles,1,off,0.1,on,-4
1781756699709009266,3039.54,474.053,2.10947,2.24563,1.9879,0.133504,0.223424,0.057088,0.730112,0.843776,0.027104,6131954,6131954,1663433,27.1273,1920,1080,raygs,triangles,1,off,0.1,on,-4
1781756699711050176,3041.58,472.821,2.11497,2.01766,1.99504,0.137984,0.224864,0.057344,0.730112,0.844736,0.027654,6131954,6131954,1663433,27.1273,1920,1080,raygs,triangles,1,off,0.1,on,-4
1781756699713085644,3043.62,473.592,2.11152,2.01251,1.98992,0.133824,0.2248,0.058304,0.72944,0.843552,0.027166,6131954,6131954,1663433,27.1273,1920,1080,raygs,triangles,1,off,0.1,on,-4
1781756699715134712,3045.67,473.724,2.11094,2.02048,1.99827,0.13904,0.223456,0.057792,0.733184,0.8448,0.026683,6131954,6131954,1663433,27.1273,1920,1080,raygs,triangles,1,off,0.1,on,-4
1781756699717403604,3047.93,473.59,2.11153,2.1359,2.11344,0.134368,0.34,0.058016,0.73728,0.843776,0.026457,6131954,6131954,1663433,27.1273,1920,1080,raygs,triangles,1,off,0.1,on,-4
1781756699719456623,3049.99,472.887,2.11467,2.02026,1.99837,0.137472,0.224544,0.057344,0.734208,0.8448,0.027716,6131954,6131954,1663433,27.1273,1920,1080,raygs,triangles,1,off,0.1,on,-4
1781756699721536452,3052.07,473.968,2.10984,2.01971,1.99712,0.13392,0.22464,0.057344,0.736544,0.844672,0.030661,6131954,6131954,1663433,27.1273,1920,1080,raygs,triangles,1,off,0.1,on,-4
1781756699723556184,3054.09,473.921,2.11006,2.01872,1.99642,0.133792,0.224512,0.05808,0.736256,0.843776,0.028534,6131954,6131954,1663433,27.1273,1920,1080,raygs,triangles,1,off,0.1,on,-4
1781756699725934400,3056.47,473.892,2.11019,2.23549,2.21258,0.134592,0.445376,0.057504,0.730432,0.844672,0.027132,6131954,6131954,1663433,27.1273,1920,1080,raygs,triangles,1,off,0.1,on,-4
1781756699727975462,3058.51,473.339,2.11265,2.01846,1.99526,0.137728,0.223296,0.058368,0.731136,0.844736,0.026547,6131954,6131954,1663433,27.1273,1920,1080,raygs,triangles,1,off,0.1,on,-4
1781756699730033965,3060.56,473.675,2.11115,2.01914,1.99664,0.134336,0.225856,0.057344,0.73456,0.844544,0.027843,6131954,6131954,1663433,27.1273,1920,1080,raygs,triangles,1,off,0.1,on,-4
1781756699732064333,3062.59,473.544,2.11174,2.01456,1.99219,0.133792,0.224096,0.058368,0.73216,0.843776,0.028107,6131954,6131954,1663433,27.1273,1920,1080,raygs,triangles,1,off,0.1,on,-4
1781756699734364787,3064.9,473.587,2.11154,2.13933,2.11616,0.133952,0.342624,0.057344,0.737728,0.844512,0.028313,6131954,6131954,1663433,27.1273,1920,1080,raygs,triangles,1,off,0.1,on,-4
1781756699736396251,3066.93,473.379,2.11247,2.02246,2.00058,0.137632,0.224544,0.057344,0.73664,0.844416,0.027738,6131954,6131954,1663433,27.1273,1920,1080,raygs,triangles,1,off,0.1,on,-4
1781756699738434613,3068.97,474.159,2.109,2.0192,1.99565,0.13424,0.224032,0.057344,0.736256,0.843776,0.027719,6131954,6131954,1663433,27.1273,1920,1080,raygs,triangles,1,off,0.1,on,-4
1781756699740505404,3071.04,474.187,2.10887,2.02589,2.00326,0.133888,0.225888,0.058368,0.740352,0.844768,0.031596,6131954,6131954,1663433,27.1273,1920,1080,raygs,triangles,1,off,0.1,on,-4
1781756699742898944,3073.43,473.878,2.11025,2.24131,2.21795,0.133664,0.449984,0.057344,0.733184,0.843776,0.02833,6131954,6131954,1663433,27.1273,1920,1080,raygs,triangles,1,off,0.1,on,-4
1781756699744949773,3075.48,473.114,2.11365,2.01779,1.99616,0.13808,0.223872,0.058272,0.731136,0.8448,0.028898,6131954,6131954,1663433,27.1273,1920,1080,raygs,triangles,1,off,0.1,on,-4
1781756699746991060,3077.52,473.649,2.11127,2.01568,1.99158,0.13392,0.22448,0.058368,0.731136,0.84368,0.029098,6131954,6131954,1663433,27.1273,1920,1080,raygs,triangles,1,off,0.1,on,-4
1781756699749144230,3079.67,473.627,2.11136,2.15062,2.12774,0.133664,0.225632,0.058368,0.866304,0.843776,0.03168,6131954,6131954,1663433,27.1273,1920,1080,raygs,triangles,1,off,0.1,on,-4
1781756699751302838,3081.83,473.126,2.1136,2.14083,2.11651,0.133728,0.345312,0.057344,0.736352,0.843776,0.027038,6131954,6131954,1663433,27.1273,1920,1080,raygs,triangles,1,off,0.1,on,-4
1781756699753468466,3084,473.367,2.11253,2.02502,2.00166,0.134464,0.225728,0.058368,0.738304,0.8448,0.047191,6131954,6131954,1663433,27.1273,1920,1080,raygs,triangles,1,off,0.1,on,-4
1781756699755409956,3085.94,473.604,2.11147,2.01741,1.99498,0.133664,0.226112,0.057344,0.733184,0.844672,0.017982,6131954,6131954,1663433,27.1273,1920,1080,raygs,triangles,1,off,0.1,on,-4
1781756699757449509,3087.98,473.724,2.11093,2.02205,1.99997,0.133504,0.226016,0.058368,0.738304,0.843776,0.028629,6131954,6131954,1663433,27.1273,1920,1080,raygs,triangles,1,off,0.1,on,-4
1781756699759826366,3090.36,473.868,2.11029,2.20426,2.18042,0.133952,0.410272,0.058208,0.734208,0.843776,0.029132,6131954,6131954,1663433,27.1273,1920,1080,raygs,triangles,1,off,0.1,on,-4
1781756699761934628,3092.47,473.072,2.11384,2.0161,1.99334,0.138368,0.223264,0.057696,0.7304,0.843616,0.042172,6131954,6131954,1663433,27.1273,1920,1080,raygs,triangles,1,off,0.1,on,-4
1781756699764043524,3094.57,472.939,2.11444,2.14298,2.12381,0.266336,0.223328,0.058368,0.73216,0.843616,0.019313,6131954,6131954,1663433,27.1273,1920,1080,raygs,triangles,1,off,0.1,on,-4
1781756699766181562,3096.71,472.607,2.11592,2.1408,2.11926,0.134112,0.22592,0.058368,0.857088,0.843776,0.027271,6131954,6131954,1663433,27.1273,1920,1080,raygs,triangles,1,off,0.1,on,-4
1781756699768350027,3098.88,472.244,2.11755,2.14381,2.12154,0.134432,0.345632,0.058368,0.739328,0.843776,0.028203,6131954,6131954,1663433,27.1273,1920,1080,raygs,triangles,1,off,0.1,on,-4
1781756699770418152,3100.95,472.64,2.11578,2.01958,1.99731,0.133952,0.22496,0.058368,0.736256,0.843776,0.028643,6131954,6131954,1663433,27.1273,1920,1080,raygs,triangles,1,off,0.1,on,-4
1781756699772436662,3102.97,473.088,2.11377,2.01901,1.99664,0.134464,0.225824,0.058368,0.734208,0.843776,0.027019,6131954,6131954,1663433,27.1273,1920,1080,raygs,triangles,1,off,0.1,on,-4
1781756699774681288,3105.21,473.167,2.11342,2.02032,2.00013,0.133536,0.225088,0.058368,0.73936,0.843776,0.027804,6131954,6131954,1663433,27.1273,1920,1080,raygs,triangles,1,off,0.1,on,-4
1781756699776867370,3107.4,472.552,2.11617,2.16614,2.14509,0.15072,0.222848,0.057344,0.869376,0.8448,0.028541,6131954,6131954,1663433,27.1273,1920,1080,raygs,triangles,1,off,0.1,on,-4
1781756699778894215,3109.42,472.419,2.11676,2.01136,1.98864,0.133728,0.22368,0.058368,0.729088,0.843776,0.027381,6131954,6131954,1663433,27.1273,1920,1080,raygs,triangles,1,off,0.1,on,-4
1781756699780976252,3111.51,472.474,2.11652,2.04221,2.02058,0.13488,0.225792,0.058368,0.758784,0.842752,0.029275,6131954,6131954,1663433,27.1273,1920,1080,raygs,triangles,1,off,0.1,on,-4
1781756699783152938,3113.68,472.344,2.1171,2.02166,1.99917,0.133792,0.225952,0.058368,0.73728,0.843776,0.028779,6131954,6131954,1663433,27.1273,1920,1080,raygs,triangles,1,off,0.1,on,-4
1781756699785180365,3115.71,471.788,2.1196,2.02426,2.00317,0.137376,0.225184,0.058368,0.737632,0.844608,0.031304,6131954,6131954,1663433,27.1273,1920,1080,raygs,triangles,1,off,0.1,on,-4
1781756699787221206,3117.75,472.605,2.11593,2.02,1.99869,0.134176,0.225504,0.058368,0.736256,0.844384,0.029131,6131954,6131954,1663433,27.1273,1920,1080,raygs,triangles,1,off,0.1,on,-4
1781756699789288960,3119.82,473.278,2.11292,2.01808,1.99616,0.133664,0.22544,0.058048,0.734208,0.8448,0.027936,6131954,6131954,1663433,27.1273,1920,1080,raygs,triangles,1,off,0.1,on,-4
1781756699791531146,3122.06,473.161,2.11345,2.02179,1.99974,0.133888,0.225248,0.057664,0.73728,0.845664,0.027608,6131954,6131954,1663433,27.1273,1920,1080,raygs,triangles,1,off,0.1,on,-4
1781756699793757268,3124.29,472.493,2.11643,2.1673,2.1456,0.150784,0.222656,0.058048,0.869376,0.844736,0.02865,6131954,6131954,1663433,27.1273,1920,1080,raygs,triangles,1,off,0.1,on,-4
1781756699795773745,3126.3,472.381,2.11694,2.01152,1.98806,0.133888,0.224992,0.057344,0.729088,0.842752,0.032457,6131954,6131954,1663433,27.1273,1920,1080,raygs,triangles,1,off,0.1,on,-4
1781756699797833715,3128.36,472.451,2.11662,2.0416,2.02016,0.134272,0.223936,0.058368,0.759808,0.843776,0.027696,6131954,6131954,1663433,27.1273,1920,1080,raygs,triangles,1,off,0.1,on,-4
1781756699799991742,3130.52,472.439,2.11668,2.1399,2.11718,0.134432,0.225568,0.057344,0.856064,0.843776,0.027408,6131954,6131954,1663433,27.1273,1920,1080,raygs,triangles,1,off,0.1,on,-4
1781756699802054689,3132.59,472.043,2.11845,2.01875,1.99686,0.133248,0.2248,0.05776,0.73728,0.843776,0.028802,6131954,6131954,1663433,27.1273,1920,1080,raygs,triangles,1,off,0.1,on,-4
1781756699804087475,3134.62,472.572,2.11608,2.01805,1.99437,0.133248,0.225376,0.05776,0.734208,0.843776,0.02788,6131954,6131954,1663433,27.1273,1920,1080,raygs,triangles,1,off,0.1,on,-4
1781756699806124922,3136.66,473.399,2.11238,2.01738,1.99613,0.134624,0.225152,0.058368,0.733184,0.8448,0.031613,6131954,6131954,1663433,27.1273,1920,1080,raygs,triangles,1,off,0.1,on,-4
1781756699808380308,3138.91,473.374,2.11249,2.01962,1.99757,0.132736,0.226432,0.058368,0.736256,0.843776,0.026851,6131954,6131954,1663433,27.1273,1920,1080,raygs,triangles,1,off,0.1,on,-4
1781756699810574584,3141.11,472.686,2.11557,2.1671,2.14451,0.150272,0.222976,0.057344,0.869376,0.844544,0.026864,6131954,6131954,1663433,27.1273,1920,1080,raygs,triangles,1,off,0.1,on,-4
1781756699812677556,3143.21,472.486,2.11647,2.01382,1.9913,0.134112,0.225856,0.058368,0.729536,0.843424,0.044974,6131954,6131954,1663433,27.1273,1920,1080,raygs,triangles,1,off,0.1,on,-4
1781756699814684553,3145.22,472.239,2.11757,2.0431,2.02042,0.133632,0.224096,0.058368,0.759808,0.844512,0.017443,6131954,6131954,1663433,27.1273,1920,1080,raygs,triangles,1,off,0.1,on,-4
1781756699816847984,3147.38,472.328,2.11717,2.1361,1.99565,0.133728,0.224544,0.058368,0.734208,0.8448,0.02771,6131954,6131954,1663433,27.1273,1920,1080,raygs,triangles,1,off,0.1,on,-4
1781756699818908718,3149.44,471.983,2.11872,2.01779,1.99542,0.133984,0.225088,0.057344,0.735232,0.843776,0.030046,6131954,6131954,1663433,27.1273,1920,1080,raygs,triangles,1,off,0.1,on,-4
1781756699820965712,3151.5,473.056,2.11391,2.01949,1.9992,0.133632,0.226144,0.058368,0.736256,0.8448,0.031224,6131954,6131954,1663433,27.1273,1920,1080,raygs,triangles,1,off,0.1,on,-4
1781756699822989506,3153.52,473.565,2.11164,2.0177,1.99696,0.133856,0.226112,0.058368,0.735232,0.843392,0.028853,6131954,6131954,1663433,27.1273,1920,1080,raygs,triangles,1,off,0.1,on,-4
1781756699825198421,3155.73,473.541,2.11175,2.01933,1.99718,0.134176,0.2256,0.058368,0.734464,0.844576,0.032496,6131954,6131954,1663433,27.1273,1920,1080,raygs,triangles,1,off,0.1,on,-4
1781756699827419101,3157.95,473.012,2.11411,2.1968,2.17414,0.137856,0.222752,0.058368,0.910592,0.844576,0.027794,6131954,6131954,1663433,27.1273,1920,1080,raygs,triangles,1,off,0.1,on,-4
1781756699829480872,3160.01,472.744,2.11531,2.0135,1.99002,0.133792,0.223936,0.0584,0.730112,0.843776,0.030165,6131954,6131954,1663433,27.1273,1920,1080,raygs,triangles,1,off,0.1,on,-4
1781756699831697793,3162.23,472.624,2.11585,2.17712,2.15354,0.133632,0.224832,0.057344,0.893952,0.843776,0.038482,6131954,6131954,1663433,27.1273,1920,1080,raygs,triangles,1,off,0.1,on,-4
1781756699833832810,3164.36,472.008,2.11861,2.14531,2.12192,0.134528,0.225024,0.057344,0.861248,0.843776,0.019472,6131954,6131954,1663433,27.1273,1920,1080,raygs,triangles,1,off,0.1,on,-4
1781756699835920654,3166.45,471.65,2.12022,2.01978,1.99827,0.133952,0.225056,0.058208,0.736256,0.8448,0.039937,6131954,6131954,1663433,27.1273,1920,1080,raygs,triangles,1,off,0.1,on,-4
1781756699837927918,3168.46,472.793,2.11509,2.02275,1.9992,0.1328,0.22768,0.057664,0.73728,0.843776,0.018427,6131954,6131954,1663433,27.1273,1920,1080,raygs,triangles,1,off,0.1,on,-4
1781756699839965494,3170.5,472.899,2.11462,2.01821,1.99661,0.133376,0.224832,0.058368,0.736256,0.843776,0.026829,6131954,6131954,1663433,27.1273,1920,1080,raygs,triangles,1,off,0.1,on,-4
1781756699842221622,3172.75,472.825,2.11495,2.01373,1.98931,0.13296,0.224448,0.058208,0.730112,0.843584,0.032141,6131954,6131954,1663433,27.1273,1920,1080,raygs,triangles,1,off,0.1,on,-4
1781756699844408607,3174.94,472.15,2.11797,2.16813,2.14499,0.151552,0.221728,0.057344,0.87072,0.843648,0.026335,6131954,6131954,1663433,27.1273,1920,1080,raygs,triangles,1,off,0.1,on,-4
1781756699846448262,3176.98,472.365,2.11701,2.01338,1.99018,0.134048,0.224896,0.058368,0.730112,0.842752,0.026952,6131954,6131954,1663433,27.1273,1920,1080,raygs,triangles,1,off,0.1,on,-4
1781756699848483407,3179.01,472.476,2.11651,2.0143,1.9929,0.135648,0.224224,0.058112,0.731136,0.843776,0.026598,6131954,6131954,1663433,27.1273,1920,1080,raygs,triangles,1,off,0.1,on,-4
1781756699850674085,3181.2,472.58,2.11604,2.13901,2.11584,0.133376,0.344256,0.058368,0.736256,0.843584,0.027729,6131954,6131954,1663433,27.1273,1920,1080,raygs,triangles,1,off,0.1,on,-4
1781756699852697065,3183.23,472.035,2.11849,2.01731,1.99488,0.133888,0.225664,0.058368,0.734208,0.842752,0.025934,6131954,6131954,1663433,27.1273,1920,1080,raygs,triangles,1,off,0.1,on,-4
1781756699854732602,3185.26,473.307,2.11279,2.01686,1.99558,0.133408,0.223744,0.058368,0.735264,0.8448,0.027134,6131954,6131954,1663433,27.1273,1920,1080,raygs,triangles,1,off,0.1,on,-4
1781756699856776749,3187.31,473.307,2.11279,2.01878,1.99514,0.13296,0.225536,0.057632,0.735232,0.843776,0.027599,6131954,6131954,1663433,27.1273,1920,1080,raygs,triangles,1,off,0.1,on,-4
1781756699859044414,3189.58,473.44,2.1122,2.24269,1.98915,0.1336,0.224384,0.05728,0.729088,0.8448,0.02618,6131954,6131954,1663433,27.1273,1920,1080,raygs,triangles,1,off,0.1,on,-4
1781756699861085494,3191.62,472.568,2.1161,2.01603,1.99379,0.134048,0.225344,0.05744,0.73216,0.8448,0.028245,6131954,6131954,1663433,27.1273,1920,1080,raygs,triangles,1,off,0.1,on,-4
1781756699863129350,3193.66,473.501,2.11193,2.01261,1.99059,0.133952,0.225728,0.058368,0.728064,0.84448,0.027484,6131954,6131954,1663433,27.1273,1920,1080,raygs,triangles,1,off,0.1,on,-4
1781756699865162569,3195.69,473.438,2.11221,2.01802,1.99549,0.137312,0.222688,0.057504,0.733184,0.8448,0.026957,6131954,6131954,1663433,27.1273,1920,1080,raygs,triangles,1,off,0.1,on,-4
1781756699867346258,3197.88,473.442,2.11219,2.1497,2.1271,0.133824,0.225408,0.057792,0.867328,0.842752,0.027782,6131954,6131954,1663433,27.1273,1920,1080,raygs,triangles,1,off,0.1,on,-4
1781756699869418341,3199.95,473.065,2.11387,2.02384,2.00189,0.134944,0.225344,0.058496,0.738304,0.8448,0.029305,6131954,6131954,1663433,27.1273,1920,1080,raygs,triangles,1,off,0.1,on,-4
1781756699871434503,3201.97,474.232,2.10867,2.01888,1.99648,0.13376,0.22432,0.058368,0.736256,0.843776,0.027035,6131954,6131954,1663433,27.1273,1920,1080,raygs,triangles,1,off,0.1,on,-4
1781756699873506088,3204.04,474.393,2.10796,2.02074,1.99933,0.134048,0.225216,0.058368,0.738304,0.843392,0.028817,6131954,6131954,1663433,27.1273,1920,1080,raygs,triangles,1,off,0.1,on,-4
1781756699875923275,3206.45,474.151,2.10903,2.26723,2.24579,0.133568,0.22512,0.058368,0.985088,0.843648,0.028994,6131954,6131954,1663433,27.1273,1920,1080,raygs,triangles,1,off,0.1,on,-4
1781756699877955549,3208.49,473.282,2.11291,2.01702,1.99469,0.138592,0.22384,0.057344,0.731136,0.843776,0.027563,6131954,6131954,1663433,27.1273,1920,1080,raygs,triangles,1,off,0.1,on,-4
1781756699880071040,3210.6,473.713,2.11098,2.01258,1.98995,0.133952,0.224768,0.058368,0.729088,0.843776,0.0511,6131954,6131954,1663433,27.1273,1920,1080,raygs,triangles,1,off,0.1,on,-4
1781756699882042428,3212.57,473.954,2.10991,2.01674,1.99542,0.136,0.226144,0.058368,0.731136,0.843776,0.019766,6131954,6131954,1663433,27.1273,1920,1080,raygs,triangles,1,off,0.1,on,-4
1781756699884251974,3214.78,473.779,2.11069,2.13459,2.11181,0.133056,0.3424,0.058368,0.733184,0.8448,0.046056,6131954,6131954,1663433,27.1273,1920,1080,raygs,triangles,1,off,0.1,on,-4
1781756699886252058,3216.78,473.177,2.11337,2.01882,1.99552,0.133984,0.22512,0.057408,0.735232,0.843776,0.026705,6131954,6131954,1663433,27.1273,1920,1080,raygs,triangles,1,off,0.1,on,-4
1781756699888327531,3218.86,474.607,2.10701,2.01958,1.99789,0.134144,0.225728,0.058368,0.736256,0.843392,0.042362,6131954,6131954,1663433,27.1273,1920,1080,raygs,triangles,1,off,0.1,on,-4
1781756699890426693,3220.96,474.718,2.10651,2.02499,2.00224,0.133024,0.226816,0.057344,0.740352,0.844704,0.029612,6131954,6131954,1663433,27.1273,1920,1080,raygs,triangles,1,off,0.1,on,-4
1781756699892757440,3223.29,474.79,2.10619,2.19933,2.17706,0.134304,0.22432,0.244736,0.729088,0.844608,0.033453,6131954,6131954,1663433,27.1273,1920,1080,raygs,triangles,1,off,0.1,on,-4
1781756699894773548,3225.3,474.04,2.10953,2.01616,1.99494,0.138368,0.224224,0.058368,0.730496,0.843488,0.031002,6131954,6131954,1663433,27.1273,1920,1080,raygs,triangles,1,off,0.1,on,-4
1781756699896814234,3227.34,474.665,2.10675,2.01584,1.99418,0.134112,0.22576,0.057344,0.73216,0.8448,0.032444,6131954,6131954,1663433,27.1273,1920,1080,raygs,triangles,1,off,0.1,on,-4
1781756699898851064,3229.38,474.755,2.10635,2.01568,1.99299,0.134944,0.225792,0.057344,0.730112,0.8448,0.026874,6131954,6131954,1663433,27.1273,1920,1080,raygs,triangles,1,off,0.1,on,-4
1781756699900963332,3231.49,474.689,2.10664,2.13757,2.11315,0.133408,0.344416,0.057344,0.734208,0.843776,0.021077,6131954,6131954,1663433,27.1273,1920,1080,raygs,triangles,1,off,0.1,on,-4
1781756699903009416,3233.54,475.061,2.10499,2.02186,1.99987,0.133984,0.225344,0.058368,0.738496,0.84368,0.028852,6131954,6131954,1663433,27.1273,1920,1080,raygs,triangles,1,off,0.1,on,-4
1781756699905056194,3235.59,475.663,2.10233,2.01677,1.99456,0.134016,0.225216,0.058368,0.733184,0.843776,0.028437,6131954,6131954,1663433,27.1273,1920,1080,raygs,triangles,1,off,0.1,on,-4
1781756699907103855,3237.63,475.572,2.10273,2.02243,2.00128,0.133504,0.226208,0.058368,0.7384,0.8448,0.027839,6131954,6131954,1663433,27.1273,1920,1080,raygs,triangles,1,off,0.1,on,-4
1781756699909471777,3240,475.707,2.10213,2.19862,1.99178,0.1336,0.225216,0.057024,0.731136,0.8448,0.034728,6131954,6131954,1663433,27.1273,1920,1080,raygs,triangles,1,off,0.1,on,-4
1781756699911697160,3242.23,474.966,2.10541,2.15859,2.13741,0.138592,0.225248,0.058368,0.8704,0.8448,0.043822,6131954,6131954,1663433,27.1273,1920,1080,raygs,triangles,1,off,0.1,on,-4
1781756699913679635,3244.21,474.334,2.10822,2.01043,1.98899,0.133824,0.22512,0.058208,0.728064,0.843776,0.018406,6131954,6131954,1663433,27.1273,1920,1080,raygs,triangles,1,off,0.1,on,-4
1781756699915776303,3246.31,474.458,2.10767,2.01834,1.99632,0.13456,0.224384,0.057344,0.735232,0.8448,0.044448,6131954,6131954,1663433,27.1273,1920,1080,raygs,triangles,1,off,0.1,on,-4
1781756699917877809,3248.41,474.412,2.10787,2.13466,2.11165,0.133088,0.342272,0.057344,0.734208,0.844736,0.017811,6131954,6131954,1663433,27.1273,1920,1080,raygs,triangles,1,off,0.1,on,-4
1781756699919931508,3250.46,474.807,2.10612,2.02077,1.9991,0.133888,0.226816,0.058368,0.735232,0.8448,0.028518,6131954,6131954,1663433,27.1273,1920,1080,raygs,triangles,1,off,0.1,on,-4
1781756699921970766,3252.5,475.489,2.1031,2.02048,1.99706,0.1336,0.225024,0.057344,0.736288,0.8448,0.029016,6131954,6131954,1663433,27.1273,1920,1080,raygs,triangles,1,off,0.1,on,-4
1781756699924014757,3254.55,475.461,2.10322,2.02032,1.9984,0.133856,0.225536,0.057344,0.73728,0.844384,0.02687,6131954,6131954,1663433,27.1273,1920,1080,raygs,triangles,1,off,0.1,on,-4
1781756699926413326,3256.94,475.485,2.10312,2.23814,1.98899,0.134208,0.225952,0.058016,0.72704,0.843776,0.028906,6131954,6131954,1663433,27.1273,1920,1080,raygs,triangles,1,off,0.1,on,-4
1781756699928442756,3258.97,474.626,2.10692,2.01888,1.99651,0.138272,0.223296,0.058336,0.731136,0.845472,0.02726,6131954,6131954,1663433,27.1273,1920,1080,raygs,triangles,1,off,0.1,on,-4
1781756699930485023,3261.02,474.758,2.10634,2.01277,1.99027,0.133984,0.225184,0.058368,0.729088,0.843648,0.027613,6131954,6131954,1663433,27.1273,1920,1080,raygs,triangles,1,off,0.1,on,-4
1781756699932710588,3263.24,474.724,2.10649,2.1504,2.12701,0.13536,0.226272,0.057344,0.864256,0.843776,0.040267,6131954,6131954,1663433,27.1273,1920,1080,raygs,triangles,1,off,0.1,on,-4
1781756699934833559,3265.36,473.991,2.10975,2.13738,2.11581,0.133408,0.341216,0.05808,0.738304,0.8448,0.02156,6131954,6131954,1663433,27.1273,1920,1080,raygs,triangles,1,off,0.1,on,-4
1781756699936897935,3267.43,474.414,2.10786,2.0215,2.00003,0.133856,0.226944,0.058368,0.736256,0.844608,0.030518,6131954,6131954,1663433,27.1273,1920,1080,raygs,triangles,1,off,0.1,on,-4
1781756699938935508,3269.47,474.945,2.10551,2.01866,1.99725,0.133856,0.225984,0.058368,0.735264,0.843776,0.029208,6131954,6131954,1663433,27.1273,1920,1080,raygs,triangles,1,off,0.1,on,-4
1781756699940964342,3271.49,475.177,2.10448,2.01728,1.99507,0.133472,0.225504,0.058304,0.734208,0.843584,0.029336,6131954,6131954,1663433,27.1273,1920,1080,raygs,triangles,1,off,0.1,on,-4
1781756699943360641,3273.89,475.148,2.10461,2.23853,1.98893,0.134144,0.2256,0.05632,0.729088,0.843776,0.028514,6131954,6131954,1663433,27.1273,1920,1080,raygs,triangles,1,off,0.1,on,-4
1781756699945393214,3275.92,474.254,2.10858,2.01968,1.99725,0.138944,0.224224,0.058368,0.731136,0.844576,0.028356,6131954,6131954,1663433,27.1273,1920,1080,raygs,triangles,1,off,0.1,on,-4
1781756699947480200,3278.01,474.377,2.10803,2.01626,1.99443,0.133472,0.224608,0.058368,0.733184,0.8448,0.037924,6131954,6131954,1663433,27.1273,1920,1080,raygs,triangles,1,off,0.1,on,-4
1781756699949600907,3280.13,474.261,2.10854,2.14467,2.12256,0.133888,0.225344,0.058368,0.861184,0.843776,0.021988,6131954,6131954,1663433,27.1273,1920,1080,raygs,triangles,1,off,0.1,on,-4
1781756699951767690,3282.3,473.85,2.11037,2.13622,2.11437,0.133632,0.340288,0.058368,0.73728,0.8448,0.032413,6131954,6131954,1663433,27.1273,1920,1080,raygs,triangles,1,off,0.1,on,-4
1781756699953814863,3284.35,474.069,2.1094,2.01981,1.99926,0.1344,0.226624,0.058368,0.735232,0.84464,0.02768,6131954,6131954,1663433,27.1273,1920,1080,raygs,triangles,1,off,0.1,on,-4
1781756699955841843,3286.37,474.664,2.10675,2.0159,1.99421,0.13312,0.22576,0.058368,0.733184,0.843776,0.026692,6131954,6131954,1663433,27.1273,1920,1080,raygs,triangles,1,off,0.1,on,-4
1781756699958113819,3288.64,474.865,2.10586,2.02294,2.00176,0.134048,0.22528,0.058368,0.740352,0.843712,0.03008,6131954,6131954,1663433,27.1273,1920,1080,raygs,triangles,1,off,0.1,on,-4
1781756699960287948,3290.82,474.542,2.10729,2.16646,2.14435,0.149536,0.2232,0.058368,0.8688,0.844448,0.027791,6131954,6131954,1663433,27.1273,1920,1080,raygs,triangles,1,off,0.1,on,-4
1781756699962318586,3292.85,474.445,2.10772,2.01494,1.99258,0.13424,0.225056,0.058368,0.73216,0.842752,0.028833,6131954,6131954,1663433,27.1273,1920,1080,raygs,triangles,1,off,0.1,on,-4
1781756699964440089,3294.97,474.675,2.1067,2.04432,2.02182,0.133888,0.22496,0.058368,0.759968,0.84464,0.043646,6131954,6131954,1663433,27.1273,1920,1080,raygs,triangles,1,off,0.1,on,-4
1781756699966541160,3297.07,474.277,2.10847,2.1409,2.1176,0.134208,0.225184,0.057344,0.856064,0.8448,0.01707,6131954,6131954,1663433,27.1273,1920,1080,raygs,triangles,1,off,0.1,on,-4
1781756699968625063,3299.16,474.014,2.10964,2.02045,1.9975,0.133568,0.225536,0.058368,0.73728,0.842752,0.028954,6131954,6131954,1663433,27.1273,1920,1080,raygs,triangles,1,off,0.1,on,-4
1781756699970650424,3301.18,474.664,2.10675,2.02179,1.99862,0.13392,0.22528,0.057344,0.738304,0.843776,0.027988,6131954,6131954,1663433,27.1273,1920,1080,raygs,triangles,1,off,0.1,on,-4
1781756699972696245,3303.23,475.194,2.1044,2.02048,1.99901,0.133472,0.226336,0.058368,0.73728,0.843552,0.028006,6131954,6131954,1663433,27.1273,1920,1080,raygs,triangles,1,off,0.1,on,-4
1781756699974912943,3305.44,475.244,2.10418,2.0231,2.00157,0.134176,0.225152,0.058112,0.740352,0.843776,0.02746,6131954,6131954,1663433,27.1273,1920,1080,raygs,triangles,1,off,0.1,on,-4
1781756699977090594,3307.62,474.679,2.10669,2.1648,2.14256,0.14864,0.2224,0.058368,0.869376,0.843776,0.02628,6131954,6131954,1663433,27.1273,1920,1080,raygs,triangles,1,off,0.1,on,-4
1781756699979133821,3309.66,474.707,2.10656,2.0153,1.99165,0.133728,0.22464,0.057344,0.731136,0.8448,0.026561,6131954,6131954,1663433,27.1273,1920,1080,raygs,triangles,1,off,0.1,on,-4
1781756699981213302,3311.74,474.618,2.10696,2.04426,2.02166,0.13392,0.224736,0.058368,0.760864,0.843776,0.031473,6131954,6131954,1663433,27.1273,1920,1080,raygs,triangles,1,off,0.1,on,-4
1781756699983372913,3313.9,474.409,2.10789,2.13965,2.11686,0.134016,0.22592,0.058112,0.85504,0.843776,0.0271,6131954,6131954,1663433,27.1273,1920,1080,raygs,triangles,1,off,0.1,on,-4
1781756699985436854,3315.97,474.024,2.1096,2.02032,1.99776,0.132416,0.226752,0.057536,0.736256,0.8448,0.028956,6131954,6131954,1663433,27.1273,1920,1080,raygs,triangles,1,off,0.1,on,-4
1781756699987479573,3318.01,474.705,2.10657,2.02163,1.99942,0.13376,0.226176,0.057696,0.736256,0.845536,0.028611,6131954,6131954,1663433,27.1273,1920,1080,raygs,triangles,1,off,0.1,on,-4
1781756699989516286,3320.05,474.733,2.10645,2.01523,1.99418,0.134112,0.224736,0.058368,0.73216,0.8448,0.027362,6131954,6131954,1663433,27.1273,1920,1080,raygs,triangles,1,off,0.1,on,-4
1781756699991839413,3322.37,474.748,2.10638,2.01786,1.99552,0.133024,0.225728,0.05776,0.734208,0.8448,0.030484,6131954,6131954,1663433,27.1273,1920,1080,raygs,triangles,1,off,0.1,on,-4
1781756699993997005,3324.53,473.609,2.11145,2.16813,2.14602,0.149024,0.2224,0.058368,0.871424,0.8448,0.027838,6131954,6131954,1663433,27.1273,1920,1080,raygs,triangles,1,off,0.1,on,-4
1781756699996028164,3326.56,473.75,2.11082,2.01386,1.9911,0.134144,0.225728,0.058368,0.730112,0.842752,0.026728,6131954,6131954,1663433,27.1273,1920,1080,raygs,triangles,1,off,0.1,on,-4
1781756699998113286,3328.64,473.796,2.11061,2.04534,2.02451,0.134912,0.224544,0.058368,0.762048,0.84464,0.028423,6131954,6131954,1663433,27.1273,1920,1080,raygs,triangles,1,off,0.1,on,-4
1781756700000313802,3330.84,473.647,2.11128,2.13754,2.11456,0.134016,0.224576,0.058368,0.852992,0.844608,0.036574,6131954,6131954,1663433,27.1273,1920,1080,raygs,triangles,1,off,0.1,on,-4
1781756700002314452,3332.85,473.294,2.11285,2.02074,1.9984,0.134304,0.225696,0.058368,0.735232,0.8448,0.022252,6131954,6131954,1663433,27.1273,1920,1080,raygs,triangles,1,off,0.1,on,-4
1781756700004359377,3334.89,474.727,2.10648,2.02054,1.99926,0.133792,0.225248,0.058368,0.73728,0.844576,0.02778,6131954,6131954,1663433,27.1273,1920,1080,raygs,triangles,1,off,0.1,on,-4
1781756700006627101,3337.16,474.744,2.1064,2.02147,1.99805,0.133888,0.225888,0.05744,0.73728,0.843552,0.050826,6131954,6131954,1663433,27.1273,1920,1080,raygs,triangles,1,off,0.1,on,-4
1781756700008784908,3339.32,473.161,2.11345,2.01747,1.99427,0.13472,0.224864,0.057728,0.733184,0.843776,0.042807,6131954,6131954,1663433,27.1273,1920,1080,raygs,triangles,1,off,0.1,on,-4
1781756700010960137,3341.49,473.415,2.11231,2.16944,2.14659,0.149408,0.222496,0.057344,0.87184,0.845504,0.036324,6131954,6131954,1663433,27.1273,1920,1080,raygs,triangles,1,off,0.1,on,-4
1781756700012971715,3343.5,473.5,2.11193,2.01363,1.99123,0.133952,0.22496,0.057344,0.730368,0.844608,0.030604,6131954,6131954,1663433,27.1273,1920,1080,raygs,triangles,1,off,0.1,on,-4
1781756700014965663,3345.5,473.572,2.11161,2.04992,2.0263,0.133728,0.225408,0.05744,0.765952,0.843776,0.033831,6131954,6131954,1663433,27.1273,1920,1080,raygs,triangles,1,off,0.1,on,-4
1781756700017244787,3347.78,473.724,2.11093,2.24797,2.22669,0.250432,0.224192,0.057344,0.851968,0.842752,0.028505,6131954,6131954,1663433,27.1273,1920,1080,raygs,triangles,1,off,0.1,on,-4
1781756700019282814,3349.81,473.063,2.11388,2.02387,2.00029,0.13392,0.225984,0.057376,0.73728,0.845728,0.028687,6131954,6131954,1663433,27.1273,1920,1080,raygs,triangles,1,off,0.1,on,-4
1781756700021322389,3351.85,474.212,2.10876,2.02147,1.99894,0.1336,0.22592,0.058368,0.73728,0.843776,0.028083,6131954,6131954,1663433,27.1273,1920,1080,raygs,triangles,1,off,0.1,on,-4
1781756700023357747,3353.89,474.1,2.10926,2.02029,1.99974,0.133536,0.225984,0.058112,0.737312,0.8448,0.025836,6131954,6131954,1663433,27.1273,1920,1080,raygs,triangles,1,off,0.1,on,-4
1781756700025626171,3356.16,474.137,2.10909,2.01555,1.9921,0.13472,0.225376,0.057344,0.730112,0.844544,0.026221,6131954,6131954,1663433,27.1273,1920,1080,raygs,triangles,1,off,0.1,on,-4
1781756700027814707,3358.35,473.351,2.1126,2.16659,2.14499,0.152352,0.222752,0.0576,0.867552,0.844736,0.025516,6131954,6131954,1663433,27.1273,1920,1080,raygs,triangles,1,off,0.1,on,-4
1781756700029865348,3360.4,473.102,2.11371,2.01334,1.99088,0.133696,0.22496,0.058336,0.730112,0.843776,0.025411,6131954,6131954,1663433,27.1273,1920,1080,raygs,triangles,1,off,0.1,on,-4
1781756700031905656,3362.44,473.077,2.11382,2.0151,1.99245,0.134336,0.223872,0.058368,0.731136,0.844736,0.026056,6131954,6131954,1663433,27.1273,1920,1080,raygs,triangles,1,off,0.1,on,-4
1781756700034072760,3364.6,473.122,2.11362,2.13856,2.1151,0.133952,0.342816,0.057344,0.736256,0.844736,0.028311,6131954,6131954,1663433,27.1273,1920,1080,raygs,triangles,1,off,0.1,on,-4
1781756700036206132,3366.74,472.573,2.11608,2.01802,1.99645,0.133216,0.224832,0.058368,0.735232,0.8448,0.059391,6131954,6131954,1663433,27.1273,1920,1080,raygs,triangles,1,off,0.1,on,-4
1781756700038143225,3368.67,473.593,2.11152,2.02016,1.99811,0.134304,0.22624,0.057536,0.736256,0.843776,0.015796,6131954,6131954,1663433,27.1273,1920,1080,raygs,triangles,1,off,0.1,on,-4
1781756700040214065,3370.74,474.565,2.10719,2.02282,2.0017,0.13488,0.22624,0.058368,0.737472,0.844736,0.029835,6131954,6131954,1663433,27.1273,1920,1080,raygs,triangles,1,off,0.1,on,-4
1781756700042589578,3373.12,474.222,2.10872,2.24534,1.99437,0.133728,0.224832,0.057152,0.733184,0.845472,0.027365,6131954,6131954,1663433,27.1273,1920,1080,raygs,triangles,1,off,0.1,on,-4
1781756700044624516,3375.16,473.217,2.1132,2.01782,1.99478,0.138688,0.223872,0.058368,0.730112,0.843744,0.025827,6131954,6131954,1663433,27.1273,1920,1080,raygs,triangles,1,off,0.1,on,-4
1781756700046668360,3377.2,473.506,2.11191,2.01443,1.99142,0.13472,0.225376,0.05744,0.730112,0.843776,0.026778,6131954,6131954,1663433,27.1273,1920,1080,raygs,triangles,1,off,0.1,on,-4
1781756700048724539,3379.26,473.529,2.1118,2.01843,1.99616,0.138752,0.223104,0.058368,0.73216,0.843776,0.025845,6131954,6131954,1663433,27.1273,1920,1080,raygs,triangles,1,off,0.1,on,-4
1781756700050993438,3381.52,473.353,2.11259,2.13526,2.11126,0.133728,0.342208,0.057344,0.734272,0.843712,0.02518,6131954,6131954,1663433,27.1273,1920,1080,raygs,triangles,1,off,0.1,on,-4
1781756700053029656,3383.56,472.64,2.11578,2.01914,1.99626,0.137376,0.223488,0.057344,0.734272,0.843776,0.024624,6131954,6131954,1663433,27.1273,1920,1080,raygs,triangles,1,off,0.1,on,-4
1781756700055068207,3385.6,473.957,2.10989,2.01722,1.99456,0.134464,0.224064,0.058368,0.734208,0.843456,0.025059,6131954,6131954,1663433,27.1273,1920,1080,raygs,triangles,1,off,0.1,on,-4
1781756700057121598,3387.65,473.935,2.10999,2.0217,1.99971,0.133792,0.225408,0.058272,0.737696,0.844544,0.026178,6131954,6131954,1663433,27.1273,1920,1080,raygs,triangles,1,off,0.1,on,-4
1781756700059503013,3390.03,473.879,2.11025,2.23162,2.20806,0.134848,0.4424,0.057344,0.730112,0.84336,0.025628,6131954,6131954,1663433,27.1273,1920,1080,raygs,triangles,1,off,0.1,on,-4
1781756700061537490,3392.07,473.303,2.11281,2.016,1.99501,0.138368,0.225408,0.058368,0.729088,0.843776,0.026124,6131954,6131954,1663433,27.1273,1920,1080,raygs,triangles,1,off,0.1,on,-4
1781756700063593713,3394.12,473.652,2.11125,2.01123,1.98838,0.133568,0.225952,0.057344,0.728064,0.843456,0.02741,6131954,6131954,1663433,27.1273,1920,1080,raygs,triangles,1,off,0.1,on,-4
1781756700065657293,3396.19,473.62,2.1114,2.01558,1.99325,0.134848,0.22512,0.058368,0.73216,0.842752,0.028085,6131954,6131954,1663433,27.1273,1920,1080,raygs,triangles,1,off,0.1,on,-4
1781756700067926229,3398.46,473.472,2.11206,2.13581,2.11341,0.133664,0.34032,0.057344,0.73728,0.8448,0.027749,6131954,6131954,1663433,27.1273,1920,1080,raygs,triangles,1,off,0.1,on,-4
1781756700069967052,3400.5,472.604,2.11594,2.02134,1.99894,0.137504,0.224864,0.057568,0.734208,0.8448,0.027347,6131954,6131954,1663433,27.1273,1920,1080,raygs,triangles,1,off,0.1,on,-4
1781756700072003671,3402.53,473.969,2.10984,2.01814,1.99453,0.134368,0.225152,0.05824,0.733184,0.843584,0.02773,6131954,6131954,1663433,27.1273,1920,1080,raygs,triangles,1,off,0.1,on,-4
1781756700074198501,3404.73,473.928,2.11002,2.16038,2.13891,0.134208,0.226112,0.058368,0.87552,0.844704,0.030519,6131954,6131954,1663433,27.1273,1920,1080,raygs,triangles,1,off,0.1,on,-4
1781756700076542988,3407.07,473.456,2.11213,2.19619,2.17328,0.134112,0.408352,0.057344,0.729088,0.844384,0.028375,6131954,6131954,1663433,27.1273,1920,1080,raygs,triangles,1,off,0.1,on,-4
1781756700078632443,3409.16,472.762,2.11523,2.01744,1.99514,0.138816,0.224064,0.058368,0.730112,0.843776,0.055374,6131954,6131954,1663433,27.1273,1920,1080,raygs,triangles,1,off,0.1,on,-4
1781756700080610357,3411.14,473.021,2.11407,2.0152,1.99258,0.13344,0.225664,0.057536,0.73216,0.843776,0.016715,6131954,6131954,1663433,27.1273,1920,1080,raygs,triangles,1,off,0.1,on,-4
1781756700082851475,3413.38,473.237,2.11311,2.1416,2.11869,0.13392,0.223808,0.058368,0.858112,0.84448,0.067904,6131954,6131954,1663433,27.1273,1920,1080,raygs,triangles,1,off,0.1,on,-4
1781756700084959087,3415.49,472.404,2.11683,2.13869,2.11629,0.13456,0.342304,0.058368,0.73728,0.843776,0.018651,6131954,6131954,1663433,27.1273,1920,1080,raygs,triangles,1,off,0.1,on,-4
1781756700086994843,3417.53,473.081,2.1138,2.01856,1.99507,0.13264,0.22544,0.058368,0.734208,0.844416,0.02692,6131954,6131954,1663433,27.1273,1920,1080,raygs,triangles,1,off,0.1,on,-4
1781756700089019162,3419.55,473.607,2.11146,2.01843,1.99475,0.134144,0.225568,0.057344,0.733184,0.844512,0.025921,6131954,6131954,1663433,27.1273,1920,1080,raygs,triangles,1,off,0.1,on,-4
1781756700091057977,3421.59,473.651,2.11126,2.02,1.99699,0.133664,0.225536,0.05776,0.73728,0.842752,0.024674,6131954,6131954,1663433,27.1273,1920,1080,raygs,triangles,1,off,0.1,on,-4
1781756700093464601,3424,473.94,2.10997,2.24634,1.98912,0.133152,0.225568,0.056512,0.729088,0.8448,0.026756,6131954,6131954,1663433,27.1273,1920,1080,raygs,triangles,1,off,0.1,on,-4
1781756700095495970,3426.03,472.776,2.11517,2.01626,1.99446,0.138592,0.22464,0.057344,0.729088,0.8448,0.025443,6131954,6131954,1663433,27.1273,1920,1080,raygs,triangles,1,off,0.1,on,-4
1781756700097554109,3428.08,473.024,2.11406,2.01277,1.99165,0.13408,0.225152,0.058368,0.729344,0.844704,0.027326,6131954,6131954,1663433,27.1273,1920,1080,raygs,triangles,1,off,0.1,on,-4
1781756700099622884,3430.15,472.914,2.11455,2.01955,1.99587,0.133696,0.225824,0.057344,0.735232,0.843776,0.030437,6131954,6131954,1663433,27.1273,1920,1080,raygs,triangles,1,off,0.1,on,-4
1781756700101753101,3432.28,472.692,2.11554,2.13728,2.11472,0.134688,0.341952,0.058048,0.736256,0.843776,0.028791,6131954,6131954,1663433,27.1273,1920,1080,raygs,triangles,1,off,0.1,on,-4
1781756700103793701,3434.32,473.004,2.11415,2.02016,1.99923,0.134624,0.22416,0.058368,0.738304,0.843776,0.026379,6131954,6131954,1663433,27.1273,1920,1080,raygs,triangles,1,off,0.1,on,-4
1781756700105833261,3436.36,473.594,2.11151,2.01782,1.99658,0.133632,0.225568,0.058368,0.734208,0.8448,0.026057,6131954,6131954,1663433,27.1273,1920,1080,raygs,triangles,1,off,0.1,on,-4
1781756700108085355,3438.62,473.601,2.11148,2.02323,2.00138,0.134368,0.224416,0.058368,0.740448,0.843776,0.026301,6131954,6131954,1663433,27.1273,1920,1080,raygs,triangles,1,off,0.1,on,-4
1781756700110278754,3440.81,473.011,2.11411,2.16816,2.14758,0.152128,0.223008,0.058112,0.869696,0.84464,0.026484,6131954,6131954,1663433,27.1273,1920,1080,raygs,triangles,1,off,0.1,on,-4
1781756700112327655,3442.86,472.728,2.11538,2.0121,1.9895,0.134464,0.225184,0.057344,0.728064,0.844448,0.026072,6131954,6131954,1663433,27.1273,1920,1080,raygs,triangles,1,off,0.1,on,-4
1781756700114376722,3444.91,472.894,2.11464,2.02675,2.00435,0.133728,0.22496,0.058368,0.74352,0.843776,0.026523,6131954,6131954,1663433,27.1273,1920,1080,raygs,triangles,1,off,0.1,on,-4
1781756700116533970,3447.06,472.871,2.11474,2.02397,2.00074,0.134016,0.22624,0.0584,0.738304,0.843776,0.02579,6131954,6131954,1663433,27.1273,1920,1080,raygs,triangles,1,off,0.1,on,-4
1781756700118582284,3449.11,472.466,2.11655,2.02333,2.00016,0.13648,0.223392,0.058368,0.73728,0.84464,0.024757,6131954,6131954,1663433,27.1273,1920,1080,raygs,triangles,1,off,0.1,on,-4
1781756700120618515,3451.15,473.566,2.11164,2.01802,1.99715,0.13424,0.226464,0.058368,0.734432,0.843648,0.025492,6131954,6131954,1663433,27.1273,1920,1080,raygs,triangles,1,off,0.1,on,-4
1781756700122661228,3453.19,473.961,2.10988,2.01638,1.99357,0.133632,0.224672,0.05728,0.734208,0.843776,0.026783,6131954,6131954,1663433,27.1273,1920,1080,raygs,triangles,1,off,0.1,on,-4
1781756700124914615,3455.45,474.023,2.1096,2.02118,2.0007,0.133696,0.225792,0.058112,0.739328,0.843776,0.024603,6131954,6131954,1663433,27.1273,1920,1080,raygs,triangles,1,off,0.1,on,-4
1781756700127114942,3457.65,473.289,2.11287,2.16534,2.14406,0.14944,0.223104,0.058368,0.869376,0.843776,0.026521,6131954,6131954,1663433,27.1273,1920,1080,raygs,triangles,1,off,0.1,on,-4
1781756700129395292,3459.93,473.212,2.11322,2.01565,1.99421,0.133856,0.226048,0.058368,0.73216,0.843776,0.051257,6131954,6131954,1663433,27.1273,1920,1080,raygs,triangles,1,off,0.1,on,-4
1781756700131382657,3461.91,471.157,2.12243,2.04413,2.02099,0.133728,0.225696,0.058368,0.758784,0.844416,0.038622,6131954,6131954,1663433,27.1273,1920,1080,raygs,triangles,1,off,0.1,on,-4
1781756700133517722,3464.05,472.277,2.1174,2.13619,2.11235,0.133728,0.224704,0.058176,0.850944,0.8448,0.035456,6131954,6131954,1663433,27.1273,1920,1080,raygs,triangles,1,off,0.1,on,-4
1781756700135554853,3466.09,473.726,2.11092,2.01971,1.99805,0.132832,0.225664,0.058368,0.737472,0.843712,0.035497,6131954,6131954,1663433,27.1273,1920,1080,raygs,triangles,1,off,0.1,on,-4
1781756700137604657,3468.14,473.332,2.11268,2.02058,1.9967,0.133696,0.225632,0.057344,0.735232,0.8448,0.037202,6131954,6131954,1663433,27.1273,1920,1080,raygs,triangles,1,off,0.1,on,-4
1781756700139652651,3470.18,473.777,2.1107,2.01786,1.99539,0.1336,0.226464,0.057344,0.734208,0.843776,0.035208,6131954,6131954,1663433,27.1273,1920,1080,raygs,triangles,1,off,0.1,on,-4
1781756700141872771,3472.4,473.584,2.11156,2.0199,1.99805,0.13408,0.225248,0.057728,0.73728,0.843712,0.037218,6131954,6131954,1663433,27.1273,1920,1080,raygs,triangles,1,off,0.1,on,-4
1781756700144070940,3474.6,472.78,2.11515,2.16182,2.13942,0.147104,0.221824,0.058368,0.867328,0.8448,0.03658,6131954,6131954,1663433,27.1273,1920,1080,raygs,triangles,1,off,0.1,on,-4
1781756700146126390,3476.66,473.073,2.11384,2.01315,1.9903,0.133536,0.224768,0.058368,0.729088,0.844544,0.038024,6131954,6131954,1663433,27.1273,1920,1080,raygs,triangles,1,off,0.1,on,-4
1781756700148224723,3478.76,472.565,2.11611,2.04397,2.0224,0.133664,0.224576,0.058368,0.760192,0.8456,0.044682,6131954,6131954,1663433,27.1273,1920,1080,raygs,triangles,1,off,0.1,on,-4
1781756700150398683,3480.93,472.728,2.11538,2.14035,2.11808,0.133664,0.225184,0.058368,0.736256,0.964608,0.037266,6131954,6131954,1663433,27.1273,1920,1080,raygs,triangles,1,off,0.1,on,-4
1781756700152276475,3482.81,472.242,2.11756,2.01958,1.99808,0.13376,0.223744,0.058368,0.737408,0.8448,0.018569,6131954,6131954,1663433,27.1273,1920,1080,raygs,triangles,1,off,0.1,on,-4
1781756700154345616,3484.88,473.629,2.11136,2.02278,2.00048,0.133888,0.226368,0.058304,0.73728,0.84464,0.039012,6131954,6131954,1663433,27.1273,1920,1080,raygs,triangles,1,off,0.1,on,-4
1781756700156524365,3487.06,474.164,2.10897,2.01914,1.9951,0.13328,0.225472,0.057344,0.735232,0.843776,0.029532,6131954,6131954,1663433,27.1273,1920,1080,raygs,triangles,1,off,0.1,on,-4
1781756700158721593,3489.25,473.662,2.11121,2.2232,2.20086,0.137216,0.224544,0.057344,0.937984,0.843776,0.020156,6131954,6131954,1663433,27.1273,1920,1080,raygs,triangles,1,off,0.1,on,-4
1781756700160910910,3491.44,473.051,2.11394,2.13456,2.11642,0.26304,0.220096,0.058368,0.730112,0.8448,0.030987,6131954,6131954,1663433,27.1273,1920,1080,raygs,triangles,1,off,0.1,on,-4
1781756700162922947,3493.45,473.012,2.11411,2.01456,1.99162,0.1328,0.224512,0.058368,0.73216,0.843776,0.031071,6131954,6131954,1663433,27.1273,1920,1080,raygs,triangles,1,off,0.1,on,-4
1781756700164992009,3495.52,473.509,2.11189,2.04566,2.02352,0.134208,0.225536,0.057344,0.761856,0.844576,0.027474,6131954,6131954,1663433,27.1273,1920,1080,raygs,triangles,1,off,0.1,on,-4
1781756700167155070,3497.69,472.997,2.11418,2.1456,2.12285,0.133824,0.350912,0.05808,0.736256,0.843776,0.025991,6131954,6131954,1663433,27.1273,1920,1080,raygs,triangles,1,off,0.1,on,-4
1781756700169219200,3499.75,472.724,2.1154,2.02237,1.99987,0.133792,0.224736,0.057344,0.740352,0.843648,0.02947,6131954,6131954,1663433,27.1273,1920,1080,raygs,triangles,1,off,0.1,on,-4
1781756700171258669,3501.79,473.818,2.11051,2.02013,1.99818,0.133696,0.22608,0.058368,0.736256,0.843776,0.025893,6131954,6131954,1663433,27.1273,1920,1080,raygs,triangles,1,off,0.1,on,-4
1781756700173303979,3503.83,473.796,2.11061,2.01555,1.9928,0.133824,0.22496,0.05808,0.73216,0.843776,0.025472,6131954,6131954,1663433,27.1273,1920,1080,raygs,triangles,1,off,0.1,on,-4
1781756700175562085,3506.09,473.799,2.1106,2.01638,1.9943,0.133568,0.225184,0.058592,0.73216,0.8448,0.025866,6131954,6131954,1663433,27.1273,1920,1080,raygs,triangles,1,off,0.1,on,-4
1781756700177756602,3508.29,473.139,2.11354,2.16755,2.1456,0.152032,0.223072,0.058368,0.868352,0.843776,0.026534,6131954,6131954,1663433,27.1273,1920,1080,raygs,triangles,1,off,0.1,on,-4
1781756700179784351,3510.31,473.294,2.11285,2.01469,1.99299,0.133984,0.22592,0.058144,0.731168,0.843776,0.025252,6131954,6131954,1663433,27.1273,1920,1080,raygs,triangles,1,off,0.1,on,-4
1781756700181844829,3512.38,473.35,2.1126,2.02496,2.0024,0.133984,0.226208,0.059392,0.738304,0.844512,0.02681,6131954,6131954,1663433,27.1273,1920,1080,raygs,triangles,1,off,0.1,on,-4
1781756700183883519,3514.41,473.263,2.11299,2.01642,1.99539,0.133664,0.22576,0.058368,0.734208,0.843392,0.025161,6131954,6131954,1663433,27.1273,1920,1080,raygs,triangles,1,off,0.1,on,-4
1781756700185959116,3516.49,473.335,2.11267,2.01981,1.99658,0.133984,0.225216,0.058368,0.734208,0.8448,0.02827,6131954,6131954,1663433,27.1273,1920,1080,raygs,triangles,1,off,0.1,on,-4
1781756700188099025,3518.63,474.364,2.10808,2.01885,1.99654,0.134016,0.225152,0.057344,0.736256,0.843776,0.025783,6131954,6131954,1663433,27.1273,1920,1080,raygs,triangles,1,off,0.1,on,-4
1781756700190163829,3520.69,474.074,2.10938,2.0201,1.9984,0.137344,0.224064,0.058368,0.735232,0.843392,0.028363,6131954,6131954,1663433,27.1273,1920,1080,raygs,triangles,1,off,0.1,on,-4
1781756700192445626,3522.98,474.027,2.10958,2.26141,2.23901,0.133888,0.224192,0.057344,0.97792,0.845664,0.028111,6131954,6131954,1663433,27.1273,1920,1080,raygs,triangles,1,off,0.1,on,-4
1781756700194575068,3525.11,473.277,2.11293,2.1312,2.11114,0.25424,0.223776,0.058208,0.730112,0.8448,0.025491,6131954,6131954,1663433,27.1273,1920,1080,raygs,triangles,1,off,0.1,on,-4
1781756700196619550,3527.15,473.831,2.11046,2.01443,1.99219,0.133696,0.22624,0.057344,0.730112,0.8448,0.025644,6131954,6131954,1663433,27.1273,1920,1080,raygs,triangles,1,off,0.1,on,-4
1781756700198662504,3529.19,473.811,2.11055,2.01203,1.99075,0.133856,0.225664,0.058368,0.728064,0.8448,0.027581,6131954,6131954,1663433,27.1273,1920,1080,raygs,triangles,1,off,0.1,on,-4
1781756700200701703,3531.23,473.795,2.11062,2.01898,1.99866,0.134144,0.225344,0.058496,0.735232,0.84544,0.029769,6131954,6131954,1663433,27.1273,1920,1080,raygs,triangles,1,off,0.1,on,-4
1781756700202742490,3533.27,474.4,2.10793,2.02192,1.99875,0.134048,0.225184,0.057344,0.737568,0.844608,0.025894,6131954,6131954,1663433,27.1273,1920,1080,raygs,triangles,1,off,0.1,on,-4
1781756700204802773,3535.33,475.468,2.10319,2.01962,1.9969,0.132736,0.22464,0.058464,0.73728,0.843776,0.026906,6131954,6131954,1663433,27.1273,1920,1080,raygs,triangles,1,off,0.1,on,-4
1781756700207028523,3537.56,475.561,2.10278,2.14179,2.1207,0.134112,0.225216,0.058368,0.858208,0.8448,0.036695,6131954,6131954,1663433,27.1273,1920,1080,raygs,triangles,1,off,0.1,on,-4
1781756700209413696,3539.94,474.665,2.10675,2.24422,2.22227,0.13376,0.224832,0.058368,0.961536,0.843776,0.022889,6131954,6131954,1663433,27.1273,1920,1080,raygs,triangles,1,off,0.1,on,-4
1781756700211424814,3541.96,474.032,2.10956,2.01795,1.9977,0.138912,0.223456,0.058368,0.73216,0.8448,0.02643,6131954,6131954,1663433,27.1273,1920,1080,raygs,triangles,1,off,0.1,on,-4
1781756700213490906,3544.02,474.437,2.10776,2.01386,1.99248,0.134016,0.226112,0.058464,0.729088,0.8448,0.027981,6131954,6131954,1663433,27.1273,1920,1080,raygs,triangles,1,off,0.1,on,-4
1781756700215552589,3546.08,474.308,2.10833,2.01782,1.99622,0.139136,0.223808,0.058368,0.730112,0.8448,0.042351,6131954,6131954,1663433,27.1273,1920,1080,raygs,triangles,1,off,0.1,on,-4
1781756700217596527,3548.13,474.143,2.10907,2.01907,1.99962,0.13424,0.226368,0.058368,0.736256,0.844384,0.030851,6131954,6131954,1663433,27.1273,1920,1080,raygs,triangles,1,off,0.1,on,-4
1781756700219603050,3550.13,474.144,2.10907,2.01952,1.99779,0.133696,0.226112,0.05808,0.736256,0.843648,0.022101,6131954,6131954,1663433,27.1273,1920,1080,raygs,triangles,1,off,0.1,on,-4
1781756700221780461,3552.31,475.637,2.10244,2.02371,2.0009,0.133792,0.22608,0.057344,0.739328,0.844352,0.032893,6131954,6131954,1663433,27.1273,1920,1080,raygs,triangles,1,off,0.1,on,-4
1781756700223818403,3554.35,475.038,2.10509,2.02477,2.00147,0.13744,0.223584,0.057344,0.739328,0.843776,0.028378,6131954,6131954,1663433,27.1273,1920,1080,raygs,triangles,1,off,0.1,on,-4
1781756700226063832,3556.59,475.18,2.10447,2.21968,2.1969,0.134304,0.224416,0.058368,0.935008,0.8448,0.027612,6131954,6131954,1663433,27.1273,1920,1080,raygs,triangles,1,off,0.1,on,-4
1781756700228334560,3558.87,474.648,2.10682,2.2655,2.24566,0.254016,0.224064,0.057344,0.8656,0.84464,0.025491,6131954,6131954,1663433,27.1273,1920,1080,raygs,triangles,1,off,0.1,on,-4
1781756700230415418,3560.95,474.065,2.10942,2.01882,1.9953,0.13296,0.225888,0.05744,0.735232,0.843776,0.030228,6131954,6131954,1663433,27.1273,1920,1080,raygs,triangles,1,off,0.1,on,-4
1781756700232405014,3562.94,473.788,2.11065,2.01178,1.98979,0.134144,0.225248,0.057536,0.729088,0.843776,0.026678,6131954,6131954,1663433,27.1273,1920,1080,raygs,triangles,1,off,0.1,on,-4
1781756700234465448,3565,474.043,2.10951,2.02384,2.00218,0.133952,0.225056,0.057344,0.740352,0.845472,0.027436,6131954,6131954,1663433,27.1273,1920,1080,raygs,triangles,1,off,0.1,on,-4
1781756700236512626,3567.04,474.755,2.10635,2.02112,1.99766,0.133248,0.226944,0.057568,0.736416,0.843488,0.027932,6131954,6131954,1663433,27.1273,1920,1080,raygs,triangles,1,off,0.1,on,-4
1781756700238668774,3569.2,475.402,2.10348,2.02032,1.99933,0.134496,0.226432,0.057344,0.736256,0.8448,0.026087,6131954,6131954,1663433,27.1273,1920,1080,raygs,triangles,1,off,0.1,on,-4
1781756700240718977,3571.25,474.964,2.10542,2.02832,2.00502,0.137472,0.225056,0.057344,0.740352,0.8448,0.026106,6131954,6131954,1663433,27.1273,1920,1080,raygs,triangles,1,off,0.1,on,-4
1781756700243107750,3573.64,474.944,2.10551,2.35613,2.33722,0.344384,0.222336,0.058368,0.867328,0.8448,0.028576,6131954,6131954,1663433,27.1273,1920,1080,raygs,triangles,1,off,0.1,on,-4
1781756700245144038,3575.67,474.026,2.10959,2.01344,1.99139,0.13376,0.224416,0.058304,0.731136,0.843776,0.025835,6131954,6131954,1663433,27.1273,1920,1080,raygs,triangles,1,off,0.1,on,-4
1781756700247178520,3577.71,474.074,2.10938,2.01533,1.9919,0.134112,0.22656,0.057344,0.730112,0.843776,0.024939,6131954,6131954,1663433,27.1273,1920,1080,raygs,triangles,1,off,0.1,on,-4
1781756700249231599,3579.76,474.075,2.10937,2.01546,1.99293,0.13408,0.224736,0.057344,0.73216,0.844608,0.026561,6131954,6131954,1663433,27.1273,1920,1080,raygs,triangles,1,off,0.1,on,-4
1781756700251288412,3581.82,474.013,2.10965,2.02477,2.00429,0.133824,0.226272,0.058368,0.741376,0.844448,0.026363,6131954,6131954,1663433,27.1273,1920,1080,raygs,triangles,1,off,0.1,on,-4
1781756700253330055,3583.86,474.765,2.10631,2.02147,1.99984,0.1336,0.225952,0.0576,0.73728,0.845408,0.02649,6131954,6131954,1663433,27.1273,1920,1080,raygs,triangles,1,off,0.1,on,-4
1781756700255705107,3586.24,475.375,2.1036,2.01853,1.99552,0.132704,0.22544,0.057344,0.736256,0.843776,0.050487,6131954,6131954,1663433,27.1273,1920,1080,raygs,triangles,1,off,0.1,on,-4
1781756700257677240,3588.21,475.769,2.10186,2.02496,2.00189,0.137056,0.224384,0.058368,0.738304,0.843776,0.036514,6131954,6131954,1663433,27.1273,1920,1080,raygs,triangles,1,off,0.1,on,-4
1781756700260040445,3590.57,475.087,2.10488,2.34781,2.32915,0.33504,0.22384,0.058368,0.867328,0.844576,0.034912,6131954,6131954,1663433,27.1273,1920,1080,raygs,triangles,1,off,0.1,on,-4
1781756700261997309,3592.53,474.24,2.10864,2.01219,1.98915,0.134528,0.225248,0.057344,0.728416,0.843616,0.020755,6131954,6131954,1663433,27.1273,1920,1080,raygs,triangles,1,off,0.1,on,-4
1781756700264016335,3594.55,474.579,2.10713,2.01642,1.99488,0.133664,0.225216,0.058368,0.733184,0.844448,0.028673,6131954,6131954,1663433,27.1273,1920,1080,raygs,triangles,1,off,0.1,on,-4
1781756700266045783,3596.58,474.646,2.10683,2.0169,1.99466,0.134112,0.225248,0.058368,0.73216,0.844768,0.027402,6131954,6131954,1663433,27.1273,1920,1080,raygs,triangles,1,off,0.1,on,-4
1781756700268086795,3598.62,474.697,2.10661,2.01786,1.99594,0.134048,0.225536,0.058368,0.735232,0.842752,0.026858,6131954,6131954,1663433,27.1273,1920,1080,raygs,triangles,1,off,0.1,on,-4
1781756700270125083,3600.66,475.493,2.10308,2.02106,1.99862,0.134176,0.225184,0.057344,0.73728,0.84464,0.02663,6131954,6131954,1663433,27.1273,1920,1080,raygs,triangles,1,off,0.1,on,-4
1781756700272317945,3602.85,476.097,2.10041,2.01731,1.99552,0.133248,0.22544,0.058848,0.734208,0.843776,0.029477,6131954,6131954,1663433,27.1273,1920,1080,raygs,triangles,1,off,0.1,on,-4
1781756700274350393,3604.88,475.905,2.10126,2.0287,2.00582,0.136704,0.2256,0.058368,0.741376,0.843776,0.028799,6131954,6131954,1663433,27.1273,1920,1080,raygs,triangles,1,off,0.1,on,-4
1781756700276731379,3607.26,475.766,2.10187,2.36528,2.34608,0.353888,0.221696,0.058368,0.867328,0.8448,0.026453,6131954,6131954,1663433,27.1273,1920,1080,raygs,triangles,1,off,0.1,on,-4
1781756700278787319,3609.32,475.029,2.10514,2.01482,1.99139,0.13408,0.225056,0.057344,0.731136,0.843776,0.029785,6131954,6131954,1663433,27.1273,1920,1080,raygs,triangles,1,off,0.1,on,-4
1781756700280818182,3611.35,474.371,2.10805,2.01462,1.99232,0.133888,0.226176,0.058368,0.730112,0.843776,0.026099,6131954,6131954,1663433,27.1273,1920,1080,raygs,triangles,1,off,0.1,on,-4
1781756700282877960,3613.41,474.433,2.10778,2.01872,1.99635,0.133472,0.225952,0.058272,0.734208,0.844448,0.032815,6131954,6131954,1663433,27.1273,1920,1080,raygs,triangles,1,off,0.1,on,-4
1781756700284954898,3615.49,474.858,2.10589,2.01971,1.99651,0.133856,0.22592,0.057728,0.734208,0.8448,0.031232,6131954,6131954,1663433,27.1273,1920,1080,raygs,triangles,1,off,0.1,on,-4
1781756700286972657,3617.5,475.322,2.10384,2.01907,1.99674,0.133888,0.225472,0.058368,0.735232,0.843776,0.026741,6131954,6131954,1663433,27.1273,1920,1080,raygs,triangles,1,off,0.1,on,-4
1781756700289131688,3619.66,475.961,2.10101,2.02134,1.99888,0.133472,0.224896,0.058368,0.737632,0.844512,0.02578,6131954,6131954,1663433,27.1273,1920,1080,raygs,triangles,1,off,0.1,on,-4
1781756700291189791,3621.72,475.315,2.10387,2.0255,2.00346,0.137504,0.224704,0.058368,0.738304,0.844576,0.035687,6131954,6131954,1663433,27.1273,1920,1080,raygs,triangles,1,off,0.1,on,-4
1781756700293566084,3624.1,475.324,2.10383,2.32989,2.30922,0.319136,0.221632,0.058368,0.866304,0.843776,0.023239,6131954,6131954,1663433,27.1273,1920,1080,raygs,triangles,1,off,0.1,on,-4
1781756700295583749,3626.11,474.579,2.10713,2.01293,1.99027,0.133632,0.224384,0.058368,0.730112,0.843776,0.029469,6131954,6131954,1663433,27.1273,1920,1080,raygs,triangles,1,off,0.1,on,-4
1781756700297633526,3628.16,474.709,2.10656,2.01379,1.99162,0.133632,0.226752,0.058368,0.728064,0.8448,0.030108,6131954,6131954,1663433,27.1273,1920,1080,raygs,triangles,1,off,0.1,on,-4
1781756700299774814,3630.31,474.695,2.10662,2.02013,1.99789,0.13392,0.225664,0.058368,0.735232,0.844704,0.025846,6131954,6131954,1663433,27.1273,1920,1080,raygs,triangles,1,off,0.1,on,-4
1781756700301808746,3632.34,474.419,2.10784,2.02454,2.00214,0.137664,0.224928,0.058368,0.737536,0.843648,0.027132,6131954,6131954,1663433,27.1273,1920,1080,raygs,triangles,1,off,0.1,on,-4
1781756700303868294,3634.4,475.27,2.10407,2.02518,2.00269,0.134208,0.225312,0.057344,0.741376,0.844448,0.026346,6131954,6131954,1663433,27.1273,1920,1080,raygs,triangles,1,off,0.1,on,-4
1781756700306047278,3636.58,475.798,2.10173,2.1521,2.13011,0.134464,0.226528,0.058368,0.866304,0.844448,0.025953,6131954,6131954,1663433,27.1273,1920,1080,raygs,triangles,1,off,0.1,on,-4
1781756700308081346,3638.61,475.187,2.10444,2.01744,1.99373,0.133824,0.224576,0.058368,0.734208,0.842752,0.025102,6131954,6131954,1663433,27.1273,1920,1080,raygs,triangles,1,off,0.1,on,-4
1781756700310490279,3641.02,475.309,2.10389,2.24688,2.22288,0.133728,0.452992,0.057344,0.734208,0.844608,0.025931,6131954,6131954,1663433,27.1273,1920,1080,raygs,triangles,1,off,0.1,on,-4
1781756700312518745,3643.05,473.912,2.1101,2.01565,1.99341,0.137984,0.224192,0.058368,0.729088,0.843776,0.026909,6131954,6131954,1663433,27.1273,1920,1080,raygs,triangles,1,off,0.1,on,-4
1781756700314579245,3645.11,474.203,2.1088,2.03882,2.01613,0.133504,0.225792,0.057344,0.754688,0.8448,0.025165,6131954,6131954,1663433,27.1273,1920,1080,raygs,triangles,1,off,0.1,on,-4
1781756700316622749,3647.15,474.37,2.10806,2.02246,2.00038,0.134592,0.225344,0.058368,0.738304,0.843776,0.024659,6131954,6131954,1663433,27.1273,1920,1080,raygs,triangles,1,off,0.1,on,-4
1781756700318669958,3649.2,474.574,2.10715,2.01824,1.9969,0.13344,0.22528,0.058304,0.735232,0.84464,0.025864,6131954,6131954,1663433,27.1273,1920,1080,raygs,triangles,1,off,0.1,on,-4
1781756700320720029,3651.25,475.415,2.10343,2.02038,1.99786,0.13424,0.225376,0.058208,0.736256,0.843776,0.025007,6131954,6131954,1663433,27.1273,1920,1080,raygs,triangles,1,off,0.1,on,-4
1781756700322871906,3653.4,475.642,2.10242,2.13418,2.11181,0.13376,0.34272,0.058368,0.73216,0.8448,0.025612,6131954,6131954,1663433,27.1273,1920,1080,raygs,triangles,1,off,0.1,on,-4
1781756700325142543,3655.67,475.242,2.10419,2.01952,1.9977,0.133888,0.22624,0.057536,0.735232,0.8448,0.027053,6131954,6131954,1663433,27.1273,1920,1080,raygs,triangles,1,off,0.1,on,-4
1781756700327331451,3657.86,474.381,2.10801,2.16816,2.14576,0.149728,0.222496,0.058336,0.8704,0.8448,0.024968,6131954,6131954,1663433,27.1273,1920,1080,raygs,triangles,1,off,0.1,on,-4
1781756700329368634,3659.9,473.806,2.11057,2.01264,1.99142,0.13424,0.225312,0.058368,0.730112,0.843392,0.025447,6131954,6131954,1663433,27.1273,1920,1080,raygs,triangles,1,off,0.1,on,-4
1781756700331427986,3661.96,473.867,2.1103,2.04662,2.02538,0.13504,0.225312,0.058368,0.760832,0.845824,0.024303,6131954,6131954,1663433,27.1273,1920,1080,raygs,triangles,1,off,0.1,on,-4
1781756700333484609,3664.02,473.854,2.11035,2.01965,1.99885,0.133792,0.224608,0.057344,0.738304,0.8448,0.029226,6131954,6131954,1663433,27.1273,1920,1080,raygs,triangles,1,off,0.1,on,-4
1781756700335531881,3666.06,474.496,2.1075,2.02282,1.9999,0.13392,0.225376,0.058368,0.737664,0.844576,0.02375,6131954,6131954,1663433,27.1273,1920,1080,raygs,triangles,1,off,0.1,on,-4
1781756700337574001,3668.1,475.826,2.10161,2.02086,1.9977,0.134464,0.225728,0.058368,0.73552,0.843616,0.024017,6131954,6131954,1663433,27.1273,1920,1080,raygs,triangles,1,off,0.1,on,-4
1781756700339733235,3670.26,475.721,2.10207,2.13792,2.11344,0.133312,0.343776,0.057344,0.735232,0.843776,0.023722,6131954,6131954,1663433,27.1273,1920,1080,raygs,triangles,1,off,0.1,on,-4
1781756700341994469,3672.53,475.367,2.10364,2.01818,1.99658,0.134368,0.224704,0.057344,0.735424,0.844736,0.025837,6131954,6131954,1663433,27.1273,1920,1080,raygs,triangles,1,off,0.1,on,-4
1781756700344190692,3674.72,474.556,2.10723,2.16259,2.14048,0.14912,0.222624,0.057632,0.867328,0.843776,0.02921,6131954,6131954,1663433,27.1273,1920,1080,raygs,triangles,1,off,0.1,on,-4
1781756700346305237,3676.84,473.98,2.10979,2.01549,1.99283,0.13376,0.225856,0.058176,0.73024,0.8448,0.039528,6131954,6131954,1663433,27.1273,1920,1080,raygs,triangles,1,off,0.1,on,-4
1781756700348306441,3678.84,473.611,2.11144,2.04368,2.02227,0.134272,0.224,0.058368,0.760832,0.8448,0.016202,6131954,6131954,1663433,27.1273,1920,1080,raygs,triangles,1,off,0.1,on,-4
1781756700350364484,3680.9,474.292,2.10841,2.01974,1.99686,0.133888,0.225632,0.057664,0.735232,0.844448,0.030858,6131954,6131954,1663433,27.1273,1920,1080,raygs,triangles,1,off,0.1,on,-4
1781756700352403423,3682.93,474.207,2.10878,2.02202,1.99814,0.13312,0.225568,0.057376,0.738304,0.843776,0.026122,6131954,6131954,1663433,27.1273,1920,1080,raygs,triangles,1,off,0.1,on,-4
1781756700354465696,3685,474.921,2.10561,2.01971,1.99635,0.13408,0.22592,0.057344,0.735232,0.843776,0.026815,6131954,6131954,1663433,27.1273,1920,1080,raygs,triangles,1,off,0.1,on,-4
1781756700356719593,3687.25,475.692,2.1022,2.1423,2.11949,0.133568,0.344448,0.058368,0.738304,0.8448,0.043646,6131954,6131954,1663433,27.1273,1920,1080,raygs,triangles,1,off,0.1,on,-4
1781756700358835147,3689.37,475.08,2.10491,2.01632,1.99411,0.133536,0.225248,0.058368,0.733184,0.843776,0.01566,6131954,6131954,1663433,27.1273,1920,1080,raygs,triangles,1,off,0.1,on,-4
1781756700361028461,3691.56,474.562,2.10721,2.16294,2.14093,0.14768,0.222656,0.057344,0.868576,0.844672,0.026672,6131954,6131954,1663433,27.1273,1920,1080,raygs,triangles,1,off,0.1,on,-4
1781756700363086580,3693.62,474.068,2.1094,2.01162,1.98781,0.133952,0.224672,0.057344,0.728064,0.843776,0.028957,6131954,6131954,1663433,27.1273,1920,1080,raygs,triangles,1,off,0.1,on,-4
1781756700365157262,3695.69,473.948,2.10994,2.04848,2.02685,0.133344,0.225408,0.058368,0.764928,0.8448,0.028138,6131954,6131954,1663433,27.1273,1920,1080,raygs,triangles,1,off,0.1,on,-4
1781756700367184571,3697.72,474.259,2.10855,2.01987,1.99709,0.134048,0.22464,0.058368,0.736256,0.843776,0.0307,6131954,6131954,1663433,27.1273,1920,1080,raygs,triangles,1,off,0.1,on,-4
1781756700369297631,3699.83,474.438,2.10776,2.02198,1.99984,0.13424,0.225888,0.057728,0.73728,0.844704,0.037906,6131954,6131954,1663433,27.1273,1920,1080,raygs,triangles,1,off,0.1,on,-4
1781756700371397855,3701.93,475.451,2.10327,2.01808,1.99552,0.133472,0.225888,0.057344,0.734208,0.844608,0.017869,6131954,6131954,1663433,27.1273,1920,1080,raygs,triangles,1,off,0.1,on,-4
1781756700373573725,3704.1,475.242,2.10419,2.15258,2.13043,0.137728,0.224192,0.058368,0.866368,0.843776,0.024774,6131954,6131954,1663433,27.1273,1920,1080,raygs,triangles,1,off,0.1,on,-4
1781756700375889376,3706.42,474.717,2.10652,2.26614,2.24336,0.133536,0.225664,0.058368,0.982016,0.843776,0.02774,6131954,6131954,1663433,27.1273,1920,1080,raygs,triangles,1,off,0.1,on,-4
1781756700378035925,3708.57,473.713,2.11098,2.1327,2.11184,0.255072,0.224736,0.057344,0.730112,0.844576,0.024934,6131954,6131954,1663433,27.1273,1920,1080,raygs,triangles,1,off,0.1,on,-4
1781756700380068995,3710.6,473.386,2.11244,2.0144,1.99213,0.133888,0.225984,0.057344,0.731136,0.843776,0.024495,6131954,6131954,1663433,27.1273,1920,1080,raygs,triangles,1,off,0.1,on,-4
1781756700382110800,3712.64,473.424,2.11227,2.01654,1.99488,0.133792,0.22624,0.058368,0.73216,0.84432,0.027403,6131954,6131954,1663433,27.1273,1920,1080,raygs,triangles,1,off,0.1,on,-4
1781756700384149842,3714.68,475.007,2.10523,2.01722,1.99552,0.133632,0.225984,0.057344,0.734208,0.844352,0.025411,6131954,6131954,1663433,27.1273,1920,1080,raygs,triangles,1,off,0.1,on,-4
1781756700386208922,3716.74,474.537,2.10732,2.02134,2.00026,0.134368,0.22608,0.058752,0.73728,0.843776,0.028591,6131954,6131954,1663433,27.1273,1920,1080,raygs,triangles,1,off,0.1,on,-4
1781756700388266207,3718.8,475.657,2.10236,2.02019,1.99642,0.134368,0.226176,0.056736,0.734432,0.844704,0.027298,6131954,6131954,1663433,27.1273,1920,1080,raygs,triangles,1,off,0.1,on,-4
1781756700390432580,3720.96,475.105,2.1048,2.13744,2.11437,0.133824,0.224256,0.175232,0.736256,0.8448,0.027362,6131954,6131954,1663433,27.1273,1920,1080,raygs,triangles,1,off,0.1,on,-4
1781756700392832319,3723.36,474.719,2.10651,2.24586,2.22342,0.133696,0.224896,0.058496,0.96256,0.843776,0.027818,6131954,6131954,1663433,27.1273,1920,1080,raygs,triangles,1,off,0.1,on,-4
1781756700394853929,3725.38,473.246,2.11307,2.01584,1.99408,0.13872,0.222944,0.058368,0.729408,0.84464,0.030286,6131954,6131954,1663433,27.1273,1920,1080,raygs,triangles,1,off,0.1,on,-4
1781756700396879353,3727.41,473.318,2.11274,2.01334,1.99165,0.133632,0.224736,0.058368,0.730112,0.8448,0.024289,6131954,6131954,1663433,27.1273,1920,1080,raygs,triangles,1,off,0.1,on,-4
1781756700398930851,3729.46,473.369,2.11252,2.01405,1.99152,0.136384,0.222784,0.058368,0.730336,0.843648,0.029801,6131954,6131954,1663433,27.1273,1920,1080,raygs,triangles,1,off,0.1,on,-4
1781756700400973690,3731.5,473.994,2.10973,2.02016,1.9967,0.133856,0.225504,0.057376,0.735232,0.844736,0.024391,6131954,6131954,1663433,27.1273,1920,1080,raygs,triangles,1,off,0.1,on,-4
1781756700403018881,3733.55,473.944,2.10995,2.01898,1.99558,0.13312,0.224672,0.057632,0.736416,0.843744,0.029063,6131954,6131954,1663433,27.1273,1920,1080,raygs,triangles,1,off,0.1,on,-4
1781756700405185869,3735.72,475.11,2.10477,2.01722,1.9968,0.133696,0.225824,0.058368,0.734208,0.844704,0.025757,6131954,6131954,1663433,27.1273,1920,1080,raygs,triangles,1,off,0.1,on,-4
1781756700407227592,3737.76,474.692,2.10663,2.02374,2.00134,0.13728,0.22464,0.058368,0.73728,0.843776,0.024734,6131954,6131954,1663433,27.1273,1920,1080,raygs,triangles,1,off,0.1,on,-4
1781756700409506889,3740.04,474.658,2.10678,2.25773,2.23542,0.134336,0.22512,0.058368,0.9728,0.8448,0.024401,6131954,6131954,1663433,27.1273,1920,1080,raygs,triangles,1,off,0.1,on,-4
1781756700411676826,3742.21,473.887,2.11021,2.12982,2.10896,0.25424,0.224576,0.057344,0.728064,0.844736,0.026337,6131954,6131954,1663433,27.1273,1920,1080,raygs,triangles,1,off,0.1,on,-4
1781756700413704175,3744.23,473.532,2.11179,2.01328,1.99178,0.13456,0.225344,0.058368,0.729088,0.844416,0.025289,6131954,6131954,1663433,27.1273,1920,1080,raygs,triangles,1,off,0.1,on,-4
1781756700415742472,3746.27,473.557,2.11168,2.0192,1.9959,0.135456,0.226144,0.057344,0.73216,0.8448,0.024762,6131954,6131954,1663433,27.1273,1920,1080,raygs,triangles,1,off,0.1,on,-4
1781756700417788551,3748.32,473.982,2.10978,2.01808,1.99424,0.133248,0.225664,0.057344,0.734208,0.843776,0.028874,6131954,6131954,1663433,27.1273,1920,1080,raygs,triangles,1,off,0.1,on,-4
1781756700419835799,3750.37,474.072,2.10938,2.01846,1.99597,0.133664,0.22576,0.057536,0.735232,0.843776,0.026238,6131954,6131954,1663433,27.1273,1920,1080,raygs,triangles,1,off,0.1,on,-4
1781756700422004056,3752.53,475.22,2.10429,2.0184,1.99594,0.133568,0.224928,0.058432,0.734208,0.8448,0.027717,6131954,6131954,1663433,27.1273,1920,1080,raygs,triangles,1,off,0.1,on,-4
1781756700424062905,3754.59,474.718,2.10651,2.02544,2.00314,0.136704,0.22496,0.058368,0.738304,0.8448,0.02841,6131954,6131954,1663433,27.1273,1920,1080,raygs,triangles,1,off,0.1,on,-4
1781756700426422532,3756.95,474.62,2.10695,2.34067,2.32077,0.328224,0.222048,0.058368,0.868352,0.843776,0.026904,6131954,6131954,1663433,27.1273,1920,1080,raygs,triangles,1,off,0.1,on,-4
1781756700428462221,3758.99,473.757,2.11079,2.01818,1.99578,0.1344,0.22528,0.058368,0.733184,0.844544,0.025689,6131954,6131954,1663433,27.1273,1920,1080,raygs,triangles,1,off,0.1,on,-4
1781756700430510967,3761.04,473.726,2.11092,2.01402,1.99024,0.13328,0.226752,0.057344,0.729088,0.843776,0.025717,6131954,6131954,1663433,27.1273,1920,1080,raygs,triangles,1,off,0.1,on,-4
1781756700432532423,3763.06,473.771,2.11072,2.01251,1.99117,0.133824,0.226272,0.058368,0.729088,0.843616,0.024539,6131954,6131954,1663433,27.1273,1920,1080,raygs,triangles,1,off,0.1,on,-4
1781756700434581709,3765.11,474.368,2.10807,2.01741,1.99597,0.1336,0.224992,0.058368,0.735232,0.843776,0.0251,6131954,6131954,1663433,27.1273,1920,1080,raygs,triangles,1,off,0.1,on,-4
1781756700436641198,3767.17,474.288,2.10842,2.01926,1.99693,0.134592,0.225984,0.057344,0.734208,0.8448,0.027717,6131954,6131954,1663433,27.1273,1920,1080,raygs,triangles,1,off,0.1,on,-4
1781756700438797046,3769.33,475.621,2.10251,2.01718,1.99552,0.133536,0.224416,0.058432,0.734592,0.844544,0.025536,6131954,6131954,1663433,27.1273,1920,1080,raygs,triangles,1,off,0.1,on,-4
1781756700441062066,3771.59,475.14,2.10464,2.16262,2.14048,0.137504,0.223264,0.057344,0.877568,0.8448,0.039929,6131954,6131954,1663433,27.1273,1920,1080,raygs,triangles,1,off,0.1,on,-4
1781756700443335566,3773.87,474.362,2.10809,2.32848,2.30922,0.316672,0.221888,0.058368,0.867616,0.844672,0.018432,6131954,6131954,1663433,27.1273,1920,1080,raygs,triangles,1,off,0.1,on,-4
1781756700445381650,3775.91,473.504,2.11191,2.01542,1.99245,0.134688,0.22624,0.057632,0.730112,0.843776,0.0264,6131954,6131954,1663433,27.1273,1920,1080,raygs,triangles,1,off,0.1,on,-4
1781756700447409576,3777.94,473.515,2.11186,2.01334,1.99027,0.132608,0.224384,0.058368,0.731136,0.843776,0.025389,6131954,6131954,1663433,27.1273,1920,1080,raygs,triangles,1,off,0.1,on,-4
1781756700449458153,3779.99,473.604,2.11147,2.01834,1.99731,0.133536,0.226272,0.058368,0.73456,0.844576,0.026296,6131954,6131954,1663433,27.1273,1920,1080,raygs,triangles,1,off,0.1,on,-4
1781756700451533762,3782.06,473.98,2.10979,2.02262,1.99946,0.133952,0.225984,0.057344,0.737504,0.844672,0.027763,6131954,6131954,1663433,27.1273,1920,1080,raygs,triangles,1,off,0.1,on,-4
1781756700453558283,3784.09,474.64,2.10686,2.01642,1.9951,0.133664,0.22528,0.057504,0.734208,0.844448,0.025547,6131954,6131954,1663433,27.1273,1920,1080,raygs,triangles,1,off,0.1,on,-4
1781756700455708876,3786.24,475.35,2.10371,2.0193,1.99552,0.133472,0.224672,0.057344,0.736256,0.843776,0.024929,6131954,6131954,1663433,27.1273,1920,1080,raygs,triangles,1,off,0.1,on,-4
1781756700457764497,3788.3,474.914,2.10565,2.02371,2.00157,0.137888,0.224256,0.057344,0.738304,0.843776,0.024511,6131954,6131954,1663433,27.1273,1920,1080,raygs,triangles,1,off,0.1,on,-4
1781756700460023278,3790.55,474.921,2.10561,2.23702,2.21773,0.360384,0.222496,0.057344,0.73216,0.845344,0.024681,6131954,6131954,1663433,27.1273,1920,1080,raygs,triangles,1,off,0.1,on,-4
1781756700462066057,3792.6,474.168,2.10896,2.01366,1.98989,0.133984,0.225696,0.057344,0.729088,0.843776,0.02778,6131954,6131954,1663433,27.1273,1920,1080,raygs,triangles,1,off,0.1,on,-4
1781756700464106244,3794.64,474.172,2.10894,2.01459,1.99226,0.13424,0.224768,0.058368,0.731136,0.843744,0.030839,6131954,6131954,1663433,27.1273,1920,1080,raygs,triangles,1,off,0.1,on,-4
1781756700466146683,3796.68,474.188,2.10887,2.01536,1.99302,0.133248,0.226496,0.057344,0.731136,0.8448,0.02606,6131954,6131954,1663433,27.1273,1920,1080,raygs,triangles,1,off,0.1,on,-4
1781756700468188311,3798.72,474.613,2.10698,2.01766,1.99536,0.133856,0.225152,0.057344,0.734208,0.8448,0.029772,6131954,6131954,1663433,27.1273,1920,1080,raygs,triangles,1,off,0.1,on,-4
1781756700470243887,3800.77,475.468,2.10319,2.0216,1.99936,0.134016,0.22592,0.058368,0.736256,0.8448,0.025291,6131954,6131954,1663433,27.1273,1920,1080,raygs,triangles,1,off,0.1,on,-4
1781756700472389646,3802.92,475.994,2.10086,2.01741,1.99523,0.133632,0.225248,0.058368,0.735232,0.842752,0.024713,6131954,6131954,1663433,27.1273,1920,1080,raygs,triangles,1,off,0.1,on,-4
1781756700474438311,3804.97,475.907,2.10125,2.02339,2.00077,0.137536,0.223808,0.058368,0.73728,0.843776,0.024471,6131954,6131954,1663433,27.1273,1920,1080,raygs,triangles,1,off,0.1,on,-4
1781756700476693080,3807.22,475.702,2.10216,2.23162,2.21066,0.35744,0.222944,0.057408,0.729088,0.843776,0.024633,6131954,6131954,1663433,27.1273,1920,1080,raygs,triangles,1,off,0.1,on,-4
1781756700478737921,3809.27,474.964,2.10542,2.01702,1.99437,0.133152,0.224928,0.058304,0.733184,0.8448,0.024287,6131954,6131954,1663433,27.1273,1920,1080,raygs,triangles,1,off,0.1,on,-4
1781756700480776595,3811.31,474.944,2.10551,2.01414,1.99066,0.133408,0.226688,0.057696,0.729088,0.843776,0.025287,6131954,6131954,1663433,27.1273,1920,1080,raygs,triangles,1,off,0.1,on,-4
1781756700482898368,3813.43,474.985,2.10533,2.01872,1.99677,0.133888,0.226368,0.0584,0.733472,0.84464,0.040711,6131954,6131954,1663433,27.1273,1920,1080,raygs,triangles,1,off,0.1,on,-4
1781756700484879216,3815.41,475.531,2.10291,2.02218,1.99971,0.134272,0.224992,0.058368,0.738304,0.843776,0.015678,6131954,6131954,1663433,27.1273,1920,1080,raygs,triangles,1,off,0.1,on,-4
1781756700486961812,3817.49,476.025,2.10073,2.01997,1.99664,0.134112,0.225312,0.057344,0.735232,0.84464,0.029866,6131954,6131954,1663433,27.1273,1920,1080,raygs,triangles,1,off,0.1,on,-4
1781756700489163005,3819.69,476.354,2.09928,2.02064,1.99709,0.133984,0.225888,0.057312,0.736256,0.843648,0.038947,6131954,6131954,1663433,27.1273,1920,1080,raygs,triangles,1,off,0.1,on,-4
1781756700491146858,3821.68,475.957,2.10103,2.02518,2.0024,0.136256,0.224672,0.058368,0.739328,0.843776,0.016666,6131954,6131954,1663433,27.1273,1920,1080,raygs,triangles,1,off,0.1,on,-4
1781756700493546012,3824.08,476.208,2.09992,2.34864,2.32854,0.331744,0.224256,0.058368,0.869376,0.8448,0.026296,6131954,6131954,1663433,27.1273,1920,1080,raygs,triangles,1,off,0.1,on,-4
1781756700495626052,3826.16,474.775,2.10626,2.01651,1.99472,0.134752,0.224992,0.058368,0.73216,0.844448,0.039863,6131954,6131954,1663433,27.1273,1920,1080,raygs,triangles,1,off,0.1,on,-4
1781756700497587474,3828.12,474.951,2.10548,2.01456,1.99104,0.133824,0.226208,0.057344,0.729088,0.844576,0.014665,6131954,6131954,1663433,27.1273,1920,1080,raygs,triangles,1,off,0.1,on,-4
1781756700499629964,3830.16,475.473,2.10317,2.01882,1.9975,0.13296,0.226528,0.058368,0.735232,0.844416,0.02516,6131954,6131954,1663433,27.1273,1920,1080,raygs,triangles,1,off,0.1,on,-4
1781756700501710470,3832.24,475.947,2.10107,2.02061,1.99946,0.134176,0.226368,0.058272,0.736256,0.844384,0.030494,6131954,6131954,1663433,27.1273,1920,1080,raygs,triangles,1,off,0.1,on,-4
1781756700503741979,3834.27,476.797,2.09733,2.01891,1.99498,0.133056,0.225632,0.057344,0.734208,0.844736,0.025271,6131954,6131954,1663433,27.1273,1920,1080,raygs,triangles,1,off,0.1,on,-4
1781756700505914756,3836.45,477.313,2.09506,2.01837,1.99616,0.134272,0.224832,0.058048,0.735232,0.843776,0.027622,6131954,6131954,1663433,27.1273,1920,1080,raygs,triangles,1,off,0.1,on,-4
1781756700507944832,3838.48,476.66,2.09793,2.02342,2.00246,0.1376,0.223456,0.058304,0.739328,0.843776,0.027311,6131954,6131954,1663433,27.1273,1920,1080,raygs,triangles,1,off,0.1,on,-4
1781756700510317521,3840.85,476.819,2.09723,2.32586,2.30499,0.31408,0.222752,0.057344,0.867328,0.843488,0.026558,6131954,6131954,1663433,27.1273,1920,1080,raygs,triangles,1,off,0.1,on,-4
1781756700512325682,3842.86,475.478,2.10315,2.01171,1.98768,0.134048,0.224608,0.058208,0.728064,0.842752,0.024405,6131954,6131954,1663433,27.1273,1920,1080,raygs,triangles,1,off,0.1,on,-4
1781756700514374012,3844.9,475.761,2.1019,2.01059,1.98806,0.133952,0.225024,0.057344,0.72704,0.844704,0.026557,6131954,6131954,1663433,27.1273,1920,1080,raygs,triangles,1,off,0.1,on,-4
1781756700516423698,3846.95,475.897,2.10129,2.02182,1.99974,0.13392,0.225344,0.058368,0.737632,0.84448,0.025828,6131954,6131954,1663433,27.1273,1920,1080,raygs,triangles,1,off,0.1,on,-4
1781756700518484773,3849.02,476.227,2.09984,2.0208,1.99837,0.13392,0.225024,0.057344,0.738304,0.843776,0.029698,6131954,6131954,1663433,27.1273,1920,1080,raygs,triangles,1,off,0.1,on,-4
1781756700520772699,3851.3,477.488,2.09429,2.01667,1.99536,0.133856,0.22416,0.058336,0.735232,0.843776,0.054191,6131954,6131954,1663433,27.1273,1920,1080,raygs,triangles,1,off,0.1,on,-4
1781756700522937842,3853.47,476.281,2.0996,2.14602,2.12518,0.133184,0.2256,0.185344,0.736256,0.8448,0.043258,6131954,6131954,1663433,27.1273,1920,1080,raygs,triangles,1,off,0.1,on,-4
1781756700525005061,3855.54,475.843,2.10153,2.02205,1.99933,0.136192,0.223712,0.058368,0.736256,0.8448,0.034971,6131954,6131954,1663433,27.1273,1920,1080,raygs,triangles,1,off,0.1,on,-4
1781756700527332388,3857.86,475.798,2.10173,2.36989,2.35072,0.361152,0.223168,0.057344,0.86528,0.843776,0.034558,6131954,6131954,1663433,27.1273,1920,1080,raygs,triangles,1,off,0.1,on,-4
1781756700529315246,3859.85,474.79,2.10619,2.01261,1.98883,0.132928,0.2248,0.05824,0.729088,0.843776,0.016565,6131954,6131954,1663433,27.1273,1920,1080,raygs,triangles,1,off,0.1,on,-4
1781756700531331761,3861.86,475.006,2.10524,2.01885,1.99594,0.134016,0.22528,0.057632,0.735232,0.843776,0.027083,6131954,6131954,1663433,27.1273,1920,1080,raygs,triangles,1,off,0.1,on,-4
1781756700533406698,3863.94,475.561,2.10278,2.02528,2.00195,0.134304,0.226176,0.058368,0.739328,0.843776,0.026272,6131954,6131954,1663433,27.1273,1920,1080,raygs,triangles,1,off,0.1,on,-4
1781756700535448387,3865.98,475.422,2.1034,2.02176,1.9983,0.133824,0.225056,0.057344,0.738304,0.843776,0.025271,6131954,6131954,1663433,27.1273,1920,1080,raygs,triangles,1,off,0.1,on,-4
1781756700537496212,3868.03,476.335,2.09936,2.01818,1.99574,0.133504,0.225888,0.057344,0.735232,0.843776,0.025582,6131954,6131954,1663433,27.1273,1920,1080,raygs,triangles,1,off,0.1,on,-4
1781756700539656184,3870.19,476.796,2.09734,2.02064,1.99926,0.133952,0.224864,0.058368,0.738304,0.843776,0.026274,6131954,6131954,1663433,27.1273,1920,1080,raygs,triangles,1,off,0.1,on,-4
1781756700541699230,3872.23,476.282,2.09959,2.02195,1.99846,0.1368,0.223392,0.05824,0.736256,0.843776,0.025812,6131954,6131954,1663433,27.1273,1920,1080,raygs,triangles,1,off,0.1,on,-4
1781756700544094398,3874.63,476.329,2.09939,2.36595,2.34586,0.356512,0.222944,0.058368,0.864256,0.843776,0.024699,6131954,6131954,1663433,27.1273,1920,1080,raygs,triangles,1,off,0.1,on,-4
1781756700546137861,3876.67,474.962,2.10543,2.01418,1.99283,0.134496,0.22608,0.057344,0.730112,0.8448,0.025914,6131954,6131954,1663433,27.1273,1920,1080,raygs,triangles,1,off,0.1,on,-4
1781756700548263138,3878.79,474.972,2.10539,2.04288,2.02074,0.133504,0.22464,0.058368,0.760832,0.843392,0.042631,6131954,6131954,1663433,27.1273,1920,1080,raygs,triangles,1,off,0.1,on,-4
1781756700550281609,3880.81,475.2,2.10438,2.01808,1.9951,0.134304,0.225376,0.057344,0.735328,0.842752,0.024525,6131954,6131954,1663433,27.1273,1920,1080,raygs,triangles,1,off,0.1,on,-4
1781756700552322227,3882.85,475.396,2.10351,2.02224,1.99994,0.13392,0.225568,0.058368,0.738304,0.843776,0.018405,6131954,6131954,1663433,27.1273,1920,1080,raygs,triangles,1,off,0.1,on,-4
1781756700554441438,3884.97,476.509,2.0986,2.01786,1.99654,0.133376,0.225792,0.057344,0.735232,0.8448,0.040474,6131954,6131954,1663433,27.1273,1920,1080,raygs,triangles,1,off,0.1,on,-4
1781756700556511808,3887.04,476.249,2.09974,2.13958,2.11747,0.134016,0.341856,0.058368,0.739552,0.84368,0.016067,6131954,6131954,1663433,27.1273,1920,1080,raygs,triangles,1,off,0.1,on,-4
1781756700558751480,3889.28,476.097,2.10041,2.02093,1.99891,0.13408,0.22544,0.058528,0.736256,0.844608,0.026002,6131954,6131954,1663433,27.1273,1920,1080,raygs,triangles,1,off,0.1,on,-4
1781756700560980822,3891.51,475.31,2.10389,2.16387,2.14205,0.148,0.222528,0.058368,0.868352,0.8448,0.037374,6131954,6131954,1663433,27.1273,1920,1080,raygs,triangles,1,off,0.1,on,-4
1781756700562985823,3893.52,474.694,2.10662,2.01133,1.98896,0.13392,0.2248,0.058272,0.728512,0.843456,0.019592,6131954,6131954,1663433,27.1273,1920,1080,raygs,triangles,1,off,0.1,on,-4
1781756700565039445,3895.57,474.849,2.10593,2.04717,2.0247,0.134688,0.224352,0.057344,0.763904,0.844416,0.024472,6131954,6131954,1663433,27.1273,1920,1080,raygs,triangles,1,off,0.1,on,-4
1781756700567081575,3897.61,475.188,2.10443,2.02208,1.99818,0.134048,0.225728,0.057344,0.73728,0.843776,0.025041,6131954,6131954,1663433,27.1273,1920,1080,raygs,triangles,1,off,0.1,on,-4
1781756700569141386,3899.67,476.075,2.10051,2.0191,1.99584,0.133824,0.225664,0.057344,0.735232,0.843776,0.024895,6131954,6131954,1663433,27.1273,1920,1080,raygs,triangles,1,off,0.1,on,-4
1781756700571226812,3901.76,476.83,2.09718,2.01946,1.99741,0.133632,0.22528,0.057376,0.73632,0.8448,0.040885,6131954,6131954,1663433,27.1273,1920,1080,raygs,triangles,1,off,0.1,on,-4
1781756700573337365,3903.87,476.764,2.09748,2.13626,2.11376,0.133664,0.344768,0.058368,0.733184,0.843776,0.014285,6131954,6131954,1663433,27.1273,1920,1080,raygs,triangles,1,off,0.1,on,-4
1781756700575565499,3906.1,476.375,2.09919,2.01866,1.99542,0.134048,0.224928,0.057344,0.735328,0.843776,0.026821,6131954,6131954,1663433,27.1273,1920,1080,raygs,triangles,1,off,0.1,on,-4
1781756700577751817,3908.28,475.71,2.10212,2.16365,2.14,0.14672,0.222912,0.057344,0.869376,0.843648,0.027502,6131954,6131954,1663433,27.1273,1920,1080,raygs,triangles,1,off,0.1,on,-4
1781756700579790334,3910.32,475.375,2.1036,2.0112,1.98986,0.133568,0.224896,0.058368,0.72848,0.844544,0.030233,6131954,6131954,1663433,27.1273,1920,1080,raygs,triangles,1,off,0.1,on,-4
1781756700581858054,3912.39,475.242,2.10419,2.04323,2.02096,0.134848,0.22416,0.058368,0.760832,0.842752,0.026193,6131954,6131954,1663433,27.1273,1920,1080,raygs,triangles,1,off,0.1,on,-4
1781756700583906014,3914.44,475.566,2.10276,2.02211,1.99792,0.134208,0.225312,0.058368,0.736256,0.843776,0.025798,6131954,6131954,1663433,27.1273,1920,1080,raygs,triangles,1,off,0.1,on,-4
1781756700585952127,3916.48,475.586,2.10267,2.02278,1.99949,0.134208,0.224672,0.057344,0.73856,0.844704,0.026361,6131954,6131954,1663433,27.1273,1920,1080,raygs,triangles,1,off,0.1,on,-4
1781756700588006363,3918.54,476.358,2.09926,2.0241,2.00269,0.134272,0.22528,0.058368,0.740352,0.844416,0.026132,6131954,6131954,1663433,27.1273,1920,1080,raygs,triangles,1,off,0.1,on,-4
1781756700590166733,3920.7,476.332,2.09938,2.13632,2.11418,0.13408,0.344768,0.058368,0.73216,0.8448,0.026153,6131954,6131954,1663433,27.1273,1920,1080,raygs,triangles,1,off,0.1,on,-4
1781756700592418793,3922.95,475.879,2.10137,2.01494,1.99376,0.133216,0.224192,0.058368,0.734208,0.843776,0.026965,6131954,6131954,1663433,27.1273,1920,1080,raygs,triangles,1,off,0.1,on,-4
1781756700594607249,3925.14,475.083,2.1049,2.16518,2.14166,0.147232,0.22288,0.057344,0.870624,0.843584,0.027293,6131954,6131954,1663433,27.1273,1920,1080,raygs,triangles,1,off,0.1,on,-4
1781756700596646780,3927.18,474.553,2.10724,2.01523,1.9935,0.13344,0.226784,0.058368,0.731136,0.843776,0.026506,6131954,6131954,1663433,27.1273,1920,1080,raygs,triangles,1,off,0.1,on,-4
1781756700598728525,3929.26,474.619,2.10695,2.05603,2.03443,0.134336,0.224928,0.058272,0.772096,0.8448,0.026674,6131954,6131954,1663433,27.1273,1920,1080,raygs,triangles,1,off,0.1,on,-4
1781756700600761761,3931.29,474.84,2.10597,2.0176,1.99664,0.133824,0.22544,0.058368,0.735232,0.843776,0.024471,6131954,6131954,1663433,27.1273,1920,1080,raygs,triangles,1,off,0.1,on,-4
1781756700602930173,3933.46,474.923,2.1056,2.14941,2.12669,0.133536,0.352992,0.058368,0.73728,0.844512,0.025074,6131954,6131954,1663433,27.1273,1920,1080,raygs,triangles,1,off,0.1,on,-4
1781756700605025781,3935.56,475.198,2.10439,2.02352,1.99997,0.133568,0.22672,0.0576,0.73728,0.8448,0.036193,6131954,6131954,1663433,27.1273,1920,1080,raygs,triangles,1,off,0.1,on,-4
1781756700607146582,3937.68,475.09,2.10486,2.13894,2.11658,0.134368,0.345856,0.058368,0.734208,0.843776,0.015056,6131954,6131954,1663433,27.1273,1920,1080,raygs,triangles,1,off,0.1,on,-4
1781756700609423207,3939.95,474.734,2.10644,2.01667,1.99539,0.134592,0.224448,0.058368,0.734208,0.843776,0.025596,6131954,6131954,1663433,27.1273,1920,1080,raygs,triangles,1,off,0.1,on,-4
1781756700611618382,3942.15,474.145,2.10906,2.16522,2.14269,0.15024,0.222784,0.058368,0.867744,0.843552,0.025912,6131954,6131954,1663433,27.1273,1920,1080,raygs,triangles,1,off,0.1,on,-4
1781756700613657862,3944.19,473.347,2.11261,2.01501,1.99165,0.134176,0.225216,0.058368,0.730112,0.843776,0.025997,6131954,6131954,1663433,27.1273,1920,1080,raygs,triangles,1,off,0.1,on,-4
1781756700615689641,3946.22,473.61,2.11144,2.01398,1.99174,0.134272,0.225216,0.057344,0.731136,0.843776,0.025841,6131954,6131954,1663433,27.1273,1920,1080,raygs,triangles,1,off,0.1,on,-4
1781756700617742880,3948.27,474.166,2.10896,2.01994,1.99779,0.134208,0.226048,0.057504,0.734208,0.845824,0.025893,6131954,6131954,1663433,27.1273,1920,1080,raygs,triangles,1,off,0.1,on,-4
1781756700619791641,3950.32,474.007,2.10967,2.0216,1.99926,0.133824,0.224992,0.058368,0.738304,0.843776,0.028675,6131954,6131954,1663433,27.1273,1920,1080,raygs,triangles,1,off,0.1,on,-4
1781756700621851112,3952.38,475.228,2.10425,2.02147,1.99843,0.1336,0.224384,0.058368,0.738304,0.843776,0.036078,6131954,6131954,1663433,27.1273,1920,1080,raygs,triangles,1,off,0.1,on,-4
1781756700623976640,3954.51,475.371,2.10362,2.13542,2.11466,0.133856,0.341792,0.058368,0.735232,0.845408,0.01657,6131954,6131954,1663433,27.1273,1920,1080,raygs,triangles,1,off,0.1,on,-4
1781756700626569055,3957.1,474.727,2.10647,2.2336,1.98877,0.13376,0.224192,0.057344,0.729088,0.844384,0.048666,6131954,6131954,1663433,27.1273,1920,1080,raygs,triangles,1,off,0.1,on,-4
1781756700628515785,3959.05,472.154,2.11795,2.01907,1.99747,0.13936,0.22528,0.058368,0.730112,0.844352,0.03526,6131954,6131954,1663433,27.1273,1920,1080,raygs,triangles,1,off,0.1,on,-4
1781756700630557667,3961.09,473.17,2.11341,2.01344,1.99114,0.133568,0.225312,0.058368,0.730112,0.843776,0.035503,6131954,6131954,1663433,27.1273,1920,1080,raygs,triangles,1,off,0.1,on,-4
1781756700632607597,3963.14,473.005,2.11414,2.01818,1.9945,0.136416,0.223776,0.058368,0.73216,0.843776,0.035769,6131954,6131954,1663433,27.1273,1920,1080,raygs,triangles,1,off,0.1,on,-4
1781756700634638031,3965.17,473.573,2.11161,2.02144,1.99878,0.13456,0.225216,0.057344,0.73728,0.844384,0.034419,6131954,6131954,1663433,27.1273,1920,1080,raygs,triangles,1,off,0.1,on,-4
1781756700636679950,3967.21,473.489,2.11198,2.01974,1.99587,0.132864,0.225632,0.057344,0.736256,0.843776,0.034404,6131954,6131954,1663433,27.1273,1920,1080,raygs,triangles,1,off,0.1,on,-4
1781756700638849304,3969.38,474.801,2.10615,2.02198,1.99958,0.13408,0.226144,0.057344,0.73728,0.844736,0.034748,6131954,6131954,1663433,27.1273,1920,1080,raygs,triangles,1,off,0.1,on,-4
1781756700640896804,3971.43,474.097,2.10927,2.02422,2.00093,0.137344,0.224192,0.058336,0.73728,0.843776,0.034436,6131954,6131954,1663433,27.1273,1920,1080,raygs,triangles,1,off,0.1,on,-4
1781756700643190574,3973.72,474.123,2.10916,2.25827,2.2368,0.133856,0.22528,0.058016,0.973824,0.845824,0.041578,6131954,6131954,1663433,27.1273,1920,1080,raygs,triangles,1,off,0.1,on,-4
1781756700645353789,3975.88,473.185,2.11334,2.13242,2.11443,0.254624,0.222816,0.058368,0.733184,0.84544,0.035355,6131954,6131954,1663433,27.1273,1920,1080,raygs,triangles,1,off,0.1,on,-4
1781756700647296290,3977.83,472.986,2.11423,2.01274,1.9904,0.134048,0.226304,0.058208,0.728064,0.843776,0.018042,6131954,6131954,1663433,27.1273,1920,1080,raygs,triangles,1,off,0.1,on,-4
1781756700649333157,3979.86,474.327,2.10825,2.01565,1.99453,0.135648,0.22544,0.058368,0.731552,0.84352,0.02952,6131954,6131954,1663433,27.1273,1920,1080,raygs,triangles,1,off,0.1,on,-4
1781756700651365768,3981.9,474.697,2.10661,2.01856,1.99699,0.134016,0.22592,0.058048,0.735232,0.843776,0.032036,6131954,6131954,1663433,27.1273,1920,1080,raygs,triangles,1,off,0.1,on,-4
1781756700653411704,3983.94,474.863,2.10587,2.02058,1.99795,0.133888,0.225728,0.057344,0.73728,0.843712,0.029173,6131954,6131954,1663433,27.1273,1920,1080,raygs,triangles,1,off,0.1,on,-4
1781756700655574748,3986.11,475.827,2.1016,2.01766,1.99562,0.133888,0.224224,0.057696,0.734208,0.8456,0.028121,6131954,6131954,1663433,27.1273,1920,1080,raygs,triangles,1,off,0.1,on,-4
1781756700657628479,3988.16,475.163,2.10454,2.02595,2.00381,0.13808,0.224256,0.058368,0.739328,0.843776,0.027863,6131954,6131954,1663433,27.1273,1920,1080,raygs,triangles,1,off,0.1,on,-4
1781756700659998041,3990.53,475.117,2.10475,2.35811,2.33901,0.341184,0.222368,0.058208,0.872448,0.8448,0.026514,6131954,6131954,1663433,27.1273,1920,1080,raygs,triangles,1,off,0.1,on,-4
1781756700662066091,3992.6,473.949,2.10993,2.01763,1.9952,0.133824,0.226144,0.058112,0.732608,0.844512,0.034307,6131954,6131954,1663433,27.1273,1920,1080,raygs,triangles,1,off,0.1,on,-4
1781756700664078627,3994.61,473.861,2.11032,2.01248,1.99037,0.133824,0.225312,0.057344,0.729088,0.8448,0.026709,6131954,6131954,1663433,27.1273,1920,1080,raygs,triangles,1,off,0.1,on,-4
1781756700666111349,3996.64,474.085,2.10933,2.01738,1.99578,0.133888,0.224736,0.058368,0.734208,0.844576,0.025969,6131954,6131954,1663433,27.1273,1920,1080,raygs,triangles,1,off,0.1,on,-4
1781756700668153531,3998.68,474.545,2.10728,2.01955,1.99645,0.13392,0.22592,0.057792,0.735232,0.843584,0.025659,6131954,6131954,1663433,27.1273,1920,1080,raygs,triangles,1,off,0.1,on,-4
1781756700670191023,4000.72,474.514,2.10742,2.0199,1.99651,0.132928,0.225504,0.058272,0.736256,0.843552,0.025437,6131954,6131954,1663433,27.1273,1920,1080,raygs,triangles,1,off,0.1,on,-4
1781756700672369054,4002.9,475.865,2.10144,2.01914,1.99373,0.13328,0.22512,0.05632,0.734208,0.8448,0.027327,6131954,6131954,1663433,27.1273,1920,1080,raygs,triangles,1,off,0.1,on,-4
1781756700674437256,4004.97,475.399,2.1035,2.02797,2.004,0.136992,0.22656,0.057344,0.739328,0.843776,0.031052,6131954,6131954,1663433,27.1273,1920,1080,raygs,triangles,1,off,0.1,on,-4
1781756700676795192,4007.33,475.452,2.10326,2.33475,2.31722,0.320896,0.223776,0.058368,0.869376,0.8448,0.027439,6131954,6131954,1663433,27.1273,1920,1080,raygs,triangles,1,off,0.1,on,-4
1781756700678836813,4009.37,474.183,2.10889,2.01539,1.99325,0.134656,0.225664,0.057344,0.731136,0.844448,0.026079,6131954,6131954,1663433,27.1273,1920,1080,raygs,triangles,1,off,0.1,on,-4
1781756700680937400,4011.47,474.222,2.10872,2.01709,1.99354,0.13328,0.224736,0.057536,0.734208,0.843776,0.04082,6131954,6131954,1663433,27.1273,1920,1080,raygs,triangles,1,off,0.1,on,-4
1781756700682907272,4013.44,474.298,2.10838,2.01718,1.99485,0.13408,0.226464,0.057344,0.73216,0.8448,0.017956,6131954,6131954,1663433,27.1273,1920,1080,raygs,triangles,1,off,0.1,on,-4
1781756700684969658,4015.5,474.795,2.10617,2.01891,1.99635,0.133088,0.2256,0.057728,0.736256,0.84368,0.032172,6131954,6131954,1663433,27.1273,1920,1080,raygs,triangles,1,off,0.1,on,-4
1781756700687071306,4017.6,475.336,2.10377,2.02237,1.99981,0.1336,0.22608,0.058368,0.73728,0.84448,0.041296,6131954,6131954,1663433,27.1273,1920,1080,raygs,triangles,1,off,0.1,on,-4
1781756700689178547,4019.71,475.825,2.10161,2.01981,1.99629,0.134016,0.225472,0.0576,0.734656,0.844544,0.017581,6131954,6131954,1663433,27.1273,1920,1080,raygs,triangles,1,off,0.1,on,-4
1781756700691242066,4021.77,475.401,2.10349,2.02422,2.00022,0.137344,0.22448,0.057344,0.738304,0.842752,0.034565,6131954,6131954,1663433,27.1273,1920,1080,raygs,triangles,1,off,0.1,on,-4
1781756700693597464,4024.13,475.406,2.10347,2.3375,2.3183,0.322624,0.223136,0.058368,0.869376,0.8448,0.023462,6131954,6131954,1663433,27.1273,1920,1080,raygs,triangles,1,off,0.1,on,-4
1781756700695635086,4026.17,474.271,2.1085,2.01181,1.9881,0.134144,0.224768,0.057344,0.728064,0.843776,0.027566,6131954,6131954,1663433,27.1273,1920,1080,raygs,triangles,1,off,0.1,on,-4
1781756700697773407,4028.3,474.345,2.10817,2.14394,2.12144,0.133952,0.353344,0.058368,0.73216,0.843616,0.025377,6131954,6131954,1663433,27.1273,1920,1080,raygs,triangles,1,off,0.1,on,-4
1781756700699811593,4030.34,474.147,2.10905,2.01718,1.99443,0.133376,0.225728,0.058368,0.73216,0.8448,0.024876,6131954,6131954,1663433,27.1273,1920,1080,raygs,triangles,1,off,0.1,on,-4
1781756700701898845,4032.43,474.477,2.10758,2.01728,1.99398,0.133888,0.22576,0.057344,0.733216,0.843776,0.034746,6131954,6131954,1663433,27.1273,1920,1080,raygs,triangles,1,off,0.1,on,-4
1781756700703908241,4034.44,474.923,2.1056,2.01926,1.99853,0.13344,0.227008,0.058048,0.736256,0.843776,0.026423,6131954,6131954,1663433,27.1273,1920,1080,raygs,triangles,1,off,0.1,on,-4
1781756700706065224,4036.6,475.668,2.1023,2.01782,1.9953,0.133088,0.224832,0.058368,0.734208,0.8448,0.026147,6131954,6131954,1663433,27.1273,1920,1080,raygs,triangles,1,off,0.1,on,-4
1781756700708112063,4038.64,475.22,2.10429,2.02768,2.00563,0.136736,0.2256,0.058144,0.741376,0.843776,0.026161,6131954,6131954,1663433,27.1273,1920,1080,raygs,triangles,1,off,0.1,on,-4
1781756700710508631,4041.04,475.292,2.10397,2.35411,2.33517,0.344416,0.222304,0.058368,0.86528,0.8448,0.026595,6131954,6131954,1663433,27.1273,1920,1080,raygs,triangles,1,off,0.1,on,-4
1781756700712546802,4043.08,473.985,2.10977,2.01386,1.99242,0.134144,0.223968,0.058368,0.73216,0.843776,0.02716,6131954,6131954,1663433,27.1273,1920,1080,raygs,triangles,1,off,0.1,on,-4
1781756700714584079,4045.11,473.914,2.11009,2.01568,1.99539,0.134016,0.226016,0.058368,0.731168,0.845824,0.025506,6131954,6131954,1663433,27.1273,1920,1080,raygs,triangles,1,off,0.1,on,-4
1781756700716611540,4047.14,474.099,2.10926,2.0168,1.99494,0.134016,0.2256,0.057344,0.734208,0.843776,0.024702,6131954,6131954,1663433,27.1273,1920,1080,raygs,triangles,1,off,0.1,on,-4
1781756700718693663,4049.22,474.592,2.10707,2.01926,1.99683,0.13376,0.224768,0.058144,0.73536,0.8448,0.027772,6131954,6131954,1663433,27.1273,1920,1080,raygs,triangles,1,off,0.1,on,-4
1781756700720716929,4051.25,475.139,2.10465,2.02544,2.00285,0.13344,0.226784,0.057344,0.739776,0.845504,0.025704,6131954,6131954,1663433,27.1273,1920,1080,raygs,triangles,1,off,0.1,on,-4
1781756700722879648,4053.41,475.838,2.10156,2.01597,1.99293,0.133184,0.224736,0.058048,0.733184,0.843776,0.027644,6131954,6131954,1663433,27.1273,1920,1080,raygs,triangles,1,off,0.1,on,-4
1781756700724920522,4055.45,475.34,2.10376,2.02355,2.0017,0.137184,0.224672,0.058784,0.736256,0.8448,0.025056,6131954,6131954,1663433,27.1273,1920,1080,raygs,triangles,1,off,0.1,on,-4
1781756700727307589,4057.84,475.539,2.10288,2.36547,2.34602,0.353696,0.223648,0.057568,0.866304,0.8448,0.02522,6131954,6131954,1663433,27.1273,1920,1080,raygs,triangles,1,off,0.1,on,-4
1781756700729357632,4059.89,474.176,2.10892,2.01462,1.99117,0.133888,0.224064,0.058304,0.73216,0.842752,0.03062,6131954,6131954,1663433,27.1273,1920,1080,raygs,triangles,1,off,0.1,on,-4
1781756700731402162,4061.93,474.664,2.10675,2.01638,1.99328,0.132576,0.2264,0.057344,0.73216,0.8448,0.025126,6131954,6131954,1663433,27.1273,1920,1080,raygs,triangles,1,off,0.1,on,-4
1781756700733446770,4063.98,474.778,2.10625,2.02432,2.00323,0.134368,0.225344,0.058368,0.739328,0.845824,0.028275,6131954,6131954,1663433,27.1273,1920,1080,raygs,triangles,1,off,0.1,on,-4
1781756700735489846,4066.02,475.158,2.10456,2.01757,1.9951,0.133952,0.225952,0.058144,0.73328,0.843776,0.024957,6131954,6131954,1663433,27.1273,1920,1080,raygs,triangles,1,off,0.1,on,-4
1781756700737524570,4068.06,476.024,2.10073,2.02029,1.99942,0.133408,0.224992,0.058368,0.73728,0.845376,0.024788,6131954,6131954,1663433,27.1273,1920,1080,raygs,triangles,1,off,0.1,on,-4
1781756700739693627,4070.22,476.623,2.09809,2.01814,1.99299,0.133312,0.22464,0.057056,0.734208,0.843776,0.02613,6131954,6131954,1663433,27.1273,1920,1080,raygs,triangles,1,off,0.1,on,-4
1781756700741785515,4072.32,476.115,2.10033,2.02214,2.0001,0.137344,0.223808,0.058368,0.736256,0.84432,0.038092,6131954,6131954,1663433,27.1273,1920,1080,raygs,triangles,1,off,0.1,on,-4
1781756700744131674,4074.66,475.836,2.10157,2.37082,2.3504,0.35696,0.222944,0.058368,0.868352,0.843776,0.01972,6131954,6131954,1663433,27.1273,1920,1080,raygs,triangles,1,off,0.1,on,-4
1781756700746181569,4076.71,474.781,2.10623,2.01488,1.9912,0.134176,0.224768,0.057344,0.731136,0.843776,0.026693,6131954,6131954,1663433,27.1273,1920,1080,raygs,triangles,1,off,0.1,on,-4
1781756700748286908,4078.82,474.809,2.10611,2.03562,2.01437,0.134432,0.226176,0.058368,0.75264,0.842752,0.027865,6131954,6131954,1663433,27.1273,1920,1080,raygs,triangles,1,off,0.1,on,-4
1781756700750336208,4080.87,474.478,2.10758,2.02045,1.99875,0.133568,0.226176,0.058368,0.736256,0.844384,0.030509,6131954,6131954,1663433,27.1273,1920,1080,raygs,triangles,1,off,0.1,on,-4
1781756700752397127,4082.93,474.757,2.10634,2.02214,1.99949,0.133248,0.2256,0.058368,0.737632,0.84464,0.039277,6131954,6131954,1663433,27.1273,1920,1080,raygs,triangles,1,off,0.1,on,-4
1781756700754475501,4085.01,477.359,2.09486,2.02,1.9976,0.133856,0.226336,0.057376,0.735232,0.8448,0.036951,6131954,6131954,1663433,27.1273,1920,1080,raygs,triangles,1,off,0.1,on,-4
1781756700756555032,4087.09,476.392,2.09911,2.02093,1.99786,0.134112,0.225984,0.057568,0.735392,0.8448,0.017741,6131954,6131954,1663433,27.1273,1920,1080,raygs,triangles,1,off,0.1,on,-4
1781756700758603107,4089.13,476.211,2.09991,2.02682,2.00544,0.136864,0.224032,0.058368,0.741376,0.8448,0.028052,6131954,6131954,1663433,27.1273,1920,1080,raygs,triangles,1,off,0.1,on,-4
1781756700761114110,4091.64,476.189,2.10001,2.33277,2.31274,0.320192,0.222112,0.058304,0.868352,0.843776,0.048883,6131954,6131954,1663433,27.1273,1920,1080,raygs,triangles,1,off,0.1,on,-4
1781756700763007070,4093.54,474.407,2.10789,2.01488,1.99222,0.134176,0.22496,0.058176,0.731136,0.843776,0.023142,6131954,6131954,1663433,27.1273,1920,1080,raygs,triangles,1,off,0.1,on,-4
1781756700765087505,4095.62,474.945,2.10551,2.04403,2.02358,0.133728,0.225248,0.058368,0.761856,0.844384,0.028156,6131954,6131954,1663433,27.1273,1920,1080,raygs,triangles,1,off,0.1,on,-4
1781756700767120043,4097.65,475.301,2.10393,2.01994,1.99754,0.135136,0.224288,0.057344,0.73728,0.843488,0.028715,6131954,6131954,1663433,27.1273,1920,1080,raygs,triangles,1,off,0.1,on,-4
1781756700769340110,4099.87,475.338,2.10377,2.16314,2.14186,0.13392,0.36544,0.058368,0.738304,0.845824,0.031076,6131954,6131954,1663433,27.1273,1920,1080,raygs,triangles,1,off,0.1,on,-4
1781756700771405827,4101.94,475.682,2.10225,2.0217,1.99856,0.133792,0.225344,0.057344,0.73728,0.8448,0.037972,6131954,6131954,1663433,27.1273,1920,1080,raygs,triangles,1,off,0.1,on,-4
1781756700773508999,4104.04,476.027,2.10072,2.13853,2.11498,0.134656,0.344096,0.057344,0.735232,0.843648,0.018642,6131954,6131954,1663433,27.1273,1920,1080,raygs,triangles,1,off,0.1,on,-4
1781756700775749675,4106.28,475.49,2.10309,2.02144,1.99942,0.132512,0.224416,0.058368,0.739328,0.8448,0.030008,6131954,6131954,1663433,27.1273,1920,1080,raygs,triangles,1,off,0.1,on,-4
1781756700777932272,4108.46,474.732,2.10645,2.16451,2.14122,0.149856,0.222912,0.057344,0.867328,0.843776,0.025496,6131954,6131954,1663433,27.1273,1920,1080,raygs,triangles,1,off,0.1,on,-4
1781756700779976631,4110.51,474.134,2.10911,2.01584,1.99264,0.13408,0.225152,0.0576,0.731136,0.844672,0.026915,6131954,6131954,1663433,27.1273,1920,1080,raygs,triangles,1,off,0.1,on,-4
1781756700782053062,4112.58,474.17,2.10895,2.0465,2.0248,0.134016,0.224032,0.058368,0.763904,0.84448,0.026938,6131954,6131954,1663433,27.1273,1920,1080,raygs,triangles,1,off,0.1,on,-4
1781756700784086582,4114.62,474.502,2.10747,2.01824,1.99565,0.134432,0.225952,0.058304,0.733184,0.843776,0.025321,6131954,6131954,1663433,27.1273,1920,1080,raygs,triangles,1,off,0.1,on,-4
1781756700786140739,4116.67,474.51,2.10744,2.02125,1.99923,0.133984,0.226528,0.057504,0.736576,0.84464,0.029903,6131954,6131954,1663433,27.1273,1920,1080,raygs,triangles,1,off,0.1,on,-4
1781756700788211978,4118.74,475.755,2.10192,2.01782,1.9952,0.133632,0.224448,0.058368,0.734208,0.844544,0.031909,6131954,6131954,1663433,27.1273,1920,1080,raygs,triangles,1,off,0.1,on,-4
1781756700790354507,4120.89,475.618,2.10253,2.13552,2.11171,0.133536,0.344704,0.057536,0.73216,0.843776,0.025625,6131954,6131954,1663433,27.1273,1920,1080,raygs,triangles,1,off,0.1,on,-4
1781756700792609419,4123.14,475.15,2.1046,2.01549,1.9935,0.133888,0.224288,0.057344,0.734208,0.843776,0.025851,6131954,6131954,1663433,27.1273,1920,1080,raygs,triangles,1,off,0.1,on,-4
1781756700794791597,4125.32,474.332,2.10823,2.16435,2.14278,0.14992,0.22224,0.058368,0.866656,0.8456,0.02609,6131954,6131954,1663433,27.1273,1920,1080,raygs,triangles,1,off,0.1,on,-4
1781756700796828151,4127.36,473.783,2.11067,2.01155,1.9905,0.134016,0.224608,0.058368,0.729088,0.844416,0.024712,6131954,6131954,1663433,27.1273,1920,1080,raygs,triangles,1,off,0.1,on,-4
1781756700798899468,4129.43,473.828,2.11047,2.04842,2.02522,0.133888,0.22592,0.057728,0.763904,0.843776,0.024237,6131954,6131954,1663433,27.1273,1920,1080,raygs,triangles,1,off,0.1,on,-4
1781756700800946567,4131.48,474.214,2.10875,2.02029,1.99728,0.134464,0.224832,0.057344,0.736256,0.844384,0.025321,6131954,6131954,1663433,27.1273,1920,1080,raygs,triangles,1,off,0.1,on,-4
1781756700803006076,4133.54,474.37,2.10806,2.02115,1.99882,0.133888,0.225504,0.058368,0.73728,0.843776,0.02741,6131954,6131954,1663433,27.1273,1920,1080,raygs,triangles,1,off,0.1,on,-4
1781756700805040306,4135.57,475.479,2.10314,2.01763,1.99645,0.133824,0.226272,0.058368,0.735232,0.842752,0.025896,6131954,6131954,1663433,27.1273,1920,1080,raygs,triangles,1,off,0.1,on,-4
1781756700807221081,4137.75,475.491,2.10309,2.13642,2.11466,0.13392,0.34576,0.057344,0.733184,0.844448,0.028633,6131954,6131954,1663433,27.1273,1920,1080,raygs,triangles,1,off,0.1,on,-4
1781756700809454511,4139.99,475.17,2.10451,2.01344,1.99072,0.133728,0.224928,0.057344,0.730112,0.844608,0.025745,6131954,6131954,1663433,27.1273,1920,1080,raygs,triangles,1,off,0.1,on,-4
1781756700811672376,4142.2,474.133,2.10911,2.16458,2.14288,0.148704,0.22368,0.058368,0.867328,0.8448,0.027291,6131954,6131954,1663433,27.1273,1920,1080,raygs,triangles,1,off,0.1,on,-4
1781756700813683317,4144.21,473.535,2.11178,2.0144,1.99101,0.133664,0.224064,0.057344,0.73216,0.843776,0.024792,6131954,6131954,1663433,27.1273,1920,1080,raygs,triangles,1,off,0.1,on,-4
1781756700815730472,4146.26,473.924,2.11004,2.01718,1.99398,0.133376,0.224832,0.059712,0.731392,0.844672,0.025857,6131954,6131954,1663433,27.1273,1920,1080,raygs,triangles,1,off,0.1,on,-4
1781756700817778562,4148.31,474.218,2.10874,2.0192,1.99805,0.133856,0.225888,0.058272,0.736256,0.843776,0.025762,6131954,6131954,1663433,27.1273,1920,1080,raygs,triangles,1,off,0.1,on,-4
1781756700819839477,4150.37,474.26,2.10855,2.01798,1.99642,0.13328,0.225056,0.058368,0.734208,0.845504,0.026967,6131954,6131954,1663433,27.1273,1920,1080,raygs,triangles,1,off,0.1,on,-4
1781756700821905277,4152.44,475.223,2.10427,2.01856,1.99574,0.133728,0.225664,0.057344,0.735232,0.843776,0.028545,6131954,6131954,1663433,27.1273,1920,1080,raygs,triangles,1,off,0.1,on,-4
1781756700824039890,4154.57,475.171,2.10451,2.13686,2.11414,0.133248,0.343488,0.057376,0.736256,0.843776,0.026021,6131954,6131954,1663433,27.1273,1920,1080,raygs,triangles,1,off,0.1,on,-4
1781756700826407860,4156.94,475.185,2.10444,2.22365,1.99066,0.13344,0.225248,0.05808,0.729088,0.8448,0.026546,6131954,6131954,1663433,27.1273,1920,1080,raygs,triangles,1,off,0.1,on,-4
1781756700828486790,4159.02,473.952,2.10992,2.01472,1.99158,0.138112,0.22288,0.057568,0.728448,0.844576,0.030595,6131954,6131954,1663433,27.1273,1920,1080,raygs,triangles,1,off,0.1,on,-4
1781756700830513694,4161.04,473.994,2.10973,2.0167,1.99328,0.13408,0.225632,0.057632,0.73216,0.843776,0.02613,6131954,6131954,1663433,27.1273,1920,1080,raygs,triangles,1,off,0.1,on,-4
1781756700832557582,4163.09,473.845,2.1104,2.0135,1.99216,0.133792,0.223936,0.058368,0.731264,0.8448,0.028475,6131954,6131954,1663433,27.1273,1920,1080,raygs,triangles,1,off,0.1,on,-4
1781756700834685715,4165.22,474.254,2.10858,2.02371,2.00237,0.134144,0.224736,0.058336,0.740352,0.8448,0.04672,6131954,6131954,1663433,27.1273,1920,1080,raygs,triangles,1,off,0.1,on,-4
1781756700836779324,4167.31,473.956,2.1099,2.14742,2.12592,0.134048,0.354624,0.058368,0.734208,0.844672,0.0183,6131954,6131954,1663433,27.1273,1920,1080,raygs,triangles,1,off,0.1,on,-4
1781756700838935367,4169.47,475.047,2.10506,2.01827,1.99594,0.13376,0.223776,0.058368,0.735232,0.8448,0.027981,6131954,6131954,1663433,27.1273,1920,1080,raygs,triangles,1,off,0.1,on,-4
1781756700841010272,4171.54,474.734,2.10644,2.0256,2.00234,0.137728,0.224256,0.057344,0.739328,0.84368,0.030733,6131954,6131954,1663433,27.1273,1920,1080,raygs,triangles,1,off,0.1,on,-4
1781756700843280469,4173.81,474.531,2.10734,2.2655,2.24227,0.134912,0.225088,0.057344,0.980448,0.84448,0.029462,6131954,6131954,1663433,27.1273,1920,1080,raygs,triangles,1,off,0.1,on,-4
1781756700845429131,4175.96,473.62,2.1114,2.1295,2.11005,0.253888,0.222912,0.058336,0.730112,0.8448,0.027028,6131954,6131954,1663433,27.1273,1920,1080,raygs,triangles,1,off,0.1,on,-4
1781756700847482778,4178.01,473.44,2.1122,2.01437,1.992,0.133824,0.224896,0.058368,0.731136,0.843776,0.029284,6131954,6131954,1663433,27.1273,1920,1080,raygs,triangles,1,off,0.1,on,-4
1781756700849510779,4180.04,473.22,2.11318,2.01488,1.992,0.134144,0.2256,0.057344,0.731136,0.843776,0.027521,6131954,6131954,1663433,27.1273,1920,1080,raygs,triangles,1,off,0.1,on,-4
1781756700851560593,4182.09,473.769,2.11073,2.01821,1.99558,0.133376,0.2256,0.057472,0.734432,0.844704,0.02848,6131954,6131954,1663433,27.1273,1920,1080,raygs,triangles,1,off,0.1,on,-4
1781756700853591375,4184.12,473.635,2.11133,2.01645,1.99408,0.133856,0.226112,0.057344,0.73216,0.844608,0.026946,6131954,6131954,1663433,27.1273,1920,1080,raygs,triangles,1,off,0.1,on,-4
1781756700855758234,4186.29,475.028,2.10514,2.01738,1.99667,0.133568,0.225376,0.05872,0.735232,0.843776,0.028879,6131954,6131954,1663433,27.1273,1920,1080,raygs,triangles,1,off,0.1,on,-4
1781756700857880172,4188.41,474.554,2.10724,2.02541,2.00198,0.13696,0.224608,0.057344,0.739328,0.843744,0.039673,6131954,6131954,1663433,27.1273,1920,1080,raygs,triangles,1,off,0.1,on,-4
1781756700860252618,4190.78,474.372,2.10805,2.36592,2.34576,0.35616,0.221152,0.058368,0.867328,0.842752,0.029784,6131954,6131954,1663433,27.1273,1920,1080,raygs,triangles,1,off,0.1,on,-4
1781756700862263240,4192.79,473.133,2.11357,2.01222,1.99152,0.133536,0.225728,0.058368,0.729088,0.8448,0.01742,6131954,6131954,1663433,27.1273,1920,1080,raygs,triangles,1,off,0.1,on,-4
1781756700864277088,4194.81,473.229,2.11314,2.0129,1.99014,0.133216,0.224832,0.058208,0.730112,0.843776,0.026951,6131954,6131954,1663433,27.1273,1920,1080,raygs,triangles,1,off,0.1,on,-4
1781756700866368358,4196.9,473.261,2.113,2.01728,1.99395,0.133504,0.225728,0.05776,0.733184,0.843776,0.036977,6131954,6131954,1663433,27.1273,1920,1080,raygs,triangles,1,off,0.1,on,-4
1781756700868388163,4198.92,473.629,2.11136,2.02083,1.99891,0.133984,0.226368,0.058368,0.736672,0.84352,0.018038,6131954,6131954,1663433,27.1273,1920,1080,raygs,triangles,1,off,0.1,on,-4
1781756700870432549,4200.96,473.943,2.10996,2.01818,1.99654,0.133696,0.22576,0.05808,0.736256,0.842752,0.026033,6131954,6131954,1663433,27.1273,1920,1080,raygs,triangles,1,off,0.1,on,-4
1781756700872601568,4203.13,474.977,2.10537,2.01904,1.99779,0.133856,0.225536,0.058368,0.736256,0.843776,0.028485,6131954,6131954,1663433,27.1273,1920,1080,raygs,triangles,1,off,0.1,on,-4
1781756700874713091,4205.24,474.537,2.10732,2.02278,2.00154,0.137952,0.224256,0.058368,0.736256,0.844704,0.042716,6131954,6131954,1663433,27.1273,1920,1080,raygs,triangles,1,off,0.1,on,-4
1781756700877032208,4207.56,474.612,2.10699,2.36362,2.34464,0.297984,0.221888,0.058368,0.9216,0.8448,0.017787,6131954,6131954,1663433,27.1273,1920,1080,raygs,triangles,1,off,0.1,on,-4
1781756700879077765,4209.61,473.562,2.11166,2.01667,1.99424,0.133888,0.225376,0.057344,0.733184,0.844448,0.027955,6131954,6131954,1663433,27.1273,1920,1080,raygs,triangles,1,off,0.1,on,-4
1781756700881127610,4211.66,473.617,2.11141,2.01488,1.99149,0.134144,0.22496,0.057344,0.732384,0.842656,0.036514,6131954,6131954,1663433,27.1273,1920,1080,raygs,triangles,1,off,0.1,on,-4
1781756700883148164,4213.68,473.792,2.11063,2.01558,1.99366,0.133504,0.225696,0.058368,0.732544,0.843552,0.019791,6131954,6131954,1663433,27.1273,1920,1080,raygs,triangles,1,off,0.1,on,-4
1781756700885229221,4215.76,474.041,2.10952,2.01872,1.9977,0.13376,0.225568,0.058368,0.735232,0.844768,0.044613,6131954,6131954,1663433,27.1273,1920,1080,raygs,triangles,1,off,0.1,on,-4
1781756700887279542,4217.81,473.972,2.10983,2.02038,1.99728,0.13456,0.2272,0.057536,0.734208,0.843776,0.02804,6131954,6131954,1663433,27.1273,1920,1080,raygs,triangles,1,off,0.1,on,-4
1781756700889442438,4219.97,475.641,2.10243,2.01981,1.99635,0.133952,0.22592,0.057472,0.735232,0.843776,0.028036,6131954,6131954,1663433,27.1273,1920,1080,raygs,triangles,1,off,0.1,on,-4
1781756700891499053,4222.03,474.645,2.10684,2.02467,2.00243,0.137216,0.224736,0.057792,0.738304,0.844384,0.031012,6131954,6131954,1663433,27.1273,1920,1080,raygs,triangles,1,off,0.1,on,-4
1781756700893876569,4224.41,474.724,2.10649,2.3449,2.32432,0.292128,0.222976,0.057344,0.907264,0.844608,0.027199,6131954,6131954,1663433,27.1273,1920,1080,raygs,triangles,1,off,0.1,on,-4
1781756700895846334,4226.38,473.438,2.11221,2.01085,1.98899,0.133184,0.2256,0.057344,0.728064,0.8448,0.015673,6131954,6131954,1663433,27.1273,1920,1080,raygs,triangles,1,off,0.1,on,-4
1781756700898009950,4228.54,474.255,2.10857,2.01776,1.9945,0.134976,0.225216,0.058368,0.731136,0.8448,0.048916,6131954,6131954,1663433,27.1273,1920,1080,raygs,triangles,1,off,0.1,on,-4
1781756700899972566,4230.5,473.859,2.11033,2.01891,1.99667,0.13408,0.226848,0.05776,0.734208,0.843776,0.027356,6131954,6131954,1663433,27.1273,1920,1080,raygs,triangles,1,off,0.1,on,-4
1781756700902027654,4232.56,474.44,2.10775,2.01888,1.99565,0.134048,0.226272,0.057344,0.735232,0.842752,0.035979,6131954,6131954,1663433,27.1273,1920,1080,raygs,triangles,1,off,0.1,on,-4
1781756700904075845,4234.61,475.13,2.10469,2.01942,1.99824,0.1336,0.225152,0.058368,0.736448,0.844672,0.030881,6131954,6131954,1663433,27.1273,1920,1080,raygs,triangles,1,off,0.1,on,-4
1781756700906276804,4236.81,475.632,2.10247,2.02141,1.9992,0.134528,0.226272,0.058368,0.73728,0.842752,0.033746,6131954,6131954,1663433,27.1273,1920,1080,raygs,triangles,1,off,0.1,on,-4
1781756700908405049,4238.94,475.021,2.10517,2.16579,2.14173,0.137632,0.22336,0.057344,0.879616,0.843776,0.026568,6131954,6131954,1663433,27.1273,1920,1080,raygs,triangles,1,off,0.1,on,-4
1781756700910721819,4241.25,474.853,2.10592,2.34163,2.32301,0.297056,0.221824,0.058048,0.901312,0.844768,0.019047,6131954,6131954,1663433,27.1273,1920,1080,raygs,triangles,1,off,0.1,on,-4
1781756700912766320,4243.3,473.795,2.11062,2.01302,1.99024,0.134336,0.224896,0.058272,0.729088,0.843648,0.026963,6131954,6131954,1663433,27.1273,1920,1080,raygs,triangles,1,off,0.1,on,-4
1781756700914822230,4245.35,473.834,2.11044,2.0161,1.99376,0.134272,0.225184,0.057344,0.733184,0.843776,0.02752,6131954,6131954,1663433,27.1273,1920,1080,raygs,triangles,1,off,0.1,on,-4
1781756700916846473,4247.38,473.899,2.11015,2.01824,1.99632,0.134464,0.225216,0.057632,0.735232,0.843776,0.025908,6131954,6131954,1663433,27.1273,1920,1080,raygs,triangles,1,off,0.1,on,-4
1781756700918889552,4249.42,474.346,2.10817,2.02147,1.99952,0.13392,0.22624,0.058208,0.736352,0.8448,0.026341,6131954,6131954,1663433,27.1273,1920,1080,raygs,triangles,1,off,0.1,on,-4
1781756700920931075,4251.46,475.142,2.10464,2.01981,1.99661,0.13296,0.225376,0.058368,0.735232,0.844672,0.024672,6131954,6131954,1663433,27.1273,1920,1080,raygs,triangles,1,off,0.1,on,-4
1781756700923098182,4253.63,475.672,2.10229,2.01584,1.99267,0.13408,0.225312,0.057344,0.73216,0.843776,0.027511,6131954,6131954,1663433,27.1273,1920,1080,raygs,triangles,1,off,0.1,on,-4
1781756700925140862,4255.67,475.163,2.10454,2.0209,1.99754,0.137088,0.2232,0.05824,0.735232,0.843776,0.026345,6131954,6131954,1663433,27.1273,1920,1080,raygs,triangles,1,off,0.1,on,-4
1781756700927726807,4258.26,475.246,2.10417,2.36013,2.34029,0.347296,0.224224,0.0576,0.867552,0.843616,0.052404,6131954,6131954,1663433,27.1273,1920,1080,raygs,triangles,1,off,0.1,on,-4
1781756700929717052,4260.25,473.106,2.11369,2.01389,1.99072,0.134208,0.224992,0.057664,0.730112,0.843744,0.037177,6131954,6131954,1663433,27.1273,1920,1080,raygs,triangles,1,off,0.1,on,-4
1781756700931800942,4262.33,473.413,2.11232,2.01584,1.9937,0.134112,0.22656,0.058368,0.730112,0.844544,0.040885,6131954,6131954,1663433,27.1273,1920,1080,raygs,triangles,1,off,0.1,on,-4
1781756700933814666,4264.35,473.174,2.11339,2.02272,2.00144,0.133824,0.226208,0.058144,0.738464,0.8448,0.038481,6131954,6131954,1663433,27.1273,1920,1080,raygs,triangles,1,off,0.1,on,-4
1781756700935852857,4266.38,473.846,2.11039,2.02016,1.99859,0.133952,0.22656,0.057344,0.736256,0.84448,0.038192,6131954,6131954,1663433,27.1273,1920,1080,raygs,triangles,1,off,0.1,on,-4
1781756700937893217,4268.42,474.584,2.10711,2.01824,1.99734,0.133792,0.226112,0.058272,0.734432,0.844736,0.035795,6131954,6131954,1663433,27.1273,1920,1080,raygs,triangles,1,off,0.1,on,-4
1781756700940065798,4270.6,475.367,2.10364,2.01702,1.99514,0.133632,0.224608,0.058304,0.734208,0.844384,0.037196,6131954,6131954,1663433,27.1273,1920,1080,raygs,triangles,1,off,0.1,on,-4
1781756700942107786,4272.64,474.63,2.10691,2.02314,2.00003,0.136256,0.224352,0.058368,0.73728,0.843776,0.041078,6131954,6131954,1663433,27.1273,1920,1080,raygs,triangles,1,off,0.1,on,-4
1781756700944465825,4275,474.661,2.10677,2.3384,2.31696,0.325568,0.222944,0.057344,0.868352,0.842752,0.036045,6131954,6131954,1663433,27.1273,1920,1080,raygs,triangles,1,off,0.1,on,-4
1781756700946498787,4277.03,473.491,2.11197,2.01101,1.98813,0.133376,0.224768,0.057344,0.728064,0.844576,0.036282,6131954,6131954,1663433,27.1273,1920,1080,raygs,triangles,1,off,0.1,on,-4
1781756700948592087,4279.12,473.655,2.11124,2.03789,2.0152,0.13408,0.225568,0.058368,0.75264,0.844544,0.037071,6131954,6131954,1663433,27.1273,1920,1080,raygs,triangles,1,off,0.1,on,-4
1781756700950610452,4281.14,473.572,2.11161,2.02054,1.99638,0.133536,0.226496,0.057344,0.735232,0.843776,0.035228,6131954,6131954,1663433,27.1273,1920,1080,raygs,triangles,1,off,0.1,on,-4
1781756700952653528,4283.18,473.94,2.10997,2.02125,1.99914,0.1344,0.225312,0.058368,0.738304,0.842752,0.035177,6131954,6131954,1663433,27.1273,1920,1080,raygs,triangles,1,off,0.1,on,-4
1781756700954710654,4285.24,475.17,2.10451,2.01901,1.99558,0.133408,0.2248,0.058368,0.735232,0.843776,0.036828,6131954,6131954,1663433,27.1273,1920,1080,raygs,triangles,1,off,0.1,on,-4
1781756700956873226,4287.4,475.289,2.10398,2.13178,2.10944,0.134368,0.340832,0.058144,0.73152,0.844576,0.037695,6131954,6131954,1663433,27.1273,1920,1080,raygs,triangles,1,off,0.1,on,-4
1781756700959023619,4289.55,474.799,2.10616,2.02486,2.00291,0.13392,0.226048,0.058816,0.741376,0.842752,0.04727,6131954,6131954,1663433,27.1273,1920,1080,raygs,triangles,1,off,0.1,on,-4
1781756700961231456,4291.76,474.449,2.10771,2.21728,2.19098,0.139648,0.223488,0.058368,0.924672,0.8448,0.025724,6131954,6131954,1663433,27.1273,1920,1080,raygs,triangles,1,off,0.1,on,-4
1781756700963442483,4293.97,473.999,2.10971,2.01274,1.9896,0.133024,0.225536,0.057344,0.729088,0.844608,0.057081,6131954,6131954,1663433,27.1273,1920,1080,raygs,triangles,1,off,0.1,on,-4
1781756700965459119,4295.99,473.67,2.11117,2.04362,2.02096,0.133216,0.224768,0.058368,0.759808,0.8448,0.038496,6131954,6131954,1663433,27.1273,1920,1080,raygs,triangles,1,off,0.1,on,-4
1781756700967516128,4298.05,474.228,2.10869,2.02115,1.99786,0.134272,0.224352,0.058176,0.736256,0.8448,0.038028,6131954,6131954,1663433,27.1273,1920,1080,raygs,triangles,1,off,0.1,on,-4
1781756700969545096,4300.08,474.212,2.10876,2.02205,1.99898,0.134176,0.225376,0.057344,0.739328,0.842752,0.037044,6131954,6131954,1663433,27.1273,1920,1080,raygs,triangles,1,off,0.1,on,-4
1781756700971616504,4302.15,475.129,2.10469,2.02214,1.99904,0.133824,0.225504,0.057632,0.738304,0.843776,0.04241,6131954,6131954,1663433,27.1273,1920,1080,raygs,triangles,1,off,0.1,on,-4
1781756700973826933,4304.36,475.437,2.10333,2.13379,2.10982,0.13328,0.34224,0.057344,0.733184,0.843776,0.043356,6131954,6131954,1663433,27.1273,1920,1080,raygs,triangles,1,off,0.1,on,-4
1781756700975952718,4306.48,474.825,2.10604,2.01866,1.99635,0.134112,0.225888,0.058368,0.735232,0.842752,0.038788,6131954,6131954,1663433,27.1273,1920,1080,raygs,triangles,1,off,0.1,on,-4
1781756700978119743,4308.65,474.463,2.10764,2.21142,2.18669,0.152096,0.224192,0.058368,0.907264,0.844768,0.034597,6131954,6131954,1663433,27.1273,1920,1080,raygs,triangles,1,off,0.1,on,-4
1781756700980093939,4310.62,474.168,2.10896,2.01283,1.99091,0.134144,0.225088,0.057792,0.730112,0.843776,0.026724,6131954,6131954,1663433,27.1273,1920,1080,raygs,triangles,1,off,0.1,on,-4
1781756700982281441,4312.81,474.354,2.10813,2.17402,2.15677,0.266688,0.22448,0.058368,0.76288,0.844352,0.022574,6131954,6131954,1663433,27.1273,1920,1080,raygs,triangles,1,off,0.1,on,-4
1781756700984313904,4314.84,474.34,2.10819,2.01894,1.99795,0.134144,0.224352,0.058368,0.73648,0.844608,0.026167,6131954,6131954,1663433,27.1273,1920,1080,raygs,triangles,1,off,0.1,on,-4
1781756700986398868,4316.93,474.549,2.10726,2.02317,2.00128,0.13456,0.226272,0.058368,0.738304,0.843776,0.029511,6131954,6131954,1663433,27.1273,1920,1080,raygs,triangles,1,off,0.1,on,-4
1781756700988432502,4318.96,475.51,2.10301,2.01971,1.9977,0.134048,0.226112,0.058368,0.73552,0.843648,0.027925,6131954,6131954,1663433,27.1273,1920,1080,raygs,triangles,1,off,0.1,on,-4
1781756700990699425,4321.23,475.516,2.10298,2.13469,2.11341,0.133536,0.344544,0.058368,0.73216,0.8448,0.027861,6131954,6131954,1663433,27.1273,1920,1080,raygs,triangles,1,off,0.1,on,-4
1781756700992944707,4323.48,474.576,2.10715,2.19789,2.17562,0.13696,0.223264,0.058208,0.912384,0.8448,0.057116,6131954,6131954,1663433,27.1273,1920,1080,raygs,triangles,1,off,0.1,on,-4
1781756700995128909,4325.66,474.036,2.10955,2.18662,2.16576,0.313056,0.220544,0.058368,0.730112,0.84368,0.017927,6131954,6131954,1663433,27.1273,1920,1080,raygs,triangles,1,off,0.1,on,-4
1781756700997178619,4327.71,473.359,2.11256,2.01027,1.98742,0.133632,0.225632,0.057344,0.72704,0.843776,0.026946,6131954,6131954,1663433,27.1273,1920,1080,raygs,triangles,1,off,0.1,on,-4
1781756700999220131,4329.75,473.396,2.1124,2.02339,1.99978,0.134496,0.22528,0.059392,0.736256,0.844352,0.029412,6131954,6131954,1663433,27.1273,1920,1080,raygs,triangles,1,off,0.1,on,-4
1781756701001255657,4331.79,473.87,2.11028,2.01642,1.99501,0.13424,0.22544,0.058368,0.733184,0.843776,0.026507,6131954,6131954,1663433,27.1273,1920,1080,raygs,triangles,1,off,0.1,on,-4
1781756701003303882,4333.83,474.074,2.10938,2.01802,1.99526,0.133184,0.224704,0.058368,0.735232,0.843776,0.028023,6131954,6131954,1663433,27.1273,1920,1080,raygs,triangles,1,off,0.1,on,-4
1781756701005352023,4335.88,475.191,2.10442,2.01699,1.99485,0.134368,0.224928,0.057568,0.733184,0.8448,0.027302,6131954,6131954,1663433,27.1273,1920,1080,raygs,triangles,1,off,0.1,on,-4
1781756701007487913,4338.02,475.143,2.10463,2.13149,2.11021,0.133984,0.341824,0.058368,0.732288,0.843744,0.025998,6131954,6131954,1663433,27.1273,1920,1080,raygs,triangles,1,off,0.1,on,-4
1781756701009859940,4340.39,474.841,2.10597,2.21174,2.18944,0.133376,0.22496,0.25312,0.734208,0.843776,0.027621,6131954,6131954,1663433,27.1273,1920,1080,raygs,triangles,1,off,0.1,on,-4
1781756701011884461,4342.42,473.486,2.112,2.0137,1.99034,0.13824,0.223936,0.057344,0.728064,0.842752,0.02632,6131954,6131954,1663433,27.1273,1920,1080,raygs,triangles,1,off,0.1,on,-4
1781756701013921475,4344.45,473.721,2.11095,2.01373,1.99062,0.134016,0.225376,0.057344,0.730112,0.843776,0.025617,6131954,6131954,1663433,27.1273,1920,1080,raygs,triangles,1,off,0.1,on,-4
1781756701015970517,4346.5,473.787,2.11065,2.02064,1.99741,0.133792,0.225216,0.058368,0.735232,0.8448,0.026803,6131954,6131954,1663433,27.1273,1920,1080,raygs,triangles,1,off,0.1,on,-4
1781756701018006267,4348.54,474.212,2.10876,2.02058,1.99971,0.133728,0.225376,0.058368,0.737664,0.844576,0.025998,6131954,6131954,1663433,27.1273,1920,1080,raygs,triangles,1,off,0.1,on,-4
1781756701020046791,4350.58,474.295,2.10839,2.01744,1.99622,0.134688,0.2264,0.058176,0.734208,0.842752,0.025431,6131954,6131954,1663433,27.1273,1920,1080,raygs,triangles,1,off,0.1,on,-4
1781756701022222806,4352.75,475.571,2.10274,2.02182,2.00067,0.133952,0.226144,0.057344,0.738592,0.84464,0.026667,6131954,6131954,1663433,27.1273,1920,1080,raygs,triangles,1,off,0.1,on,-4
1781756701024298415,4354.83,474.868,2.10585,2.02157,1.99978,0.138048,0.2248,0.057344,0.735232,0.844352,0.026189,6131954,6131954,1663433,27.1273,1920,1080,raygs,triangles,1,off,0.1,on,-4
1781756701026584168,4357.11,475.126,2.1047,2.25776,2.23542,0.134336,0.22512,0.058368,0.9728,0.8448,0.033417,6131954,6131954,1663433,27.1273,1920,1080,raygs,triangles,1,off,0.1,on,-4
1781756701028725162,4359.26,473.889,2.1102,2.12912,2.10886,0.254528,0.223264,0.058368,0.728064,0.84464,0.017586,6131954,6131954,1663433,27.1273,1920,1080,raygs,triangles,1,off,0.1,on,-4
1781756701030770579,4361.3,473.519,2.11185,2.00906,1.98739,0.13344,0.223744,0.058368,0.728064,0.843776,0.025485,6131954,6131954,1663433,27.1273,1920,1080,raygs,triangles,1,off,0.1,on,-4
1781756701032819546,4363.35,473.495,2.11196,2.01549,1.99341,0.137824,0.224288,0.058432,0.729088,0.843776,0.026871,6131954,6131954,1663433,27.1273,1920,1080,raygs,triangles,1,off,0.1,on,-4
1781756701034865020,4365.4,474.106,2.10923,2.0192,1.99683,0.133568,0.225888,0.058368,0.73728,0.841728,0.025986,6131954,6131954,1663433,27.1273,1920,1080,raygs,triangles,1,off,0.1,on,-4
1781756701036901457,4367.43,474.404,2.10791,2.02083,1.99853,0.133952,0.224256,0.058304,0.73728,0.844736,0.024799,6131954,6131954,1663433,27.1273,1920,1080,raygs,triangles,1,off,0.1,on,-4
1781756701038924430,4369.46,475.428,2.10337,2.02022,1.99722,0.133344,0.224992,0.058848,0.736256,0.843776,0.032261,6131954,6131954,1663433,27.1273,1920,1080,raygs,triangles,1,off,0.1,on,-4
1781756701041287539,4371.82,475.13,2.10469,2.14038,2.11974,0.13376,0.22608,0.058368,0.857088,0.844448,0.053447,6131954,6131954,1663433,27.1273,1920,1080,raygs,triangles,1,off,0.1,on,-4
1781756701043584488,4374.12,474.395,2.10795,2.18458,2.16211,0.132832,0.22496,0.058368,0.901152,0.8448,0.039364,6131954,6131954,1663433,27.1273,1920,1080,raygs,triangles,1,off,0.1,on,-4
1781756701045619410,4376.15,473.299,2.11283,2.0231,2.00064,0.148544,0.223168,0.058112,0.72704,0.843776,0.037081,6131954,6131954,1663433,27.1273,1920,1080,raygs,triangles,1,off,0.1,on,-4
1781756701047652500,4378.18,473.332,2.11268,2.01357,1.99123,0.133856,0.224832,0.057632,0.731136,0.843776,0.036992,6131954,6131954,1663433,27.1273,1920,1080,raygs,triangles,1,off,0.1,on,-4
1781756701049702498,4380.23,473.373,2.1125,2.02125,1.99811,0.14048,0.2232,0.057344,0.733312,0.843776,0.039363,6131954,6131954,1663433,27.1273,1920,1080,raygs,triangles,1,off,0.1,on,-4
1781756701051780920,4382.31,473.806,2.11057,2.01971,1.99664,0.132832,0.225408,0.058368,0.736256,0.843776,0.018771,6131954,6131954,1663433,27.1273,1920,1080,raygs,triangles,1,off,0.1,on,-4
1781756701053800388,4384.33,473.709,2.111,2.02314,2.00253,0.137824,0.224608,0.058368,0.73728,0.844448,0.026718,6131954,6131954,1663433,27.1273,1920,1080,raygs,triangles,1,off,0.1,on,-4
1781756701055825184,4386.36,475.964,2.101,2.01667,1.99398,0.13392,0.223712,0.058368,0.734208,0.843776,0.025302,6131954,6131954,1663433,27.1273,1920,1080,raygs,triangles,1,off,0.1,on,-4
1781756701057977387,4388.51,475.787,2.10178,2.13235,2.11328,0.2496,0.223872,0.057728,0.738304,0.843776,0.024616,6131954,6131954,1663433,27.1273,1920,1080,raygs,triangles,1,off,0.1,on,-4
1781756701060382838,4390.91,475.708,2.10213,2.23792,2.21446,0.133952,0.449568,0.057344,0.729088,0.844512,0.026601,6131954,6131954,1663433,27.1273,1920,1080,raygs,triangles,1,off,0.1,on,-4
1781756701062422295,4392.95,474.157,2.10901,2.0185,1.99712,0.138368,0.225472,0.058368,0.730112,0.8448,0.0273,6131954,6131954,1663433,27.1273,1920,1080,raygs,triangles,1,off,0.1,on,-4
1781756701064454944,4394.99,474.143,2.10907,2.01354,1.9919,0.134016,0.225568,0.058432,0.730112,0.843776,0.025279,6131954,6131954,1663433,27.1273,1920,1080,raygs,triangles,1,off,0.1,on,-4
1781756701066500989,4397.03,474.178,2.10891,2.0168,1.9937,0.134048,0.225056,0.057632,0.733184,0.843776,0.02584,6131954,6131954,1663433,27.1273,1920,1080,raygs,triangles,1,off,0.1,on,-4
1781756701068544219,4399.07,474.667,2.10674,2.0193,1.99683,0.13344,0.225184,0.057344,0.736256,0.844608,0.025285,6131954,6131954,1663433,27.1273,1920,1080,raygs,triangles,1,off,0.1,on,-4
1781756701070587566,4401.12,474.655,2.10679,2.02141,1.99898,0.133536,0.224992,0.058368,0.738304,0.843776,0.025306,6131954,6131954,1663433,27.1273,1920,1080,raygs,triangles,1,off,0.1,on,-4
1781756701072748365,4403.28,475.867,2.10143,2.01984,1.99779,0.132992,0.226656,0.058208,0.736256,0.84368,0.025423,6131954,6131954,1663433,27.1273,1920,1080,raygs,triangles,1,off,0.1,on,-4
1781756701074797447,4405.33,475.382,2.10357,2.02506,2.00192,0.137312,0.223936,0.057408,0.738496,0.844768,0.02529,6131954,6131954,1663433,27.1273,1920,1080,raygs,triangles,1,off,0.1,on,-4
1781756701077186949,4407.72,475.522,2.10295,2.36051,2.34054,0.350656,0.223328,0.057344,0.864544,0.844672,0.024668,6131954,6131954,1663433,27.1273,1920,1080,raygs,triangles,1,off,0.1,on,-4
1781756701079270683,4409.8,474.109,2.10922,2.0121,1.98925,0.133408,0.225632,0.058368,0.729088,0.842752,0.026476,6131954,6131954,1663433,27.1273,1920,1080,raygs,triangles,1,off,0.1,on,-4
1781756701081306437,4411.84,473.941,2.10997,2.01462,1.99226,0.13408,0.22592,0.058368,0.730112,0.843776,0.030021,6131954,6131954,1663433,27.1273,1920,1080,raygs,triangles,1,off,0.1,on,-4
1781756701083345836,4413.88,474.041,2.10952,2.0153,1.99277,0.133888,0.2256,0.058368,0.731136,0.843776,0.026517,6131954,6131954,1663433,27.1273,1920,1080,raygs,triangles,1,off,0.1,on,-4
1781756701085400428,4415.93,474.436,2.10776,2.02086,1.99859,0.133536,0.226656,0.057344,0.736256,0.8448,0.026609,6131954,6131954,1663433,27.1273,1920,1080,raygs,triangles,1,off,0.1,on,-4
1781756701087447045,4417.98,474.789,2.1062,2.02029,1.99856,0.134464,0.225088,0.057344,0.73728,0.844384,0.025292,6131954,6131954,1663433,27.1273,1920,1080,raygs,triangles,1,off,0.1,on,-4
1781756701089597432,4420.13,475.519,2.10296,2.0199,1.99722,0.133952,0.224448,0.058784,0.736256,0.843776,0.024566,6131954,6131954,1663433,27.1273,1920,1080,raygs,triangles,1,off,0.1,on,-4
1781756701091671194,4422.2,475.724,2.10206,2.02586,2.00346,0.137632,0.225376,0.058368,0.738304,0.843776,0.03812,6131954,6131954,1663433,27.1273,1920,1080,raygs,triangles,1,off,0.1,on,-4
1781756701094081657,4424.61,475.492,2.10308,2.3631,2.34339,0.351424,0.22352,0.058368,0.86528,0.8448,0.027816,6131954,6131954,1663433,27.1273,1920,1080,raygs,triangles,1,off,0.1,on,-4
1781756701096087711,4426.62,474.167,2.10896,2.01552,1.99478,0.133792,0.225888,0.058144,0.73216,0.8448,0.014758,6131954,6131954,1663433,27.1273,1920,1080,raygs,triangles,1,off,0.1,on,-4
1781756701098198850,4428.73,474.192,2.10885,2.01462,1.99126,0.133536,0.226496,0.057344,0.72912,0.844768,0.044049,6131954,6131954,1663433,27.1273,1920,1080,raygs,triangles,1,off,0.1,on,-4
1781756701100227786,4430.76,474.078,2.10936,2.01632,1.99427,0.133792,0.225152,0.058368,0.73216,0.8448,0.029183,6131954,6131954,1663433,27.1273,1920,1080,raygs,triangles,1,off,0.1,on,-4
1781756701102249840,4432.78,474.816,2.10608,2.02202,1.99872,0.13424,0.226112,0.057344,0.73728,0.843744,0.030558,6131954,6131954,1663433,27.1273,1920,1080,raygs,triangles,1,off,0.1,on,-4
1781756701104290868,4434.82,475.166,2.10453,2.01987,1.99866,0.133504,0.224704,0.058368,0.738304,0.843776,0.028763,6131954,6131954,1663433,27.1273,1920,1080,raygs,triangles,1,off,0.1,on,-4
1781756701106464754,4437,475.578,2.1027,2.01757,1.99754,0.133856,0.225024,0.059104,0.734208,0.845344,0.029486,6131954,6131954,1663433,27.1273,1920,1080,raygs,triangles,1,off,0.1,on,-4
1781756701108500584,4439.03,474.796,2.10617,2.02861,2.00688,0.138016,0.225728,0.0584,0.740352,0.844384,0.025907,6131954,6131954,1663433,27.1273,1920,1080,raygs,triangles,1,off,0.1,on,-4
1781756701110813931,4441.34,475.369,2.10363,2.33094,2.30989,0.318112,0.222304,0.057344,0.868352,0.843776,0.016894,6131954,6131954,1663433,27.1273,1920,1080,raygs,triangles,1,off,0.1,on,-4
1781756701112889502,4443.42,474.243,2.10862,2.01238,1.98915,0.134752,0.22384,0.057696,0.728064,0.8448,0.034701,6131954,6131954,1663433,27.1273,1920,1080,raygs,triangles,1,off,0.1,on,-4
1781756701114938630,4445.47,474.491,2.10752,2.01133,1.98902,0.13376,0.226112,0.057536,0.72704,0.844576,0.028986,6131954,6131954,1663433,27.1273,1920,1080,raygs,triangles,1,off,0.1,on,-4
1781756701116932936,4447.46,474.361,2.1081,2.0193,1.99699,0.133504,0.226112,0.057344,0.735232,0.8448,0.014723,6131954,6131954,1663433,27.1273,1920,1080,raygs,triangles,1,off,0.1,on,-4
1781756701118987053,4449.52,475.338,2.10377,2.0177,1.99549,0.13392,0.22624,0.057344,0.734208,0.843776,0.030058,6131954,6131954,1663433,27.1273,1920,1080,raygs,triangles,1,off,0.1,on,-4
1781756701121054364,4451.59,476.002,2.10083,2.02144,1.9985,0.133536,0.225152,0.0576,0.738432,0.843776,0.034088,6131954,6131954,1663433,27.1273,1920,1080,raygs,triangles,1,off,0.1,on,-4
1781756701123194970,4453.73,476.55,2.09842,2.01834,1.99629,0.13456,0.225216,0.057824,0.734208,0.84448,0.018838,6131954,6131954,1663433,27.1273,1920,1080,raygs,triangles,1,off,0.1,on,-4
1781756701125268274,4455.8,476.117,2.10033,2.02336,2.0024,0.138016,0.22496,0.058368,0.736256,0.8448,0.034271,6131954,6131954,1663433,27.1273,1920,1080,raygs,triangles,1,off,0.1,on,-4
1781756701127615668,4458.15,476.071,2.10053,2.32858,2.30992,0.31984,0.22176,0.058368,0.86528,0.844672,0.025025,6131954,6131954,1663433,27.1273,1920,1080,raygs,triangles,1,off,0.1,on,-4
1781756701129646637,4460.18,474.925,2.10559,2.01597,1.9927,0.134432,0.225632,0.057728,0.731136,0.843776,0.018812,6131954,6131954,1663433,27.1273,1920,1080,raygs,triangles,1,off,0.1,on,-4
1781756701131728232,4462.26,474.87,2.10584,2.01248,1.99133,0.133824,0.225056,0.058432,0.729504,0.844512,0.039526,6131954,6131954,1663433,27.1273,1920,1080,raygs,triangles,1,off,0.1,on,-4
1781756701133752687,4464.28,474.781,2.10624,2.02243,2.00067,0.133536,0.226048,0.058368,0.738304,0.844416,0.025404,6131954,6131954,1663433,27.1273,1920,1080,raygs,triangles,1,off,0.1,on,-4
1781756701135778752,4466.31,475.172,2.1045,2.01821,1.99523,0.133408,0.225824,0.058016,0.734208,0.843776,0.018595,6131954,6131954,1663433,27.1273,1920,1080,raygs,triangles,1,off,0.1,on,-4
1781756701137824376,4468.36,476.516,2.09856,2.02022,1.99696,0.134048,0.225504,0.057344,0.735424,0.84464,0.02689,6131954,6131954,1663433,27.1273,1920,1080,raygs,triangles,1,off,0.1,on,-4
1781756701140020567,4470.55,476.35,2.0993,2.01766,1.99574,0.132832,0.225536,0.058368,0.735232,0.843776,0.037357,6131954,6131954,1663433,27.1273,1920,1080,raygs,triangles,1,off,0.1,on,-4
1781756701142037071,4472.57,475.805,2.1017,2.02077,1.99782,0.136992,0.223424,0.057376,0.736256,0.843776,0.026912,6131954,6131954,1663433,27.1273,1920,1080,raygs,triangles,1,off,0.1,on,-4
1781756701144444467,4474.98,475.899,2.10128,2.32864,2.30941,0.31792,0.223968,0.058368,0.865376,0.843776,0.039911,6131954,6131954,1663433,27.1273,1920,1080,raygs,triangles,1,off,0.1,on,-4
1781756701146562280,4477.09,474.515,2.10742,2.14906,2.12669,0.134208,0.225056,0.058368,0.86528,0.843776,0.019694,6131954,6131954,1663433,27.1273,1920,1080,raygs,triangles,1,off,0.1,on,-4
1781756701148575783,4479.11,474.191,2.10886,2.03206,2.0104,0.133664,0.225408,0.058368,0.749568,0.843392,0.025558,6131954,6131954,1663433,27.1273,1920,1080,raygs,triangles,1,off,0.1,on,-4
1781756701150642800,4481.17,474.859,2.10589,2.01965,1.99837,0.133824,0.224096,0.058368,0.738304,0.843776,0.029457,6131954,6131954,1663433,27.1273,1920,1080,raygs,triangles,1,off,0.1,on,-4
1781756701152680158,4483.21,474.882,2.10579,2.02269,2.0015,0.133792,0.22624,0.058368,0.739328,0.843776,0.029048,6131954,6131954,1663433,27.1273,1920,1080,raygs,triangles,1,off,0.1,on,-4
1781756701154753513,4485.28,475.834,2.10157,2.01494,1.99274,0.133472,0.223936,0.057344,0.734208,0.843776,0.025548,6131954,6131954,1663433,27.1273,1920,1080,raygs,triangles,1,off,0.1,on,-4
1781756701156930643,4487.46,476.095,2.10042,2.01638,1.99523,0.133632,0.226208,0.058816,0.73216,0.844416,0.037187,6131954,6131954,1663433,27.1273,1920,1080,raygs,triangles,1,off,0.1,on,-4
1781756701158976429,4489.51,475.671,2.10229,2.02224,2,0.137568,0.223008,0.058368,0.73728,0.843776,0.029322,6131954,6131954,1663433,27.1273,1920,1080,raygs,triangles,1,off,0.1,on,-4
1781756701161350564,4491.88,475.669,2.1023,2.36605,2.34573,0.35632,0.223008,0.058368,0.864256,0.843776,0.01774,6131954,6131954,1663433,27.1273,1920,1080,raygs,triangles,1,off,0.1,on,-4
1781756701163402204,4493.93,474.362,2.1081,2.01366,1.99142,0.134912,0.224352,0.058368,0.730112,0.84368,0.0352,6131954,6131954,1663433,27.1273,1920,1080,raygs,triangles,1,off,0.1,on,-4
1781756701165519102,4496.05,474.371,2.10806,2.04618,2.02381,0.134272,0.225536,0.058368,0.761856,0.843776,0.031215,6131954,6131954,1663433,27.1273,1920,1080,raygs,triangles,1,off,0.1,on,-4
1781756701167495924,4498.03,474.396,2.10794,2.0192,1.99642,0.133824,0.224672,0.058368,0.736256,0.843296,0.015076,6131954,6131954,1663433,27.1273,1920,1080,raygs,triangles,1,off,0.1,on,-4
1781756701169614905,4500.15,475.444,2.1033,2.02672,2.00442,0.13376,0.226112,0.057344,0.7424,0.8448,0.04443,6131954,6131954,1663433,27.1273,1920,1080,raygs,triangles,1,off,0.1,on,-4
1781756701171650646,4502.18,476.155,2.10016,2.01814,1.99869,0.134368,0.226272,0.058368,0.735232,0.844448,0.028191,6131954,6131954,1663433,27.1273,1920,1080,raygs,triangles,1,off,0.1,on,-4
1781756701173755883,4504.29,476.158,2.10014,2.13494,2.11165,0.134432,0.342912,0.057344,0.733184,0.843776,0.014832,6131954,6131954,1663433,27.1273,1920,1080,raygs,triangles,1,off,0.1,on,-4
1781756701176033089,4506.56,475.816,2.10165,2.02214,1.99853,0.133216,0.224608,0.058624,0.738304,0.843776,0.035459,6131954,6131954,1663433,27.1273,1920,1080,raygs,triangles,1,off,0.1,on,-4
1781756701178219482,4508.75,475.018,2.10518,2.16742,2.14525,0.151552,0.22336,0.058368,0.868352,0.843616,0.032982,6131954,6131954,1663433,27.1273,1920,1080,raygs,triangles,1,off,0.1,on,-4
1781756701180225962,4510.76,474.627,2.10692,2.01312,1.99197,0.134464,0.225248,0.058368,0.730112,0.843776,0.018165,6131954,6131954,1663433,27.1273,1920,1080,raygs,triangles,1,off,0.1,on,-4
1781756701182339362,4512.87,474.645,2.10684,2.04358,2.02083,0.134208,0.225024,0.058368,0.758784,0.844448,0.041069,6131954,6131954,1663433,27.1273,1920,1080,raygs,triangles,1,off,0.1,on,-4
1781756701184352854,4514.88,474.346,2.10817,2.01942,1.99651,0.134496,0.22464,0.058368,0.736256,0.842752,0.016726,6131954,6131954,1663433,27.1273,1920,1080,raygs,triangles,1,off,0.1,on,-4
1781756701186397737,4516.93,474.702,2.10658,2.01974,1.99875,0.133376,0.224896,0.058368,0.737312,0.8448,0.027483,6131954,6131954,1663433,27.1273,1920,1080,raygs,triangles,1,off,0.1,on,-4
1781756701188438924,4518.97,476.061,2.10057,2.01955,1.99856,0.133824,0.225312,0.058368,0.736256,0.8448,0.029838,6131954,6131954,1663433,27.1273,1920,1080,raygs,triangles,1,off,0.1,on,-4
1781756701190595821,4521.13,476.065,2.10055,2.13629,2.11414,0.133856,0.343776,0.058368,0.733504,0.84464,0.025833,6131954,6131954,1663433,27.1273,1920,1080,raygs,triangles,1,off,0.1,on,-4
1781756701192856428,4523.39,475.569,2.10274,2.02048,1.99907,0.1336,0.225024,0.058368,0.73728,0.8448,0.025707,6131954,6131954,1663433,27.1273,1920,1080,raygs,triangles,1,off,0.1,on,-4
1781756701195049191,4525.58,474.776,2.10625,2.16803,2.14624,0.15056,0.22304,0.058368,0.87072,0.843552,0.026962,6131954,6131954,1663433,27.1273,1920,1080,raygs,triangles,1,off,0.1,on,-4
1781756701197142566,4527.67,474.175,2.10892,2.01619,1.99517,0.134464,0.225344,0.058368,0.733216,0.843776,0.040235,6131954,6131954,1663433,27.1273,1920,1080,raygs,triangles,1,off,0.1,on,-4
1781756701199132469,4529.66,474.062,2.10943,2.04707,2.02637,0.1336,0.225888,0.058176,0.764928,0.843776,0.016786,6131954,6131954,1663433,27.1273,1920,1080,raygs,triangles,1,off,0.1,on,-4
1781756701201185830,4531.72,474.756,2.10635,2.02138,1.99856,0.134624,0.225952,0.057344,0.735232,0.845408,0.027286,6131954,6131954,1663433,27.1273,1920,1080,raygs,triangles,1,off,0.1,on,-4
1781756701203272755,4533.8,474.723,2.10649,2.02,1.99744,0.133088,0.225952,0.057344,0.736256,0.8448,0.028646,6131954,6131954,1663433,27.1273,1920,1080,raygs,triangles,1,off,0.1,on,-4
1781756701205301568,4535.83,475.828,2.1016,2.01878,1.99693,0.133664,0.224416,0.057792,0.736256,0.8448,0.026105,6131954,6131954,1663433,27.1273,1920,1080,raygs,triangles,1,off,0.1,on,-4
1781756701207448526,4537.98,476.037,2.10068,2.13578,2.11238,0.13424,0.343904,0.057344,0.73216,0.844736,0.026514,6131954,6131954,1663433,27.1273,1920,1080,raygs,triangles,1,off,0.1,on,-4
1781756701209675928,4540.21,475.68,2.10225,2.01882,1.99754,0.133504,0.225632,0.058368,0.735232,0.8448,0.025764,6131954,6131954,1663433,27.1273,1920,1080,raygs,triangles,1,off,0.1,on,-4
1781756701211854246,4542.38,475.028,2.10514,2.16429,2.14214,0.148384,0.223008,0.0576,0.868352,0.8448,0.024896,6131954,6131954,1663433,27.1273,1920,1080,raygs,triangles,1,off,0.1,on,-4
1781756701213943112,4544.47,474.518,2.1074,2.01651,1.99366,0.13376,0.225952,0.058368,0.731136,0.844448,0.026654,6131954,6131954,1663433,27.1273,1920,1080,raygs,triangles,1,off,0.1,on,-4
1781756701215963500,4546.49,474.312,2.10832,2.03696,2.0152,0.133952,0.225408,0.058368,0.752672,0.8448,0.024835,6131954,6131954,1663433,27.1273,1920,1080,raygs,triangles,1,off,0.1,on,-4
1781756701218005349,4548.54,474.832,2.10601,2.0175,1.99488,0.133728,0.2248,0.057344,0.735232,0.843776,0.025712,6131954,6131954,1663433,27.1273,1920,1080,raygs,triangles,1,off,0.1,on,-4
1781756701220058759,4550.59,474.947,2.1055,2.02579,2.00445,0.134176,0.224704,0.058368,0.7424,0.8448,0.025075,6131954,6131954,1663433,27.1273,1920,1080,raygs,triangles,1,off,0.1,on,-4
1781756701222115568,4552.65,476.283,2.09959,2.01939,1.99693,0.13376,0.224928,0.057408,0.736256,0.844576,0.032069,6131954,6131954,1663433,27.1273,1920,1080,raygs,triangles,1,off,0.1,on,-4
1781756701224283414,4554.81,476.067,2.10054,2.13747,2.11395,0.133792,0.34512,0.057344,0.734208,0.843488,0.028674,6131954,6131954,1663433,27.1273,1920,1080,raygs,triangles,1,off,0.1,on,-4
1781756701226545818,4557.08,475.843,2.10153,2.01478,1.9912,0.134016,0.225952,0.057344,0.730112,0.843776,0.03973,6131954,6131954,1663433,27.1273,1920,1080,raygs,triangles,1,off,0.1,on,-4
1781756701228747079,4559.28,474.984,2.10533,2.23818,2.21578,0.14784,0.222688,0.057344,0.944128,0.843776,0.020033,6131954,6131954,1663433,27.1273,1920,1080,raygs,triangles,1,off,0.1,on,-4
1781756701230803833,4561.33,474.354,2.10813,2.01664,1.99382,0.13408,0.224512,0.058368,0.73216,0.844704,0.03088,6131954,6131954,1663433,27.1273,1920,1080,raygs,triangles,1,off,0.1,on,-4
1781756701232830806,4563.36,474.187,2.10887,2.01258,1.98982,0.133888,0.224704,0.058368,0.729088,0.843776,0.027199,6131954,6131954,1663433,27.1273,1920,1080,raygs,triangles,1,off,0.1,on,-4
1781756701234871459,4565.4,474.75,2.10637,2.01981,1.99786,0.13456,0.22592,0.058368,0.735232,0.843776,0.026431,6131954,6131954,1663433,27.1273,1920,1080,raygs,triangles,1,off,0.1,on,-4
1781756701236911260,4567.44,474.8,2.10615,2.02045,1.99811,0.13376,0.224864,0.058464,0.735392,0.845632,0.025749,6131954,6131954,1663433,27.1273,1920,1080,raygs,triangles,1,off,0.1,on,-4
1781756701239092204,4569.62,475.911,2.10123,2.02045,1.99808,0.133984,0.225728,0.057344,0.735232,0.845792,0.028924,6131954,6131954,1663433,27.1273,1920,1080,raygs,triangles,1,off,0.1,on,-4
1781756701241128977,4571.66,475.431,2.10335,2.0199,1.99658,0.13712,0.224928,0.057568,0.73216,0.8448,0.026125,6131954,6131954,1663433,27.1273,1920,1080,raygs,triangles,1,off,0.1,on,-4
1781756701243413876,4573.94,475.494,2.10308,2.26589,2.24202,0.134336,0.224512,0.057344,0.981024,0.8448,0.027366,6131954,6131954,1663433,27.1273,1920,1080,raygs,triangles,1,off,0.1,on,-4
1781756701245567188,4576.1,474.376,2.10803,2.13142,2.11267,0.253792,0.224576,0.058368,0.731136,0.8448,0.025306,6131954,6131954,1663433,27.1273,1920,1080,raygs,triangles,1,off,0.1,on,-4
1781756701247620356,4578.15,474.06,2.10944,2.01504,1.99242,0.13376,0.22672,0.058368,0.729088,0.84448,0.027374,6131954,6131954,1663433,27.1273,1920,1080,raygs,triangles,1,off,0.1,on,-4
1781756701249698374,4580.23,473.998,2.10971,2.01696,1.99478,0.135584,0.224736,0.058368,0.731488,0.844608,0.029021,6131954,6131954,1663433,27.1273,1920,1080,raygs,triangles,1,off,0.1,on,-4
1781756701251717735,4582.25,474.314,2.10831,2.02086,2.00048,0.134016,0.225376,0.058368,0.738304,0.844416,0.027151,6131954,6131954,1663433,27.1273,1920,1080,raygs,triangles,1,off,0.1,on,-4
1781756701253752903,4584.28,474.456,2.10768,2.02016,1.99837,0.133856,0.226528,0.058368,0.736256,0.84336,0.026378,6131954,6131954,1663433,27.1273,1920,1080,raygs,triangles,1,off,0.1,on,-4
1781756701255918414,4586.45,475.698,2.10218,2.02029,1.99898,0.134048,0.22448,0.058368,0.73728,0.8448,0.026092,6131954,6131954,1663433,27.1273,1920,1080,raygs,triangles,1,off,0.1,on,-4
1781756701257967965,4588.5,475.237,2.10421,2.02384,2.00154,0.137984,0.225152,0.058368,0.736256,0.843776,0.025507,6131954,6131954,1663433,27.1273,1920,1080,raygs,triangles,1,off,0.1,on,-4
1781756701260259818,4590.79,475.339,2.10376,2.26394,2.24176,0.134368,0.22528,0.057344,0.978944,0.845824,0.027985,6131954,6131954,1663433,27.1273,1920,1080,raygs,triangles,1,off,0.1,on,-4
1781756701262403366,4592.93,474.202,2.1088,2.1289,2.10938,0.254304,0.22384,0.058368,0.728064,0.8448,0.026555,6131954,6131954,1663433,27.1273,1920,1080,raygs,triangles,1,off,0.1,on,-4
1781756701264460244,4594.99,473.885,2.11022,2.01382,1.99187,0.133088,0.22656,0.058368,0.730112,0.843744,0.026172,6131954,6131954,1663433,27.1273,1920,1080,raygs,triangles,1,off,0.1,on,-4
1781756701266491105,4597.02,473.794,2.11062,2.01834,1.99606,0.135104,0.226496,0.058368,0.731456,0.84464,0.026806,6131954,6131954,1663433,27.1273,1920,1080,raygs,triangles,1,off,0.1,on,-4
1781756701268536312,4599.07,474.434,2.10778,2.0201,1.99763,0.133728,0.225632,0.05824,0.735232,0.8448,0.026833,6131954,6131954,1663433,27.1273,1920,1080,raygs,triangles,1,off,0.1,on,-4
1781756701270578859,4601.11,474.358,2.10811,2.01712,1.99472,0.133664,0.226752,0.057344,0.733184,0.843776,0.025869,6131954,6131954,1663433,27.1273,1920,1080,raygs,triangles,1,off,0.1,on,-4
1781756701272753825,4603.28,475.682,2.10225,2.0207,1.99581,0.133824,0.225632,0.057344,0.736256,0.842752,0.027063,6131954,6131954,1663433,27.1273,1920,1080,raygs,triangles,1,off,0.1,on,-4
1781756701274798933,4605.33,475.528,2.10293,2.02499,2.00259,0.137088,0.224288,0.058368,0.738304,0.844544,0.026146,6131954,6131954,1663433,27.1273,1920,1080,raygs,triangles,1,off,0.1,on,-4
1781756701277251191,4607.78,475.28,2.10402,2.35661,2.33626,0.346848,0.221984,0.057344,0.866304,0.843776,0.046432,6131954,6131954,1663433,27.1273,1920,1080,raygs,triangles,1,off,0.1,on,-4
1781756701279231451,4609.76,473.954,2.10991,2.0128,1.99098,0.135136,0.225408,0.057568,0.729088,0.843776,0.017883,6131954,6131954,1663433,27.1273,1920,1080,raygs,triangles,1,off,0.1,on,-4
1781756701281276594,4611.81,474.057,2.10945,2.01174,1.98819,0.133056,0.224928,0.057344,0.729088,0.843776,0.028368,6131954,6131954,1663433,27.1273,1920,1080,raygs,triangles,1,off,0.1,on,-4
1781756701283314216,4613.84,474.201,2.10881,2.01517,1.99347,0.133408,0.22576,0.058368,0.73216,0.843776,0.028516,6131954,6131954,1663433,27.1273,1920,1080,raygs,triangles,1,off,0.1,on,-4
1781756701285360913,4615.89,474.766,2.1063,2.02192,2.00096,0.134048,0.22544,0.058368,0.738304,0.8448,0.02785,6131954,6131954,1663433,27.1273,1920,1080,raygs,triangles,1,off,0.1,on,-4
1781756701287404848,4617.94,474.64,2.10686,2.0191,1.99658,0.13328,0.225024,0.05824,0.736256,0.843776,0.0264,6131954,6131954,1663433,27.1273,1920,1080,raygs,triangles,1,off,0.1,on,-4
1781756701289595502,4620.13,476.049,2.10063,2.01827,1.99558,0.13344,0.224768,0.058368,0.734208,0.8448,0.02949,6131954,6131954,1663433,27.1273,1920,1080,raygs,triangles,1,off,0.1,on,-4
1781756701291626665,4622.16,475.404,2.10347,2.024,2.00054,0.137632,0.225536,0.057344,0.736256,0.843776,0.030984,6131954,6131954,1663433,27.1273,1920,1080,raygs,triangles,1,off,0.1,on,-4
1781756701293966936,4624.5,475.723,2.10206,2.32797,2.30963,0.316128,0.222464,0.058368,0.867328,0.845344,0.027356,6131954,6131954,1663433,27.1273,1920,1080,raygs,triangles,1,off,0.1,on,-4
1781756701296002671,4626.53,474.508,2.10744,2.01373,1.99174,0.134016,0.225344,0.057472,0.731136,0.843776,0.026823,6131954,6131954,1663433,27.1273,1920,1080,raygs,triangles,1,off,0.1,on,-4
1781756701298071249,4628.6,474.767,2.1063,2.01366,1.99258,0.133952,0.226368,0.058368,0.729088,0.8448,0.028937,6131954,6131954,1663433,27.1273,1920,1080,raygs,triangles,1,off,0.1,on,-4
1781756701300089332,4630.62,474.521,2.10739,2.0177,1.99664,0.13392,0.225344,0.058368,0.733184,0.845824,0.030469,6131954,6131954,1663433,27.1273,1920,1080,raygs,triangles,1,off,0.1,on,-4
1781756701302126942,4632.66,475.021,2.10517,2.01677,1.99437,0.134112,0.224064,0.058368,0.733184,0.84464,0.027092,6131954,6131954,1663433,27.1273,1920,1080,raygs,triangles,1,off,0.1,on,-4
1781756701304165748,4634.7,475.884,2.10135,2.01728,1.99315,0.133472,0.22544,0.057344,0.734208,0.842688,0.025333,6131954,6131954,1663433,27.1273,1920,1080,raygs,triangles,1,off,0.1,on,-4
1781756701306327167,4636.86,476.403,2.09906,2.02093,1.99962,0.134048,0.22512,0.058368,0.73728,0.8448,0.026343,6131954,6131954,1663433,27.1273,1920,1080,raygs,triangles,1,off,0.1,on,-4
1781756701308381095,4638.91,475.855,2.10148,2.02746,2.00474,0.137504,0.22512,0.057344,0.740352,0.844416,0.02746,6131954,6131954,1663433,27.1273,1920,1080,raygs,triangles,1,off,0.1,on,-4
1781756701310802208,4641.33,476.054,2.1006,2.33075,2.31059,0.3168,0.222208,0.058368,0.868512,0.844704,0.039878,6131954,6131954,1663433,27.1273,1920,1080,raygs,triangles,1,off,0.1,on,-4
1781756701312796064,4643.33,474.544,2.10729,2.01283,1.99034,0.13344,0.225472,0.057344,0.729312,0.844768,0.021213,6131954,6131954,1663433,27.1273,1920,1080,raygs,triangles,1,off,0.1,on,-4
1781756701314852887,4645.38,474.683,2.10667,2.01251,1.99107,0.133856,0.224288,0.058368,0.73216,0.8424,0.029641,6131954,6131954,1663433,27.1273,1920,1080,raygs,triangles,1,off,0.1,on,-4
1781756701316963454,4647.49,474.621,2.10695,2.01562,1.9929,0.134592,0.224448,0.057344,0.733184,0.843328,0.04421,6131954,6131954,1663433,27.1273,1920,1080,raygs,triangles,1,off,0.1,on,-4
1781756701319065026,4649.6,474.835,2.10599,2.15949,2.13616,0.133536,0.364224,0.057344,0.736256,0.8448,0.018945,6131954,6131954,1663433,27.1273,1920,1080,raygs,triangles,1,off,0.1,on,-4
1781756701321099610,4651.63,475.378,2.10359,2.01491,1.99299,0.134208,0.224352,0.057344,0.733312,0.843776,0.027767,6131954,6131954,1663433,27.1273,1920,1080,raygs,triangles,1,off,0.1,on,-4
1781756701323264460,4653.8,476.116,2.10033,2.01715,1.99379,0.133952,0.224544,0.058368,0.733184,0.843744,0.028813,6131954,6131954,1663433,27.1273,1920,1080,raygs,triangles,1,off,0.1,on,-4
1781756701325298254,4655.83,475.672,2.10229,2.02362,1.99974,0.136768,0.224544,0.057696,0.736256,0.84448,0.02628,6131954,6131954,1663433,27.1273,1920,1080,raygs,triangles,1,off,0.1,on,-4
1781756701327720804,4658.25,475.496,2.10307,2.38454,2.36381,0.305184,0.222592,0.057344,0.933888,0.8448,0.025872,6131954,6131954,1663433,27.1273,1920,1080,raygs,triangles,1,off,0.1,on,-4
1781756701329769514,4660.3,474.107,2.10923,2.01482,1.99107,0.134272,0.2256,0.057344,0.730112,0.843744,0.031365,6131954,6131954,1663433,27.1273,1920,1080,raygs,triangles,1,off,0.1,on,-4
1781756701331858463,4662.39,474.279,2.10846,2.01482,1.99286,0.134112,0.223872,0.058368,0.73216,0.844352,0.041244,6131954,6131954,1663433,27.1273,1920,1080,raygs,triangles,1,off,0.1,on,-4
1781756701333840475,4664.37,474.143,2.10907,2.02035,1.9984,0.134272,0.22544,0.057632,0.73728,0.843776,0.015819,6131954,6131954,1663433,27.1273,1920,1080,raygs,triangles,1,off,0.1,on,-4
1781756701335896540,4666.43,474.723,2.10649,2.02064,1.99821,0.133792,0.22608,0.058368,0.735456,0.844512,0.027158,6131954,6131954,1663433,27.1273,1920,1080,raygs,triangles,1,off,0.1,on,-4
1781756701337950512,4668.48,475.366,2.10364,2.02042,1.99843,0.132512,0.22544,0.058368,0.737312,0.8448,0.026311,6131954,6131954,1663433,27.1273,1920,1080,raygs,triangles,1,off,0.1,on,-4
1781756701340102342,4670.63,475.806,2.1017,2.01638,1.9943,0.133632,0.22464,0.058368,0.733184,0.84448,0.025692,6131954,6131954,1663433,27.1273,1920,1080,raygs,triangles,1,off,0.1,on,-4
1781756701342165296,4672.7,475.581,2.10269,2.02426,2.00214,0.137376,0.223296,0.058368,0.739328,0.843776,0.039273,6131954,6131954,1663433,27.1273,1920,1080,raygs,triangles,1,off,0.1,on,-4
1781756701344504446,4675.04,475.324,2.10383,2.33837,2.31837,0.3256,0.2232,0.058464,0.866304,0.8448,0.02007,6131954,6131954,1663433,27.1273,1920,1080,raygs,triangles,1,off,0.1,on,-4
1781756701346552126,4677.08,474.311,2.10832,2.01622,1.99443,0.134336,0.2256,0.057536,0.73216,0.8448,0.027153,6131954,6131954,1663433,27.1273,1920,1080,raygs,triangles,1,off,0.1,on,-4
1781756701348669934,4679.2,474.355,2.10812,2.01405,1.99171,0.133952,0.225824,0.057344,0.730112,0.84448,0.040017,6131954,6131954,1663433,27.1273,1920,1080,raygs,triangles,1,off,0.1,on,-4
1781756701350619038,4681.15,474.179,2.10891,2.01971,1.99728,0.133376,0.225536,0.058336,0.736256,0.843776,0.015386,6131954,6131954,1663433,27.1273,1920,1080,raygs,triangles,1,off,0.1,on,-4
1781756701352697362,4683.23,475.021,2.10517,2.01754,1.99552,0.133728,0.22512,0.057664,0.735232,0.843776,0.030279,6131954,6131954,1663433,27.1273,1920,1080,raygs,triangles,1,off,0.1,on,-4
1781756701354748703,4685.28,475.571,2.10274,2.0208,1.99661,0.132896,0.22736,0.057344,0.735232,0.843776,0.026469,6131954,6131954,1663433,27.1273,1920,1080,raygs,triangles,1,off,0.1,on,-4
1781756701356892216,4687.42,476.095,2.10042,2.01923,1.99683,0.133984,0.225568,0.05808,0.735584,0.843616,0.026735,6131954,6131954,1663433,27.1273,1920,1080,raygs,triangles,1,off,0.1,on,-4
1781756701358933656,4689.46,475.962,2.10101,2.02678,2.00358,0.137824,0.224288,0.057344,0.740352,0.843776,0.030648,6131954,6131954,1663433,27.1273,1920,1080,raygs,triangles,1,off,0.1,on,-4
1781756701361359603,4691.89,475.908,2.10125,2.36624,2.34634,0.35472,0.22304,0.057344,0.866624,0.844608,0.028781,6131954,6131954,1663433,27.1273,1920,1080,raygs,triangles,1,off,0.1,on,-4
1781756701363383935,4693.91,474.279,2.10846,2.01725,1.99501,0.13344,0.225216,0.058368,0.733184,0.8448,0.029061,6131954,6131954,1663433,27.1273,1920,1080,raygs,triangles,1,off,0.1,on,-4
1781756701365452120,4695.98,474.312,2.10832,2.03616,2.01286,0.133952,0.225152,0.057344,0.75264,0.843776,0.026861,6131954,6131954,1663433,27.1273,1920,1080,raygs,triangles,1,off,0.1,on,-4
1781756701367528647,4698.06,474.75,2.10637,2.01965,1.99747,0.133792,0.22528,0.058368,0.736256,0.843776,0.035054,6131954,6131954,1663433,27.1273,1920,1080,raygs,triangles,1,off,0.1,on,-4
1781756701369536539,4700.07,474.666,2.10675,2.02259,2.00074,0.133696,0.225984,0.057344,0.739328,0.844384,0.020352,6131954,6131954,1663433,27.1273,1920,1080,raygs,triangles,1,off,0.1,on,-4
1781756701371581712,4702.11,475.817,2.10165,2.0199,1.99811,0.1336,0.225472,0.058368,0.736256,0.844416,0.026471,6131954,6131954,1663433,27.1273,1920,1080,raygs,triangles,1,off,0.1,on,-4
1781756701373836671,4704.37,476.123,2.1003,2.02016,1.99792,0.133792,0.225728,0.057344,0.736256,0.8448,0.05048,6131954,6131954,1663433,27.1273,1920,1080,raygs,triangles,1,off,0.1,on,-4
1781756701375790557,4706.32,475.431,2.10335,2.02518,2.00211,0.138336,0.222336,0.057344,0.739328,0.844768,0.016189,6131954,6131954,1663433,27.1273,1920,1080,raygs,triangles,1,off,0.1,on,-4
1781756701378145406,4708.68,475.906,2.10125,2.33328,2.31341,0.321472,0.222464,0.058368,0.867328,0.843776,0.030027,6131954,6131954,1663433,27.1273,1920,1080,raygs,triangles,1,off,0.1,on,-4
1781756701380231168,4710.76,474.641,2.10686,2.0145,1.99066,0.13408,0.226368,0.057344,0.729088,0.843776,0.031163,6131954,6131954,1663433,27.1273,1920,1080,raygs,triangles,1,off,0.1,on,-4
1781756701382299047,4712.83,474.352,2.10814,2.04541,2.02323,0.133984,0.225248,0.058368,0.760832,0.8448,0.029138,6131954,6131954,1663433,27.1273,1920,1080,raygs,triangles,1,off,0.1,on,-4
1781756701384316658,4714.85,474.692,2.10663,2.01728,1.99594,0.13344,0.225184,0.058304,0.735232,0.843776,0.027462,6131954,6131954,1663433,27.1273,1920,1080,raygs,triangles,1,off,0.1,on,-4
1781756701386369882,4716.9,474.783,2.10622,2.02451,2.0017,0.134592,0.225632,0.057344,0.739328,0.8448,0.028497,6131954,6131954,1663433,27.1273,1920,1080,raygs,triangles,1,off,0.1,on,-4
1781756701388523304,4719.05,475.777,2.10182,2.01738,1.99546,0.133248,0.224416,0.057632,0.735456,0.844704,0.026262,6131954,6131954,1663433,27.1273,1920,1080,raygs,triangles,1,off,0.1,on,-4
1781756701390760421,4721.29,475.736,2.102,2.14992,2.12906,0.13712,0.224832,0.0584,0.864256,0.844448,0.035589,6131954,6131954,1663433,27.1273,1920,1080,raygs,triangles,1,off,0.1,on,-4
1781756701393028589,4723.56,475.13,2.10469,2.26525,2.24394,0.134688,0.225248,0.058368,0.979968,0.845664,0.026531,6131954,6131954,1663433,27.1273,1920,1080,raygs,triangles,1,off,0.1,on,-4
1781756701395179294,4725.71,474.174,2.10893,2.13024,2.11027,0.255104,0.223936,0.058368,0.729088,0.843776,0.016699,6131954,6131954,1663433,27.1273,1920,1080,raygs,triangles,1,off,0.1,on,-4
1781756701397225091,4727.76,473.703,2.11103,2.01325,1.99088,0.133792,0.225856,0.058368,0.729088,0.843776,0.026071,6131954,6131954,1663433,27.1273,1920,1080,raygs,triangles,1,off,0.1,on,-4
1781756701399286668,4729.82,473.724,2.11093,2.04797,2.02442,0.133472,0.226336,0.057344,0.76288,0.844384,0.024916,6131954,6131954,1663433,27.1273,1920,1080,raygs,triangles,1,off,0.1,on,-4
1781756701401354028,4731.88,474.108,2.10922,2.01834,1.99712,0.13408,0.22464,0.058368,0.735232,0.8448,0.032247,6131954,6131954,1663433,27.1273,1920,1080,raygs,triangles,1,off,0.1,on,-4
1781756701403386578,4733.92,474.115,2.10919,2.02102,1.99821,0.133152,0.225632,0.058368,0.73728,0.843776,0.026204,6131954,6131954,1663433,27.1273,1920,1080,raygs,triangles,1,off,0.1,on,-4
1781756701405426340,4735.96,475.63,2.10248,2.02218,2.00016,0.13328,0.225312,0.058368,0.739712,0.843488,0.025163,6131954,6131954,1663433,27.1273,1920,1080,raygs,triangles,1,off,0.1,on,-4
1781756701407591290,4738.12,475.456,2.10324,2.13651,2.11354,0.1344,0.22368,0.1744,0.73728,0.843776,0.025881,6131954,6131954,1663433,27.1273,1920,1080,raygs,triangles,1,off,0.1,on,-4
1781756701409867138,4740.4,475.033,2.10512,2.01664,1.99459,0.133856,0.225408,0.058368,0.733184,0.843776,0.027862,6131954,6131954,1663433,27.1273,1920,1080,raygs,triangles,1,off,0.1,on,-4
1781756701412070457,4742.6,474.059,2.10944,2.16784,2.14653,0.151936,0.222048,0.058368,0.869376,0.8448,0.034232,6131954,6131954,1663433,27.1273,1920,1080,raygs,triangles,1,off,0.1,on,-4
1781756701414103986,4744.63,473.629,2.11136,2.01363,1.99011,0.133952,0.225216,0.058368,0.728064,0.844512,0.020052,6131954,6131954,1663433,27.1273,1920,1080,raygs,triangles,1,off,0.1,on,-4
1781756701416153223,4746.68,473.508,2.1119,2.04064,2.01843,0.134304,0.225248,0.058368,0.756736,0.843776,0.025503,6131954,6131954,1663433,27.1273,1920,1080,raygs,triangles,1,off,0.1,on,-4
1781756701418184529,4748.72,474.12,2.10917,2.01696,1.99366,0.134208,0.2248,0.057696,0.733184,0.843776,0.024678,6131954,6131954,1663433,27.1273,1920,1080,raygs,triangles,1,off,0.1,on,-4
1781756701420244061,4750.77,474.102,2.10925,2.0208,1.9991,0.134336,0.225728,0.058368,0.735232,0.84544,0.025126,6131954,6131954,1663433,27.1273,1920,1080,raygs,triangles,1,off,0.1,on,-4
1781756701422283535,4752.81,475.084,2.10489,2.02061,1.99923,0.133952,0.226912,0.058368,0.734208,0.845792,0.026239,6131954,6131954,1663433,27.1273,1920,1080,raygs,triangles,1,off,0.1,on,-4
1781756701424455707,4754.99,475.06,2.105,2.13779,2.11366,0.133152,0.345504,0.058048,0.733184,0.843776,0.024624,6131954,6131954,1663433,27.1273,1920,1080,raygs,triangles,1,off,0.1,on,-4
1781756701426703811,4757.23,474.811,2.1061,2.01565,1.99197,0.134336,0.224512,0.058368,0.730112,0.84464,0.026394,6131954,6131954,1663433,27.1273,1920,1080,raygs,triangles,1,off,0.1,on,-4
1781756701428863043,4759.39,473.804,2.11058,2.1663,2.14253,0.149376,0.222656,0.0576,0.868352,0.844544,0.026206,6131954,6131954,1663433,27.1273,1920,1080,raygs,triangles,1,off,0.1,on,-4
1781756701430905459,4761.44,473.424,2.11227,2.01667,1.99552,0.134944,0.226272,0.058368,0.73216,0.843776,0.026683,6131954,6131954,1663433,27.1273,1920,1080,raygs,triangles,1,off,0.1,on,-4
1781756701432977144,4763.51,473.417,2.1123,2.01901,1.99382,0.134208,0.225312,0.058368,0.73216,0.843776,0.029754,6131954,6131954,1663433,27.1273,1920,1080,raygs,triangles,1,off,0.1,on,-4
1781756701435026913,4765.56,473.667,2.11119,2.02221,1.99853,0.134304,0.224096,0.057344,0.738304,0.84448,0.028926,6131954,6131954,1663433,27.1273,1920,1080,raygs,triangles,1,off,0.1,on,-4
1781756701437059221,4767.59,473.652,2.11126,2.01914,1.9961,0.133312,0.226592,0.057344,0.734208,0.84464,0.028046,6131954,6131954,1663433,27.1273,1920,1080,raygs,triangles,1,off,0.1,on,-4
1781756701439085613,4769.62,475.155,2.10458,2.02454,2.00342,0.1336,0.226304,0.058368,0.739328,0.845824,0.025013,6131954,6131954,1663433,27.1273,1920,1080,raygs,triangles,1,off,0.1,on,-4
1781756701441251504,4771.78,475.198,2.10439,2.14534,2.12182,0.13392,0.349504,0.057344,0.736256,0.8448,0.024743,6131954,6131954,1663433,27.1273,1920,1080,raygs,triangles,1,off,0.1,on,-4
1781756701443616937,4774.15,474.782,2.10623,2.19338,2.17002,0.133472,0.406432,0.057344,0.728064,0.844704,0.029762,6131954,6131954,1663433,27.1273,1920,1080,raygs,triangles,1,off,0.1,on,-4
1781756701445654174,4776.18,473.778,2.1107,2.01725,1.99494,0.138592,0.224096,0.057344,0.730112,0.8448,0.025555,6131954,6131954,1663433,27.1273,1920,1080,raygs,triangles,1,off,0.1,on,-4
1781756701447681458,4778.21,474.078,2.10936,2.01651,1.99392,0.13408,0.226464,0.058368,0.731296,0.843712,0.02583,6131954,6131954,1663433,27.1273,1920,1080,raygs,triangles,1,off,0.1,on,-4
1781756701449737541,4780.27,474.01,2.10966,2.01174,1.99114,0.134496,0.225408,0.058368,0.729088,0.843776,0.029806,6131954,6131954,1663433,27.1273,1920,1080,raygs,triangles,1,off,0.1,on,-4
1781756701451795388,4782.33,474.507,2.10745,2.01923,1.99802,0.133408,0.226848,0.058144,0.734208,0.845408,0.029593,6131954,6131954,1663433,27.1273,1920,1080,raygs,triangles,1,off,0.1,on,-4
1781756701453835076,4784.37,474.405,2.1079,2.02214,1.99853,0.133248,0.225696,0.0576,0.73728,0.844704,0.029294,6131954,6131954,1663433,27.1273,1920,1080,raygs,triangles,1,off,0.1,on,-4
1781756701456087634,4786.62,475.86,2.10146,2.0232,1.99968,0.133248,0.22608,0.058272,0.73728,0.8448,0.047895,6131954,6131954,1663433,27.1273,1920,1080,raygs,triangles,1,off,0.1,on,-4
1781756701458047076,4788.58,475.024,2.10516,2.0216,1.99792,0.137376,0.223424,0.057344,0.735232,0.844544,0.017657,6131954,6131954,1663433,27.1273,1920,1080,raygs,triangles,1,off,0.1,on,-4
1781756701460288107,4790.82,475.488,2.1031,2.20941,2.18755,0.133088,0.224448,0.058496,0.927744,0.843776,0.027683,6131954,6131954,1663433,27.1273,1920,1080,raygs,triangles,1,off,0.1,on,-4
1781756701462451833,4792.98,474.422,2.10783,2.13107,2.11018,0.254304,0.22464,0.057344,0.730112,0.843776,0.032499,6131954,6131954,1663433,27.1273,1920,1080,raygs,triangles,1,off,0.1,on,-4
1781756701464498541,4795.03,473.998,2.10971,2.01411,1.99261,0.133664,0.224928,0.058368,0.731136,0.844512,0.027493,6131954,6131954,1663433,27.1273,1920,1080,raygs,triangles,1,off,0.1,on,-4
1781756701466570156,4797.1,474.08,2.10935,2.016,1.99312,0.137344,0.223744,0.058368,0.729088,0.844576,0.034204,6131954,6131954,1663433,27.1273,1920,1080,raygs,triangles,1,off,0.1,on,-4
1781756701468597453,4799.13,474.506,2.10745,2.0224,2.00032,0.133824,0.225792,0.057664,0.739328,0.843712,0.022578,6131954,6131954,1663433,27.1273,1920,1080,raygs,triangles,1,off,0.1,on,-4
1781756701470745743,4801.28,474.606,2.10701,2.14826,2.12563,0.134432,0.352992,0.058176,0.736256,0.843776,0.026833,6131954,6131954,1663433,27.1273,1920,1080,raygs,triangles,1,off,0.1,on,-4
1781756701472903522,4803.43,475.281,2.10402,2.01773,1.99677,0.134272,0.224704,0.058784,0.734208,0.8448,0.027003,6131954,6131954,1663433,27.1273,1920,1080,raygs,triangles,1,off,0.1,on,-4
1781756701474948518,4805.48,474.866,2.10586,2.02566,2.00291,0.137792,0.224992,0.057344,0.739328,0.843456,0.026278,6131954,6131954,1663433,27.1273,1920,1080,raygs,triangles,1,off,0.1,on,-4
1781756701477339493,4807.87,475.162,2.10455,2.36842,2.34899,0.359712,0.22288,0.057344,0.864256,0.8448,0.025736,6131954,6131954,1663433,27.1273,1920,1080,raygs,triangles,1,off,0.1,on,-4
1781756701479386728,4809.92,473.482,2.11201,2.01389,1.99296,0.134048,0.224032,0.058368,0.73216,0.844352,0.025203,6131954,6131954,1663433,27.1273,1920,1080,raygs,triangles,1,off,0.1,on,-4
1781756701481436988,4811.97,473.692,2.11107,2.01568,1.99376,0.13392,0.225536,0.058368,0.73216,0.843776,0.026672,6131954,6131954,1663433,27.1273,1920,1080,raygs,triangles,1,off,0.1,on,-4
1781756701483468629,4814,473.622,2.11139,2.01418,1.9928,0.133664,0.224832,0.058368,0.73216,0.843776,0.031402,6131954,6131954,1663433,27.1273,1920,1080,raygs,triangles,1,off,0.1,on,-4
1781756701485513385,4816.04,474.025,2.1096,2.01946,1.99718,0.134208,0.224448,0.058368,0.735648,0.844512,0.02625,6131954,6131954,1663433,27.1273,1920,1080,raygs,triangles,1,off,0.1,on,-4
1781756701487560429,4818.09,474.003,2.10969,2.01808,1.99626,0.13328,0.226944,0.058048,0.735232,0.842752,0.031701,6131954,6131954,1663433,27.1273,1920,1080,raygs,triangles,1,off,0.1,on,-4
1781756701489725304,4820.26,475.516,2.10298,2.01731,1.99622,0.13456,0.225184,0.058624,0.733184,0.844672,0.026063,6131954,6131954,1663433,27.1273,1920,1080,raygs,triangles,1,off,0.1,on,-4
1781756701491779049,4822.31,475.005,2.10524,2.02544,2.00262,0.136544,0.224768,0.057344,0.738304,0.845664,0.027873,6131954,6131954,1663433,27.1273,1920,1080,raygs,triangles,1,off,0.1,on,-4
1781756701494189348,4824.72,474.959,2.10545,2.36934,2.3495,0.35856,0.22272,0.058368,0.866304,0.843552,0.027645,6131954,6131954,1663433,27.1273,1920,1080,raygs,triangles,1,off,0.1,on,-4
1781756701496269983,4826.8,473.656,2.11124,2.01395,1.98992,0.133632,0.224448,0.057344,0.730112,0.844384,0.038279,6131954,6131954,1663433,27.1273,1920,1080,raygs,triangles,1,off,0.1,on,-4
1781756701498270799,4828.8,473.418,2.1123,2.01363,1.9911,0.132896,0.226016,0.058304,0.730112,0.843776,0.017528,6131954,6131954,1663433,27.1273,1920,1080,raygs,triangles,1,off,0.1,on,-4
1781756701500292691,4830.82,473.491,2.11197,2.01974,1.9968,0.133888,0.225536,0.058368,0.736256,0.842752,0.025713,6131954,6131954,1663433,27.1273,1920,1080,raygs,triangles,1,off,0.1,on,-4
1781756701502397662,4832.93,474.499,2.10749,2.01629,1.99408,0.133536,0.225408,0.057344,0.733184,0.844608,0.045646,6131954,6131954,1663433,27.1273,1920,1080,raygs,triangles,1,off,0.1,on,-4
1781756701504374901,4834.91,473.856,2.11035,2.01846,1.99546,0.133952,0.224672,0.057792,0.7344,0.84464,0.01523,6131954,6131954,1663433,27.1273,1920,1080,raygs,triangles,1,off,0.1,on,-4
1781756701506543177,4837.07,475.324,2.10383,2.02026,1.99782,0.133536,0.224864,0.058368,0.73728,0.843776,0.025476,6131954,6131954,1663433,27.1273,1920,1080,raygs,triangles,1,off,0.1,on,-4
1781756701508587167,4839.12,475.061,2.10499,2.02528,2.004,0.137536,0.224,0.058336,0.739328,0.8448,0.031818,6131954,6131954,1663433,27.1273,1920,1080,raygs,triangles,1,off,0.1,on,-4
1781756701510945849,4841.48,475.141,2.10464,2.34154,2.32205,0.330144,0.223456,0.058368,0.866304,0.843776,0.025172,6131954,6131954,1663433,27.1273,1920,1080,raygs,triangles,1,off,0.1,on,-4
1781756701512995964,4843.53,473.923,2.11005,2.01581,1.9943,0.134048,0.224928,0.058368,0.731136,0.845824,0.026235,6131954,6131954,1663433,27.1273,1920,1080,raygs,triangles,1,off,0.1,on,-4
1781756701515075292,4845.61,473.929,2.11002,2.01562,1.9935,0.133888,0.226144,0.058368,0.730496,0.844608,0.030003,6131954,6131954,1663433,27.1273,1920,1080,raygs,triangles,1,off,0.1,on,-4
1781756701517079403,4847.61,474.041,2.10952,2.01568,1.99357,0.13392,0.225152,0.057408,0.732288,0.8448,0.026973,6131954,6131954,1663433,27.1273,1920,1080,raygs,triangles,1,off,0.1,on,-4
1781756701519116181,4849.65,475.004,2.10525,2.02211,1.99978,0.134112,0.22624,0.058368,0.73728,0.843776,0.025198,6131954,6131954,1663433,27.1273,1920,1080,raygs,triangles,1,off,0.1,on,-4
1781756701521159911,4851.69,475.863,2.10144,2.02234,1.99907,0.133632,0.224864,0.057344,0.739456,0.843776,0.024548,6131954,6131954,1663433,27.1273,1920,1080,raygs,triangles,1,off,0.1,on,-4
1781756701523341695,4853.87,476.334,2.09937,2.0193,1.99453,0.13344,0.22576,0.057344,0.734208,0.843776,0.032308,6131954,6131954,1663433,27.1273,1920,1080,raygs,triangles,1,off,0.1,on,-4
1781756701525386727,4855.92,475.822,2.10163,2.0248,2.00314,0.136896,0.224608,0.058368,0.738688,0.844576,0.026674,6131954,6131954,1663433,27.1273,1920,1080,raygs,triangles,1,off,0.1,on,-4
1781756701527757430,4858.29,475.823,2.10162,2.35181,2.33184,0.342464,0.222976,0.058368,0.863232,0.8448,0.024575,6131954,6131954,1663433,27.1273,1920,1080,raygs,triangles,1,off,0.1,on,-4
1781756701529793557,4860.32,474.738,2.10642,2.01485,1.99328,0.134112,0.224704,0.058368,0.731392,0.844704,0.029104,6131954,6131954,1663433,27.1273,1920,1080,raygs,triangles,1,off,0.1,on,-4
1781756701531860894,4862.39,474.745,2.10639,2.01318,1.99088,0.133824,0.225824,0.058368,0.729088,0.843776,0.027152,6131954,6131954,1663433,27.1273,1920,1080,raygs,triangles,1,off,0.1,on,-4
1781756701533880334,4864.41,474.517,2.10741,2.02054,1.99882,0.133664,0.226752,0.058368,0.736256,0.843776,0.025423,6131954,6131954,1663433,27.1273,1920,1080,raygs,triangles,1,off,0.1,on,-4
1781756701535925086,4866.46,475.16,2.10455,2.02115,1.99837,0.13328,0.225536,0.058304,0.735648,0.8456,0.02455,6131954,6131954,1663433,27.1273,1920,1080,raygs,triangles,1,off,0.1,on,-4
1781756701537973414,4868.5,476.03,2.10071,2.02173,1.99814,0.133824,0.224896,0.057344,0.738304,0.843776,0.024557,6131954,6131954,1663433,27.1273,1920,1080,raygs,triangles,1,off,0.1,on,-4
1781756701540134168,4870.66,476.576,2.0983,2.0192,1.99626,0.133376,0.22432,0.057344,0.736576,0.84464,0.024068,6131954,6131954,1663433,27.1273,1920,1080,raygs,triangles,1,off,0.1,on,-4
1781756701542209267,4872.74,476.145,2.1002,2.02544,2.00333,0.137728,0.224128,0.058368,0.738304,0.8448,0.031681,6131954,6131954,1663433,27.1273,1920,1080,raygs,triangles,1,off,0.1,on,-4
1781756701544564198,4875.09,475.935,2.10113,2.32896,2.30963,0.319232,0.22288,0.057344,0.8664,0.843776,0.027336,6131954,6131954,1663433,27.1273,1920,1080,raygs,triangles,1,off,0.1,on,-4
1781756701546596184,4877.13,474.837,2.10599,2.01494,1.99178,0.133152,0.225472,0.057344,0.730112,0.845696,0.025326,6131954,6131954,1663433,27.1273,1920,1080,raygs,triangles,1,off,0.1,on,-4
1781756701548668446,4879.2,474.934,2.10556,2.01581,1.99379,0.13408,0.226368,0.057344,0.731392,0.844608,0.02959,6131954,6131954,1663433,27.1273,1920,1080,raygs,triangles,1,off,0.1,on,-4
1781756701550812462,4881.34,474.753,2.10636,2.14752,2.12515,0.134048,0.352704,0.058368,0.73728,0.842752,0.026003,6131954,6131954,1663433,27.1273,1920,1080,raygs,triangles,1,off,0.1,on,-4
1781756701552859560,4883.39,474.897,2.10572,2.02035,1.99786,0.133952,0.22448,0.058368,0.73728,0.843776,0.025966,6131954,6131954,1663433,27.1273,1920,1080,raygs,triangles,1,off,0.1,on,-4
1781756701554917196,4885.45,475.687,2.10222,2.02022,1.99709,0.133344,0.226432,0.058528,0.734208,0.844576,0.028675,6131954,6131954,1663433,27.1273,1920,1080,raygs,triangles,1,off,0.1,on,-4
1781756701557188436,4887.72,475.901,2.10128,2.13379,2.11069,0.133856,0.225568,0.175392,0.73216,0.843712,0.026588,6131954,6131954,1663433,27.1273,1920,1080,raygs,triangles,1,off,0.1,on,-4
1781756701559226871,4889.76,475.107,2.10479,2.02528,2.00403,0.1368,0.223584,0.058368,0.739648,0.845632,0.025959,6131954,6131954,1663433,27.1273,1920,1080,raygs,triangles,1,off,0.1,on,-4
1781756701561682708,4892.21,475.322,2.10384,2.37533,2.35613,0.36464,0.223296,0.05856,0.86528,0.844352,0.038647,6131954,6131954,1663433,27.1273,1920,1080,raygs,triangles,1,off,0.1,on,-4
1781756701563674568,4894.21,473.793,2.11062,2.01494,1.99146,0.134176,0.227072,0.057344,0.729088,0.843776,0.026157,6131954,6131954,1663433,27.1273,1920,1080,raygs,triangles,1,off,0.1,on,-4
1781756701565766248,4896.3,473.877,2.11025,2.04336,2.02138,0.132928,0.22544,0.058368,0.75984,0.8448,0.027717,6131954,6131954,1663433,27.1273,1920,1080,raygs,triangles,1,off,0.1,on,-4
1781756701567792586,4898.32,473.543,2.11174,2.02182,2.00141,0.133952,0.225344,0.058368,0.738304,0.84544,0.027666,6131954,6131954,1663433,27.1273,1920,1080,raygs,triangles,1,off,0.1,on,-4
1781756701569868620,4900.4,474.049,2.10949,2.01958,1.99821,0.13376,0.225408,0.058368,0.73728,0.843392,0.031369,6131954,6131954,1663433,27.1273,1920,1080,raygs,triangles,1,off,0.1,on,-4
1781756701571889319,4902.42,475.197,2.10439,2.02154,1.99882,0.134208,0.225504,0.057344,0.73728,0.84448,0.031928,6131954,6131954,1663433,27.1273,1920,1080,raygs,triangles,1,off,0.1,on,-4
1781756701574043541,4904.57,475.218,2.1043,2.14176,2.12,0.13408,0.348544,0.058368,0.735232,0.843776,0.025632,6131954,6131954,1663433,27.1273,1920,1080,raygs,triangles,1,off,0.1,on,-4
1781756701576304250,4906.83,474.82,2.10606,2.01971,1.99837,0.134048,0.224896,0.058368,0.73728,0.843776,0.027562,6131954,6131954,1663433,27.1273,1920,1080,raygs,triangles,1,off,0.1,on,-4
1781756701578463310,4908.99,473.98,2.10979,2.16598,2.1447,0.151808,0.222336,0.058368,0.867712,0.84448,0.025156,6131954,6131954,1663433,27.1273,1920,1080,raygs,triangles,1,off,0.1,on,-4
1781756701580508005,4911.04,473.683,2.11112,2.01552,1.9936,0.13376,0.224864,0.058368,0.73216,0.844448,0.026797,6131954,6131954,1663433,27.1273,1920,1080,raygs,triangles,1,off,0.1,on,-4
1781756701582586747,4913.12,473.659,2.11122,2.04685,2.02432,0.134368,0.225952,0.057472,0.76288,0.843648,0.030855,6131954,6131954,1663433,27.1273,1920,1080,raygs,triangles,1,off,0.1,on,-4
1781756701584628223,4915.16,474.38,2.10801,2.01821,1.99494,0.133344,0.224224,0.057344,0.735232,0.8448,0.02477,6131954,6131954,1663433,27.1273,1920,1080,raygs,triangles,1,off,0.1,on,-4
1781756701586671548,4917.2,474.02,2.10961,2.02346,2.00221,0.13456,0.225152,0.058368,0.740352,0.843776,0.029008,6131954,6131954,1663433,27.1273,1920,1080,raygs,triangles,1,off,0.1,on,-4
1781756701588719516,4919.25,474.833,2.106,2.02077,1.99811,0.133888,0.226112,0.058368,0.736256,0.843488,0.025771,6131954,6131954,1663433,27.1273,1920,1080,raygs,triangles,1,off,0.1,on,-4
1781756701590874740,4921.41,475.289,2.10398,2.13616,2.11437,0.1336,0.344224,0.057536,0.734208,0.8448,0.024704,6131954,6131954,1663433,27.1273,1920,1080,raygs,triangles,1,off,0.1,on,-4
1781756701593136572,4923.67,474.875,2.10582,2.01859,1.99702,0.133888,0.224992,0.057344,0.736256,0.844544,0.025845,6131954,6131954,1663433,27.1273,1920,1080,raygs,triangles,1,off,0.1,on,-4
1781756701595332786,4925.86,474.074,2.10937,2.16298,2.14099,0.150336,0.223104,0.058496,0.86528,0.843776,0.025841,6131954,6131954,1663433,27.1273,1920,1080,raygs,triangles,1,off,0.1,on,-4
1781756701597363225,4927.89,473.393,2.11241,2.01197,1.99005,0.134336,0.224576,0.058272,0.730112,0.842752,0.024919,6131954,6131954,1663433,27.1273,1920,1080,raygs,triangles,1,off,0.1,on,-4
1781756701599427466,4929.96,473.72,2.11095,2.04467,2.02365,0.13424,0.225568,0.058336,0.760832,0.844672,0.024607,6131954,6131954,1663433,27.1273,1920,1080,raygs,triangles,1,off,0.1,on,-4
1781756701601473200,4932,474.228,2.10869,2.01936,1.99552,0.133536,0.225632,0.057344,0.735232,0.843776,0.026745,6131954,6131954,1663433,27.1273,1920,1080,raygs,triangles,1,off,0.1,on,-4
1781756701603521648,4934.05,474.214,2.10875,2.01827,1.99626,0.13344,0.22528,0.058528,0.735232,0.843776,0.026329,6131954,6131954,1663433,27.1273,1920,1080,raygs,triangles,1,off,0.1,on,-4
1781756701605568369,4936.1,475.503,2.10304,2.02403,2.0009,0.133088,0.224416,0.058368,0.740352,0.844672,0.030026,6131954,6131954,1663433,27.1273,1920,1080,raygs,triangles,1,off,0.1,on,-4
1781756701607741236,4938.27,475.498,2.10306,2.14198,2.12042,0.134272,0.350816,0.057344,0.734208,0.843776,0.024985,6131954,6131954,1663433,27.1273,1920,1080,raygs,triangles,1,off,0.1,on,-4
1781756701609980776,4940.51,475.124,2.10471,2.0185,1.99738,0.133696,0.22528,0.058368,0.736256,0.843776,0.025131,6131954,6131954,1663433,27.1273,1920,1080,raygs,triangles,1,off,0.1,on,-4
1781756701612172749,4942.7,474.269,2.10851,2.16291,2.14173,0.146656,0.222368,0.058368,0.8688,0.845536,0.029333,6131954,6131954,1663433,27.1273,1920,1080,raygs,triangles,1,off,0.1,on,-4
1781756701614224459,4944.76,473.71,2.111,2.01085,1.98765,0.134176,0.225312,0.057344,0.728064,0.842752,0.02804,6131954,6131954,1663433,27.1273,1920,1080,raygs,triangles,1,off,0.1,on,-4
1781756701616314854,4946.85,473.606,2.11146,2.04506,2.02208,0.134624,0.225536,0.058368,0.758784,0.844768,0.0266,6131954,6131954,1663433,27.1273,1920,1080,raygs,triangles,1,off,0.1,on,-4
1781756701618341389,4948.87,473.901,2.11015,2.02118,1.99926,0.134304,0.224512,0.057344,0.73728,0.845824,0.026411,6131954,6131954,1663433,27.1273,1920,1080,raygs,triangles,1,off,0.1,on,-4
1781756701620392575,4950.92,474.17,2.10895,2.02275,2.00016,0.133824,0.225248,0.057344,0.739328,0.844416,0.02804,6131954,6131954,1663433,27.1273,1920,1080,raygs,triangles,1,off,0.1,on,-4
1781756701622428195,4952.96,475.406,2.10347,2.01952,1.99821,0.13264,0.226368,0.058144,0.73728,0.843776,0.02824,6131954,6131954,1663433,27.1273,1920,1080,raygs,triangles,1,off,0.1,on,-4
1781756701624591009,4955.12,475.624,2.1025,2.13661,2.11379,0.133696,0.34512,0.057344,0.733184,0.844448,0.025922,6131954,6131954,1663433,27.1273,1920,1080,raygs,triangles,1,off,0.1,on,-4
1781756701626817038,4957.35,475.104,2.1048,2.01776,1.99686,0.133984,0.224704,0.058144,0.736256,0.843776,0.026578,6131954,6131954,1663433,27.1273,1920,1080,raygs,triangles,1,off,0.1,on,-4
1781756701629039157,4959.57,474.206,2.10879,2.16682,2.14384,0.14784,0.224224,0.0576,0.8704,0.843776,0.028942,6131954,6131954,1663433,27.1273,1920,1080,raygs,triangles,1,off,0.1,on,-4
1781756701631127242,4961.66,473.749,2.11082,2.01523,1.99197,0.134528,0.2248,0.057728,0.731136,0.843776,0.041347,6131954,6131954,1663433,27.1273,1920,1080,raygs,triangles,1,off,0.1,on,-4
1781756701633092488,4963.62,473.341,2.11264,2.02032,1.99725,0.134464,0.224416,0.060256,0.73344,0.844672,0.017351,6131954,6131954,1663433,27.1273,1920,1080,raygs,triangles,1,off,0.1,on,-4
1781756701635142813,4965.67,474.121,2.10916,2.01654,1.99427,0.132736,0.225408,0.059168,0.733184,0.843776,0.033223,6131954,6131954,1663433,27.1273,1920,1080,raygs,triangles,1,off,0.1,on,-4
1781756701637214815,4967.75,474.147,2.10905,2.02032,1.99875,0.134368,0.225312,0.058368,0.736256,0.844448,0.032783,6131954,6131954,1663433,27.1273,1920,1080,raygs,triangles,1,off,0.1,on,-4
1781756701639364530,4969.9,475.064,2.10498,2.14598,2.12304,0.133184,0.353504,0.058368,0.734208,0.843776,0.027763,6131954,6131954,1663433,27.1273,1920,1080,raygs,triangles,1,off,0.1,on,-4
1781756701641513308,4972.04,474.7,2.10659,2.13894,2.11558,0.133312,0.342848,0.057344,0.737344,0.844736,0.025293,6131954,6131954,1663433,27.1273,1920,1080,raygs,triangles,1,off,0.1,on,-4
1781756701643897782,4974.43,474.604,2.10702,2.2377,1.98902,0.132736,0.224896,0.057504,0.728064,0.845824,0.02617,6131954,6131954,1663433,27.1273,1920,1080,raygs,triangles,1,off,0.1,on,-4
1781756701645941788,4976.47,473.107,2.11369,2.01536,1.99187,0.138464,0.2232,0.057344,0.730112,0.842752,0.025841,6131954,6131954,1663433,27.1273,1920,1080,raygs,triangles,1,off,0.1,on,-4
1781756701648005704,4978.54,473.085,2.11378,2.01293,1.99034,0.133216,0.22576,0.057472,0.729088,0.8448,0.026653,6131954,6131954,1663433,27.1273,1920,1080,raygs,triangles,1,off,0.1,on,-4
1781756701650020617,4980.55,472.912,2.11456,2.02013,1.99731,0.1376,0.224384,0.058368,0.73216,0.8448,0.024953,6131954,6131954,1663433,27.1273,1920,1080,raygs,triangles,1,off,0.1,on,-4
1781756701652069986,4982.6,473.647,2.11127,2.02022,1.99786,0.133984,0.225472,0.057344,0.73728,0.843776,0.025698,6131954,6131954,1663433,27.1273,1920,1080,raygs,triangles,1,off,0.1,on,-4
1781756701654118908,4984.65,473.697,2.11105,2.02486,2.00176,0.13392,0.226336,0.057664,0.739328,0.844512,0.025203,6131954,6131954,1663433,27.1273,1920,1080,raygs,triangles,1,off,0.1,on,-4
1781756701656283326,4986.81,474.831,2.10601,2.02102,2.00048,0.134144,0.225248,0.058368,0.738304,0.844416,0.024638,6131954,6131954,1663433,27.1273,1920,1080,raygs,triangles,1,off,0.1,on,-4
1781756701658354474,4988.89,474.349,2.10815,2.02387,2.00074,0.136992,0.225664,0.057344,0.736256,0.84448,0.027127,6131954,6131954,1663433,27.1273,1920,1080,raygs,triangles,1,off,0.1,on,-4
1781756701660666852,4991.2,474.429,2.1078,2.25344,2.22973,0.134144,0.224736,0.057344,0.96768,0.845824,0.034706,6131954,6131954,1663433,27.1273,1920,1080,raygs,triangles,1,off,0.1,on,-4
1781756701662799360,4993.33,473.223,2.11317,2.13136,2.11363,0.25472,0.224608,0.058368,0.731136,0.8448,0.017235,6131954,6131954,1663433,27.1273,1920,1080,raygs,triangles,1,off,0.1,on,-4
1781756701664894474,4995.43,472.836,2.1149,2.01082,1.98838,0.13376,0.224416,0.058368,0.729088,0.842752,0.038279,6131954,6131954,1663433,27.1273,1920,1080,raygs,triangles,1,off,0.1,on,-4
1781756701666845157,4997.38,472.708,2.11547,2.01539,1.99274,0.133664,0.224768,0.058368,0.73216,0.843776,0.015421,6131954,6131954,1663433,27.1273,1920,1080,raygs,triangles,1,off,0.1,on,-4
1781756701668931360,4999.46,473.518,2.11185,2.01814,1.99578,0.133472,0.225248,0.058048,0.735232,0.843776,0.027303,6131954,6131954,1663433,27.1273,1920,1080,raygs,triangles,1,off,0.1,on,-4
1781756701670975117,5001.51,473.509,2.11189,2.02099,1.99971,0.134112,0.226176,0.057344,0.738304,0.843776,0.026119,6131954,6131954,1663433,27.1273,1920,1080,raygs,triangles,1,off,0.1,on,-4
1781756701673127801,5003.66,474.614,2.10698,2.01635,1.99421,0.133376,0.22512,0.058752,0.734208,0.842752,0.02481,6131954,6131954,1663433,27.1273,1920,1080,raygs,triangles,1,off,0.1,on,-4
1781756701675195767,5005.73,474.093,2.10929,2.02336,2.00096,0.13696,0.224672,0.058272,0.73728,0.843776,0.040017,6131954,6131954,1663433,27.1273,1920,1080,raygs,triangles,1,off,0.1,on,-4
1781756701677561006,5008.09,474.268,2.10851,2.35894,2.33994,0.350208,0.222304,0.058368,0.86528,0.843776,0.018166,6131954,6131954,1663433,27.1273,1920,1080,raygs,triangles,1,off,0.1,on,-4
1781756701679601769,5010.13,473.301,2.11282,2.01773,1.99667,0.13392,0.2264,0.058368,0.73216,0.845824,0.025428,6131954,6131954,1663433,27.1273,1920,1080,raygs,triangles,1,off,0.1,on,-4
1781756701681705233,5012.24,473.298,2.11283,2.01136,1.98861,0.133632,0.224768,0.058368,0.728064,0.843776,0.03793,6131954,6131954,1663433,27.1273,1920,1080,raygs,triangles,1,off,0.1,on,-4
1781756701683690624,5014.22,473.301,2.11282,2.01654,1.99514,0.133792,0.226176,0.057536,0.733184,0.844448,0.017165,6131954,6131954,1663433,27.1273,1920,1080,raygs,triangles,1,off,0.1,on,-4
1781756701685731752,5016.26,474.248,2.1086,2.02051,1.99997,0.133632,0.22624,0.058432,0.736256,0.845408,0.025098,6131954,6131954,1663433,27.1273,1920,1080,raygs,triangles,1,off,0.1,on,-4
1781756701687777419,5018.31,474.218,2.10874,2.01917,1.99725,0.133888,0.224608,0.057696,0.735232,0.845824,0.024209,6131954,6131954,1663433,27.1273,1920,1080,raygs,triangles,1,off,0.1,on,-4
1781756701689950825,5020.48,475.794,2.10175,2.01968,1.99734,0.133824,0.22512,0.058368,0.736256,0.843776,0.025418,6131954,6131954,1663433,27.1273,1920,1080,raygs,triangles,1,off,0.1,on,-4
1781756701692017751,5022.55,475.176,2.10448,2.02483,2.00099,0.136928,0.224384,0.057504,0.737472,0.844704,0.035726,6131954,6131954,1663433,27.1273,1920,1080,raygs,triangles,1,off,0.1,on,-4
1781756701694394932,5024.93,475.323,2.10383,2.3408,2.3192,0.327968,0.222784,0.057344,0.866304,0.8448,0.032171,6131954,6131954,1663433,27.1273,1920,1080,raygs,triangles,1,off,0.1,on,-4
1781756701696427784,5026.96,474.014,2.10964,2.01242,1.98973,0.13376,0.225856,0.057344,0.729088,0.84368,0.025617,6131954,6131954,1663433,27.1273,1920,1080,raygs,triangles,1,off,0.1,on,-4
1781756701698477736,5029.01,474.14,2.10908,2.01472,1.99251,0.134016,0.226336,0.057344,0.730112,0.844704,0.029736,6131954,6131954,1663433,27.1273,1920,1080,raygs,triangles,1,off,0.1,on,-4
1781756701700469579,5031,474.041,2.10952,2.01597,1.99408,0.134208,0.225568,0.058368,0.731136,0.8448,0.015253,6131954,6131954,1663433,27.1273,1920,1080,raygs,triangles,1,off,0.1,on,-4
1781756701702536336,5033.07,474.494,2.10751,2.02054,1.99898,0.134688,0.225088,0.058368,0.73728,0.843552,0.03188,6131954,6131954,1663433,27.1273,1920,1080,raygs,triangles,1,off,0.1,on,-4
1781756701709465570,5040,452.199,2.21141,2.01894,1.99654,0.133216,0.225952,0.058368,0.734208,0.8448,0.048534,6131954,6131954,1663433,27.1273,1920,1080,raygs,triangles,1,off,0.1,on,-4
1781756701709755856,5040.29,458.002,2.1834,2.01949,1.9983,0.133664,0.225248,0.058368,0.736256,0.844768,0.015648,6131954,6131954,1663433,27.1273,1920,1080,raygs,triangles,1,off,0.1,on,-4
1781756701711656919,5042.19,464.235,2.15408,2.0105,1.99078,0.138976,0.220672,0.058272,0.729088,0.843776,0.014664,6131954,6131954,1663433,27.1273,1920,1080,raygs,triangles,1,off,0.1,on,-4
1781756701713741553,5044.27,464.859,2.15119,2.01414,1.99072,0.133664,0.2248,0.057344,0.731136,0.843776,0.029088,6131954,6131954,1663433,27.1273,1920,1080,raygs,triangles,1,off,0.1,on,-4
1781756701715846535,5046.38,464.622,2.15229,2.04256,2.02192,0.134176,0.225152,0.058368,0.759808,0.844416,0.037326,6131954,6131954,1663433,27.1273,1920,1080,raygs,triangles,1,off,0.1,on,-4
1781756701717824493,5048.36,464.466,2.15301,2.01962,1.99907,0.133984,0.226048,0.058368,0.736256,0.844416,0.017669,6131954,6131954,1663433,27.1273,1920,1080,raygs,triangles,1,off,0.1,on,-4
1781756701719882995,5050.41,464.735,2.15176,2.01926,1.99562,0.133408,0.2256,0.0576,0.734208,0.8448,0.030569,6131954,6131954,1663433,27.1273,1920,1080,raygs,triangles,1,off,0.1,on,-4
1781756701721920509,5052.45,465.079,2.15017,2.02256,2.00022,0.133664,0.224928,0.058368,0.738752,0.844512,0.026051,6131954,6131954,1663433,27.1273,1920,1080,raygs,triangles,1,off,0.1,on,-4
1781756701724085024,5054.62,465.895,2.14641,2.13424,2.11232,0.133696,0.34352,0.058368,0.73216,0.844576,0.024719,6131954,6131954,1663433,27.1273,1920,1080,raygs,triangles,1,off,0.1,on,-4
1781756701726370940,5056.9,466.105,2.14544,2.01994,1.99616,0.13424,0.22496,0.05632,0.735232,0.845408,0.030342,6131954,6131954,1663433,27.1273,1920,1080,raygs,triangles,1,off,0.1,on,-4
1781756701728547481,5059.08,465.23,2.14948,2.1657,2.14438,0.149152,0.223712,0.058368,0.868352,0.8448,0.026199,6131954,6131954,1663433,27.1273,1920,1080,raygs,triangles,1,off,0.1,on,-4
1781756701730570452,5061.1,464.59,2.15244,2.01482,1.99357,0.135136,0.225344,0.058368,0.730112,0.844608,0.024801,6131954,6131954,1663433,27.1273,1920,1080,raygs,triangles,1,off,0.1,on,-4
1781756701732698673,5063.23,464.773,2.15159,2.0433,2.02198,0.134912,0.224096,0.058368,0.759808,0.8448,0.035034,6131954,6131954,1663433,27.1273,1920,1080,raygs,triangles,1,off,0.1,on,-4
1781756701734691048,5065.22,464.459,2.15304,2.01901,1.99568,0.134176,0.224832,0.057664,0.735232,0.843776,0.019578,6131954,6131954,1663433,27.1273,1920,1080,raygs,triangles,1,off,0.1,on,-4
1781756701736737754,5067.27,464.674,2.15205,2.02112,1.99827,0.133216,0.225632,0.058368,0.73728,0.843776,0.025967,6131954,6131954,1663433,27.1273,1920,1080,raygs,triangles,1,off,0.1,on,-4
1781756701738784558,5069.32,465.108,2.15004,2.0184,1.9969,0.133824,0.225952,0.058112,0.734208,0.8448,0.025391,6131954,6131954,1663433,27.1273,1920,1080,raygs,triangles,1,off,0.1,on,-4
1781756701740948079,5071.48,465.819,2.14676,2.14074,2.11843,0.13408,0.344928,0.058368,0.736256,0.8448,0.026252,6131954,6131954,1663433,27.1273,1920,1080,raygs,triangles,1,off,0.1,on,-4
1781756701743207431,5073.74,465.935,2.14622,2.02038,1.99718,0.133824,0.225856,0.057344,0.736512,0.843648,0.028691,6131954,6131954,1663433,27.1273,1920,1080,raygs,triangles,1,off,0.1,on,-4
1781756701745397572,5075.93,465.264,2.14932,2.16918,2.1472,0.151264,0.223584,0.058176,0.869376,0.8448,0.027054,6131954,6131954,1663433,27.1273,1920,1080,raygs,triangles,1,off,0.1,on,-4
1781756701747437997,5077.97,464.897,2.15101,2.01488,1.99315,0.134176,0.224,0.058368,0.73216,0.844448,0.025541,6131954,6131954,1663433,27.1273,1920,1080,raygs,triangles,1,off,0.1,on,-4
1781756701749554425,5080.09,464.765,2.15162,2.04528,2.02346,0.133856,0.224768,0.058368,0.760832,0.845632,0.03132,6131954,6131954,1663433,27.1273,1920,1080,raygs,triangles,1,off,0.1,on,-4
1781756701751565872,5082.1,464.532,2.15271,2.01795,1.99427,0.133408,0.225536,0.057344,0.734208,0.843776,0.026889,6131954,6131954,1663433,27.1273,1920,1080,raygs,triangles,1,off,0.1,on,-4
1781756701753628403,5084.16,464.612,2.15234,2.01859,1.99715,0.134016,0.223904,0.058176,0.736256,0.8448,0.02837,6131954,6131954,1663433,27.1273,1920,1080,raygs,triangles,1,off,0.1,on,-4
1781756701755656757,5086.19,464.87,2.15114,2.01674,1.99456,0.133952,0.223104,0.058368,0.735552,0.843584,0.02979,6131954,6131954,1663433,27.1273,1920,1080,raygs,triangles,1,off,0.1,on,-4
1781756701757906184,5088.44,465.702,2.1473,2.13776,2.11661,0.13344,0.344608,0.058368,0.73552,0.844672,0.043977,6131954,6131954,1663433,27.1273,1920,1080,raygs,triangles,1,off,0.1,on,-4
1781756701760044725,5090.58,465.638,2.14759,2.02179,1.99869,0.133888,0.225376,0.057344,0.738304,0.843776,0.015362,6131954,6131954,1663433,27.1273,1920,1080,raygs,triangles,1,off,0.1,on,-4
1781756701762338329,5092.87,465.437,2.14852,2.16502,2.14256,0.149152,0.222912,0.058368,0.868352,0.843776,0.046532,6131954,6131954,1663433,27.1273,1920,1080,raygs,triangles,1,off,0.1,on,-4
1781756701764295149,5094.83,464.182,2.15433,2.01443,1.99056,0.133728,0.224576,0.057344,0.730112,0.8448,0.016421,6131954,6131954,1663433,27.1273,1920,1080,raygs,triangles,1,off,0.1,on,-4
1781756701766369628,5096.9,464.467,2.153,2.04947,2.02678,0.133984,0.225792,0.057664,0.765952,0.843392,0.028267,6131954,6131954,1663433,27.1273,1920,1080,raygs,triangles,1,off,0.1,on,-4
1781756701768401369,5098.93,464.576,2.1525,2.01878,1.99776,0.13504,0.22432,0.058368,0.736256,0.843776,0.026327,6131954,6131954,1663433,27.1273,1920,1080,raygs,triangles,1,off,0.1,on,-4
1781756701770442326,5100.97,465.078,2.15018,2.02195,2.00026,0.133024,0.226752,0.058368,0.736288,0.845824,0.025793,6131954,6131954,1663433,27.1273,1920,1080,raygs,triangles,1,off,0.1,on,-4
1781756701772526370,5103.06,465.387,2.14875,2.02029,1.99706,0.133824,0.22576,0.05744,0.736256,0.843776,0.029402,6131954,6131954,1663433,27.1273,1920,1080,raygs,triangles,1,off,0.1,on,-4
1781756701774653692,5105.18,466.392,2.14412,2.1345,2.11318,0.133984,0.343872,0.058368,0.733184,0.843776,0.024508,6131954,6131954,1663433,27.1273,1920,1080,raygs,triangles,1,off,0.1,on,-4
1781756701776866937,5107.4,466.159,2.14519,2.01549,1.99264,0.13264,0.225632,0.057344,0.732224,0.8448,0.025431,6131954,6131954,1663433,27.1273,1920,1080,raygs,triangles,1,off,0.1,on,-4
1781756701779052504,5109.58,465.705,2.14728,2.16531,2.14294,0.145344,0.224032,0.058368,0.8704,0.8448,0.024376,6131954,6131954,1663433,27.1273,1920,1080,raygs,triangles,1,off,0.1,on,-4
1781756701781090501,5111.62,464.986,2.1506,2.01277,1.98947,0.134112,0.225152,0.057344,0.729088,0.843776,0.025527,6131954,6131954,1663433,27.1273,1920,1080,raygs,triangles,1,off,0.1,on,-4
1781756701783236395,5113.77,465.045,2.15033,2.02771,2.00381,0.133888,0.225536,0.058592,0.7424,0.843392,0.039414,6131954,6131954,1663433,27.1273,1920,1080,raygs,triangles,1,off,0.1,on,-4
1781756701785239730,5115.77,464.64,2.1522,2.01568,1.99421,0.13392,0.22496,0.058368,0.733184,0.843776,0.018221,6131954,6131954,1663433,27.1273,1920,1080,raygs,triangles,1,off,0.1,on,-4
1781756701787250122,5117.78,465.223,2.14951,2.02096,1.99885,0.13408,0.22528,0.058368,0.736416,0.844704,0.025326,6131954,6131954,1663433,27.1273,1920,1080,raygs,triangles,1,off,0.1,on,-4
1781756701789290328,5119.82,465.496,2.14825,2.01686,1.99562,0.133632,0.226656,0.058368,0.733184,0.843776,0.025384,6131954,6131954,1663433,27.1273,1920,1080,raygs,triangles,1,off,0.1,on,-4
1781756701791455563,5121.99,466.378,2.14419,2.15091,2.12899,0.134112,0.355456,0.058368,0.736256,0.8448,0.025656,6131954,6131954,1663433,27.1273,1920,1080,raygs,triangles,1,off,0.1,on,-4
1781756701793754638,5124.29,466.424,2.14397,2.01226,1.98906,0.133568,0.22528,0.057344,0.728064,0.8448,0.026824,6131954,6131954,1663433,27.1273,1920,1080,raygs,triangles,1,off,0.1,on,-4
1781756701795989284,5126.52,465.531,2.14809,2.16672,2.14464,0.147488,0.222688,0.058368,0.871424,0.844672,0.038678,6131954,6131954,1663433,27.1273,1920,1080,raygs,triangles,1,off,0.1,on,-4
1781756701798028949,5128.56,464.572,2.15252,2.01731,1.99555,0.133504,0.22672,0.058368,0.73216,0.8448,0.031167,6131954,6131954,1663433,27.1273,1920,1080,raygs,triangles,1,off,0.1,on,-4
1781756701799984328,5130.51,464.798,2.15147,2.0161,1.99386,0.134336,0.225216,0.058368,0.73216,0.843776,0.016131,6131954,6131954,1663433,27.1273,1920,1080,raygs,triangles,1,off,0.1,on,-4
1781756701802036760,5132.57,465.103,2.15006,2.01869,1.99792,0.134112,0.225824,0.058368,0.735232,0.844384,0.026295,6131954,6131954,1663433,27.1273,1920,1080,raygs,triangles,1,off,0.1,on,-4
1781756701804081300,5134.61,465.528,2.1481,2.01821,1.99594,0.133856,0.2256,0.0584,0.73328,0.8448,0.029867,6131954,6131954,1663433,27.1273,1920,1080,raygs,triangles,1,off,0.1,on,-4
1781756701806128355,5136.66,465.528,2.1481,2.02182,1.99962,0.133952,0.22624,0.058368,0.73728,0.843776,0.027008,6131954,6131954,1663433,27.1273,1920,1080,raygs,triangles,1,off,0.1,on,-4
1781756701808285640,5138.82,466.748,2.14248,2.13382,2.11142,0.133376,0.341696,0.058368,0.735232,0.842752,0.024986,6131954,6131954,1663433,27.1273,1920,1080,raygs,triangles,1,off,0.1,on,-4
1781756701810570053,5141.1,466.353,2.1443,2.24803,1.99248,0.133472,0.225472,0.057952,0.731136,0.844448,0.027148,6131954,6131954,1663433,27.1273,1920,1080,raygs,triangles,1,off,0.1,on,-4
1781756701812607126,5143.14,465.617,2.14769,2.01421,1.99104,0.13344,0.225344,0.058368,0.731136,0.842752,0.028602,6131954,6131954,1663433,27.1273,1920,1080,raygs,triangles,1,off,0.1,on,-4
1781756701814667227,5145.2,465.477,2.14833,2.01427,1.99072,0.1336,0.225088,0.057344,0.730112,0.844576,0.029153,6131954,6131954,1663433,27.1273,1920,1080,raygs,triangles,1,off,0.1,on,-4
1781756701816701826,5147.23,465.328,2.14902,2.01558,1.99283,0.133792,0.226752,0.0584,0.730112,0.843776,0.026217,6131954,6131954,1663433,27.1273,1920,1080,raygs,triangles,1,off,0.1,on,-4
1781756701818771927,5149.3,465.356,2.14889,2.01664,1.99558,0.133856,0.225248,0.058368,0.734336,0.843776,0.031304,6131954,6131954,1663433,27.1273,1920,1080,raygs,triangles,1,off,0.1,on,-4
1781756701820793529,5151.32,465.768,2.14699,2.01766,1.99421,0.133856,0.22416,0.058208,0.734208,0.843776,0.027383,6131954,6131954,1663433,27.1273,1920,1080,raygs,triangles,1,off,0.1,on,-4
1781756701822956794,5153.49,465.86,2.14657,2.02125,1.99949,0.133984,0.224384,0.057344,0.739328,0.844448,0.027747,6131954,6131954,1663433,27.1273,1920,1080,raygs,triangles,1,off,0.1,on,-4
1781756701825012588,5155.54,466.602,2.14315,2.02067,1.99862,0.138496,0.224544,0.0576,0.733184,0.8448,0.032776,6131954,6131954,1663433,27.1273,1920,1080,raygs,triangles,1,off,0.1,on,-4
1781756701827263951,5157.79,466.538,2.14345,2.23846,2.21664,0.133536,0.224864,0.058368,0.955392,0.84448,0.031136,6131954,6131954,1663433,27.1273,1920,1080,raygs,triangles,1,off,0.1,on,-4
1781756701829417203,5159.95,465.861,2.14656,2.1297,2.10979,0.253952,0.223584,0.058368,0.730112,0.843776,0.026886,6131954,6131954,1663433,27.1273,1920,1080,raygs,triangles,1,off,0.1,on,-4
1781756701831460649,5161.99,465.3,2.14915,2.0128,1.99181,0.134112,0.225632,0.058176,0.730112,0.843776,0.027955,6131954,6131954,1663433,27.1273,1920,1080,raygs,triangles,1,off,0.1,on,-4
1781756701833477557,5164.01,489.888,2.04128,2.02061,1.99923,0.139904,0.22384,0.058368,0.732384,0.844736,0.025156,6131954,6131954,1663433,27.1273,1920,1080,raygs,triangles,1,off,0.1,on,-4
1781756701835524996,5166.06,483.828,2.06685,2.01818,1.99562,0.1344,0.224928,0.058304,0.733184,0.8448,0.025363,6131954,6131954,1663433,27.1273,1920,1080,raygs,triangles,1,off,0.1,on,-4
1781756701837570678,5168.1,477.043,2.09625,2.01933,1.99683,0.133696,0.225856,0.058272,0.736256,0.842752,0.025061,6131954,6131954,1663433,27.1273,1920,1080,raygs,triangles,1,off,0.1,on,-4
1781756701839732511,5170.26,476.519,2.09855,2.0208,1.99984,0.13392,0.225472,0.059392,0.73728,0.843776,0.025037,6131954,6131954,1663433,27.1273,1920,1080,raygs,triangles,1,off,0.1,on,-4
1781756701841783382,5172.31,476.313,2.09946,2.02237,2.0001,0.138016,0.22368,0.057344,0.736256,0.8448,0.02661,6131954,6131954,1663433,27.1273,1920,1080,raygs,triangles,1,off,0.1,on,-4
1781756701844023241,5174.55,476.448,2.09887,2.21674,2.19462,0.135296,0.225344,0.057344,0.930816,0.845824,0.025368,6131954,6131954,1663433,27.1273,1920,1080,raygs,triangles,1,off,0.1,on,-4
1781756701846179406,5176.71,475.353,2.1037,2.13142,2.11098,0.253792,0.223872,0.057728,0.731136,0.844448,0.025717,6131954,6131954,1663433,27.1273,1920,1080,raygs,triangles,1,off,0.1,on,-4
1781756701848223613,5178.75,475.066,2.10497,2.0153,1.9944,0.133888,0.22416,0.058368,0.733184,0.8448,0.02496,6131954,6131954,1663433,27.1273,1920,1080,raygs,triangles,1,off,0.1,on,-4
1781756701850265957,5180.8,475.041,2.10508,2.01763,1.99536,0.135968,0.22704,0.057344,0.730208,0.8448,0.024645,6131954,6131954,1663433,27.1273,1920,1080,raygs,triangles,1,off,0.1,on,-4
1781756701852305603,5182.84,475.528,2.10293,2.01923,1.99696,0.133408,0.22688,0.057504,0.735552,0.843616,0.024028,6131954,6131954,1663433,27.1273,1920,1080,raygs,triangles,1,off,0.1,on,-4
1781756701854356695,5184.89,476.451,2.09885,2.02163,1.99904,0.133728,0.225888,0.057344,0.73728,0.8448,0.024581,6131954,6131954,1663433,27.1273,1920,1080,raygs,triangles,1,off,0.1,on,-4
1781756701856544896,5187.08,477.007,2.0964,2.01936,1.99571,0.13456,0.225152,0.058016,0.734208,0.843776,0.0288,6131954,6131954,1663433,27.1273,1920,1080,raygs,triangles,1,off,0.1,on,-4
1781756701858575022,5189.11,476.271,2.09965,2.02531,2.004,0.137152,0.224352,0.058368,0.738304,0.845824,0.025114,6131954,6131954,1663433,27.1273,1920,1080,raygs,triangles,1,off,0.1,on,-4
1781756701860941947,5191.47,476.605,2.09817,2.34912,2.32896,0.3384,0.222336,0.058368,0.86528,0.844576,0.024809,6131954,6131954,1663433,27.1273,1920,1080,raygs,triangles,1,off,0.1,on,-4
1781756701862999742,5193.53,475.252,2.10415,2.01181,1.99066,0.134176,0.225248,0.058368,0.728064,0.8448,0.028211,6131954,6131954,1663433,27.1273,1920,1080,raygs,triangles,1,off,0.1,on,-4
1781756701865060535,5195.59,475.21,2.10433,2.01565,1.99402,0.132864,0.22576,0.058368,0.732544,0.84448,0.030104,6131954,6131954,1663433,27.1273,1920,1080,raygs,triangles,1,off,0.1,on,-4
1781756701867098578,5197.63,475.056,2.10502,2.01405,1.99142,0.133312,0.225856,0.058368,0.731136,0.842752,0.029301,6131954,6131954,1663433,27.1273,1920,1080,raygs,triangles,1,off,0.1,on,-4
1781756701869119606,5199.65,475.519,2.10296,2.01776,1.99632,0.133952,0.226016,0.057344,0.735232,0.843776,0.026962,6131954,6131954,1663433,27.1273,1920,1080,raygs,triangles,1,off,0.1,on,-4
1781756701871361035,5201.89,476.511,2.09859,2.14838,2.12509,0.133536,0.353344,0.058368,0.736256,0.843584,0.041565,6131954,6131954,1663433,27.1273,1920,1080,raygs,triangles,1,off,0.1,on,-4
1781756701873479817,5204.01,476.319,2.09943,2.01715,1.99581,0.134112,0.22432,0.058368,0.734208,0.8448,0.019635,6131954,6131954,1663433,27.1273,1920,1080,raygs,triangles,1,off,0.1,on,-4
1781756701875512080,5206.04,475.928,2.10116,2.02464,2.00208,0.137792,0.224032,0.058528,0.73728,0.844448,0.026989,6131954,6131954,1663433,27.1273,1920,1080,raygs,triangles,1,off,0.1,on,-4
1781756701877906288,5208.44,476.342,2.09933,2.37155,2.35107,0.360768,0.22288,0.057344,0.867328,0.842752,0.025683,6131954,6131954,1663433,27.1273,1920,1080,raygs,triangles,1,off,0.1,on,-4
1781756701879935647,5210.47,474.911,2.10566,2.01469,1.99315,0.133952,0.225248,0.058368,0.731136,0.844448,0.02522,6131954,6131954,1663433,27.1273,1920,1080,raygs,triangles,1,off,0.1,on,-4
1781756701882049094,5212.58,475.143,2.10463,2.01322,1.99069,0.133504,0.225952,0.058368,0.729088,0.843776,0.037133,6131954,6131954,1663433,27.1273,1920,1080,raygs,triangles,1,off,0.1,on,-4
1781756701884044050,5214.57,474.712,2.10654,2.01866,1.99738,0.133824,0.225152,0.058368,0.735232,0.8448,0.015319,6131954,6131954,1663433,27.1273,1920,1080,raygs,triangles,1,off,0.1,on,-4
1781756701886148304,5216.68,475.622,2.10251,2.02003,1.99939,0.134208,0.22576,0.058368,0.736256,0.8448,0.043082,6131954,6131954,1663433,27.1273,1920,1080,raygs,triangles,1,off,0.1,on,-4
1781756701888178313,5218.71,475.78,2.10181,2.01885,1.99542,0.133696,0.225376,0.057344,0.735232,0.843776,0.026679,6131954,6131954,1663433,27.1273,1920,1080,raygs,triangles,1,off,0.1,on,-4
1781756701890313067,5220.84,476.836,2.09716,2.02013,1.99754,0.13344,0.223936,0.058368,0.738304,0.843488,0.015884,6131954,6131954,1663433,27.1273,1920,1080,raygs,triangles,1,off,0.1,on,-4
1781756701892415742,5222.95,476.144,2.1002,2.02605,2.00365,0.137152,0.224064,0.058368,0.739328,0.844736,0.040095,6131954,6131954,1663433,27.1273,1920,1080,raygs,triangles,1,off,0.1,on,-4
1781756701894757004,5225.29,476.076,2.1005,2.36803,2.34784,0.358592,0.222848,0.058368,0.864256,0.843776,0.015662,6131954,6131954,1663433,27.1273,1920,1080,raygs,triangles,1,off,0.1,on,-4
1781756701896797124,5227.33,474.768,2.10629,2.0112,1.98854,0.1336,0.22576,0.057344,0.72704,0.8448,0.025283,6131954,6131954,1663433,27.1273,1920,1080,raygs,triangles,1,off,0.1,on,-4
1781756701898834709,5229.37,474.793,2.10618,2.01878,1.99552,0.134208,0.22688,0.057344,0.732544,0.844544,0.025373,6131954,6131954,1663433,27.1273,1920,1080,raygs,triangles,1,off,0.1,on,-4
1781756701900888336,5231.42,475.041,2.10508,2.02512,2.00243,0.134176,0.224864,0.05824,0.741376,0.843776,0.024311,6131954,6131954,1663433,27.1273,1920,1080,raygs,triangles,1,off,0.1,on,-4
1781756701902929074,5233.46,475.241,2.10419,2.02128,1.99798,0.133824,0.22576,0.057344,0.73728,0.843776,0.024075,6131954,6131954,1663433,27.1273,1920,1080,raygs,triangles,1,off,0.1,on,-4
1781756701904979241,5235.51,475.882,2.10136,2.01862,1.99568,0.134144,0.2248,0.057728,0.736256,0.842752,0.025479,6131954,6131954,1663433,27.1273,1920,1080,raygs,triangles,1,off,0.1,on,-4
1781756701907139346,5237.67,476.404,2.09906,2.01584,1.9936,0.133088,0.224544,0.058112,0.733184,0.844672,0.026297,6131954,6131954,1663433,27.1273,1920,1080,raygs,triangles,1,off,0.1,on,-4
1781756701909184685,5239.72,475.917,2.10121,2.02528,2.00371,0.137408,0.224768,0.058368,0.738368,0.8448,0.028371,6131954,6131954,1663433,27.1273,1920,1080,raygs,triangles,1,off,0.1,on,-4
1781756701911602548,5242.13,476.355,2.09927,2.36518,2.34544,0.349312,0.22256,0.058368,0.871424,0.843776,0.033217,6131954,6131954,1663433,27.1273,1920,1080,raygs,triangles,1,off,0.1,on,-4
1781756701913615250,5244.15,474.857,2.1059,2.01245,1.99062,0.13376,0.225824,0.058368,0.729088,0.843584,0.019095,6131954,6131954,1663433,27.1273,1920,1080,raygs,triangles,1,off,0.1,on,-4
1781756701915649941,5246.18,474.733,2.10645,2.01184,1.9896,0.133536,0.2248,0.0584,0.729088,0.843776,0.025232,6131954,6131954,1663433,27.1273,1920,1080,raygs,triangles,1,off,0.1,on,-4
1781756701917700979,5248.23,474.9,2.10571,2.02179,1.9991,0.133792,0.225184,0.058144,0.73728,0.844704,0.024908,6131954,6131954,1663433,27.1273,1920,1080,raygs,triangles,1,off,0.1,on,-4
1781756701919739822,5250.27,475.181,2.10446,2.01562,1.99344,0.133888,0.225248,0.058368,0.733184,0.842752,0.025378,6131954,6131954,1663433,27.1273,1920,1080,raygs,triangles,1,off,0.1,on,-4
1781756701921817267,5252.35,476.271,2.09964,2.02179,1.99856,0.134048,0.225952,0.057472,0.73744,0.843648,0.032675,6131954,6131954,1663433,27.1273,1920,1080,raygs,triangles,1,off,0.1,on,-4
1781756701923913585,5254.44,476.832,2.09717,2.02077,1.99603,0.13392,0.225824,0.05632,0.734208,0.84576,0.021169,6131954,6131954,1663433,27.1273,1920,1080,raygs,triangles,1,off,0.1,on,-4
1781756701925991897,5256.52,476.659,2.09793,2.02531,2.00346,0.1368,0.224736,0.057792,0.739328,0.8448,0.029522,6131954,6131954,1663433,27.1273,1920,1080,raygs,triangles,1,off,0.1,on,-4
1781756701928332160,5258.86,476.078,2.1005,2.32378,2.30426,0.316064,0.22176,0.058272,0.864544,0.843616,0.025362,6131954,6131954,1663433,27.1273,1920,1080,raygs,triangles,1,off,0.1,on,-4
1781756701930367540,5260.9,475.085,2.10489,2.01194,1.98861,0.13328,0.224288,0.058368,0.729088,0.843584,0.029031,6131954,6131954,1663433,27.1273,1920,1080,raygs,triangles,1,off,0.1,on,-4
1781756701932410993,5262.94,475.113,2.10476,2.0145,1.99085,0.133728,0.226784,0.057472,0.730112,0.842752,0.026567,6131954,6131954,1663433,27.1273,1920,1080,raygs,triangles,1,off,0.1,on,-4
1781756701934437574,5264.97,475.114,2.10476,2.02077,1.99773,0.13392,0.225248,0.057504,0.73728,0.843776,0.025469,6131954,6131954,1663433,27.1273,1920,1080,raygs,triangles,1,off,0.1,on,-4
1781756701936484311,5267.01,475.613,2.10255,2.02349,2.00138,0.13408,0.225568,0.057792,0.739328,0.844608,0.025192,6131954,6131954,1663433,27.1273,1920,1080,raygs,triangles,1,off,0.1,on,-4
1781756701938527909,5269.06,476.517,2.09856,2.01891,1.99661,0.13408,0.226176,0.057344,0.734208,0.8448,0.029017,6131954,6131954,1663433,27.1273,1920,1080,raygs,triangles,1,off,0.1,on,-4
1781756701940710054,5271.24,476.504,2.09862,2.01843,1.99526,0.1336,0.225312,0.058368,0.734208,0.843776,0.027261,6131954,6131954,1663433,27.1273,1920,1080,raygs,triangles,1,off,0.1,on,-4
1781756701942781312,5273.31,476.12,2.10031,2.02762,2.00598,0.137248,0.224832,0.057728,0.741376,0.8448,0.026782,6131954,6131954,1663433,27.1273,1920,1080,raygs,triangles,1,off,0.1,on,-4
1781756701945122486,5275.65,475.927,2.10116,2.32874,2.3096,0.319968,0.222208,0.058368,0.86528,0.843776,0.029567,6131954,6131954,1663433,27.1273,1920,1080,raygs,triangles,1,off,0.1,on,-4
1781756701947245345,5277.78,474.824,2.10604,2.01344,1.99139,0.133984,0.225152,0.058368,0.730112,0.843776,0.042751,6131954,6131954,1663433,27.1273,1920,1080,raygs,triangles,1,off,0.1,on,-4
1781756701949232208,5279.76,474.531,2.10734,2.03238,2.01242,0.134112,0.227616,0.058368,0.748544,0.843776,0.018002,6131954,6131954,1663433,27.1273,1920,1080,raygs,triangles,1,off,0.1,on,-4
1781756701951304270,5281.83,475.176,2.10448,2.02074,1.99702,0.134048,0.226912,0.057344,0.734208,0.844512,0.033327,6131954,6131954,1663433,27.1273,1920,1080,raygs,triangles,1,off,0.1,on,-4
1781756701953339002,5283.87,475.151,2.1046,2.02035,1.99811,0.133152,0.225504,0.058368,0.736288,0.8448,0.024246,6131954,6131954,1663433,27.1273,1920,1080,raygs,triangles,1,off,0.1,on,-4
1781756701955380354,5285.91,475.897,2.10129,2.0185,1.99616,0.134464,0.22544,0.058368,0.734208,0.84368,0.027711,6131954,6131954,1663433,27.1273,1920,1080,raygs,triangles,1,off,0.1,on,-4
1781756701957519781,5288.05,476.36,2.09925,2.13568,1.99776,0.134112,0.224224,0.057344,0.738304,0.843776,0.026388,6131954,6131954,1663433,27.1273,1920,1080,raygs,triangles,1,off,0.1,on,-4
1781756701959809195,5290.34,476.065,2.10055,2.01958,1.99722,0.133728,0.225088,0.057632,0.73728,0.843488,0.04254,6131954,6131954,1663433,27.1273,1920,1080,raygs,triangles,1,off,0.1,on,-4
1781756701961960369,5292.49,474.913,2.10565,2.16435,2.14304,0.147136,0.22336,0.058368,0.869376,0.8448,0.026669,6131954,6131954,1663433,27.1273,1920,1080,raygs,triangles,1,off,0.1,on,-4
1781756701964118833,5294.65,474.551,2.10726,2.14643,2.12666,0.27184,0.221536,0.058368,0.730112,0.8448,0.015325,6131954,6131954,1663433,27.1273,1920,1080,raygs,triangles,1,off,0.1,on,-4
1781756701966217722,5296.75,474.032,2.10956,2.04349,2.02333,0.13408,0.225216,0.058368,0.76128,0.844384,0.036947,6131954,6131954,1663433,27.1273,1920,1080,raygs,triangles,1,off,0.1,on,-4
1781756701968236588,5298.77,474.353,2.10814,2.01978,1.99686,0.13392,0.224544,0.057344,0.73728,0.843776,0.01857,6131954,6131954,1663433,27.1273,1920,1080,raygs,triangles,1,off,0.1,on,-4
1781756701970312170,5300.84,474.411,2.10788,2.01821,1.9967,0.133728,0.225728,0.057664,0.735232,0.844352,0.035037,6131954,6131954,1663433,27.1273,1920,1080,raygs,triangles,1,off,0.1,on,-4
1781756701972327991,5302.86,475.18,2.10446,2.01722,1.99578,0.133408,0.225984,0.058368,0.733216,0.8448,0.018358,6131954,6131954,1663433,27.1273,1920,1080,raygs,triangles,1,off,0.1,on,-4
1781756701974496155,5305.03,475.543,2.10286,2.1432,2.11978,0.133472,0.350976,0.057344,0.734208,0.843776,0.026687,6131954,6131954,1663433,27.1273,1920,1080,raygs,triangles,1,off,0.1,on,-4
1781756701976786135,5307.32,475.112,2.10477,2.01686,1.99491,0.132928,0.225472,0.058368,0.733472,0.844672,0.036552,6131954,6131954,1663433,27.1273,1920,1080,raygs,triangles,1,off,0.1,on,-4
1781756701978947650,5309.48,474.213,2.10876,2.16774,2.14595,0.151968,0.222848,0.058368,0.868352,0.844416,0.017145,6131954,6131954,1663433,27.1273,1920,1080,raygs,triangles,1,off,0.1,on,-4
1781756701980981619,5311.51,473.7,2.11104,2.01814,1.99549,0.133568,0.225568,0.057344,0.734208,0.8448,0.024903,6131954,6131954,1663433,27.1273,1920,1080,raygs,triangles,1,off,0.1,on,-4
1781756701983057908,5313.59,473.665,2.1112,2.04557,2.02381,0.134144,0.225312,0.057696,0.76288,0.843776,0.025443,6131954,6131954,1663433,27.1273,1920,1080,raygs,triangles,1,off,0.1,on,-4
1781756701985096476,5315.63,474.183,2.10889,2.01757,1.99565,0.13376,0.223488,0.058368,0.736256,0.843776,0.026216,6131954,6131954,1663433,27.1273,1920,1080,raygs,triangles,1,off,0.1,on,-4
1781756701987145163,5317.68,474.223,2.10871,2.01728,1.99395,0.133472,0.226176,0.057344,0.733184,0.843776,0.024816,6131954,6131954,1663433,27.1273,1920,1080,raygs,triangles,1,off,0.1,on,-4
1781756701989197961,5319.73,475.318,2.10386,2.02339,2.00285,0.133888,0.226336,0.058368,0.739616,0.84464,0.028145,6131954,6131954,1663433,27.1273,1920,1080,raygs,triangles,1,off,0.1,on,-4
1781756701991373754,5321.9,475.383,2.10357,2.13869,2.11648,0.13344,0.344384,0.057632,0.73664,0.844384,0.032089,6131954,6131954,1663433,27.1273,1920,1080,raygs,triangles,1,off,0.1,on,-4
1781756701993623313,5324.15,475.083,2.1049,2.01798,1.99549,0.134464,0.224736,0.0576,0.734208,0.84448,0.019805,6131954,6131954,1663433,27.1273,1920,1080,raygs,triangles,1,off,0.1,on,-4
1781756701995818942,5326.35,474.233,2.10867,2.16877,2.14762,0.152448,0.222496,0.058368,0.870528,0.843776,0.025523,6131954,6131954,1663433,27.1273,1920,1080,raygs,triangles,1,off,0.1,on,-4
1781756701997848319,5328.38,473.503,2.11192,2.01158,1.9881,0.13392,0.22416,0.058176,0.72704,0.8448,0.025051,6131954,6131954,1663433,27.1273,1920,1080,raygs,triangles,1,off,0.1,on,-4
1781756701999915401,5330.45,474.275,2.10848,2.04954,2.02682,0.134208,0.224768,0.058368,0.764928,0.844544,0.024782,6131954,6131954,1663433,27.1273,1920,1080,raygs,triangles,1,off,0.1,on,-4
1781756702001969211,5332.5,474.564,2.1072,2.01651,1.99517,0.134752,0.224064,0.058368,0.734208,0.843776,0.024884,6131954,6131954,1663433,27.1273,1920,1080,raygs,triangles,1,off,0.1,on,-4
1781756702004010672,5334.54,474.487,2.10754,2.0192,1.99824,0.133344,0.22528,0.058368,0.73664,0.844608,0.024616,6131954,6131954,1663433,27.1273,1920,1080,raygs,triangles,1,off,0.1,on,-4
1781756702006057398,5336.59,475.711,2.10212,2.02211,1.99984,0.134208,0.226208,0.057344,0.736256,0.845824,0.025568,6131954,6131954,1663433,27.1273,1920,1080,raygs,triangles,1,off,0.1,on,-4
1781756702008248976,5338.78,475.632,2.10246,2.13494,2.11245,0.133408,0.343712,0.058368,0.733184,0.843776,0.039063,6131954,6131954,1663433,27.1273,1920,1080,raygs,triangles,1,off,0.1,on,-4
1781756702010467924,5341,475.419,2.10341,2.01226,1.98986,0.133632,0.224096,0.058368,0.729088,0.844672,0.017108,6131954,6131954,1663433,27.1273,1920,1080,raygs,triangles,1,off,0.1,on,-4
1781756702012664591,5343.2,474.603,2.10703,2.16355,2.14288,0.150464,0.222272,0.058368,0.867328,0.844448,0.026222,6131954,6131954,1663433,27.1273,1920,1080,raygs,triangles,1,off,0.1,on,-4
1781756702014709042,5345.24,474.197,2.10883,2.01565,1.99286,0.13392,0.22464,0.058368,0.73216,0.843776,0.025436,6131954,6131954,1663433,27.1273,1920,1080,raygs,triangles,1,off,0.1,on,-4
1781756702016790162,5347.32,474.144,2.10907,2.01885,1.99514,0.13392,0.225888,0.059392,0.73216,0.843776,0.037398,6131954,6131954,1663433,27.1273,1920,1080,raygs,triangles,1,off,0.1,on,-4
1781756702018790138,5349.32,474.46,2.10766,2.01632,1.99322,0.133536,0.224192,0.057472,0.73344,0.844576,0.015619,6131954,6131954,1663433,27.1273,1920,1080,raygs,triangles,1,off,0.1,on,-4
1781756702020839502,5351.37,474.741,2.10641,2.02173,1.99821,0.133824,0.225984,0.057344,0.736256,0.8448,0.025888,6131954,6131954,1663433,27.1273,1920,1080,raygs,triangles,1,off,0.1,on,-4
1781756702022890511,5353.42,475.873,2.1014,2.02246,2.00166,0.133536,0.225024,0.058368,0.739328,0.845408,0.024976,6131954,6131954,1663433,27.1273,1920,1080,raygs,triangles,1,off,0.1,on,-4
1781756702025075243,5355.61,475.817,2.10165,2.13786,2.11552,0.13424,0.341856,0.058368,0.736256,0.8448,0.034995,6131954,6131954,1663433,27.1273,1920,1080,raygs,triangles,1,off,0.1,on,-4
1781756702027462410,5357.99,475.339,2.10376,2.19606,1.9936,0.133056,0.2256,0.057984,0.73216,0.8448,0.033109,6131954,6131954,1663433,27.1273,1920,1080,raygs,triangles,1,off,0.1,on,-4
1781756702029466504,5360,474.052,2.10947,2.01699,1.99594,0.138816,0.224704,0.058368,0.729248,0.8448,0.029241,6131954,6131954,1663433,27.1273,1920,1080,raygs,triangles,1,off,0.1,on,-4
1781756702031467203,5362,474.236,2.10865,2.01667,1.99376,0.13392,0.225728,0.058176,0.73216,0.843776,0.019931,6131954,6131954,1663433,27.1273,1920,1080,raygs,triangles,1,off,0.1,on,-4
1781756702033610771,5364.14,474.344,2.10817,2.14477,2.12298,0.26816,0.22256,0.057344,0.731136,0.843776,0.025194,6131954,6131954,1663433,27.1273,1920,1080,raygs,triangles,1,off,0.1,on,-4
1781756702035676387,5366.21,474.498,2.10749,2.0191,1.99811,0.134272,0.22544,0.058368,0.735232,0.8448,0.0281,6131954,6131954,1663433,27.1273,1920,1080,raygs,triangles,1,off,0.1,on,-4
1781756702037712471,5368.24,474.31,2.10833,2.02058,1.99862,0.133536,0.225664,0.058368,0.736256,0.8448,0.027496,6131954,6131954,1663433,27.1273,1920,1080,raygs,triangles,1,off,0.1,on,-4
1781756702039755873,5370.29,475.779,2.10182,2.01718,1.99581,0.133824,0.22704,0.058112,0.733184,0.843648,0.025829,6131954,6131954,1663433,27.1273,1920,1080,raygs,triangles,1,off,0.1,on,-4
1781756702041906653,5372.44,475.737,2.102,2.13824,2.11405,0.133568,0.343072,0.057376,0.735232,0.8448,0.024841,6131954,6131954,1663433,27.1273,1920,1080,raygs,triangles,1,off,0.1,on,-4
1781756702044335498,5374.87,475.273,2.10405,2.23875,2.2151,0.133728,0.224832,0.282656,0.730112,0.843776,0.025429,6131954,6131954,1663433,27.1273,1920,1080,raygs,triangles,1,off,0.1,on,-4
1781756702046382264,5376.91,473.796,2.11061,2.01939,1.99805,0.138656,0.223072,0.058368,0.733184,0.844768,0.027001,6131954,6131954,1663433,27.1273,1920,1080,raygs,triangles,1,off,0.1,on,-4
1781756702048423467,5378.95,473.792,2.11063,2.0161,1.99379,0.134368,0.22608,0.057344,0.731424,0.844576,0.026192,6131954,6131954,1663433,27.1273,1920,1080,raygs,triangles,1,off,0.1,on,-4
1781756702050460430,5380.99,473.84,2.11042,2.01789,1.99584,0.135104,0.225088,0.057664,0.733184,0.8448,0.025407,6131954,6131954,1663433,27.1273,1920,1080,raygs,triangles,1,off,0.1,on,-4
1781756702052507068,5383.04,474.082,2.10934,2.02262,2.00138,0.13408,0.226816,0.058368,0.738336,0.843776,0.025202,6131954,6131954,1663433,27.1273,1920,1080,raygs,triangles,1,off,0.1,on,-4
1781756702054570096,5385.1,474.273,2.10849,2.0224,2.00131,0.134144,0.225696,0.058368,0.738304,0.8448,0.026222,6131954,6131954,1663433,27.1273,1920,1080,raygs,triangles,1,off,0.1,on,-4
1781756702056732741,5387.26,475.22,2.10429,2.02342,2.00221,0.133472,0.225216,0.059392,0.740352,0.843776,0.025896,6131954,6131954,1663433,27.1273,1920,1080,raygs,triangles,1,off,0.1,on,-4
1781756702058786206,5389.32,474.736,2.10643,2.02464,2.00224,0.138304,0.224512,0.057344,0.73728,0.8448,0.032122,6131954,6131954,1663433,27.1273,1920,1080,raygs,triangles,1,off,0.1,on,-4
1781756702061172533,5391.7,474.743,2.1064,2.36851,2.34986,0.356704,0.223584,0.058368,0.86544,0.84576,0.019772,6131954,6131954,1663433,27.1273,1920,1080,raygs,triangles,1,off,0.1,on,-4
1781756702063218985,5393.75,473.368,2.11252,2.01344,1.99248,0.133856,0.2256,0.058112,0.731136,0.843776,0.028383,6131954,6131954,1663433,27.1273,1920,1080,raygs,triangles,1,off,0.1,on,-4
1781756702065249639,5395.78,473.367,2.11253,2.01216,1.98886,0.133504,0.225312,0.058208,0.728064,0.843776,0.025581,6131954,6131954,1663433,27.1273,1920,1080,raygs,triangles,1,off,0.1,on,-4
1781756702067284755,5397.82,473.437,2.11221,2.01648,1.99418,0.133696,0.225152,0.057344,0.733184,0.8448,0.024346,6131954,6131954,1663433,27.1273,1920,1080,raygs,triangles,1,off,0.1,on,-4
1781756702069335946,5399.87,473.97,2.10984,2.01827,1.99562,0.13344,0.22496,0.057344,0.735232,0.84464,0.026061,6131954,6131954,1663433,27.1273,1920,1080,raygs,triangles,1,off,0.1,on,-4
1781756702071384507,5401.92,474.144,2.10907,2.0183,1.9952,0.133376,0.22464,0.057344,0.736256,0.843584,0.025392,6131954,6131954,1663433,27.1273,1920,1080,raygs,triangles,1,off,0.1,on,-4
1781756702073539030,5404.07,475.236,2.10422,2.02131,1.9983,0.13344,0.224224,0.058496,0.737664,0.84448,0.024722,6131954,6131954,1663433,27.1273,1920,1080,raygs,triangles,1,off,0.1,on,-4
1781756702075599273,5406.13,475.038,2.10509,2.02563,2.00179,0.136704,0.22544,0.057568,0.738304,0.843776,0.025691,6131954,6131954,1663433,27.1273,1920,1080,raygs,triangles,1,off,0.1,on,-4
1781756702077994070,5408.52,474.837,2.10598,2.36944,2.35043,0.35456,0.223424,0.058368,0.869376,0.844704,0.02497,6131954,6131954,1663433,27.1273,1920,1080,raygs,triangles,1,off,0.1,on,-4
1781756702080019597,5410.55,473.59,2.11153,2.01312,1.99043,0.13344,0.224736,0.058368,0.730112,0.843776,0.024306,6131954,6131954,1663433,27.1273,1920,1080,raygs,triangles,1,off,0.1,on,-4
1781756702082089361,5412.62,473.605,2.11146,2.01328,1.99194,0.133568,0.225088,0.058368,0.731136,0.843776,0.032551,6131954,6131954,1663433,27.1273,1920,1080,raygs,triangles,1,off,0.1,on,-4
1781756702084141444,5414.67,473.574,2.1116,2.01613,1.99318,0.13408,0.226496,0.057696,0.731136,0.843776,0.026718,6131954,6131954,1663433,27.1273,1920,1080,raygs,triangles,1,off,0.1,on,-4
1781756702086164237,5416.69,473.844,2.1104,2.01664,1.99402,0.132832,0.224768,0.058368,0.734368,0.84368,0.019954,6131954,6131954,1663433,27.1273,1920,1080,raygs,triangles,1,off,0.1,on,-4
1781756702088243424,5418.77,474.814,2.10609,2.02253,2.0001,0.13392,0.225728,0.058368,0.738304,0.843776,0.037406,6131954,6131954,1663433,27.1273,1920,1080,raygs,triangles,1,off,0.1,on,-4
1781756702090421481,5420.95,475.107,2.10479,2.02218,1.99955,0.13328,0.2248,0.058368,0.738304,0.8448,0.029163,6131954,6131954,1663433,27.1273,1920,1080,raygs,triangles,1,off,0.1,on,-4
1781756702092482829,5423.01,475.116,2.10475,2.02957,2.00598,0.137984,0.225728,0.057344,0.740352,0.844576,0.031835,6131954,6131954,1663433,27.1273,1920,1080,raygs,triangles,1,off,0.1,on,-4
1781756702094834434,5425.37,475.161,2.10455,2.32666,2.30698,0.317824,0.222752,0.057344,0.86528,0.843776,0.031166,6131954,6131954,1663433,27.1273,1920,1080,raygs,triangles,1,off,0.1,on,-4
1781756702096823183,5427.35,473.979,2.1098,2.0121,1.99053,0.134432,0.22528,0.057344,0.730112,0.84336,0.019147,6131954,6131954,1663433,27.1273,1920,1080,raygs,triangles,1,off,0.1,on,-4
1781756702098895205,5429.43,474.216,2.10874,2.01757,1.9961,0.133792,0.227232,0.058112,0.733184,0.843776,0.038895,6131954,6131954,1663433,27.1273,1920,1080,raygs,triangles,1,off,0.1,on,-4
1781756702100946752,5431.48,474.138,2.10909,2.01824,1.99677,0.134016,0.225408,0.058336,0.734208,0.8448,0.032281,6131954,6131954,1663433,27.1273,1920,1080,raygs,triangles,1,off,0.1,on,-4
1781756702103011795,5433.54,474.516,2.10741,2.02246,2.00054,0.133888,0.225792,0.058784,0.73728,0.8448,0.031852,6131954,6131954,1663433,27.1273,1920,1080,raygs,triangles,1,off,0.1,on,-4
1781756702105128743,5435.66,475.331,2.1038,2.02278,2.00045,0.134848,0.224128,0.058368,0.739328,0.843776,0.017977,6131954,6131954,1663433,27.1273,1920,1080,raygs,triangles,1,off,0.1,on,-4
1781756702107328445,5437.86,475.479,2.10314,2.15392,2.13261,0.137568,0.225568,0.058368,0.866304,0.8448,0.038098,6131954,6131954,1663433,27.1273,1920,1080,raygs,triangles,1,off,0.1,on,-4
1781756702109547064,5440.08,475.017,2.10519,2.1304,2.11107,0.252768,0.220928,0.057344,0.736256,0.843776,0.028931,6131954,6131954,1663433,27.1273,1920,1080,raygs,triangles,1,off,0.1,on,-4
1781756702111842854,5442.37,474.426,2.10781,2.35645,2.33571,0.342816,0.226496,0.058368,0.864256,0.843776,0.016003,6131954,6131954,1663433,27.1273,1920,1080,raygs,triangles,1,off,0.1,on,-4
1781756702113887100,5444.42,473.393,2.11241,2.01475,1.99254,0.134016,0.225248,0.057344,0.73216,0.843776,0.025802,6131954,6131954,1663433,27.1273,1920,1080,raygs,triangles,1,off,0.1,on,-4
1781756702115945725,5446.48,473.435,2.11222,2.01539,1.99213,0.133632,0.2264,0.058208,0.730112,0.843776,0.032939,6131954,6131954,1663433,27.1273,1920,1080,raygs,triangles,1,off,0.1,on,-4
1781756702117961451,5448.49,473.438,2.11221,2.01904,1.99856,0.13424,0.224352,0.058368,0.736256,0.845344,0.016577,6131954,6131954,1663433,27.1273,1920,1080,raygs,triangles,1,off,0.1,on,-4
1781756702120120730,5450.65,473.93,2.11002,2.01987,1.99853,0.133632,0.224448,0.057344,0.738304,0.8448,0.042551,6131954,6131954,1663433,27.1273,1920,1080,raygs,triangles,1,off,0.1,on,-4
1781756702122099467,5452.63,474.316,2.1083,2.0185,1.99613,0.133664,0.224064,0.058368,0.736256,0.843776,0.03155,6131954,6131954,1663433,27.1273,1920,1080,raygs,triangles,1,off,0.1,on,-4
1781756702124231634,5454.76,475.171,2.1045,2.0143,1.99283,0.1336,0.225184,0.058112,0.731136,0.8448,0.017738,6131954,6131954,1663433,27.1273,1920,1080,raygs,triangles,1,off,0.1,on,-4
1781756702126309729,5456.84,474.75,2.10637,2.02317,2.0017,0.13744,0.223968,0.058368,0.73728,0.84464,0.041539,6131954,6131954,1663433,27.1273,1920,1080,raygs,triangles,1,off,0.1,on,-4
1781756702128688228,5459.22,474.777,2.10625,2.36685,2.34682,0.356096,0.222464,0.057344,0.866304,0.844608,0.029718,6131954,6131954,1663433,27.1273,1920,1080,raygs,triangles,1,off,0.1,on,-4
1781756702130710708,5461.24,473.543,2.11174,2.01856,1.99514,0.134752,0.227104,0.057344,0.73216,0.843776,0.017082,6131954,6131954,1663433,27.1273,1920,1080,raygs,triangles,1,off,0.1,on,-4
1781756702132831642,5463.36,473.6,2.11149,2.03776,2.01555,0.133664,0.226176,0.058272,0.753664,0.843776,0.042578,6131954,6131954,1663433,27.1273,1920,1080,raygs,triangles,1,off,0.1,on,-4
1781756702134852718,5465.38,473.336,2.11266,2.02051,1.99645,0.133664,0.225408,0.057344,0.736256,0.843776,0.032032,6131954,6131954,1663433,27.1273,1920,1080,raygs,triangles,1,off,0.1,on,-4
1781756702136866201,5467.4,473.914,2.11009,2.02045,1.99814,0.1336,0.22608,0.058368,0.73552,0.844576,0.017258,6131954,6131954,1663433,27.1273,1920,1080,raygs,triangles,1,off,0.1,on,-4
1781756702138930658,5469.46,474.673,2.10671,2.01827,1.99715,0.133632,0.22512,0.058368,0.735232,0.8448,0.037597,6131954,6131954,1663433,27.1273,1920,1080,raygs,triangles,1,off,0.1,on,-4
1781756702141077210,5471.61,475.236,2.10422,2.01984,1.99757,0.134176,0.224992,0.058368,0.735232,0.8448,0.0198,6131954,6131954,1663433,27.1273,1920,1080,raygs,triangles,1,off,0.1,on,-4
1781756702143154271,5473.68,474.814,2.10609,2.02787,2.00538,0.136896,0.224224,0.058368,0.741376,0.844512,0.038388,6131954,6131954,1663433,27.1273,1920,1080,raygs,triangles,1,off,0.1,on,-4
1781756702145516911,5476.05,474.81,2.1061,2.36944,2.34829,0.356608,0.224256,0.057344,0.866304,0.843776,0.017339,6131954,6131954,1663433,27.1273,1920,1080,raygs,triangles,1,off,0.1,on,-4
1781756702147591325,5478.12,473.45,2.11215,2.01475,1.9913,0.134048,0.225856,0.057696,0.731136,0.84256,0.040431,6131954,6131954,1663433,27.1273,1920,1080,raygs,triangles,1,off,0.1,on,-4
1781756702149652192,5480.18,473.43,2.11224,2.04656,2.02429,0.133696,0.225536,0.058368,0.762176,0.844512,0.029954,6131954,6131954,1663433,27.1273,1920,1080,raygs,triangles,1,off,0.1,on,-4
1781756702151683004,5482.21,473.382,2.11246,2.02122,1.9999,0.134048,0.225408,0.058368,0.738304,0.843776,0.02197,6131954,6131954,1663433,27.1273,1920,1080,raygs,triangles,1,off,0.1,on,-4
1781756702153735812,5484.27,473.863,2.11031,2.01894,1.99597,0.134176,0.225056,0.057728,0.735232,0.843776,0.035301,6131954,6131954,1663433,27.1273,1920,1080,raygs,triangles,1,off,0.1,on,-4
1781756702155837461,5486.37,475.148,2.10461,2.01856,1.99754,0.133728,0.225248,0.058368,0.73568,0.844512,0.03619,6131954,6131954,1663433,27.1273,1920,1080,raygs,triangles,1,off,0.1,on,-4
1781756702157950942,5488.48,474.78,2.10624,2.13478,2.11245,0.133568,0.342528,0.058368,0.733184,0.8448,0.028663,6131954,6131954,1663433,27.1273,1920,1080,raygs,triangles,1,off,0.1,on,-4
1781756702160173563,5490.7,474.416,2.10786,2.01795,1.99674,0.134592,0.224768,0.058368,0.734208,0.8448,0.035164,6131954,6131954,1663433,27.1273,1920,1080,raygs,triangles,1,off,0.1,on,-4
1781756702162404582,5492.94,474.004,2.10969,2.19555,2.17232,0.137696,0.223424,0.058368,0.908288,0.844544,0.031009,6131954,6131954,1663433,27.1273,1920,1080,raygs,triangles,1,off,0.1,on,-4
1781756702164439488,5494.97,473.515,2.11186,2.01462,1.9928,0.134176,0.22432,0.058368,0.731136,0.8448,0.033304,6131954,6131954,1663433,27.1273,1920,1080,raygs,triangles,1,off,0.1,on,-4
1781756702166506822,5497.04,473.398,2.11239,2.04445,2.02291,0.134304,0.225632,0.058368,0.759808,0.8448,0.033479,6131954,6131954,1663433,27.1273,1920,1080,raygs,triangles,1,off,0.1,on,-4
1781756702168556032,5499.09,473.337,2.11266,2.0185,1.99485,0.133696,0.225568,0.057568,0.73424,0.843776,0.033097,6131954,6131954,1663433,27.1273,1920,1080,raygs,triangles,1,off,0.1,on,-4
1781756702170586167,5501.12,473.715,2.11097,2.01747,1.99488,0.134048,0.225728,0.058368,0.73216,0.844576,0.033978,6131954,6131954,1663433,27.1273,1920,1080,raygs,triangles,1,off,0.1,on,-4
1781756702172651610,5503.18,475.298,2.10394,2.01949,1.9967,0.133664,0.225664,0.057344,0.736256,0.843776,0.039611,6131954,6131954,1663433,27.1273,1920,1080,raygs,triangles,1,off,0.1,on,-4
1781756702174817292,5505.35,475.229,2.10425,2.13578,2.1135,0.133408,0.343936,0.058176,0.733184,0.8448,0.03271,6131954,6131954,1663433,27.1273,1920,1080,raygs,triangles,1,off,0.1,on,-4
1781756702177084300,5507.61,474.776,2.10626,2.15082,2.12739,0.134176,0.356864,0.057344,0.735232,0.843776,0.016884,6131954,6131954,1663433,27.1273,1920,1080,raygs,triangles,1,off,0.1,on,-4
1781756702179322321,5509.85,473.791,2.11063,2.19405,2.17104,0.138848,0.224448,0.057728,0.90624,0.843776,0.026475,6131954,6131954,1663433,27.1273,1920,1080,raygs,triangles,1,off,0.1,on,-4
1781756702181374677,5511.91,473.152,2.11349,2.0137,1.99104,0.13408,0.224992,0.058112,0.729088,0.844768,0.033711,6131954,6131954,1663433,27.1273,1920,1080,raygs,triangles,1,off,0.1,on,-4
1781756702183430197,5513.96,473.227,2.11315,2.04774,2.02518,0.13424,0.22592,0.058368,0.76288,0.843776,0.019608,6131954,6131954,1663433,27.1273,1920,1080,raygs,triangles,1,off,0.1,on,-4
1781756702185500826,5516.03,473.554,2.11169,2.016,1.99251,0.133216,0.224416,0.057344,0.734208,0.843328,0.03556,6131954,6131954,1663433,27.1273,1920,1080,raygs,triangles,1,off,0.1,on,-4
1781756702187506825,5518.04,473.548,2.11172,2.01686,1.99459,0.133248,0.223968,0.057344,0.736256,0.843776,0.017218,6131954,6131954,1663433,27.1273,1920,1080,raygs,triangles,1,off,0.1,on,-4
1781756702189564387,5520.1,474.896,2.10573,2.02147,1.99878,0.134304,0.225472,0.057344,0.73728,0.844384,0.025897,6131954,6131954,1663433,27.1273,1920,1080,raygs,triangles,1,off,0.1,on,-4
1781756702191726002,5522.26,474.881,2.10579,2.13856,2.11536,0.133888,0.34512,0.057344,0.734208,0.8448,0.025502,6131954,6131954,1663433,27.1273,1920,1080,raygs,triangles,1,off,0.1,on,-4
1781756702193981878,5524.51,474.386,2.10799,2.01744,1.99517,0.133664,0.225472,0.058368,0.73216,0.845504,0.025528,6131954,6131954,1663433,27.1273,1920,1080,raygs,triangles,1,off,0.1,on,-4
1781756702196165226,5526.7,473.55,2.11171,2.16189,2.13949,0.149088,0.221952,0.058368,0.866304,0.843776,0.024441,6131954,6131954,1663433,27.1273,1920,1080,raygs,triangles,1,off,0.1,on,-4
1781756702198207631,5528.74,473.045,2.11396,2.01178,1.98909,0.134112,0.224768,0.057344,0.729088,0.843776,0.032635,6131954,6131954,1663433,27.1273,1920,1080,raygs,triangles,1,off,0.1,on,-4
1781756702200253154,5530.78,473.101,2.11371,2.01581,1.99347,0.134048,0.226144,0.059392,0.730112,0.843776,0.025118,6131954,6131954,1663433,27.1273,1920,1080,raygs,triangles,1,off,0.1,on,-4
1781756702202301553,5532.83,473.486,2.112,2.0185,1.99728,0.133696,0.225184,0.058368,0.736256,0.843776,0.02958,6131954,6131954,1663433,27.1273,1920,1080,raygs,triangles,1,off,0.1,on,-4
1781756702204338300,5534.87,473.541,2.11175,2.0207,1.99846,0.133856,0.225184,0.058368,0.738304,0.842752,0.025037,6131954,6131954,1663433,27.1273,1920,1080,raygs,triangles,1,off,0.1,on,-4
1781756702206406997,5536.94,474.896,2.10572,2.0209,1.99862,0.134048,0.22416,0.058336,0.738304,0.843776,0.027994,6131954,6131954,1663433,27.1273,1920,1080,raygs,triangles,1,off,0.1,on,-4
1781756702208551434,5539.08,474.747,2.10638,2.13552,2.11226,0.133952,0.342976,0.057344,0.734208,0.843776,0.025308,6131954,6131954,1663433,27.1273,1920,1080,raygs,triangles,1,off,0.1,on,-4
1781756702210938538,5541.47,474.432,2.10779,2.24086,1.99424,0.133888,0.22496,0.058368,0.73232,0.844704,0.025798,6131954,6131954,1663433,27.1273,1920,1080,raygs,triangles,1,off,0.1,on,-4
1781756702212970078,5543.5,473.13,2.11358,2.01277,1.99046,0.13824,0.22304,0.057344,0.728064,0.843776,0.024151,6131954,6131954,1663433,27.1273,1920,1080,raygs,triangles,1,off,0.1,on,-4
1781756702215025814,5545.56,473.131,2.11358,2.01565,1.99184,0.13392,0.225504,0.057344,0.730272,0.8448,0.024678,6131954,6131954,1663433,27.1273,1920,1080,raygs,triangles,1,off,0.1,on,-4
1781756702217056724,5547.59,473.235,2.11311,2.01379,1.99296,0.134112,0.226016,0.058048,0.730112,0.844672,0.024533,6131954,6131954,1663433,27.1273,1920,1080,raygs,triangles,1,off,0.1,on,-4
1781756702219097818,5549.63,473.738,2.11087,2.01958,1.99846,0.133728,0.226336,0.058368,0.736256,0.843776,0.024104,6131954,6131954,1663433,27.1273,1920,1080,raygs,triangles,1,off,0.1,on,-4
1781756702221141734,5551.67,473.852,2.11036,2.01834,1.99638,0.133504,0.225504,0.058368,0.735232,0.843776,0.026352,6131954,6131954,1663433,27.1273,1920,1080,raygs,triangles,1,off,0.1,on,-4
1781756702223316974,5553.85,475.015,2.1052,2.01626,1.99395,0.133952,0.224672,0.057344,0.73344,0.844544,0.025687,6131954,6131954,1663433,27.1273,1920,1080,raygs,triangles,1,off,0.1,on,-4
1781756702225359287,5555.89,474.327,2.10825,2.02189,1.99962,0.137472,0.225696,0.057376,0.734272,0.8448,0.027628,6131954,6131954,1663433,27.1273,1920,1080,raygs,triangles,1,off,0.1,on,-4
1781756702227667737,5558.2,474.382,2.108,2.26032,2.23706,0.133824,0.22496,0.0576,0.975872,0.8448,0.036663,6131954,6131954,1663433,27.1273,1920,1080,raygs,triangles,1,off,0.1,on,-4
1781756702229804906,5560.34,473.51,2.11189,2.13069,2.10982,0.254368,0.224224,0.057344,0.730112,0.843776,0.017266,6131954,6131954,1663433,27.1273,1920,1080,raygs,triangles,1,off,0.1,on,-4
1781756702231855549,5562.39,473.171,2.1134,2.01386,1.99203,0.13312,0.225632,0.058368,0.730112,0.8448,0.027171,6131954,6131954,1663433,27.1273,1920,1080,raygs,triangles,1,off,0.1,on,-4
1781756702233891917,5564.42,473.48,2.11202,2.01718,1.99488,0.139104,0.22352,0.057344,0.730112,0.8448,0.026146,6131954,6131954,1663433,27.1273,1920,1080,raygs,triangles,1,off,0.1,on,-4
1781756702235977387,5566.51,474.026,2.10959,2.01683,1.99478,0.13408,0.225216,0.058528,0.733184,0.843776,0.042609,6131954,6131954,1663433,27.1273,1920,1080,raygs,triangles,1,off,0.1,on,-4
1781756702238006549,5568.54,474.562,2.10721,2.01891,1.99658,0.133696,0.226528,0.058368,0.734272,0.843712,0.028674,6131954,6131954,1663433,27.1273,1920,1080,raygs,triangles,1,off,0.1,on,-4
1781756702240134065,5570.66,475.632,2.10246,2.01699,1.99507,0.134368,0.225984,0.058656,0.73232,0.843744,0.016588,6131954,6131954,1663433,27.1273,1920,1080,raygs,triangles,1,off,0.1,on,-4
1781756702242214733,5572.75,475.227,2.10426,2.02109,1.99994,0.138304,0.226304,0.058368,0.734208,0.842752,0.041474,6131954,6131954,1663433,27.1273,1920,1080,raygs,triangles,1,off,0.1,on,-4
1781756702244528838,5575.06,475.18,2.10447,2.27296,2.2497,0.134208,0.225184,0.057344,0.989184,0.843776,0.029116,6131954,6131954,1663433,27.1273,1920,1080,raygs,triangles,1,off,0.1,on,-4
1781756702246654392,5577.19,474.088,2.10931,2.16365,2.14234,0.282048,0.228032,0.0576,0.730112,0.844544,0.018281,6131954,6131954,1663433,27.1273,1920,1080,raygs,triangles,1,off,0.1,on,-4
1781756702248736556,5579.27,474.178,2.10891,2.01424,1.99162,0.134528,0.225888,0.058368,0.729088,0.843744,0.039023,6131954,6131954,1663433,27.1273,1920,1080,raygs,triangles,1,off,0.1,on,-4
1781756702250741594,5581.27,473.8,2.11059,2.0137,1.99232,0.133472,0.225568,0.058368,0.731136,0.843776,0.015629,6131954,6131954,1663433,27.1273,1920,1080,raygs,triangles,1,off,0.1,on,-4
1781756702252793631,5583.32,474.283,2.10844,2.01901,1.99558,0.133696,0.225536,0.057344,0.735232,0.843776,0.025685,6131954,6131954,1663433,27.1273,1920,1080,raygs,triangles,1,off,0.1,on,-4
1781756702254823369,5585.35,474.335,2.10821,2.02227,1.99914,0.134368,0.227392,0.057344,0.73728,0.842752,0.025155,6131954,6131954,1663433,27.1273,1920,1080,raygs,triangles,1,off,0.1,on,-4
1781756702257007668,5587.54,475.609,2.10257,2.016,1.99373,0.133792,0.224608,0.057344,0.733184,0.8448,0.025172,6131954,6131954,1663433,27.1273,1920,1080,raygs,triangles,1,off,0.1,on,-4
1781756702259072073,5589.6,475.054,2.10502,2.02531,2.00426,0.137792,0.224896,0.058368,0.73856,0.84464,0.035256,6131954,6131954,1663433,27.1273,1920,1080,raygs,triangles,1,off,0.1,on,-4
1781756702261666822,5592.2,474.897,2.10572,2.36838,2.34918,0.299232,0.222112,0.057344,0.924672,0.845824,0.043114,6131954,6131954,1663433,27.1273,1920,1080,raygs,triangles,1,off,0.1,on,-4
1781756702263618836,5594.15,473.03,2.11403,2.01379,1.99302,0.13408,0.224736,0.058368,0.73216,0.84368,0.035992,6131954,6131954,1663433,27.1273,1920,1080,raygs,triangles,1,off,0.1,on,-4
1781756702265652975,5596.18,473.351,2.1126,2.01379,1.99235,0.13408,0.224224,0.058368,0.731136,0.844544,0.036873,6131954,6131954,1663433,27.1273,1920,1080,raygs,triangles,1,off,0.1,on,-4
1781756702267686763,5598.22,473.399,2.11238,2.01622,1.99267,0.13344,0.225696,0.057792,0.73216,0.843584,0.034871,6131954,6131954,1663433,27.1273,1920,1080,raygs,triangles,1,off,0.1,on,-4
1781756702269731667,5600.26,473.855,2.11035,2.01981,1.99645,0.133568,0.225504,0.057344,0.736256,0.843776,0.03431,6131954,6131954,1663433,27.1273,1920,1080,raygs,triangles,1,off,0.1,on,-4
1781756702271782174,5602.31,473.943,2.10996,2.01792,1.99683,0.133088,0.225664,0.058368,0.735232,0.84448,0.034777,6131954,6131954,1663433,27.1273,1920,1080,raygs,triangles,1,off,0.1,on,-4
1781756702273943125,5604.47,475.176,2.10448,2.02205,1.99981,0.134912,0.225472,0.058368,0.738304,0.842752,0.034421,6131954,6131954,1663433,27.1273,1920,1080,raygs,triangles,1,off,0.1,on,-4
1781756702275992925,5606.52,474.792,2.10618,2.02525,2.00186,0.137408,0.224,0.057344,0.738304,0.8448,0.033749,6131954,6131954,1663433,27.1273,1920,1080,raygs,triangles,1,off,0.1,on,-4
1781756702278260456,5608.79,474.838,2.10598,2.3679,2.34979,0.358176,0.222496,0.058368,0.866304,0.844448,0.01471,6131954,6131954,1663433,27.1273,1920,1080,raygs,triangles,1,off,0.1,on,-4
1781756702280310251,5610.84,474.062,2.10943,2.01674,1.9953,0.133888,0.225056,0.058368,0.734208,0.843776,0.02601,6131954,6131954,1663433,27.1273,1920,1080,raygs,triangles,1,off,0.1,on,-4
1781756702282347553,5612.88,474.063,2.10942,2.01782,1.99658,0.134016,0.225184,0.058368,0.734208,0.8448,0.025073,6131954,6131954,1663433,27.1273,1920,1080,raygs,triangles,1,off,0.1,on,-4
1781756702284385758,5614.92,474.301,2.10837,2.01744,1.9968,0.133632,0.2272,0.058368,0.734208,0.843392,0.024386,6131954,6131954,1663433,27.1273,1920,1080,raygs,triangles,1,off,0.1,on,-4
1781756702286440881,5616.97,474.594,2.10706,2.02483,2.00253,0.134592,0.226464,0.057344,0.740352,0.843776,0.029032,6131954,6131954,1663433,27.1273,1920,1080,raygs,triangles,1,off,0.1,on,-4
1781756702288493349,5619.02,475.252,2.10415,2.01946,1.996,0.1336,0.225024,0.057344,0.73728,0.842752,0.025197,6131954,6131954,1663433,27.1273,1920,1080,raygs,triangles,1,off,0.1,on,-4
1781756702290647321,5621.18,475.887,2.10134,2.01654,1.99402,0.133504,0.224352,0.058176,0.733184,0.8448,0.024987,6131954,6131954,1663433,27.1273,1920,1080,raygs,triangles,1,off,0.1,on,-4
1781756702292741902,5623.27,475.48,2.10314,2.02688,2.00477,0.137984,0.224288,0.057344,0.741376,0.843776,0.037926,6131954,6131954,1663433,27.1273,1920,1080,raygs,triangles,1,off,0.1,on,-4
1781756702295129805,5625.66,475.299,2.10394,2.35107,2.3311,0.286304,0.22208,0.058368,0.919552,0.8448,0.029918,6131954,6131954,1663433,27.1273,1920,1080,raygs,triangles,1,off,0.1,on,-4
1781756702297135761,5627.67,473.979,2.1098,2.01382,1.99011,0.134272,0.224832,0.058368,0.729088,0.843552,0.023711,6131954,6131954,1663433,27.1273,1920,1080,raygs,triangles,1,off,0.1,on,-4
1781756702299171312,5629.7,474.148,2.10905,2.0121,1.99059,0.134432,0.225376,0.058368,0.729088,0.843328,0.020076,6131954,6131954,1663433,27.1273,1920,1080,raygs,triangles,1,off,0.1,on,-4
1781756702301303746,5631.83,474.21,2.10877,2.01805,1.99507,0.133216,0.226528,0.057344,0.733184,0.8448,0.03981,6131954,6131954,1663433,27.1273,1920,1080,raygs,triangles,1,off,0.1,on,-4
1781756702303287660,5633.82,474.347,2.10816,2.02166,2.0008,0.13408,0.226688,0.058368,0.73728,0.844384,0.027952,6131954,6131954,1663433,27.1273,1920,1080,raygs,triangles,1,off,0.1,on,-4
1781756702305347711,5635.88,475.505,2.10303,2.02048,1.99725,0.133792,0.225792,0.057664,0.735232,0.844768,0.029405,6131954,6131954,1663433,27.1273,1920,1080,raygs,triangles,1,off,0.1,on,-4
1781756702307538632,5638.07,476.128,2.10028,2.02054,1.99664,0.133696,0.225856,0.057344,0.736256,0.843488,0.031866,6131954,6131954,1663433,27.1273,1920,1080,raygs,triangles,1,off,0.1,on,-4
1781756702309550620,5640.08,475.55,2.10283,2.02544,2.00234,0.137568,0.223968,0.057664,0.738752,0.844384,0.028908,6131954,6131954,1663433,27.1273,1920,1080,raygs,triangles,1,off,0.1,on,-4
1781756702311916569,5642.45,475.814,2.10166,2.3487,2.328,0.299072,0.221568,0.057344,0.90624,0.843776,0.028488,6131954,6131954,1663433,27.1273,1920,1080,raygs,triangles,1,off,0.1,on,-4
1781756702313973142,5644.5,474.618,2.10696,2.01165,1.99104,0.134016,0.224192,0.058368,0.730112,0.844352,0.026782,6131954,6131954,1663433,27.1273,1920,1080,raygs,triangles,1,off,0.1,on,-4
1781756702316059473,5646.59,474.526,2.10737,2.01283,1.99123,0.134528,0.223424,0.058368,0.731136,0.843776,0.031832,6131954,6131954,1663433,27.1273,1920,1080,raygs,triangles,1,off,0.1,on,-4
1781756702318180484,5648.71,474.347,2.10816,2.14669,2.12442,0.133888,0.351104,0.057344,0.738304,0.843776,0.027528,6131954,6131954,1663433,27.1273,1920,1080,raygs,triangles,1,off,0.1,on,-4
1781756702320214744,5650.75,474.511,2.10743,2.02013,1.99773,0.133728,0.225632,0.057664,0.736256,0.844448,0.02918,6131954,6131954,1663433,27.1273,1920,1080,raygs,triangles,1,off,0.1,on,-4
1781756702322255339,5652.79,475.402,2.10348,2.02096,1.99962,0.134272,0.224992,0.058368,0.73728,0.844704,0.024701,6131954,6131954,1663433,27.1273,1920,1080,raygs,triangles,1,off,0.1,on,-4
1781756702324522962,5655.05,475.918,2.1012,2.13558,2.1145,0.134016,0.34208,0.058368,0.736256,0.843776,0.020806,6131954,6131954,1663433,27.1273,1920,1080,raygs,triangles,1,off,0.1,on,-4
1781756702326520728,5657.05,475.048,2.10505,2.01949,1.99645,0.136672,0.22368,0.057504,0.735232,0.84336,0.028486,6131954,6131954,1663433,27.1273,1920,1080,raygs,triangles,1,off,0.1,on,-4
1781756702328909685,5659.44,475.241,2.1042,2.3593,2.33898,0.297312,0.222944,0.057344,0.91584,0.845536,0.03039,6131954,6131954,1663433,27.1273,1920,1080,raygs,triangles,1,off,0.1,on,-4
1781756702330961008,5661.49,473.966,2.10986,2.01517,1.99251,0.13456,0.225696,0.058368,0.730112,0.843776,0.027542,6131954,6131954,1663433,27.1273,1920,1080,raygs,triangles,1,off,0.1,on,-4
1781756702333034689,5663.57,473.874,2.11027,2.04461,2.02262,0.133728,0.224736,0.058368,0.76112,0.844672,0.025551,6131954,6131954,1663433,27.1273,1920,1080,raygs,triangles,1,off,0.1,on,-4
1781756702335082621,5665.61,473.885,2.11022,2.01952,1.99731,0.133664,0.226048,0.057472,0.735648,0.84448,0.025812,6131954,6131954,1663433,27.1273,1920,1080,raygs,triangles,1,off,0.1,on,-4
1781756702337099906,5667.63,474.224,2.10871,2.02096,1.99744,0.133792,0.226432,0.057344,0.735232,0.84464,0.024974,6131954,6131954,1663433,27.1273,1920,1080,raygs,triangles,1,off,0.1,on,-4
1781756702339148061,5669.68,475.663,2.10233,2.02006,1.99779,0.1344,0.226016,0.057344,0.734368,0.845664,0.025088,6131954,6131954,1663433,27.1273,1920,1080,raygs,triangles,1,off,0.1,on,-4
1781756702341331484,5671.86,475.563,2.10277,2.14262,2.12048,0.13392,0.349152,0.057696,0.735232,0.84448,0.027278,6131954,6131954,1663433,27.1273,1920,1080,raygs,triangles,1,off,0.1,on,-4
1781756702343533819,5674.06,475.079,2.10491,2.01814,1.996,0.133344,0.22528,0.058368,0.735232,0.843776,0.026392,6131954,6131954,1663433,27.1273,1920,1080,raygs,triangles,1,off,0.1,on,-4
1781756702345789289,5676.32,474.475,2.10759,2.21299,2.18973,0.13872,0.224192,0.057344,0.924672,0.8448,0.032539,6131954,6131954,1663433,27.1273,1920,1080,raygs,triangles,1,off,0.1,on,-4
1781756702347815418,5678.35,473.65,2.11126,2.01405,1.9913,0.134336,0.22496,0.057344,0.729088,0.845568,0.025092,6131954,6131954,1663433,27.1273,1920,1080,raygs,triangles,1,off,0.1,on,-4
1781756702349883118,5680.41,473.703,2.11103,2.04368,2.02131,0.135328,0.225504,0.057344,0.759808,0.843328,0.024991,6131954,6131954,1663433,27.1273,1920,1080,raygs,triangles,1,off,0.1,on,-4
1781756702351916640,5682.45,474.125,2.10915,2.02093,1.99888,0.133216,0.225216,0.058368,0.738304,0.843776,0.024372,6131954,6131954,1663433,27.1273,1920,1080,raygs,triangles,1,off,0.1,on,-4
1781756702353960542,5684.49,474.171,2.10895,2.01862,1.99638,0.133792,0.225216,0.057344,0.735232,0.8448,0.023964,6131954,6131954,1663433,27.1273,1920,1080,raygs,triangles,1,off,0.1,on,-4
1781756702356031461,5686.56,475.101,2.10482,2.01888,1.99722,0.134048,0.226176,0.057344,0.735232,0.844416,0.02748,6131954,6131954,1663433,27.1273,1920,1080,raygs,triangles,1,off,0.1,on,-4
1781756702358181207,5688.71,475.389,2.10354,2.13728,2.11338,0.133696,0.344608,0.057344,0.733184,0.844544,0.024771,6131954,6131954,1663433,27.1273,1920,1080,raygs,triangles,1,off,0.1,on,-4
1781756702360394088,5690.92,475.031,2.10513,2.02221,2,0.134304,0.227168,0.058368,0.73552,0.84464,0.026792,6131954,6131954,1663433,27.1273,1920,1080,raygs,triangles,1,off,0.1,on,-4
1781756702362616234,5693.15,474.373,2.10805,2.21325,2.19008,0.138976,0.223264,0.057344,0.92672,0.843776,0.026648,6131954,6131954,1663433,27.1273,1920,1080,raygs,triangles,1,off,0.1,on,-4
1781756702364646573,5695.18,473.809,2.11056,2.01462,1.99309,0.134144,0.223776,0.058368,0.731136,0.845664,0.02462,6131954,6131954,1663433,27.1273,1920,1080,raygs,triangles,1,off,0.1,on,-4
1781756702366732939,5697.26,473.801,2.11059,2.0448,2.02176,0.134368,0.225856,0.058016,0.758784,0.844736,0.028762,6131954,6131954,1663433,27.1273,1920,1080,raygs,triangles,1,off,0.1,on,-4
1781756702368829059,5699.36,474.018,2.10963,2.02061,1.99734,0.134688,0.224992,0.057536,0.735424,0.844704,0.038531,6131954,6131954,1663433,27.1273,1920,1080,raygs,triangles,1,off,0.1,on,-4
1781756702370880156,5701.41,473.881,2.11024,2.01917,1.9968,0.133856,0.225568,0.057344,0.736256,0.843776,0.029979,6131954,6131954,1663433,27.1273,1920,1080,raygs,triangles,1,off,0.1,on,-4
1781756702372950730,5703.48,474.888,2.10576,2.01702,1.9945,0.133248,0.225792,0.058336,0.733568,0.843552,0.031276,6131954,6131954,1663433,27.1273,1920,1080,raygs,triangles,1,off,0.1,on,-4
1781756702375040871,5705.57,475.142,2.10463,2.14118,2.11856,0.134016,0.344384,0.057344,0.73728,0.845536,0.01627,6131954,6131954,1663433,27.1273,1920,1080,raygs,triangles,1,off,0.1,on,-4
1781756702377259787,5707.79,475.035,2.10511,2.01536,1.99306,0.13376,0.224992,0.057344,0.733184,0.843776,0.028671,6131954,6131954,1663433,27.1273,1920,1080,raygs,triangles,1,off,0.1,on,-4
1781756702379487999,5710.02,474.279,2.10846,2.19584,2.17411,0.137984,0.223648,0.058368,0.908288,0.845824,0.027496,6131954,6131954,1663433,27.1273,1920,1080,raygs,triangles,1,off,0.1,on,-4
1781756702381571964,5712.1,473.617,2.11141,2.01354,1.99018,0.133824,0.226176,0.057344,0.729088,0.843744,0.045034,6131954,6131954,1663433,27.1273,1920,1080,raygs,triangles,1,off,0.1,on,-4
1781756702383601180,5714.13,473.426,2.11226,2.0464,2.02429,0.13392,0.225792,0.058368,0.761856,0.844352,0.016354,6131954,6131954,1663433,27.1273,1920,1080,raygs,triangles,1,off,0.1,on,-4
1781756702385691234,5716.22,474.016,2.10963,2.0183,1.996,0.133472,0.225792,0.057728,0.734208,0.8448,0.044446,6131954,6131954,1663433,27.1273,1920,1080,raygs,triangles,1,off,0.1,on,-4
1781756702387859024,5718.39,474.245,2.10861,2.01811,1.99597,0.13376,0.224832,0.058368,0.735232,0.843776,0.029599,6131954,6131954,1663433,27.1273,1920,1080,raygs,triangles,1,off,0.1,on,-4
1781756702389872532,5720.4,475.574,2.10272,2.0201,1.99712,0.136288,0.223392,0.057344,0.735616,0.84448,0.02678,6131954,6131954,1663433,27.1273,1920,1080,raygs,triangles,1,off,0.1,on,-4
1781756702392142136,5722.67,475.339,2.10376,2.25914,2.2392,0.253856,0.221888,0.058368,0.861344,0.843744,0.015726,6131954,6131954,1663433,27.1273,1920,1080,raygs,triangles,1,off,0.1,on,-4
1781756702394402801,5724.93,474.437,2.10776,2.18563,2.16435,0.133824,0.225216,0.058368,0.903168,0.843776,0.038275,6131954,6131954,1663433,27.1273,1920,1080,raygs,triangles,1,off,0.1,on,-4
1781756702396564315,5727.09,473.571,2.11161,2.18528,2.16435,0.302496,0.226784,0.058368,0.73216,0.844544,0.015182,6131954,6131954,1663433,27.1273,1920,1080,raygs,triangles,1,off,0.1,on,-4
1781756702398607541,5729.14,473.166,2.11342,2.01258,1.9904,0.13392,0.224224,0.058368,0.730112,0.843776,0.025509,6131954,6131954,1663433,27.1273,1920,1080,raygs,triangles,1,off,0.1,on,-4
1781756702400649088,5731.18,473.182,2.11335,2.02112,2.00006,0.139936,0.225536,0.058656,0.73216,0.843776,0.026625,6131954,6131954,1663433,27.1273,1920,1080,raygs,triangles,1,off,0.1,on,-4
1781756702402699513,5733.23,473.638,2.11132,2.02173,2.00038,0.133984,0.225952,0.058368,0.738304,0.843776,0.025298,6131954,6131954,1663433,27.1273,1920,1080,raygs,triangles,1,off,0.1,on,-4
1781756702404748339,5735.28,473.634,2.11134,2.01949,1.99754,0.13376,0.22496,0.05776,0.736256,0.8448,0.024819,6131954,6131954,1663433,27.1273,1920,1080,raygs,triangles,1,off,0.1,on,-4
1781756702406905050,5737.44,474.367,2.10807,2.01805,1.99606,0.13376,0.225632,0.057664,0.735232,0.843776,0.028956,6131954,6131954,1663433,27.1273,1920,1080,raygs,triangles,1,off,0.1,on,-4
1781756702408977147,5739.51,473.968,2.10985,2.02387,2.0015,0.137184,0.223872,0.058368,0.73728,0.8448,0.032846,6131954,6131954,1663433,27.1273,1920,1080,raygs,triangles,1,off,0.1,on,-4
1781756702411152796,5741.68,473.824,2.11049,2.1791,2.15581,0.134528,0.22416,0.057344,0.896,0.843776,0.018755,6131954,6131954,1663433,27.1273,1920,1080,raygs,triangles,1,off,0.1,on,-4
1781756702413357229,5743.89,473.312,2.11277,2.1745,2.15446,0.292768,0.227328,0.058272,0.732352,0.843744,0.025306,6131954,6131954,1663433,27.1273,1920,1080,raygs,triangles,1,off,0.1,on,-4
1781756702415395455,5745.93,472.758,2.11525,2.01315,1.99014,0.13344,0.225792,0.058048,0.729088,0.843776,0.025801,6131954,6131954,1663433,27.1273,1920,1080,raygs,triangles,1,off,0.1,on,-4
1781756702417436997,5747.97,472.811,2.11501,2.01411,1.9927,0.135552,0.224896,0.058368,0.729088,0.8448,0.025026,6131954,6131954,1663433,27.1273,1920,1080,raygs,triangles,1,off,0.1,on,-4
1781756702419473951,5750,473.224,2.11316,2.01946,1.99568,0.133632,0.225696,0.057344,0.736256,0.842752,0.024857,6131954,6131954,1663433,27.1273,1920,1080,raygs,triangles,1,off,0.1,on,-4
1781756702421522778,5752.05,473.491,2.11197,2.02134,2.00051,0.13344,0.224928,0.058016,0.739328,0.8448,0.024466,6131954,6131954,1663433,27.1273,1920,1080,raygs,triangles,1,off,0.1,on,-4
1781756702423694200,5754.22,474.806,2.10612,2.02042,1.99709,0.133536,0.22512,0.058432,0.735232,0.844768,0.02587,6131954,6131954,1663433,27.1273,1920,1080,raygs,triangles,1,off,0.1,on,-4
1781756702425760733,5756.29,474.107,2.10923,2.02304,1.99866,0.137376,0.223904,0.057344,0.736256,0.843776,0.039809,6131954,6131954,1663433,27.1273,1920,1080,raygs,triangles,1,off,0.1,on,-4
1781756702428105084,5758.64,474.019,2.10962,2.34531,2.32474,0.331872,0.224032,0.057536,0.867552,0.843744,0.018232,6131954,6131954,1663433,27.1273,1920,1080,raygs,triangles,1,off,0.1,on,-4
1781756702430146921,5760.68,473.227,2.11315,2.01171,1.98992,0.134048,0.225024,0.058368,0.729088,0.843392,0.026061,6131954,6131954,1663433,27.1273,1920,1080,raygs,triangles,1,off,0.1,on,-4
1781756702432199580,5762.73,472.977,2.11427,2.01398,1.99146,0.13328,0.22592,0.058368,0.730112,0.843776,0.027532,6131954,6131954,1663433,27.1273,1920,1080,raygs,triangles,1,off,0.1,on,-4
1781756702434227607,5764.76,472.985,2.11423,2.0143,1.99197,0.134144,0.224544,0.057344,0.73216,0.843776,0.024791,6131954,6131954,1663433,27.1273,1920,1080,raygs,triangles,1,off,0.1,on,-4
1781756702436296875,5766.83,473.641,2.1113,2.0185,1.99645,0.13376,0.226368,0.058336,0.733184,0.8448,0.033032,6131954,6131954,1663433,27.1273,1920,1080,raygs,triangles,1,off,0.1,on,-4
1781756702438326142,5768.86,473.393,2.11241,2.0199,1.99629,0.134176,0.224928,0.057344,0.736256,0.843584,0.020143,6131954,6131954,1663433,27.1273,1920,1080,raygs,triangles,1,off,0.1,on,-4
1781756702440495588,5771.03,474.655,2.10679,2.02125,1.99997,0.133536,0.22496,0.059392,0.738304,0.843776,0.026713,6131954,6131954,1663433,27.1273,1920,1080,raygs,triangles,1,off,0.1,on,-4
1781756702442552003,5773.08,474.234,2.10866,2.02458,2.00141,0.137696,0.223264,0.057344,0.738304,0.8448,0.03242,6131954,6131954,1663433,27.1273,1920,1080,raygs,triangles,1,off,0.1,on,-4
1781756702444894726,5775.43,474.386,2.10799,2.32851,2.30733,0.31872,0.222208,0.057344,0.86528,0.843776,0.020042,6131954,6131954,1663433,27.1273,1920,1080,raygs,triangles,1,off,0.1,on,-4
1781756702446986505,5777.52,473.515,2.11187,2.01219,1.98973,0.133504,0.22464,0.058144,0.730112,0.843328,0.043185,6131954,6131954,1663433,27.1273,1920,1080,raygs,triangles,1,off,0.1,on,-4
1781756702449004413,5779.54,473.271,2.11295,2.0136,1.99091,0.134464,0.226464,0.057344,0.72704,0.8456,0.028382,6131954,6131954,1663433,27.1273,1920,1080,raygs,triangles,1,off,0.1,on,-4
1781756702451013673,5781.54,473.357,2.11257,2.01696,1.99501,0.134464,0.226304,0.058208,0.732256,0.843776,0.0156,6131954,6131954,1663433,27.1273,1920,1080,raygs,triangles,1,off,0.1,on,-4
1781756702453089566,5783.62,474.36,2.1081,2.02026,1.99763,0.133376,0.225568,0.05808,0.735232,0.845376,0.038766,6131954,6131954,1663433,27.1273,1920,1080,raygs,triangles,1,off,0.1,on,-4
1781756702455325963,5785.86,474.082,2.10934,2.0207,1.99946,0.13472,0.226336,0.058368,0.736256,0.843776,0.031319,6131954,6131954,1663433,27.1273,1920,1080,raygs,triangles,1,off,0.1,on,-4
1781756702457433445,5787.96,474.58,2.10713,2.15155,2.12822,0.13776,0.224064,0.057344,0.866304,0.842752,0.027459,6131954,6131954,1663433,27.1273,1920,1080,raygs,triangles,1,off,0.1,on,-4
1781756702459610820,5790.14,474.412,2.10787,2.13789,2.11805,0.253088,0.222432,0.058368,0.73936,0.8448,0.030554,6131954,6131954,1663433,27.1273,1920,1080,raygs,triangles,1,off,0.1,on,-4
1781756702461975632,5792.51,473.99,2.10975,2.3648,2.3447,0.303872,0.224256,0.058368,0.913408,0.8448,0.01638,6131954,6131954,1663433,27.1273,1920,1080,raygs,triangles,1,off,0.1,on,-4
1781756702464017083,5794.55,472.83,2.11493,2.01766,1.99539,0.134912,0.225152,0.058368,0.73216,0.8448,0.026139,6131954,6131954,1663433,27.1273,1920,1080,raygs,triangles,1,off,0.1,on,-4
1781756702466066655,5796.6,472.736,2.11535,2.01536,1.99197,0.133664,0.225024,0.058368,0.730112,0.8448,0.027644,6131954,6131954,1663433,27.1273,1920,1080,raygs,triangles,1,off,0.1,on,-4
1781756702468099763,5798.63,472.78,2.11515,2.01814,1.99478,0.133952,0.225472,0.057344,0.733536,0.84448,0.026038,6131954,6131954,1663433,27.1273,1920,1080,raygs,triangles,1,off,0.1,on,-4
1781756702470141861,5800.67,473.298,2.11283,2.0241,2.00189,0.133856,0.225376,0.058368,0.740832,0.843456,0.025069,6131954,6131954,1663433,27.1273,1920,1080,raygs,triangles,1,off,0.1,on,-4
1781756702472181889,5802.71,473.9,2.11015,2.0193,1.996,0.133504,0.224288,0.058176,0.735232,0.8448,0.024917,6131954,6131954,1663433,27.1273,1920,1080,raygs,triangles,1,off,0.1,on,-4
1781756702474360115,5804.89,474.711,2.10654,2.02192,2.00054,0.134048,0.225024,0.058368,0.739328,0.843776,0.025959,6131954,6131954,1663433,27.1273,1920,1080,raygs,triangles,1,off,0.1,on,-4
1781756702476407702,5806.94,474.145,2.10906,2.02387,2.00182,0.137024,0.224704,0.058016,0.738304,0.843776,0.032307,6131954,6131954,1663433,27.1273,1920,1080,raygs,triangles,1,off,0.1,on,-4
1781756702478767116,5809.3,474.217,2.10874,2.35382,2.33427,0.338976,0.222784,0.058336,0.869376,0.8448,0.019738,6131954,6131954,1663433,27.1273,1920,1080,raygs,triangles,1,off,0.1,on,-4
1781756702480819650,5811.35,472.978,2.11427,2.01456,1.99216,0.134816,0.225888,0.057568,0.729088,0.8448,0.026703,6131954,6131954,1663433,27.1273,1920,1080,raygs,triangles,1,off,0.1,on,-4
1781756702482852848,5813.38,472.957,2.11436,2.01542,1.99552,0.1344,0.225376,0.05808,0.733184,0.84448,0.025103,6131954,6131954,1663433,27.1273,1920,1080,raygs,triangles,1,off,0.1,on,-4
1781756702484897344,5815.43,473.116,2.11365,2.02429,2.00134,0.13328,0.224544,0.058368,0.740352,0.8448,0.024819,6131954,6131954,1663433,27.1273,1920,1080,raygs,triangles,1,off,0.1,on,-4
1781756702486954108,5817.48,473.509,2.11189,2.02112,1.99718,0.133216,0.225568,0.057344,0.73728,0.843776,0.027113,6131954,6131954,1663433,27.1273,1920,1080,raygs,triangles,1,off,0.1,on,-4
1781756702488994836,5819.53,474.098,2.10927,2.01872,1.99754,0.13408,0.226944,0.058368,0.734592,0.843552,0.025934,6131954,6131954,1663433,27.1273,1920,1080,raygs,triangles,1,off,0.1,on,-4
1781756702491149885,5821.68,474.762,2.10632,2.01824,1.99478,0.1336,0.224832,0.057344,0.735232,0.843776,0.024909,6131954,6131954,1663433,27.1273,1920,1080,raygs,triangles,1,off,0.1,on,-4
1781756702493223943,5823.75,474.293,2.1084,2.02656,2.00512,0.138656,0.226176,0.058368,0.73728,0.84464,0.034584,6131954,6131954,1663433,27.1273,1920,1080,raygs,triangles,1,off,0.1,on,-4
1781756702495602165,5826.13,474.357,2.10812,2.36957,2.34963,0.353824,0.223232,0.057344,0.870432,0.8448,0.018374,6131954,6131954,1663433,27.1273,1920,1080,raygs,triangles,1,off,0.1,on,-4
1781756702497657040,5828.19,473.298,2.11283,2.0159,1.99405,0.134176,0.224576,0.058336,0.73216,0.8448,0.024702,6131954,6131954,1663433,27.1273,1920,1080,raygs,triangles,1,off,0.1,on,-4
1781756702499695281,5830.23,473.29,2.11287,2.03338,2.01178,0.133216,0.22592,0.058368,0.749568,0.844704,0.024058,6131954,6131954,1663433,27.1273,1920,1080,raygs,triangles,1,off,0.1,on,-4
1781756702501746547,5832.28,473.414,2.11232,2.02365,2.00032,0.134112,0.225728,0.058592,0.738304,0.843584,0.024639,6131954,6131954,1663433,27.1273,1920,1080,raygs,triangles,1,off,0.1,on,-4
1781756702503793732,5834.32,473.573,2.1116,2.02003,1.99587,0.133088,0.225536,0.057344,0.735232,0.844672,0.024792,6131954,6131954,1663433,27.1273,1920,1080,raygs,triangles,1,off,0.1,on,-4
1781756702505953541,5836.48,474.218,2.10874,2.02141,1.99786,0.134528,0.225952,0.057344,0.736256,0.843776,0.045788,6131954,6131954,1663433,27.1273,1920,1080,raygs,triangles,1,off,0.1,on,-4
1781756702508037319,5838.57,474.409,2.10789,2.01939,1.99805,0.133824,0.2248,0.058368,0.73728,0.843776,0.017724,6131954,6131954,1663433,27.1273,1920,1080,raygs,triangles,1,off,0.1,on,-4
1781756702510098451,5840.63,474.476,2.10759,2.02099,1.99827,0.136192,0.222656,0.058368,0.73728,0.843776,0.039775,6131954,6131954,1663433,27.1273,1920,1080,raygs,triangles,1,off,0.1,on,-4
1781756702512492781,5843.02,474.311,2.10832,2.33814,2.31728,0.323296,0.223872,0.058208,0.867328,0.844576,0.029608,6131954,6131954,1663433,27.1273,1920,1080,raygs,triangles,1,off,0.1,on,-4
1781756702514505704,5845.04,473.204,2.11325,2.01722,1.99638,0.134464,0.226432,0.058368,0.7336,0.84352,0.030225,6131954,6131954,1663433,27.1273,1920,1080,raygs,triangles,1,off,0.1,on,-4
1781756702516547923,5847.08,473.741,2.11086,2.04691,2.02531,0.133408,0.22688,0.058368,0.76288,0.843776,0.015812,6131954,6131954,1663433,27.1273,1920,1080,raygs,triangles,1,off,0.1,on,-4
1781756702518646939,5849.18,473.604,2.11147,2.02131,1.99824,0.134592,0.224224,0.058368,0.73728,0.843776,0.039874,6131954,6131954,1663433,27.1273,1920,1080,raygs,triangles,1,off,0.1,on,-4
1781756702520684567,5851.22,474.29,2.10841,2.02115,1.99904,0.134304,0.226272,0.057728,0.73728,0.843456,0.029816,6131954,6131954,1663433,27.1273,1920,1080,raygs,triangles,1,off,0.1,on,-4
1781756702522701956,5853.23,475.121,2.10473,2.02349,2.00099,0.13392,0.226848,0.058368,0.738304,0.843552,0.026667,6131954,6131954,1663433,27.1273,1920,1080,raygs,triangles,1,off,0.1,on,-4
1781756702524841015,5855.37,475.644,2.10241,2.13715,2.11424,0.133536,0.342688,0.057344,0.736256,0.844416,0.018562,6131954,6131954,1663433,27.1273,1920,1080,raygs,triangles,1,off,0.1,on,-4
1781756702527291246,5857.82,475.263,2.1041,2.0207,2.00051,0.133728,0.225696,0.059392,0.73728,0.844416,0.058738,6131954,6131954,1663433,27.1273,1920,1080,raygs,triangles,1,off,0.1,on,-4
1781756702529483268,5860.01,473.255,2.11302,2.2655,2.24442,0.13936,0.223968,0.058368,0.978944,0.843776,0.037454,6131954,6131954,1663433,27.1273,1920,1080,raygs,triangles,1,off,0.1,on,-4
1781756702531532096,5862.06,473.121,2.11363,2.01328,1.99168,0.133952,0.225728,0.058112,0.729088,0.8448,0.038282,6131954,6131954,1663433,27.1273,1920,1080,raygs,triangles,1,off,0.1,on,-4
1781756702533582423,5864.11,473.117,2.11364,2.0456,2.02214,0.134144,0.226048,0.057344,0.760832,0.843776,0.037096,6131954,6131954,1663433,27.1273,1920,1080,raygs,triangles,1,off,0.1,on,-4
1781756702535605077,5866.14,473.517,2.11186,2.0168,1.99344,0.134016,0.224992,0.057344,0.733472,0.843616,0.035282,6131954,6131954,1663433,27.1273,1920,1080,raygs,triangles,1,off,0.1,on,-4
1781756702537666707,5868.2,473.734,2.11089,2.02426,2.00096,0.133952,0.224512,0.057344,0.740352,0.8448,0.035513,6131954,6131954,1663433,27.1273,1920,1080,raygs,triangles,1,off,0.1,on,-4
1781756702539697304,5870.23,474.145,2.10906,2.01917,1.9961,0.133312,0.224864,0.058272,0.736256,0.843392,0.034967,6131954,6131954,1663433,27.1273,1920,1080,raygs,triangles,1,off,0.1,on,-4
1781756702541857852,5872.39,474.797,2.10616,2.13504,2.11152,0.133568,0.342784,0.058208,0.73216,0.8448,0.035184,6131954,6131954,1663433,27.1273,1920,1080,raygs,triangles,1,off,0.1,on,-4
1781756702544054167,5874.58,474.363,2.10809,2.01792,1.99667,0.133824,0.225472,0.058368,0.735232,0.843776,0.035143,6131954,6131954,1663433,27.1273,1920,1080,raygs,triangles,1,off,0.1,on,-4
1781756702546319822,5876.85,473.765,2.11075,2.21571,2.19216,0.139552,0.224032,0.057344,0.92672,0.844512,0.032331,6131954,6131954,1663433,27.1273,1920,1080,raygs,triangles,1,off,0.1,on,-4
1781756702548251833,5878.78,472.969,2.1143,2.0136,1.99242,0.134944,0.224192,0.058368,0.730112,0.8448,0.01794,6131954,6131954,1663433,27.1273,1920,1080,raygs,triangles,1,off,0.1,on,-4
1781756702550306821,5880.84,473.429,2.11225,2.04979,2.02784,0.134272,0.225472,0.058368,0.765952,0.843776,0.027677,6131954,6131954,1663433,27.1273,1920,1080,raygs,triangles,1,off,0.1,on,-4
1781756702552371467,5882.9,473.876,2.11026,2.01664,1.99286,0.133888,0.22592,0.057344,0.73216,0.843552,0.030103,6131954,6131954,1663433,27.1273,1920,1080,raygs,triangles,1,off,0.1,on,-4
1781756702554391895,5884.92,473.866,2.1103,2.0177,1.9953,0.1336,0.225344,0.057344,0.736256,0.842752,0.027176,6131954,6131954,1663433,27.1273,1920,1080,raygs,triangles,1,off,0.1,on,-4
1781756702556427544,5886.96,475.091,2.10486,2.02202,1.99974,0.134592,0.22368,0.058368,0.738304,0.8448,0.026077,6131954,6131954,1663433,27.1273,1920,1080,raygs,triangles,1,off,0.1,on,-4
1781756702558577963,5889.11,475.133,2.10467,2.13338,2.11072,0.133856,0.342208,0.057696,0.733184,0.843776,0.02533,6131954,6131954,1663433,27.1273,1920,1080,raygs,triangles,1,off,0.1,on,-4
1781756702560782889,5891.31,474.777,2.10625,2.0143,1.99206,0.132544,0.225504,0.057344,0.73216,0.844512,0.026668,6131954,6131954,1663433,27.1273,1920,1080,raygs,triangles,1,off,0.1,on,-4
1781756702563019350,5893.55,474.096,2.10928,2.21046,2.18973,0.138272,0.224,0.058368,0.923648,0.84544,0.026228,6131954,6131954,1663433,27.1273,1920,1080,raygs,triangles,1,off,0.1,on,-4
1781756702565049969,5895.58,473.485,2.112,2.01219,1.98998,0.135552,0.224544,0.057344,0.728064,0.84448,0.024744,6131954,6131954,1663433,27.1273,1920,1080,raygs,triangles,1,off,0.1,on,-4
1781756702567103639,5897.63,473.483,2.11201,2.02829,2.00493,0.134272,0.226336,0.059104,0.74144,0.843776,0.026186,6131954,6131954,1663433,27.1273,1920,1080,raygs,triangles,1,off,0.1,on,-4
1781756702569152773,5899.68,473.899,2.11015,2.01763,1.9967,0.133952,0.224768,0.058368,0.735232,0.844384,0.024984,6131954,6131954,1663433,27.1273,1920,1080,raygs,triangles,1,off,0.1,on,-4
1781756702571209606,5901.74,473.919,2.11007,2.02221,2.00093,0.134336,0.22608,0.058368,0.738368,0.843776,0.02961,6131954,6131954,1663433,27.1273,1920,1080,raygs,triangles,1,off,0.1,on,-4
1781756702573277504,5903.81,474.981,2.10535,2.01955,1.99562,0.133568,0.225696,0.057568,0.735232,0.843552,0.02822,6131954,6131954,1663433,27.1273,1920,1080,raygs,triangles,1,off,0.1,on,-4
1781756702575439638,5905.97,475.08,2.10491,2.14166,2.11939,0.134368,0.349888,0.057344,0.733184,0.844608,0.02679,6131954,6131954,1663433,27.1273,1920,1080,raygs,triangles,1,off,0.1,on,-4
1781756702577661476,5908.19,474.53,2.10735,2.01168,1.98938,0.134496,0.225696,0.057344,0.729088,0.842752,0.028637,6131954,6131954,1663433,27.1273,1920,1080,raygs,triangles,1,off,0.1,on,-4
1781756702579880141,5910.41,473.732,2.1109,2.21341,2.19024,0.138752,0.224512,0.057344,0.926944,0.842688,0.026878,6131954,6131954,1663433,27.1273,1920,1080,raygs,triangles,1,off,0.1,on,-4
1781756702581911173,5912.44,473.206,2.11324,2.01648,1.99283,0.134272,0.225536,0.057344,0.731136,0.844544,0.025807,6131954,6131954,1663433,27.1273,1920,1080,raygs,triangles,1,off,0.1,on,-4
1781756702584006029,5914.54,474.035,2.10955,2.01648,1.99427,0.133696,0.226272,0.058304,0.732416,0.843584,0.036466,6131954,6131954,1663433,27.1273,1920,1080,raygs,triangles,1,off,0.1,on,-4
1781756702585985160,5916.52,474.033,2.10956,2.0183,1.99632,0.133408,0.225632,0.0584,0.734208,0.844672,0.019712,6131954,6131954,1663433,27.1273,1920,1080,raygs,triangles,1,off,0.1,on,-4
1781756702588049844,5918.58,474.833,2.106,2.02115,1.99994,0.134304,0.22528,0.058272,0.73728,0.8448,0.026574,6131954,6131954,1663433,27.1273,1920,1080,raygs,triangles,1,off,0.1,on,-4
1781756702590099044,5920.63,475.93,2.10115,2.01917,1.99757,0.133344,0.22608,0.058368,0.735232,0.844544,0.027669,6131954,6131954,1663433,27.1273,1920,1080,raygs,triangles,1,off,0.1,on,-4
1781756702592247297,5922.78,475.88,2.10137,2.13894,2.11558,0.133312,0.345088,0.057344,0.736256,0.843584,0.025099,6131954,6131954,1663433,27.1273,1920,1080,raygs,triangles,1,off,0.1,on,-4
1781756702594617097,5925.15,475.531,2.10291,2.18509,2.16272,0.1336,0.396928,0.058368,0.729088,0.844736,0.025476,6131954,6131954,1663433,27.1273,1920,1080,raygs,triangles,1,off,0.1,on,-4
1781756702596692515,5927.22,474.249,2.1086,2.02451,2.00192,0.147904,0.223136,0.058016,0.729088,0.843776,0.024484,6131954,6131954,1663433,27.1273,1920,1080,raygs,triangles,1,off,0.1,on,-4
1781756702598746008,5929.28,474.134,2.10911,2.0129,1.98922,0.13328,0.224736,0.057344,0.729088,0.844768,0.03183,6131954,6131954,1663433,27.1273,1920,1080,raygs,triangles,1,off,0.1,on,-4
1781756702600775229,5931.31,474.071,2.10939,2.01776,1.996,0.137024,0.223648,0.058368,0.73216,0.8448,0.019023,6131954,6131954,1663433,27.1273,1920,1080,raygs,triangles,1,off,0.1,on,-4
1781756702602847408,5933.38,474.624,2.10693,2.01658,1.99414,0.13344,0.225376,0.058368,0.733184,0.843776,0.038402,6131954,6131954,1663433,27.1273,1920,1080,raygs,triangles,1,off,0.1,on,-4
1781756702604860093,5935.39,474.537,2.10732,2.02122,1.99965,0.133728,0.225824,0.058368,0.73728,0.844448,0.016082,6131954,6131954,1663433,27.1273,1920,1080,raygs,triangles,1,off,0.1,on,-4
1781756702607034245,5937.56,475.848,2.10151,2.01875,1.9953,0.134336,0.225632,0.057344,0.735232,0.842752,0.030609,6131954,6131954,1663433,27.1273,1920,1080,raygs,triangles,1,off,0.1,on,-4
1781756702609228050,5939.76,475.352,2.1037,2.16557,2.14349,0.13712,0.224256,0.057696,0.88064,0.843776,0.036799,6131954,6131954,1663433,27.1273,1920,1080,raygs,triangles,1,off,0.1,on,-4
1781756702611576581,5942.11,474.766,2.1063,2.3392,2.32109,0.290784,0.221216,0.057344,0.907264,0.84448,0.019111,6131954,6131954,1663433,27.1273,1920,1080,raygs,triangles,1,off,0.1,on,-4
1781756702613633134,5944.16,473.633,2.11134,2.01309,1.9911,0.1344,0.226112,0.058048,0.728064,0.84448,0.025963,6131954,6131954,1663433,27.1273,1920,1080,raygs,triangles,1,off,0.1,on,-4
1781756702615664431,5946.2,473.626,2.11137,2.01488,1.99155,0.133152,0.22544,0.057344,0.731136,0.84448,0.024547,6131954,6131954,1663433,27.1273,1920,1080,raygs,triangles,1,off,0.1,on,-4
1781756702617689208,5948.22,473.675,2.11115,2.01229,1.98934,0.132576,0.225536,0.058368,0.730112,0.842752,0.025132,6131954,6131954,1663433,27.1273,1920,1080,raygs,triangles,1,off,0.1,on,-4
1781756702619754268,5950.28,474.133,2.10911,2.01747,1.99478,0.133696,0.225088,0.05744,0.734208,0.844352,0.02624,6131954,6131954,1663433,27.1273,1920,1080,raygs,triangles,1,off,0.1,on,-4
1781756702621775622,5952.31,474.191,2.10886,2.01754,1.99408,0.133728,0.225152,0.058208,0.733216,0.843776,0.024518,6131954,6131954,1663433,27.1273,1920,1080,raygs,triangles,1,off,0.1,on,-4
1781756702623940353,5954.47,475.542,2.10287,2.01744,1.99462,0.133664,0.224704,0.058368,0.734208,0.84368,0.023898,6131954,6131954,1663433,27.1273,1920,1080,raygs,triangles,1,off,0.1,on,-4
1781756702625996362,5956.53,475.101,2.10482,2.02531,2.00307,0.13744,0.225184,0.058368,0.738304,0.843776,0.030853,6131954,6131954,1663433,27.1273,1920,1080,raygs,triangles,1,off,0.1,on,-4
1781756702628372975,5958.9,475.049,2.10504,2.35917,2.34006,0.294112,0.222144,0.058304,0.920704,0.8448,0.020117,6131954,6131954,1663433,27.1273,1920,1080,raygs,triangles,1,off,0.1,on,-4
1781756702630422555,5960.95,473.829,2.11046,2.016,1.99277,0.13424,0.226272,0.057344,0.731136,0.843776,0.024932,6131954,6131954,1663433,27.1273,1920,1080,raygs,triangles,1,off,0.1,on,-4
1781756702632483075,5963.01,473.816,2.11053,2.01475,1.99174,0.133024,0.225504,0.058368,0.731136,0.843712,0.034734,6131954,6131954,1663433,27.1273,1920,1080,raygs,triangles,1,off,0.1,on,-4
1781756702634465154,5965,474.242,2.10863,2.01683,1.99341,0.133536,0.225568,0.057344,0.733184,0.843776,0.018626,6131954,6131954,1663433,27.1273,1920,1080,raygs,triangles,1,off,0.1,on,-4
1781756702636562211,5967.09,474.594,2.10706,2.0207,1.99827,0.133856,0.225344,0.057344,0.73728,0.844448,0.028669,6131954,6131954,1663433,27.1273,1920,1080,raygs,triangles,1,off,0.1,on,-4
1781756702638589758,5969.12,474.435,2.10777,2.0207,1.99869,0.133856,0.226432,0.058368,0.736256,0.843776,0.028954,6131954,6131954,1663433,27.1273,1920,1080,raygs,triangles,1,off,0.1,on,-4
1781756702640761750,5971.29,475.828,2.1016,2.01901,1.99565,0.134336,0.22496,0.057344,0.735232,0.843776,0.028254,6131954,6131954,1663433,27.1273,1920,1080,raygs,triangles,1,off,0.1,on,-4
1781756702642818238,5973.35,475.228,2.10425,2.0231,2.0007,0.13728,0.224,0.058368,0.73728,0.843776,0.03991,6131954,6131954,1663433,27.1273,1920,1080,raygs,triangles,1,off,0.1,on,-4
1781756702645160857,5975.69,475.189,2.10442,2.37165,2.35162,0.303616,0.222208,0.057344,0.923648,0.8448,0.015301,6131954,6131954,1663433,27.1273,1920,1080,raygs,triangles,1,off,0.1,on,-4
1781756702647221021,5977.75,474.27,2.10851,2.01267,1.99203,0.133984,0.225952,0.05856,0.729088,0.844448,0.035578,6131954,6131954,1663433,27.1273,1920,1080,raygs,triangles,1,off,0.1,on,-4
1781756702649321157,5979.85,474.201,2.10881,2.0111,1.98934,0.13344,0.224672,0.058368,0.729088,0.843776,0.039601,6131954,6131954,1663433,27.1273,1920,1080,raygs,triangles,1,off,0.1,on,-4
1781756702651292950,5981.82,473.861,2.11032,2.01702,1.99552,0.134272,0.226272,0.058048,0.73216,0.844768,0.016104,6131954,6131954,1663433,27.1273,1920,1080,raygs,triangles,1,off,0.1,on,-4
1781756702653334798,5983.87,474.539,2.10731,2.02035,2,0.133536,0.226016,0.058368,0.738304,0.843776,0.02646,6131954,6131954,1663433,27.1273,1920,1080,raygs,triangles,1,off,0.1,on,-4
1781756702655373755,5985.9,476.558,2.09838,2.0215,2.00016,0.134208,0.225504,0.058368,0.73728,0.8448,0.024986,6131954,6131954,1663433,27.1273,1920,1080,raygs,triangles,1,off,0.1,on,-4
1781756702657552961,5988.08,476.738,2.09759,2.01763,1.99507,0.133856,0.22544,0.057792,0.734208,0.843776,0.025993,6131954,6131954,1663433,27.1273,1920,1080,raygs,triangles,1,off,0.1,on,-4
1781756702659594933,5990.13,476.234,2.09981,2.02109,1.99981,0.137024,0.22336,0.058368,0.736256,0.8448,0.027101,6131954,6131954,1663433,27.1273,1920,1080,raygs,triangles,1,off,0.1,on,-4
1781756702661971598,5992.5,476.253,2.09972,2.3536,2.33437,0.289568,0.22352,0.058368,0.915456,0.847456,0.025049,6131954,6131954,1663433,27.1273,1920,1080,raygs,triangles,1,off,0.1,on,-4
1781756702664003988,5994.53,474.915,2.10564,2.01389,1.99181,0.134176,0.224512,0.058208,0.731136,0.843776,0.024806,6131954,6131954,1663433,27.1273,1920,1080,raygs,triangles,1,off,0.1,on,-4
1781756702666043663,5996.57,475.007,2.10523,2.01338,1.99114,0.133728,0.226176,0.057344,0.730112,0.843776,0.026475,6131954,6131954,1663433,27.1273,1920,1080,raygs,triangles,1,off,0.1,on,-4
1781756702668090520,5998.62,475.006,2.10524,2.01795,1.99542,0.134176,0.225344,0.057792,0.733504,0.844608,0.027414,6131954,6131954,1663433,27.1273,1920,1080,raygs,triangles,1,off,0.1,on,-4
1781756702670132021,6000.66,475.419,2.10341,2.01978,1.99648,0.133952,0.225088,0.057408,0.736256,0.843776,0.024751,6131954,6131954,1663433,27.1273,1920,1080,raygs,triangles,1,off,0.1,on,-4
1781756702672168074,6002.7,476.012,2.10079,2.01818,1.99651,0.133376,0.225792,0.058368,0.735232,0.843744,0.024531,6131954,6131954,1663433,27.1273,1920,1080,raygs,triangles,1,off,0.1,on,-4
1781756702674333847,6004.86,476.806,2.09729,2.0185,1.99632,0.133696,0.225248,0.058368,0.734208,0.8448,0.025334,6131954,6131954,1663433,27.1273,1920,1080,raygs,triangles,1,off,0.1,on,-4
1781756702676387986,6006.92,475.895,2.1013,2.0303,2.00813,0.137952,0.225632,0.058368,0.7424,0.843776,0.025755,6131954,6131954,1663433,27.1273,1920,1080,raygs,triangles,1,off,0.1,on,-4
1781756702678735190,6009.27,475.88,2.10137,2.33094,2.31056,0.317088,0.222784,0.057536,0.869376,0.843776,0.024384,6131954,6131954,1663433,27.1273,1920,1080,raygs,triangles,1,off,0.1,on,-4
1781756702680801947,6011.33,474.856,2.1059,2.01443,1.99104,0.133696,0.225088,0.057344,0.730112,0.8448,0.029095,6131954,6131954,1663433,27.1273,1920,1080,raygs,triangles,1,off,0.1,on,-4
1781756702682836005,6013.37,474.646,2.10683,2.0145,1.99171,0.13376,0.224832,0.058368,0.731136,0.843616,0.027027,6131954,6131954,1663433,27.1273,1920,1080,raygs,triangles,1,off,0.1,on,-4
1781756702684897458,6015.43,474.667,2.10674,2.02218,1.9985,0.134272,0.225984,0.057344,0.73728,0.843616,0.033891,6131954,6131954,1663433,27.1273,1920,1080,raygs,triangles,1,off,0.1,on,-4
1781756702686931270,6017.46,474.975,2.10538,2.0184,1.99754,0.133568,0.225568,0.058368,0.736256,0.843776,0.028947,6131954,6131954,1663433,27.1273,1920,1080,raygs,triangles,1,off,0.1,on,-4
1781756702689094066,6019.62,475.634,2.10246,2.01949,1.99734,0.133856,0.225088,0.058368,0.736256,0.843776,0.025166,6131954,6131954,1663433,27.1273,1920,1080,raygs,triangles,1,off,0.1,on,-4
1781756702691284380,6021.82,475.91,2.10124,2.14979,2.12842,0.137984,0.224,0.058368,0.863264,0.8448,0.027077,6131954,6131954,1663433,27.1273,1920,1080,raygs,triangles,1,off,0.1,on,-4
1781756702693317087,6023.85,475.261,2.10411,2.0201,1.9983,0.134272,0.223616,0.058368,0.73728,0.844768,0.025972,6131954,6131954,1663433,27.1273,1920,1080,raygs,triangles,1,off,0.1,on,-4
1781756702695693982,6026.22,475.385,2.10356,2.34842,2.33046,0.296672,0.224384,0.058368,0.90624,0.8448,0.025238,6131954,6131954,1663433,27.1273,1920,1080,raygs,triangles,1,off,0.1,on,-4
1781756702697763805,6028.29,474.174,2.10893,2.01242,1.9889,0.133728,0.225664,0.057664,0.729088,0.842752,0.026026,6131954,6131954,1663433,27.1273,1920,1080,raygs,triangles,1,off,0.1,on,-4
1781756702699810328,6030.34,474.116,2.10919,2.02278,2.00067,0.133504,0.22656,0.058368,0.7376,0.84464,0.025942,6131954,6131954,1663433,27.1273,1920,1080,raygs,triangles,1,off,0.1,on,-4
1781756702701854480,6032.39,474.215,2.10875,2.01958,1.99766,0.133856,0.226048,0.057728,0.735232,0.8448,0.025459,6131954,6131954,1663433,27.1273,1920,1080,raygs,triangles,1,off,0.1,on,-4
1781756702703902895,6034.43,474.668,2.10674,2.01965,1.99776,0.134496,0.2248,0.058272,0.736512,0.84368,0.026537,6131954,6131954,1663433,27.1273,1920,1080,raygs,triangles,1,off,0.1,on,-4
1781756702705984918,6036.52,475.311,2.10389,2.0176,1.99667,0.133792,0.225408,0.058368,0.734496,0.844608,0.040294,6131954,6131954,1663433,27.1273,1920,1080,raygs,triangles,1,off,0.1,on,-4
1781756702708112314,6038.64,475.785,2.10179,2.1353,2.11242,0.134752,0.225344,0.174336,0.735232,0.842752,0.015772,6131954,6131954,1663433,27.1273,1920,1080,raygs,triangles,1,off,0.1,on,-4
1781756702710384752,6040.92,475.429,2.10336,2.02413,2.0016,0.133152,0.22592,0.0584,0.740352,0.843776,0.03935,6131954,6131954,1663433,27.1273,1920,1080,raygs,triangles,1,off,0.1,on,-4
1781756702712563150,6043.09,474.743,2.1064,2.21523,2.19392,0.13824,0.22512,0.058368,0.927744,0.844448,0.015826,6131954,6131954,1663433,27.1273,1920,1080,raygs,triangles,1,off,0.1,on,-4
1781756702714601100,6045.13,473.998,2.10971,2.01309,1.99232,0.134432,0.225632,0.058368,0.729088,0.8448,0.025389,6131954,6131954,1663433,27.1273,1920,1080,raygs,triangles,1,off,0.1,on,-4
1781756702716661455,6047.19,474.097,2.10927,2.04288,2.02032,0.134528,0.22496,0.058368,0.758784,0.84368,0.02509,6131954,6131954,1663433,27.1273,1920,1080,raygs,triangles,1,off,0.1,on,-4
1781756702718710275,6049.24,474.086,2.10932,2.0176,1.99411,0.133792,0.225952,0.057408,0.733184,0.843776,0.024877,6131954,6131954,1663433,27.1273,1920,1080,raygs,triangles,1,off,0.1,on,-4
1781756702720762335,6051.29,474.417,2.10785,2.01946,1.99712,0.134112,0.225632,0.058368,0.735232,0.843776,0.025237,6131954,6131954,1663433,27.1273,1920,1080,raygs,triangles,1,off,0.1,on,-4
1781756702722799097,6053.33,475.644,2.10241,2.02304,1.99987,0.133088,0.2256,0.058368,0.739328,0.843488,0.024899,6131954,6131954,1663433,27.1273,1920,1080,raygs,triangles,1,off,0.1,on,-4
1781756702724968834,6055.5,475.747,2.10196,2.13885,2.11811,0.134432,0.344608,0.058368,0.735232,0.845472,0.024325,6131954,6131954,1663433,27.1273,1920,1080,raygs,triangles,1,off,0.1,on,-4
1781756702727184021,6057.71,475.333,2.10379,2.02346,2.00128,0.133728,0.226336,0.058208,0.738304,0.844704,0.026611,6131954,6131954,1663433,27.1273,1920,1080,raygs,triangles,1,off,0.1,on,-4
1781756702729413227,6059.94,474.641,2.10686,2.2151,2.19363,0.138912,0.224,0.058368,0.928768,0.843584,0.025484,6131954,6131954,1663433,27.1273,1920,1080,raygs,triangles,1,off,0.1,on,-4
1781756702731436600,6061.97,474.056,2.10945,2.01213,1.9895,0.134496,0.2248,0.058368,0.729088,0.842752,0.025006,6131954,6131954,1663433,27.1273,1920,1080,raygs,triangles,1,off,0.1,on,-4
1781756702733515189,6064.05,474.023,2.1096,2.04426,2.02163,0.133952,0.224928,0.058304,0.760832,0.843616,0.026688,6131954,6131954,1663433,27.1273,1920,1080,raygs,triangles,1,off,0.1,on,-4
1781756702735535897,6066.07,474.401,2.10792,2.02205,2.00032,0.133504,0.2256,0.058432,0.738304,0.84448,0.025038,6131954,6131954,1663433,27.1273,1920,1080,raygs,triangles,1,off,0.1,on,-4
1781756702737601694,6068.13,475.044,2.10507,2.01885,1.99626,0.133344,0.22656,0.058368,0.734208,0.843776,0.026915,6131954,6131954,1663433,27.1273,1920,1080,raygs,triangles,1,off,0.1,on,-4
1781756702739851487,6070.38,476.014,2.10078,2.02125,1.99888,0.133984,0.226624,0.057344,0.736256,0.844672,0.050723,6131954,6131954,1663433,27.1273,1920,1080,raygs,triangles,1,off,0.1,on,-4
1781756702741943830,6072.47,475.07,2.10495,2.13981,2.11725,0.134112,0.344736,0.058368,0.736256,0.843776,0.038186,6131954,6131954,1663433,27.1273,1920,1080,raygs,triangles,1,off,0.1,on,-4
1781756702744139430,6074.67,475.029,2.10513,2.01901,1.99875,0.134048,0.22528,0.058368,0.736256,0.8448,0.035546,6131954,6131954,1663433,27.1273,1920,1080,raygs,triangles,1,off,0.1,on,-4
1781756702746363608,6076.89,474.39,2.10797,2.19136,2.1688,0.138592,0.224096,0.057344,0.904192,0.844576,0.037434,6131954,6131954,1663433,27.1273,1920,1080,raygs,triangles,1,off,0.1,on,-4
1781756702748412557,6078.94,473.804,2.11058,2.01734,1.996,0.13456,0.226112,0.058368,0.73216,0.8448,0.039981,6131954,6131954,1663433,27.1273,1920,1080,raygs,triangles,1,off,0.1,on,-4
1781756702750372627,6080.9,473.654,2.11125,2.04592,2.02278,0.13376,0.224448,0.05776,0.761184,0.845632,0.017617,6131954,6131954,1663433,27.1273,1920,1080,raygs,triangles,1,off,0.1,on,-4
1781756702752563582,6083.09,474.441,2.10775,2.01955,1.99718,0.133728,0.224864,0.057792,0.736256,0.844544,0.049465,6131954,6131954,1663433,27.1273,1920,1080,raygs,triangles,1,off,0.1,on,-4
1781756702754572184,6085.1,473.945,2.10995,2.02323,2.00218,0.134336,0.225344,0.058368,0.740352,0.843776,0.035715,6131954,6131954,1663433,27.1273,1920,1080,raygs,triangles,1,off,0.1,on,-4
1781756702756611379,6087.14,475.341,2.10375,2.01779,1.99546,0.134016,0.224096,0.058432,0.734208,0.844704,0.035345,6131954,6131954,1663433,27.1273,1920,1080,raygs,triangles,1,off,0.1,on,-4
1781756702758768055,6089.3,475.342,2.10375,2.13565,2.11331,0.133792,0.342144,0.057344,0.736256,0.843776,0.03495,6131954,6131954,1663433,27.1273,1920,1080,raygs,triangles,1,off,0.1,on,-4
1781756702760958266,6091.49,475.024,2.10516,2.01622,1.99296,0.133888,0.225792,0.057344,0.73216,0.843776,0.033182,6131954,6131954,1663433,27.1273,1920,1080,raygs,triangles,1,off,0.1,on,-4
1781756702763153076,6093.68,474.28,2.10846,2.19933,2.17638,0.1384,0.224128,0.057696,0.912384,0.843776,0.047633,6131954,6131954,1663433,27.1273,1920,1080,raygs,triangles,1,off,0.1,on,-4
1781756702765258356,6095.79,473.959,2.10989,2.01149,1.98877,0.133824,0.224768,0.057536,0.728064,0.844576,0.032579,6131954,6131954,1663433,27.1273,1920,1080,raygs,triangles,1,off,0.1,on,-4
1781756702767234589,6097.77,473.675,2.11115,2.05258,2.02982,0.133952,0.224896,0.058016,0.769248,0.843712,0.023837,6131954,6131954,1663433,27.1273,1920,1080,raygs,triangles,1,off,0.1,on,-4
1781756702769320027,6099.85,474.383,2.108,2.01546,1.99286,0.133696,0.22384,0.058368,0.733184,0.843776,0.064972,6131954,6131954,1663433,27.1273,1920,1080,raygs,triangles,1,off,0.1,on,-4
1781756702771446683,6101.98,474.315,2.1083,2.01802,1.9959,0.133824,0.224704,0.058368,0.735232,0.843776,0.017787,6131954,6131954,1663433,27.1273,1920,1080,raygs,triangles,1,off,0.1,on,-4
1781756702773672110,6104.2,475.036,2.1051,2.02198,2.00118,0.137184,0.224896,0.058368,0.735232,0.845504,0.053864,6131954,6131954,1663433,27.1273,1920,1080,raygs,triangles,1,off,0.1,on,-4
1781756702775782843,6106.31,474.297,2.10838,2.1361,2.11664,0.254336,0.22288,0.057344,0.736256,0.845824,0.040569,6131954,6131954,1663433,27.1273,1920,1080,raygs,triangles,1,off,0.1,on,-4
1781756702777992413,6108.52,474.352,2.10814,2.19757,2.17472,0.133856,0.226496,0.0584,0.912384,0.843584,0.037404,6131954,6131954,1663433,27.1273,1920,1080,raygs,triangles,1,off,0.1,on,-4
1781756702780204941,6110.74,473.444,2.11218,2.18144,2.15872,0.29984,0.226624,0.057344,0.731136,0.843776,0.045672,6131954,6131954,1663433,27.1273,1920,1080,raygs,triangles,1,off,0.1,on,-4
1781756702782324384,6112.86,472.804,2.11504,2.01571,1.99242,0.133344,0.22672,0.057344,0.730208,0.8448,0.044696,6131954,6131954,1663433,27.1273,1920,1080,raygs,triangles,1,off,0.1,on,-4
1781756702784291749,6114.82,472.414,2.11679,2.01597,1.99302,0.133184,0.225536,0.058368,0.73216,0.843776,0.037835,6131954,6131954,1663433,27.1273,1920,1080,raygs,triangles,1,off,0.1,on,-4
1781756702786322536,6116.85,473.303,2.11281,2.01734,1.99571,0.133536,0.226176,0.058144,0.733184,0.844672,0.039072,6131954,6131954,1663433,27.1273,1920,1080,raygs,triangles,1,off,0.1,on,-4
1781756702788347704,6118.88,473.37,2.11251,2.02147,1.99834,0.133472,0.22544,0.057344,0.73728,0.8448,0.035005,6131954,6131954,1663433,27.1273,1920,1080,raygs,triangles,1,off,0.1,on,-4
1781756702790508601,6121.04,474.668,2.10673,2.01597,1.99392,0.13392,0.22448,0.05856,0.733184,0.843776,0.035642,6131954,6131954,1663433,27.1273,1920,1080,raygs,triangles,1,off,0.1,on,-4
1781756702792551692,6123.08,474.193,2.10885,2.02224,1.99891,0.13744,0.225024,0.05744,0.735232,0.843776,0.035012,6131954,6131954,1663433,27.1273,1920,1080,raygs,triangles,1,off,0.1,on,-4
1781756702794772482,6125.3,474.172,2.10894,2.19299,2.17091,0.133056,0.22448,0.05824,0.910336,0.8448,0.034975,6131954,6131954,1663433,27.1273,1920,1080,raygs,triangles,1,off,0.1,on,-4
1781756702796972767,6127.5,473.514,2.11187,2.18106,2.16019,0.297248,0.228352,0.057632,0.733184,0.843776,0.034611,6131954,6131954,1663433,27.1273,1920,1080,raygs,triangles,1,off,0.1,on,-4
1781756702799102280,6129.63,472.929,2.11448,2.01373,1.99155,0.135072,0.225248,0.058368,0.729088,0.843776,0.038579,6131954,6131954,1663433,27.1273,1920,1080,raygs,triangles,1,off,0.1,on,-4
1781756702800996294,6131.53,472.551,2.11617,2.02307,2.00083,0.13888,0.2256,0.058368,0.734208,0.843776,0.026185,6131954,6131954,1663433,27.1273,1920,1080,raygs,triangles,1,off,0.1,on,-4
1781756702803013037,6133.54,473.692,2.11108,2.0177,1.99632,0.134144,0.225952,0.058368,0.734208,0.843648,0.018562,6131954,6131954,1663433,27.1273,1920,1080,raygs,triangles,1,off,0.1,on,-4
1781756702805057482,6135.59,473.824,2.11049,2.02112,1.99738,0.133248,0.225568,0.057504,0.736256,0.8448,0.026146,6131954,6131954,1663433,27.1273,1920,1080,raygs,triangles,1,off,0.1,on,-4
1781756702807214422,6137.75,474.969,2.1054,2.01728,1.9943,0.133472,0.225344,0.057344,0.734464,0.84368,0.030009,6131954,6131954,1663433,27.1273,1920,1080,raygs,triangles,1,off,0.1,on,-4
1781756702809305413,6139.84,474.652,2.1068,2.02698,2.00461,0.137696,0.224512,0.058368,0.740352,0.84368,0.03547,6131954,6131954,1663433,27.1273,1920,1080,raygs,triangles,1,off,0.1,on,-4
1781756702811477504,6142.01,474.398,2.10794,2.18803,2.16416,0.134368,0.2256,0.057344,0.903168,0.84368,0.018146,6131954,6131954,1663433,27.1273,1920,1080,raygs,triangles,1,off,0.1,on,-4
1781756702813681005,6144.21,474.033,2.10956,2.17581,2.15485,0.295168,0.226496,0.0576,0.73216,0.843424,0.02526,6131954,6131954,1663433,27.1273,1920,1080,raygs,triangles,1,off,0.1,on,-4
1781756702815718151,6146.25,473.38,2.11247,2.01296,1.99174,0.133632,0.225856,0.058368,0.730112,0.843776,0.024652,6131954,6131954,1663433,27.1273,1920,1080,raygs,triangles,1,off,0.1,on,-4
1781756702817758718,6148.29,473.849,2.11038,2.01293,1.99085,0.135296,0.225536,0.058368,0.728064,0.843584,0.025665,6131954,6131954,1663433,27.1273,1920,1080,raygs,triangles,1,off,0.1,on,-4
1781756702819797263,6150.33,474.448,2.10771,2.02131,1.9999,0.13344,0.225472,0.057216,0.738304,0.845472,0.024286,6131954,6131954,1663433,27.1273,1920,1080,raygs,triangles,1,off,0.1,on,-4
1781756702821839730,6152.37,474.398,2.10794,2.01936,1.9968,0.134528,0.22544,0.057344,0.734688,0.8448,0.023879,6131954,6131954,1663433,27.1273,1920,1080,raygs,triangles,1,off,0.1,on,-4
1781756702824010408,6154.54,475.625,2.1025,2.0232,2.0007,0.134656,0.225792,0.058368,0.73728,0.844608,0.024718,6131954,6131954,1663433,27.1273,1920,1080,raygs,triangles,1,off,0.1,on,-4
1781756702826063066,6156.59,475.288,2.10399,2.02707,2.00442,0.13776,0.22448,0.057408,0.740352,0.844416,0.025136,6131954,6131954,1663433,27.1273,1920,1080,raygs,triangles,1,off,0.1,on,-4
1781756702828419546,6158.95,475.254,2.10414,2.33014,2.31072,0.317312,0.223296,0.058368,0.868352,0.843392,0.023921,6131954,6131954,1663433,27.1273,1920,1080,raygs,triangles,1,off,0.1,on,-4
1781756702830466941,6161,474.082,2.10934,2.01174,1.9904,0.134112,0.224032,0.058368,0.730112,0.843776,0.025349,6131954,6131954,1663433,27.1273,1920,1080,raygs,triangles,1,off,0.1,on,-4
1781756702832497766,6163.03,474.084,2.10933,2.0136,1.99034,0.13392,0.226208,0.057536,0.728064,0.844608,0.028551,6131954,6131954,1663433,27.1273,1920,1080,raygs,triangles,1,off,0.1,on,-4
1781756702834559670,6165.09,474.24,2.10864,2.01626,1.99379,0.133504,0.226016,0.058368,0.73216,0.843744,0.026053,6131954,6131954,1663433,27.1273,1920,1080,raygs,triangles,1,off,0.1,on,-4
1781756702836605080,6167.14,474.455,2.10768,2.01933,1.99782,0.133728,0.226976,0.058112,0.735232,0.843776,0.025314,6131954,6131954,1663433,27.1273,1920,1080,raygs,triangles,1,off,0.1,on,-4
1781756702838653393,6169.18,475.337,2.10377,2.02054,1.99894,0.134688,0.226144,0.05808,0.736256,0.843776,0.025513,6131954,6131954,1663433,27.1273,1920,1080,raygs,triangles,1,off,0.1,on,-4
1781756702840817586,6171.35,475.854,2.10149,2.02026,1.99712,0.13408,0.225344,0.057664,0.735232,0.8448,0.02499,6131954,6131954,1663433,27.1273,1920,1080,raygs,triangles,1,off,0.1,on,-4
1781756702842882716,6173.41,475.35,2.10371,2.02416,2.00202,0.1376,0.225216,0.058144,0.73728,0.843776,0.038896,6131954,6131954,1663433,27.1273,1920,1080,raygs,triangles,1,off,0.1,on,-4
1781756702845441609,6175.97,474.908,2.10567,2.35184,2.33168,0.300128,0.222144,0.058368,0.907264,0.843776,0.04316,6131954,6131954,1663433,27.1273,1920,1080,raygs,triangles,1,off,0.1,on,-4
1781756702847456140,6177.99,473.315,2.11276,2.0159,1.99197,0.134176,0.225856,0.057344,0.730112,0.84448,0.037535,6131954,6131954,1663433,27.1273,1920,1080,raygs,triangles,1,off,0.1,on,-4
1781756702849312319,6179.84,473.452,2.11215,2.01558,1.9929,0.133824,0.224768,0.058368,0.73216,0.843776,0.018094,6131954,6131954,1663433,27.1273,1920,1080,raygs,triangles,1,off,0.1,on,-4
1781756702851383047,6181.91,474.269,2.10851,2.01818,1.9969,0.13344,0.22608,0.058368,0.735232,0.843776,0.035716,6131954,6131954,1663433,27.1273,1920,1080,raygs,triangles,1,off,0.1,on,-4
1781756702853500459,6184.03,474.629,2.10691,2.14912,2.12701,0.133248,0.352352,0.058368,0.738304,0.844736,0.020055,6131954,6131954,1663433,27.1273,1920,1080,raygs,triangles,1,off,0.1,on,-4
1781756702855552051,6186.08,475.016,2.10519,2.02285,2.00109,0.134176,0.226496,0.058336,0.739328,0.842752,0.028325,6131954,6131954,1663433,27.1273,1920,1080,raygs,triangles,1,off,0.1,on,-4
1781756702857717810,6188.25,475.67,2.1023,2.01786,1.99546,0.134048,0.224032,0.058368,0.734208,0.8448,0.028353,6131954,6131954,1663433,27.1273,1920,1080,raygs,triangles,1,off,0.1,on,-4
1781756702859763056,6190.29,475.12,2.10473,2.02259,2.00051,0.137792,0.223456,0.058304,0.736256,0.844704,0.027293,6131954,6131954,1663433,27.1273,1920,1080,raygs,triangles,1,off,0.1,on,-4
1781756702862156559,6192.69,475.232,2.10424,2.3721,2.35312,0.362336,0.224224,0.058368,0.86352,0.844672,0.026674,6131954,6131954,1663433,27.1273,1920,1080,raygs,triangles,1,off,0.1,on,-4
1781756702864191393,6194.72,473.859,2.11033,2.01462,1.99302,0.133888,0.226048,0.058368,0.730112,0.844608,0.025837,6131954,6131954,1663433,27.1273,1920,1080,raygs,triangles,1,off,0.1,on,-4
1781756702866241059,6196.77,474.052,2.10947,2.01222,1.98976,0.133696,0.224736,0.058368,0.729248,0.843712,0.028723,6131954,6131954,1663433,27.1273,1920,1080,raygs,triangles,1,off,0.1,on,-4
1781756702868272313,6198.8,475.025,2.10515,2.01738,1.99555,0.134592,0.2264,0.0576,0.73216,0.8448,0.025025,6131954,6131954,1663433,27.1273,1920,1080,raygs,triangles,1,off,0.1,on,-4
1781756702870315320,6200.85,475.064,2.10498,2.02003,1.99859,0.134208,0.225184,0.0584,0.735232,0.845568,0.024361,6131954,6131954,1663433,27.1273,1920,1080,raygs,triangles,1,off,0.1,on,-4
1781756702872351999,6202.88,475.667,2.10231,2.01885,1.99578,0.134048,0.224928,0.057792,0.735232,0.843776,0.024368,6131954,6131954,1663433,27.1273,1920,1080,raygs,triangles,1,off,0.1,on,-4
1781756702874513942,6205.04,476.349,2.0993,2.01482,1.99258,0.133568,0.224576,0.058688,0.73216,0.843584,0.025329,6131954,6131954,1663433,27.1273,1920,1080,raygs,triangles,1,off,0.1,on,-4
1781756702876556921,6207.09,475.951,2.10106,2.02304,2.00147,0.137216,0.224832,0.058368,0.736256,0.8448,0.024882,6131954,6131954,1663433,27.1273,1920,1080,raygs,triangles,1,off,0.1,on,-4
1781756702878950539,6209.48,475.637,2.10244,2.3697,2.3496,0.355808,0.223392,0.058272,0.868352,0.843776,0.023899,6131954,6131954,1663433,27.1273,1920,1080,raygs,triangles,1,off,0.1,on,-4
1781756702880993199,6211.52,474.861,2.10588,2.01584,1.99344,0.13408,0.225888,0.057536,0.731136,0.8448,0.02295,6131954,6131954,1663433,27.1273,1920,1080,raygs,triangles,1,off,0.1,on,-4
1781756702883059378,6213.59,474.716,2.10652,2.01699,1.99603,0.13392,0.22576,0.058368,0.733184,0.8448,0.026541,6131954,6131954,1663433,27.1273,1920,1080,raygs,triangles,1,off,0.1,on,-4
1781756702885090467,6215.62,474.626,2.10692,2.01782,1.99536,0.134048,0.225312,0.057344,0.735232,0.843424,0.02535,6131954,6131954,1663433,27.1273,1920,1080,raygs,triangles,1,off,0.1,on,-4
1781756702887138559,6217.67,475.078,2.10492,2.0223,1.99997,0.133536,0.225984,0.057344,0.739328,0.843776,0.029679,6131954,6131954,1663433,27.1273,1920,1080,raygs,triangles,1,off,0.1,on,-4
1781756702889179633,6219.71,475.57,2.10274,2.02003,1.99664,0.133632,0.224608,0.057344,0.736256,0.8448,0.024823,6131954,6131954,1663433,27.1273,1920,1080,raygs,triangles,1,off,0.1,on,-4
1781756702891344627,6221.88,476.121,2.10031,2.01834,1.99571,0.133568,0.224032,0.057376,0.736256,0.84448,0.024606,6131954,6131954,1663433,27.1273,1920,1080,raygs,triangles,1,off,0.1,on,-4
1781756702893407439,6223.94,475.894,2.10131,2.02512,2.00202,0.137088,0.225664,0.058368,0.73728,0.843616,0.026673,6131954,6131954,1663433,27.1273,1920,1080,raygs,triangles,1,off,0.1,on,-4
1781756702895790774,6226.32,475.606,2.10258,2.36605,2.34643,0.35424,0.221696,0.057344,0.868352,0.8448,0.026952,6131954,6131954,1663433,27.1273,1920,1080,raygs,triangles,1,off,0.1,on,-4
1781756702897827924,6228.36,474.41,2.10788,2.01382,1.99046,0.134112,0.22512,0.057344,0.730112,0.843776,0.025689,6131954,6131954,1663433,27.1273,1920,1080,raygs,triangles,1,off,0.1,on,-4
1781756702899865466,6230.4,474.833,2.106,2.01357,1.99206,0.133792,0.225184,0.058176,0.730112,0.8448,0.024187,6131954,6131954,1663433,27.1273,1920,1080,raygs,triangles,1,off,0.1,on,-4
1781756702901916446,6232.45,475.67,2.1023,2.02202,2.00051,0.133408,0.2248,0.058176,0.739328,0.8448,0.026349,6131954,6131954,1663433,27.1273,1920,1080,raygs,triangles,1,off,0.1,on,-4
1781756702903987803,6234.52,475.813,2.10167,2.01782,1.99421,0.132992,0.225312,0.057344,0.735232,0.843328,0.025838,6131954,6131954,1663433,27.1273,1920,1080,raygs,triangles,1,off,0.1,on,-4
1781756702906036023,6236.57,476.308,2.09948,2.01814,1.9951,0.133312,0.22544,0.057344,0.735232,0.843776,0.028456,6131954,6131954,1663433,27.1273,1920,1080,raygs,triangles,1,off,0.1,on,-4
1781756702908198652,6238.73,476.94,2.0967,2.02109,1.99734,0.13376,0.225504,0.058368,0.734208,0.845504,0.028929,6131954,6131954,1663433,27.1273,1920,1080,raygs,triangles,1,off,0.1,on,-4
1781756702910297715,6240.83,476.849,2.0971,2.02221,1.99994,0.138336,0.224224,0.057344,0.736256,0.843776,0.040054,6131954,6131954,1663433,27.1273,1920,1080,raygs,triangles,1,off,0.1,on,-4
1781756702912594267,6243.12,476.267,2.09966,2.34285,2.32442,0.296288,0.222816,0.058368,0.902144,0.8448,0.015514,6131954,6131954,1663433,27.1273,1920,1080,raygs,triangles,1,off,0.1,on,-4
1781756702914702022,6245.23,475.268,2.10408,2.01181,1.9888,0.134144,0.224448,0.057344,0.728064,0.8448,0.048723,6131954,6131954,1663433,27.1273,1920,1080,raygs,triangles,1,off,0.1,on,-4
1781756702916727317,6247.26,474.909,2.10566,2.03261,2.00896,0.1336,0.225952,0.057344,0.748544,0.84352,0.017942,6131954,6131954,1663433,27.1273,1920,1080,raygs,triangles,1,off,0.1,on,-4
1781756702918756650,6249.29,475.458,2.10323,2.02528,2.0039,0.13424,0.226624,0.058368,0.740352,0.84432,0.027519,6131954,6131954,1663433,27.1273,1920,1080,raygs,triangles,1,off,0.1,on,-4
1781756702920815786,6251.35,475.503,2.10303,2.01974,1.99731,0.133376,0.225632,0.057344,0.73728,0.84368,0.031978,6131954,6131954,1663433,27.1273,1920,1080,raygs,triangles,1,off,0.1,on,-4
1781756702922852813,6253.38,476.112,2.10035,2.01862,1.99731,0.134816,0.224096,0.058368,0.734208,0.845824,0.028568,6131954,6131954,1663433,27.1273,1920,1080,raygs,triangles,1,off,0.1,on,-4
1781756702925222990,6255.75,476.727,2.09764,2.14397,2.12141,0.133184,0.353344,0.058368,0.733184,0.843328,0.045711,6131954,6131954,1663433,27.1273,1920,1080,raygs,triangles,1,off,0.1,on,-4
1781756702927353515,6257.88,475.836,2.10156,2.19856,2.17635,0.1376,0.2232,0.057344,0.913408,0.8448,0.019128,6131954,6131954,1663433,27.1273,1920,1080,raygs,triangles,1,off,0.1,on,-4
1781756702929568541,6260.1,474.851,2.10592,2.15987,2.14112,0.286304,0.223072,0.05808,0.729088,0.844576,0.029431,6131954,6131954,1663433,27.1273,1920,1080,raygs,triangles,1,off,0.1,on,-4
1781756702931591174,6262.12,474.1,2.10926,2.01648,1.99395,0.133824,0.225664,0.057504,0.73216,0.8448,0.028765,6131954,6131954,1663433,27.1273,1920,1080,raygs,triangles,1,off,0.1,on,-4
1781756702933637816,6264.17,474.155,2.10901,2.04285,2.01987,0.13344,0.225728,0.057344,0.758784,0.844576,0.025238,6131954,6131954,1663433,27.1273,1920,1080,raygs,triangles,1,off,0.1,on,-4
1781756702935716698,6266.25,474.599,2.10704,2.01974,1.99696,0.133888,0.224672,0.058368,0.736256,0.843776,0.031562,6131954,6131954,1663433,27.1273,1920,1080,raygs,triangles,1,off,0.1,on,-4
1781756702937735642,6268.27,474.64,2.10686,2.02374,2.00058,0.133792,0.22736,0.057344,0.738304,0.843776,0.025246,6131954,6131954,1663433,27.1273,1920,1080,raygs,triangles,1,off,0.1,on,-4
1781756702939776013,6270.31,475.222,2.10428,2.02019,1.9977,0.1336,0.224576,0.058368,0.736704,0.844448,0.024678,6131954,6131954,1663433,27.1273,1920,1080,raygs,triangles,1,off,0.1,on,-4
1781756702941969468,6272.5,475.832,2.10158,2.13696,2.11462,0.133344,0.343744,0.058368,0.73552,0.843648,0.028389,6131954,6131954,1663433,27.1273,1920,1080,raygs,triangles,1,off,0.1,on,-4
1781756702944197558,6274.73,475.196,2.10439,2.01648,1.99418,0.133696,0.224288,0.058208,0.734208,0.843776,0.026937,6131954,6131954,1663433,27.1273,1920,1080,raygs,triangles,1,off,0.1,on,-4
1781756702946400298,6276.93,474.517,2.10741,2.21747,2.1943,0.138112,0.22464,0.058368,0.928768,0.844416,0.026679,6131954,6131954,1663433,27.1273,1920,1080,raygs,triangles,1,off,0.1,on,-4
1781756702948431191,6278.96,473.919,2.11006,2.01638,1.99558,0.133632,0.225856,0.058464,0.733184,0.844448,0.025071,6131954,6131954,1663433,27.1273,1920,1080,raygs,triangles,1,off,0.1,on,-4
1781756702950498967,6281.03,473.975,2.10981,2.04566,2.02384,0.13424,0.225696,0.058176,0.761952,0.843776,0.024903,6131954,6131954,1663433,27.1273,1920,1080,raygs,triangles,1,off,0.1,on,-4
1781756702952540685,6283.07,474.352,2.10814,2.01635,1.99341,0.134624,0.224256,0.057568,0.733184,0.843776,0.025487,6131954,6131954,1663433,27.1273,1920,1080,raygs,triangles,1,off,0.1,on,-4
1781756702954595907,6285.13,474.392,2.10796,2.02154,1.9983,0.133664,0.225216,0.057344,0.738304,0.843776,0.026561,6131954,6131954,1663433,27.1273,1920,1080,raygs,triangles,1,off,0.1,on,-4
1781756702956673212,6287.2,475.515,2.10299,2.02054,1.99942,0.133696,0.225696,0.058368,0.73728,0.844384,0.028878,6131954,6131954,1663433,27.1273,1920,1080,raygs,triangles,1,off,0.1,on,-4
1781756702958807004,6289.34,475.37,2.10363,2.13718,2.11306,0.133568,0.341856,0.057408,0.735584,0.84464,0.026685,6131954,6131954,1663433,27.1273,1920,1080,raygs,triangles,1,off,0.1,on,-4
1781756702960998016,6291.53,475.076,2.10492,2.01958,1.99696,0.13376,0.22592,0.057664,0.735232,0.844384,0.024779,6131954,6131954,1663433,27.1273,1920,1080,raygs,triangles,1,off,0.1,on,-4
1781756702963231710,6293.76,474.603,2.10702,2.21021,2.1889,0.138656,0.223424,0.058368,0.924672,0.843776,0.025037,6131954,6131954,1663433,27.1273,1920,1080,raygs,triangles,1,off,0.1,on,-4
1781756702965276197,6295.81,473.896,2.11017,2.01293,1.99146,0.134272,0.225952,0.058368,0.729088,0.843776,0.024881,6131954,6131954,1663433,27.1273,1920,1080,raygs,triangles,1,off,0.1,on,-4
1781756702967351960,6297.88,473.868,2.11029,2.04749,2.02589,0.133984,0.224832,0.058368,0.764928,0.843776,0.026514,6131954,6131954,1663433,27.1273,1920,1080,raygs,triangles,1,off,0.1,on,-4
1781756702969407703,6299.94,474.197,2.10883,2.02064,2.00013,0.134784,0.225248,0.058368,0.73728,0.844448,0.039885,6131954,6131954,1663433,27.1273,1920,1080,raygs,triangles,1,off,0.1,on,-4
1781756702971443869,6301.97,474.664,2.10676,2.01712,1.9951,0.133344,0.225792,0.057344,0.734208,0.844416,0.029658,6131954,6131954,1663433,27.1273,1920,1080,raygs,triangles,1,off,0.1,on,-4
1781756702973500440,6304.03,476.345,2.09932,2.02102,1.99818,0.13312,0.226592,0.0576,0.736256,0.844608,0.027321,6131954,6131954,1663433,27.1273,1920,1080,raygs,triangles,1,off,0.1,on,-4
1781756702975685928,6306.22,476.154,2.10016,2.13872,2.1169,0.133088,0.345248,0.058368,0.735392,0.8448,0.027651,6131954,6131954,1663433,27.1273,1920,1080,raygs,triangles,1,off,0.1,on,-4
1781756702977874914,6308.41,474.786,2.10621,2.01626,1.99357,0.133504,0.224992,0.058368,0.73216,0.844544,0.025806,6131954,6131954,1663433,27.1273,1920,1080,raygs,triangles,1,off,0.1,on,-4
1781756702980116738,6310.65,474.359,2.10811,2.21325,2.19133,0.137952,0.225408,0.0584,0.924768,0.8448,0.025371,6131954,6131954,1663433,27.1273,1920,1080,raygs,triangles,1,off,0.1,on,-4
1781756702982192079,6312.72,473.865,2.11031,2.01363,1.99126,0.134112,0.226112,0.058176,0.729088,0.843776,0.039603,6131954,6131954,1663433,27.1273,1920,1080,raygs,triangles,1,off,0.1,on,-4
1781756702984188066,6314.72,473.744,2.11085,2.01578,1.99184,0.134048,0.225472,0.059584,0.728064,0.844672,0.017175,6131954,6131954,1663433,27.1273,1920,1080,raygs,triangles,1,off,0.1,on,-4
1781756702986255701,6316.79,474.404,2.10791,2.02096,1.99859,0.13408,0.224992,0.058464,0.73728,0.843776,0.028873,6131954,6131954,1663433,27.1273,1920,1080,raygs,triangles,1,off,0.1,on,-4
1781756702988348188,6318.88,474.359,2.10811,2.02467,2.0016,0.133664,0.227488,0.058368,0.738656,0.843424,0.040077,6131954,6131954,1663433,27.1273,1920,1080,raygs,triangles,1,off,0.1,on,-4
1781756702990354454,6320.89,475.413,2.10343,2.01978,1.99722,0.133952,0.225088,0.05808,0.735424,0.844672,0.015764,6131954,6131954,1663433,27.1273,1920,1080,raygs,triangles,1,off,0.1,on,-4
1781756702992513530,6323.04,475.576,2.10271,2.14202,2.11971,0.134304,0.345856,0.057472,0.73728,0.8448,0.028931,6131954,6131954,1663433,27.1273,1920,1080,raygs,triangles,1,off,0.1,on,-4
1781756702995033244,6325.56,475.164,2.10454,2.18845,2.15382,0.134624,0.38608,0.057344,0.731136,0.84464,0.044149,6131954,6131954,1663433,27.1273,1920,1080,raygs,triangles,1,off,0.1,on,-4
1781756702997069110,6327.6,473.291,2.11287,2.16768,2.1457,0.14576,0.223104,0.058368,0.873728,0.844736,0.016406,6131954,6131954,1663433,27.1273,1920,1080,raygs,triangles,1,off,0.1,on,-4
1781756702999087106,6329.62,473.356,2.11257,2.01533,1.99398,0.134592,0.225312,0.058368,0.731136,0.844576,0.027315,6131954,6131954,1663433,27.1273,1920,1080,raygs,triangles,1,off,0.1,on,-4
1781756703001153704,6331.68,473.42,2.11229,2.02288,2.00083,0.143168,0.225024,0.057728,0.731136,0.843776,0.026435,6131954,6131954,1663433,27.1273,1920,1080,raygs,triangles,1,off,0.1,on,-4
1781756703003187692,6333.72,473.783,2.11067,2.01837,1.99805,0.13456,0.224064,0.058368,0.736256,0.8448,0.025875,6131954,6131954,1663433,27.1273,1920,1080,raygs,triangles,1,off,0.1,on,-4
1781756703005253612,6335.78,473.799,2.1106,2.02006,1.99878,0.133792,0.226592,0.058368,0.735232,0.8448,0.026926,6131954,6131954,1663433,27.1273,1920,1080,raygs,triangles,1,off,0.1,on,-4
1781756703007427492,6337.96,475.029,2.10514,2.02253,1.99917,0.133632,0.225088,0.058368,0.738304,0.843776,0.029525,6131954,6131954,1663433,27.1273,1920,1080,raygs,triangles,1,off,0.1,on,-4
1781756703009449185,6339.98,474.534,2.10733,2.02477,2.00259,0.136864,0.224256,0.058368,0.739328,0.843776,0.026345,6131954,6131954,1663433,27.1273,1920,1080,raygs,triangles,1,off,0.1,on,-4
1781756703011711996,6342.24,474.746,2.10639,2.18208,2.1599,0.134432,0.224256,0.058368,0.899072,0.843776,0.040747,6131954,6131954,1663433,27.1273,1920,1080,raygs,triangles,1,off,0.1,on,-4
1781756703013864051,6344.39,473.811,2.11055,2.17571,2.15334,0.294976,0.227136,0.057344,0.730112,0.843776,0.017693,6131954,6131954,1663433,27.1273,1920,1080,raygs,triangles,1,off,0.1,on,-4
1781756703015945014,6346.48,473.447,2.11217,2.01315,1.9929,0.133472,0.22512,0.058368,0.731136,0.8448,0.026449,6131954,6131954,1663433,27.1273,1920,1080,raygs,triangles,1,off,0.1,on,-4
1781756703017949133,6348.48,473.311,2.11278,2.01504,1.99158,0.134336,0.226016,0.057344,0.729088,0.8448,0.025373,6131954,6131954,1663433,27.1273,1920,1080,raygs,triangles,1,off,0.1,on,-4
1781756703019991523,6350.52,473.915,2.11008,2.01872,1.99654,0.134176,0.226368,0.058176,0.733184,0.84464,0.025903,6131954,6131954,1663433,27.1273,1920,1080,raygs,triangles,1,off,0.1,on,-4
1781756703022033069,6352.56,473.994,2.10973,2.02006,1.99702,0.133536,0.224896,0.057536,0.73728,0.843776,0.025039,6131954,6131954,1663433,27.1273,1920,1080,raygs,triangles,1,off,0.1,on,-4
1781756703024200105,6354.73,475.31,2.10389,2.02323,1.99898,0.13328,0.224512,0.0584,0.739328,0.843456,0.029116,6131954,6131954,1663433,27.1273,1920,1080,raygs,triangles,1,off,0.1,on,-4
1781756703026260520,6356.79,474.788,2.1062,2.02458,2.00422,0.137728,0.224224,0.059392,0.739328,0.843552,0.029352,6131954,6131954,1663433,27.1273,1920,1080,raygs,triangles,1,off,0.1,on,-4
1781756703028649000,6359.18,474.662,2.10676,2.35053,2.33165,0.341792,0.222272,0.058368,0.865472,0.843744,0.025095,6131954,6131954,1663433,27.1273,1920,1080,raygs,triangles,1,off,0.1,on,-4
1781756703030661243,6361.19,473.444,2.11218,2.01536,1.9952,0.134624,0.226144,0.058368,0.731488,0.844576,0.024117,6131954,6131954,1663433,27.1273,1920,1080,raygs,triangles,1,off,0.1,on,-4
1781756703032740013,6363.27,473.686,2.1111,2.01728,1.99395,0.134624,0.22608,0.057344,0.73216,0.843744,0.027923,6131954,6131954,1663433,27.1273,1920,1080,raygs,triangles,1,off,0.1,on,-4
1781756703034753861,6365.28,473.535,2.11178,2.012,1.99178,0.133664,0.225856,0.058368,0.730112,0.843776,0.026047,6131954,6131954,1663433,27.1273,1920,1080,raygs,triangles,1,off,0.1,on,-4
1781756703036830306,6367.36,474.107,2.10923,2.02176,1.99894,0.133888,0.225504,0.057344,0.73744,0.844768,0.029115,6131954,6131954,1663433,27.1273,1920,1080,raygs,triangles,1,off,0.1,on,-4
1781756703038845282,6369.38,474.188,2.10887,2.02368,2.00051,0.13376,0.22528,0.057344,0.740352,0.843776,0.025562,6131954,6131954,1663433,27.1273,1920,1080,raygs,triangles,1,off,0.1,on,-4
1781756703040997942,6371.53,475.258,2.10412,2.01875,1.99629,0.133952,0.224352,0.058368,0.736256,0.84336,0.025301,6131954,6131954,1663433,27.1273,1920,1080,raygs,triangles,1,off,0.1,on,-4
1781756703043062123,6373.59,475.123,2.10472,2.02832,2.00506,0.137344,0.224288,0.057344,0.7424,0.84368,0.026685,6131954,6131954,1663433,27.1273,1920,1080,raygs,triangles,1,off,0.1,on,-4
1781756703045449740,6375.98,474.954,2.10547,2.36861,2.35002,0.355808,0.221664,0.058368,0.869376,0.8448,0.027054,6131954,6131954,1663433,27.1273,1920,1080,raygs,triangles,1,off,0.1,on,-4
1781756703047505435,6378.04,473.601,2.11148,2.01469,1.99162,0.132928,0.225408,0.058368,0.731136,0.843776,0.028548,6131954,6131954,1663433,27.1273,1920,1080,raygs,triangles,1,off,0.1,on,-4
1781756703049532095,6380.06,473.617,2.11141,2.01347,1.99206,0.13376,0.226048,0.058368,0.729088,0.8448,0.025394,6131954,6131954,1663433,27.1273,1920,1080,raygs,triangles,1,off,0.1,on,-4
1781756703051591544,6382.12,473.646,2.11128,2.01738,1.99514,0.133664,0.225952,0.058368,0.733408,0.843744,0.026461,6131954,6131954,1663433,27.1273,1920,1080,raygs,triangles,1,off,0.1,on,-4
1781756703053682704,6384.21,474.836,2.10599,2.024,2.00096,0.133024,0.225472,0.058368,0.740352,0.843744,0.038393,6131954,6131954,1663433,27.1273,1920,1080,raygs,triangles,1,off,0.1,on,-4
1781756703055678566,6386.21,474.93,2.10558,2.02198,1.99955,0.13408,0.226048,0.058368,0.73728,0.843776,0.018762,6131954,6131954,1663433,27.1273,1920,1080,raygs,triangles,1,off,0.1,on,-4
1781756703057846822,6388.38,475.796,2.10174,2.01853,1.99587,0.133696,0.22496,0.057344,0.735232,0.84464,0.027754,6131954,6131954,1663433,27.1273,1920,1080,raygs,triangles,1,off,0.1,on,-4
1781756703059917307,6390.45,475.245,2.10418,2.0257,2.00336,0.137344,0.224544,0.058368,0.739328,0.843776,0.035281,6131954,6131954,1663433,27.1273,1920,1080,raygs,triangles,1,off,0.1,on,-4
1781756703062287383,6392.82,475.111,2.10477,2.34422,2.32518,0.2976,0.221504,0.058208,0.904192,0.84368,0.021289,6131954,6131954,1663433,27.1273,1920,1080,raygs,triangles,1,off,0.1,on,-4
1781756703064308265,6394.84,474.029,2.10958,2.01078,1.98934,0.134176,0.22496,0.058368,0.728064,0.843776,0.027721,6131954,6131954,1663433,27.1273,1920,1080,raygs,triangles,1,off,0.1,on,-4
1781756703066344080,6396.87,474.027,2.10958,2.01434,1.99158,0.1336,0.224704,0.058368,0.730112,0.8448,0.031623,6131954,6131954,1663433,27.1273,1920,1080,raygs,triangles,1,off,0.1,on,-4
1781756703068581626,6399.11,473.928,2.11003,2.01978,1.99709,0.13392,0.226816,0.058368,0.735232,0.842752,0.039574,6131954,6131954,1663433,27.1273,1920,1080,raygs,triangles,1,off,0.1,on,-4
1781756703070546824,6401.08,473.906,2.11013,2.02237,2.00141,0.138624,0.22528,0.058368,0.734336,0.8448,0.016908,6131954,6131954,1663433,27.1273,1920,1080,raygs,triangles,1,off,0.1,on,-4
1781756703072652938,6403.18,474.89,2.10575,2.01994,1.99773,0.13408,0.224224,0.058368,0.73728,0.843776,0.03828,6131954,6131954,1663433,27.1273,1920,1080,raygs,triangles,1,off,0.1,on,-4
1781756703074770323,6405.3,475.209,2.10434,2.14259,2.12125,0.134912,0.225056,0.058368,0.859136,0.843776,0.019013,6131954,6131954,1663433,27.1273,1920,1080,raygs,triangles,1,off,0.1,on,-4
1781756703076925146,6407.46,474.91,2.10566,2.14058,2.1169,0.133952,0.34368,0.057344,0.73728,0.84464,0.026193,6131954,6131954,1663433,27.1273,1920,1080,raygs,triangles,1,off,0.1,on,-4
1781756703079328550,6409.86,474.578,2.10713,2.18326,2.15907,0.133792,0.391872,0.057344,0.732288,0.843776,0.026715,6131954,6131954,1663433,27.1273,1920,1080,raygs,triangles,1,off,0.1,on,-4
1781756703081347833,6411.88,473.21,2.11323,2.02966,2.00621,0.149952,0.222976,0.057344,0.731136,0.8448,0.025118,6131954,6131954,1663433,27.1273,1920,1080,raygs,triangles,1,off,0.1,on,-4
1781756703083384359,6413.91,473.349,2.11261,2.01562,1.99408,0.134048,0.224544,0.058368,0.732416,0.844704,0.026659,6131954,6131954,1663433,27.1273,1920,1080,raygs,triangles,1,off,0.1,on,-4
1781756703085428067,6415.96,473.546,2.11173,2.02198,2.00054,0.13408,0.225312,0.058368,0.73728,0.845504,0.025328,6131954,6131954,1663433,27.1273,1920,1080,raygs,triangles,1,off,0.1,on,-4
1781756703087470720,6418,473.859,2.11033,2.01962,1.99658,0.133792,0.224384,0.057344,0.73728,0.843776,0.026067,6131954,6131954,1663433,27.1273,1920,1080,raygs,triangles,1,off,0.1,on,-4
1781756703089519889,6420.05,474.411,2.10788,2.02026,1.99824,0.133408,0.225408,0.058368,0.736256,0.8448,0.025617,6131954,6131954,1663433,27.1273,1920,1080,raygs,triangles,1,off,0.1,on,-4
1781756703091678708,6422.21,475.109,2.10478,2.13318,2.11216,0.133664,0.341984,0.058368,0.733536,0.844608,0.024964,6131954,6131954,1663433,27.1273,1920,1080,raygs,triangles,1,off,0.1,on,-4
1781756703093910704,6424.44,474.675,2.10671,2.02557,2.00406,0.13344,0.225056,0.058368,0.7424,0.8448,0.026045,6131954,6131954,1663433,27.1273,1920,1080,raygs,triangles,1,off,0.1,on,-4
1781756703096131405,6426.66,474.115,2.10919,2.21318,2.19114,0.138912,0.225216,0.057344,0.925152,0.844512,0.024855,6131954,6131954,1663433,27.1273,1920,1080,raygs,triangles,1,off,0.1,on,-4
1781756703098173374,6428.7,473.484,2.112,2.01293,1.98973,0.13424,0.225088,0.057536,0.729088,0.843776,0.026067,6131954,6131954,1663433,27.1273,1920,1080,raygs,triangles,1,off,0.1,on,-4
1781756703100240058,6430.77,473.436,2.11222,2.04214,2.02032,0.13376,0.223584,0.058368,0.759808,0.8448,0.025026,6131954,6131954,1663433,27.1273,1920,1080,raygs,triangles,1,off,0.1,on,-4
1781756703102282021,6432.81,473.419,2.11229,2.02035,1.99821,0.134496,0.225312,0.058368,0.736256,0.843776,0.024068,6131954,6131954,1663433,27.1273,1920,1080,raygs,triangles,1,off,0.1,on,-4
1781756703104325954,6434.86,473.99,2.10975,2.02019,1.99696,0.133408,0.225152,0.057344,0.73728,0.843776,0.024516,6131954,6131954,1663433,27.1273,1920,1080,raygs,triangles,1,off,0.1,on,-4
1781756703106403345,6436.93,474.505,2.10746,2.02179,1.99926,0.132896,0.226176,0.058368,0.73728,0.844544,0.029674,6131954,6131954,1663433,27.1273,1920,1080,raygs,triangles,1,off,0.1,on,-4
1781756703108545749,6439.08,475.105,2.1048,2.13747,2.11491,0.133856,0.343872,0.057344,0.735232,0.844608,0.025253,6131954,6131954,1663433,27.1273,1920,1080,raygs,triangles,1,off,0.1,on,-4
1781756703110744962,6441.28,474.904,2.10569,2.02118,1.99926,0.133856,0.224512,0.057664,0.738496,0.844736,0.025083,6131954,6131954,1663433,27.1273,1920,1080,raygs,triangles,1,off,0.1,on,-4
1781756703112991948,6443.52,474.134,2.10911,2.21171,2.18995,0.138368,0.223744,0.058368,0.925696,0.843776,0.024782,6131954,6131954,1663433,27.1273,1920,1080,raygs,triangles,1,off,0.1,on,-4
1781756703115029601,6445.56,473.441,2.1122,2.01302,1.99149,0.134336,0.223872,0.058368,0.731136,0.843776,0.024752,6131954,6131954,1663433,27.1273,1920,1080,raygs,triangles,1,off,0.1,on,-4
1781756703117096809,6447.63,473.664,2.1112,2.04266,2.02243,0.134304,0.224512,0.058368,0.760832,0.844416,0.025189,6131954,6131954,1663433,27.1273,1920,1080,raygs,triangles,1,off,0.1,on,-4
1781756703119137550,6449.67,473.416,2.11231,2.01843,1.99613,0.133632,0.22512,0.058368,0.735232,0.843776,0.02425,6131954,6131954,1663433,27.1273,1920,1080,raygs,triangles,1,off,0.1,on,-4
1781756703121218149,6451.75,473.859,2.11033,2.01914,1.99706,0.134304,0.2264,0.057344,0.736256,0.842752,0.034879,6131954,6131954,1663433,27.1273,1920,1080,raygs,triangles,1,off,0.1,on,-4
1781756703123257045,6453.79,475.449,2.10328,2.01891,1.99824,0.1344,0.2248,0.058368,0.735232,0.84544,0.025565,6131954,6131954,1663433,27.1273,1920,1080,raygs,triangles,1,off,0.1,on,-4
1781756703125396212,6455.93,475.47,2.10318,2.13606,2.11482,0.133952,0.344512,0.058368,0.733184,0.8448,0.025135,6131954,6131954,1663433,27.1273,1920,1080,raygs,triangles,1,off,0.1,on,-4
1781756703127605617,6458.14,475.026,2.10515,2.01827,1.99626,0.133664,0.225216,0.058368,0.735232,0.843776,0.02747,6131954,6131954,1663433,27.1273,1920,1080,raygs,triangles,1,off,0.1,on,-4
1781756703129833370,6460.36,474.465,2.10764,2.20125,2.17827,0.13824,0.2248,0.057344,0.913408,0.84448,0.024997,6131954,6131954,1663433,27.1273,1920,1080,raygs,triangles,1,off,0.1,on,-4
1781756703131889766,6462.42,473.79,2.11064,2.01619,1.99315,0.133408,0.22464,0.058368,0.73216,0.844576,0.026562,6131954,6131954,1663433,27.1273,1920,1080,raygs,triangles,1,off,0.1,on,-4
1781756703133961293,6464.49,473.696,2.11106,2.0432,2.02058,0.134048,0.224608,0.058368,0.759808,0.843744,0.026071,6131954,6131954,1663433,27.1273,1920,1080,raygs,triangles,1,off,0.1,on,-4
1781756703136019869,6466.55,474.108,2.10922,2.02259,2.00109,0.133984,0.224608,0.058368,0.740352,0.843776,0.030109,6131954,6131954,1663433,27.1273,1920,1080,raygs,triangles,1,off,0.1,on,-4
1781756703138301539,6468.83,473.958,2.10989,2.02224,1.99837,0.133312,0.225504,0.057344,0.738464,0.843744,0.044607,6131954,6131954,1663433,27.1273,1920,1080,raygs,triangles,1,off,0.1,on,-4
1781756703140232892,6470.76,473.958,2.10989,2.02262,2.0001,0.137792,0.224032,0.058368,0.735232,0.844672,0.01797,6131954,6131954,1663433,27.1273,1920,1080,raygs,triangles,1,off,0.1,on,-4
1781756703142405030,6472.94,474.703,2.10658,2.14586,2.12442,0.134048,0.223968,0.058368,0.864256,0.843776,0.028752,6131954,6131954,1663433,27.1273,1920,1080,raygs,triangles,1,off,0.1,on,-4
1781756703144658430,6475.19,474.363,2.10809,2.21008,2.18736,0.133792,0.22464,0.058368,0.8848,0.88576,0.02864,6131954,6131954,1663433,27.1273,1920,1080,raygs,triangles,1,off,0.1,on,-4
1781756703147047214,6477.58,473.374,2.1125,2.17706,2.15603,0.297664,0.226112,0.057344,0.730112,0.8448,0.054795,6131954,6131954,1663433,27.1273,1920,1080,raygs,triangles,1,off,0.1,on,-4
1781756703149031955,6479.56,472.1,2.1182,2.01152,1.98861,0.132832,0.225408,0.057344,0.728224,0.8448,0.038104,6131954,6131954,1663433,27.1273,1920,1080,raygs,triangles,1,off,0.1,on,-4
1781756703151093651,6481.62,472.314,2.11724,2.02707,2.00291,0.13408,0.225312,0.058368,0.741376,0.843776,0.038265,6131954,6131954,1663433,27.1273,1920,1080,raygs,triangles,1,off,0.1,on,-4
1781756703153038601,6483.57,472.701,2.1155,2.02067,1.99878,0.133792,0.225632,0.058304,0.73728,0.843776,0.031868,6131954,6131954,1663433,27.1273,1920,1080,raygs,triangles,1,off,0.1,on,-4
1781756703155014316,6485.54,473.276,2.11293,2.0183,1.99658,0.133504,0.225536,0.058368,0.735648,0.84352,0.016702,6131954,6131954,1663433,27.1273,1920,1080,raygs,triangles,1,off,0.1,on,-4
1781756703157090033,6487.62,474.811,2.1061,2.01942,1.9968,0.133568,0.225152,0.058368,0.735232,0.84448,0.029982,6131954,6131954,1663433,27.1273,1920,1080,raygs,triangles,1,off,0.1,on,-4
1781756703159353889,6489.88,474.462,2.10765,2.13642,2.11405,0.13488,0.225056,0.057344,0.852992,0.843776,0.047219,6131954,6131954,1663433,27.1273,1920,1080,raygs,triangles,1,off,0.1,on,-4
1781756703161679940,6492.21,473.738,2.11087,2.18864,2.16672,0.133824,0.225152,0.057696,0.905248,0.8448,0.017202,6131954,6131954,1663433,27.1273,1920,1080,raygs,triangles,1,off,0.1,on,-4
1781756703163742665,6494.27,472.614,2.11589,2.03178,2.00829,0.15296,0.224128,0.05744,0.729088,0.844672,0.031382,6131954,6131954,1663433,27.1273,1920,1080,raygs,triangles,1,off,0.1,on,-4
1781756703165788454,6496.32,472.716,2.11543,2.01251,1.98931,0.133856,0.225792,0.057632,0.727424,0.844608,0.028304,6131954,6131954,1663433,27.1273,1920,1080,raygs,triangles,1,off,0.1,on,-4
1781756703167814983,6498.35,472.558,2.11614,2.01469,1.99203,0.134208,0.224544,0.057344,0.731136,0.8448,0.027816,6131954,6131954,1663433,27.1273,1920,1080,raygs,triangles,1,off,0.1,on,-4
1781756703169863421,6500.39,473.062,2.11389,2.0232,2.0009,0.134304,0.227104,0.057344,0.737536,0.844608,0.026581,6131954,6131954,1663433,27.1273,1920,1080,raygs,triangles,1,off,0.1,on,-4
1781756703171900062,6502.43,473.187,2.11333,2.01856,1.9953,0.133888,0.226016,0.057344,0.734272,0.843776,0.026801,6131954,6131954,1663433,27.1273,1920,1080,raygs,triangles,1,off,0.1,on,-4
1781756703173950174,6504.48,474.485,2.10755,2.02003,1.99747,0.133184,0.225888,0.057344,0.73728,0.843776,0.026534,6131954,6131954,1663433,27.1273,1920,1080,raygs,triangles,1,off,0.1,on,-4
1781756703176111308,6506.64,474.44,2.10775,2.13808,2.11514,0.13344,0.342272,0.057344,0.736256,0.845824,0.026364,6131954,6131954,1663433,27.1273,1920,1080,raygs,triangles,1,off,0.1,on,-4
1781756703178496427,6509.03,473.974,2.10982,2.24179,1.99005,0.133888,0.225952,0.057344,0.729088,0.843776,0.027392,6131954,6131954,1663433,27.1273,1920,1080,raygs,triangles,1,off,0.1,on,-4
1781756703180736587,6511.27,472.667,2.11566,2.01805,1.99533,0.138528,0.223904,0.057344,0.730112,0.84544,0.051966,6131954,6131954,1663433,27.1273,1920,1080,raygs,triangles,1,off,0.1,on,-4
1781756703182745441,6513.28,472.136,2.11803,2.01517,1.99258,0.13344,0.225568,0.057632,0.731136,0.8448,0.038492,6131954,6131954,1663433,27.1273,1920,1080,raygs,triangles,1,off,0.1,on,-4
1781756703184762716,6515.29,472.062,2.11836,2.01981,1.99696,0.140096,0.223648,0.058304,0.730112,0.8448,0.037296,6131954,6131954,1663433,27.1273,1920,1080,raygs,triangles,1,off,0.1,on,-4
1781756703186814187,6517.34,472.656,2.1157,2.02138,1.99894,0.133472,0.225312,0.058368,0.73728,0.844512,0.042253,6131954,6131954,1663433,27.1273,1920,1080,raygs,triangles,1,off,0.1,on,-4
1781756703188863332,6519.39,472.725,2.11539,2.01862,1.99722,0.13424,0.2256,0.058368,0.734208,0.8448,0.037625,6131954,6131954,1663433,27.1273,1920,1080,raygs,triangles,1,off,0.1,on,-4
1781756703191032818,6521.56,473.945,2.10995,2.02035,1.99904,0.133728,0.225888,0.058368,0.736256,0.8448,0.037566,6131954,6131954,1663433,27.1273,1920,1080,raygs,triangles,1,off,0.1,on,-4
1781756703192946299,6523.48,473.358,2.11257,2.02486,2.00131,0.13696,0.224928,0.057344,0.738304,0.843776,0.017796,6131954,6131954,1663433,27.1273,1920,1080,raygs,triangles,1,off,0.1,on,-4
1781756703195147932,6525.68,474.037,2.10954,2.1951,2.17123,0.134176,0.2256,0.057344,0.909312,0.8448,0.029828,6131954,6131954,1663433,27.1273,1920,1080,raygs,triangles,1,off,0.1,on,-4
1781756703197347271,6527.88,474.077,2.10936,2.17565,2.15363,0.296352,0.228096,0.057344,0.728064,0.843776,0.026333,6131954,6131954,1663433,27.1273,1920,1080,raygs,triangles,1,off,0.1,on,-4
1781756703199383583,6529.91,473.188,2.11332,2.01181,1.99066,0.134176,0.224224,0.058368,0.730112,0.843776,0.02463,6131954,6131954,1663433,27.1273,1920,1080,raygs,triangles,1,off,0.1,on,-4
1781756703201419273,6531.95,473.47,2.11207,2.01542,1.99517,0.134688,0.225152,0.058368,0.73216,0.8448,0.02439,6131954,6131954,1663433,27.1273,1920,1080,raygs,triangles,1,off,0.1,on,-4
1781756703203461968,6533.99,473.759,2.11078,2.01728,1.99488,0.133856,0.225728,0.057632,0.734208,0.843456,0.024382,6131954,6131954,1663433,27.1273,1920,1080,raygs,triangles,1,off,0.1,on,-4
1781756703205503525,6536.03,474.179,2.10891,2.0199,1.99728,0.133056,0.225696,0.058496,0.73728,0.842752,0.024054,6131954,6131954,1663433,27.1273,1920,1080,raygs,triangles,1,off,0.1,on,-4
1781756703207667674,6538.2,475.556,2.1028,2.01914,1.99664,0.134336,0.224608,0.057632,0.735296,0.844768,0.027029,6131954,6131954,1663433,27.1273,1920,1080,raygs,triangles,1,off,0.1,on,-4
1781756703209716796,6540.25,474.998,2.10527,2.02701,2.00474,0.137056,0.225152,0.058368,0.740384,0.843776,0.02532,6131954,6131954,1663433,27.1273,1920,1080,raygs,triangles,1,off,0.1,on,-4
1781756703212140716,6542.67,474.946,2.1055,2.35722,2.33766,0.34032,0.222752,0.058368,0.872448,0.843776,0.029166,6131954,6131954,1663433,27.1273,1920,1080,raygs,triangles,1,off,0.1,on,-4
1781756703214161354,6544.69,473.495,2.11196,2.01622,1.99248,0.133728,0.225472,0.057344,0.73216,0.843776,0.028024,6131954,6131954,1663433,27.1273,1920,1080,raygs,triangles,1,off,0.1,on,-4
1781756703216214353,6546.74,473.578,2.11158,2.01526,1.99312,0.133984,0.225984,0.058176,0.730432,0.844544,0.028362,6131954,6131954,1663433,27.1273,1920,1080,raygs,triangles,1,off,0.1,on,-4
1781756703218425357,6548.96,473.567,2.11163,2.01408,1.99165,0.134336,0.225024,0.058368,0.730464,0.843456,0.038329,6131954,6131954,1663433,27.1273,1920,1080,raygs,triangles,1,off,0.1,on,-4
1781756703220411080,6550.94,473.341,2.11264,2.02109,1.99834,0.137344,0.225056,0.057344,0.734208,0.844384,0.017817,6131954,6131954,1663433,27.1273,1920,1080,raygs,triangles,1,off,0.1,on,-4
1781756703222477683,6553.01,474.273,2.10849,2.02422,2.00128,0.134272,0.226464,0.05744,0.739328,0.843776,0.027982,6131954,6131954,1663433,27.1273,1920,1080,raygs,triangles,1,off,0.1,on,-4
1781756703224626490,6555.16,474.87,2.10584,2.14266,2.11914,0.133952,0.224928,0.057344,0.859136,0.843776,0.025227,6131954,6131954,1663433,27.1273,1920,1080,raygs,triangles,1,off,0.1,on,-4
1781756703226786634,6557.32,474.488,2.10753,2.1391,2.11626,0.13344,0.342368,0.058368,0.738304,0.843776,0.025715,6131954,6131954,1663433,27.1273,1920,1080,raygs,triangles,1,off,0.1,on,-4
1781756703229179234,6559.71,474.137,2.10909,2.22282,2.20054,0.13456,0.430784,0.05824,0.73216,0.8448,0.025356,6131954,6131954,1663433,27.1273,1920,1080,raygs,triangles,1,off,0.1,on,-4
1781756703231243701,6561.77,472.786,2.11512,2.01702,1.99558,0.138368,0.223936,0.058368,0.730112,0.8448,0.027064,6131954,6131954,1663433,27.1273,1920,1080,raygs,triangles,1,off,0.1,on,-4
1781756703233283783,6563.81,472.638,2.11579,2.01587,1.99498,0.134144,0.225536,0.058336,0.73216,0.8448,0.027885,6131954,6131954,1663433,27.1273,1920,1080,raygs,triangles,1,off,0.1,on,-4
1781756703235316881,6565.85,472.827,2.11494,2.01987,1.99747,0.134304,0.225376,0.0576,0.734624,0.845568,0.027706,6131954,6131954,1663433,27.1273,1920,1080,raygs,triangles,1,off,0.1,on,-4
1781756703237361787,6567.89,473.225,2.11316,2.01942,1.99808,0.13328,0.225376,0.058368,0.73728,0.843776,0.026299,6131954,6131954,1663433,27.1273,1920,1080,raygs,triangles,1,off,0.1,on,-4
1781756703239393421,6569.92,473.805,2.11057,2.01914,1.99613,0.133184,0.225408,0.058368,0.7344,0.844768,0.026046,6131954,6131954,1663433,27.1273,1920,1080,raygs,triangles,1,off,0.1,on,-4
1781756703241563712,6572.09,474.667,2.10674,2.01856,1.99763,0.13376,0.226336,0.058368,0.735456,0.843712,0.027974,6131954,6131954,1663433,27.1273,1920,1080,raygs,triangles,1,off,0.1,on,-4
1781756703243708612,6574.24,474.191,2.10885,2.02314,2.00218,0.137504,0.225248,0.058368,0.73728,0.843776,0.040174,6131954,6131954,1663433,27.1273,1920,1080,raygs,triangles,1,off,0.1,on,-4
1781756703245985825,6576.52,473.819,2.11051,2.33981,2.32061,0.33008,0.223104,0.057344,0.86528,0.8448,0.016919,6131954,6131954,1663433,27.1273,1920,1080,raygs,triangles,1,off,0.1,on,-4
1781756703248096147,6578.63,472.932,2.11447,2.01283,1.98957,0.134176,0.226048,0.057344,0.728512,0.843488,0.065555,6131954,6131954,1663433,27.1273,1920,1080,raygs,triangles,1,off,0.1,on,-4
1781756703250089572,6580.62,472.938,2.11444,2.01632,1.99411,0.133856,0.226848,0.057344,0.731328,0.844736,0.018294,6131954,6131954,1663433,27.1273,1920,1080,raygs,triangles,1,off,0.1,on,-4
1781756703252125959,6582.66,472.993,2.11419,2.01974,1.99795,0.134048,0.22592,0.058368,0.735232,0.844384,0.028449,6131954,6131954,1663433,27.1273,1920,1080,raygs,triangles,1,off,0.1,on,-4
1781756703254263597,6584.79,473.383,2.11245,2.0209,1.99875,0.134016,0.22544,0.05824,0.73728,0.843776,0.04932,6131954,6131954,1663433,27.1273,1920,1080,raygs,triangles,1,off,0.1,on,-4
1781756703256197336,6586.73,473.69,2.11108,2.02077,1.9977,0.132896,0.225376,0.057344,0.73728,0.8448,0.019528,6131954,6131954,1663433,27.1273,1920,1080,raygs,triangles,1,off,0.1,on,-4
1781756703258370938,6588.9,474.752,2.10636,2.02195,1.99978,0.13408,0.225248,0.058368,0.738304,0.843776,0.027374,6131954,6131954,1663433,27.1273,1920,1080,raygs,triangles,1,off,0.1,on,-4
1781756703260433069,6590.96,474.42,2.10784,2.0256,2.00371,0.137728,0.222432,0.058368,0.741408,0.843776,0.032529,6131954,6131954,1663433,27.1273,1920,1080,raygs,triangles,1,off,0.1,on,-4
1781756703262814839,6593.35,474.402,2.10792,2.34704,2.32765,0.333216,0.22288,0.058304,0.869504,0.843744,0.025512,6131954,6131954,1663433,27.1273,1920,1080,raygs,triangles,1,off,0.1,on,-4
1781756703264818199,6595.35,473.214,2.11321,2.01366,1.99158,0.133984,0.224448,0.058368,0.730112,0.844672,0.026571,6131954,6131954,1663433,27.1273,1920,1080,raygs,triangles,1,off,0.1,on,-4
1781756703266864776,6597.4,474.306,2.10834,2.0112,1.98886,0.133568,0.226112,0.057344,0.728064,0.843776,0.028843,6131954,6131954,1663433,27.1273,1920,1080,raygs,triangles,1,off,0.1,on,-4
1781756703268911506,6599.44,473.845,2.1104,2.01965,1.99779,0.133792,0.2256,0.058368,0.736256,0.843776,0.027265,6131954,6131954,1663433,27.1273,1920,1080,raygs,triangles,1,off,0.1,on,-4
1781756703270938729,6601.47,474.299,2.10837,2.01699,1.99456,0.13392,0.224384,0.057632,0.734208,0.844416,0.025878,6131954,6131954,1663433,27.1273,1920,1080,raygs,triangles,1,off,0.1,on,-4
1781756703272996970,6603.53,475.288,2.10399,2.02022,1.9991,0.1344,0.22528,0.058368,0.73728,0.843776,0.032599,6131954,6131954,1663433,27.1273,1920,1080,raygs,triangles,1,off,0.1,on,-4
1781756703275337459,6605.87,476.023,2.10074,2.13338,2.11085,0.132864,0.224704,0.175296,0.733184,0.8448,0.050435,6131954,6131954,1663433,27.1273,1920,1080,raygs,triangles,1,off,0.1,on,-4
1781756703277504931,6608.04,475.021,2.10517,2.02253,2.00022,0.133696,0.225056,0.058368,0.739328,0.843776,0.03596,6131954,6131954,1663433,27.1273,1920,1080,raygs,triangles,1,off,0.1,on,-4
1781756703279677497,6610.21,474.664,2.10675,2.16566,2.14336,0.148736,0.223104,0.058368,0.869376,0.843776,0.034574,6131954,6131954,1663433,27.1273,1920,1080,raygs,triangles,1,off,0.1,on,-4
1781756703281711796,6612.24,473.715,2.11097,2.01402,1.99024,0.134304,0.225728,0.057344,0.729088,0.843776,0.03431,6131954,6131954,1663433,27.1273,1920,1080,raygs,triangles,1,off,0.1,on,-4
1781756703283768447,6614.3,473.474,2.11205,2.03062,2.00845,0.13456,0.224224,0.058368,0.748544,0.842752,0.034444,6131954,6131954,1663433,27.1273,1920,1080,raygs,triangles,1,off,0.1,on,-4
1781756703285813541,6616.34,473.652,2.11125,2.02134,2.00093,0.134304,0.225152,0.058368,0.739328,0.843776,0.034018,6131954,6131954,1663433,27.1273,1920,1080,raygs,triangles,1,off,0.1,on,-4
1781756703287862608,6618.39,474.529,2.10735,2.01782,1.99581,0.134016,0.226368,0.05744,0.734208,0.843776,0.036551,6131954,6131954,1663433,27.1273,1920,1080,raygs,triangles,1,off,0.1,on,-4
1781756703289903066,6620.43,475.527,2.10293,2.01773,1.99728,0.134144,0.22624,0.058368,0.734208,0.84432,0.034964,6131954,6131954,1663433,27.1273,1920,1080,raygs,triangles,1,off,0.1,on,-4
1781756703292093673,6622.62,475.562,2.10278,2.01715,1.99594,0.133504,0.22608,0.058368,0.734208,0.843776,0.03761,6131954,6131954,1663433,27.1273,1920,1080,raygs,triangles,1,off,0.1,on,-4
1781756703294142278,6624.67,475.016,2.10519,2.02208,2.00016,0.13728,0.222496,0.058368,0.73728,0.844736,0.035978,6131954,6131954,1663433,27.1273,1920,1080,raygs,triangles,1,off,0.1,on,-4
1781756703296499210,6627.03,474.899,2.10571,2.33008,2.31005,0.317664,0.22192,0.058368,0.867328,0.844768,0.032999,6131954,6131954,1663433,27.1273,1920,1080,raygs,triangles,1,off,0.1,on,-4
1781756703298414653,6628.95,473.426,2.11226,2.01219,1.98998,0.134464,0.225312,0.058368,0.728064,0.843776,0.018815,6131954,6131954,1663433,27.1273,1920,1080,raygs,triangles,1,off,0.1,on,-4
1781756703300592246,6631.12,474.235,2.10866,2.17232,2.14899,0.133984,0.353248,0.058368,0.758784,0.844608,0.027538,6131954,6131954,1663433,27.1273,1920,1080,raygs,triangles,1,off,0.1,on,-4
1781756703302632668,6633.16,473.854,2.11036,2.01878,1.99702,0.133984,0.225664,0.057344,0.736256,0.843776,0.026129,6131954,6131954,1663433,27.1273,1920,1080,raygs,triangles,1,off,0.1,on,-4
1781756703304677103,6635.21,474.275,2.10848,2.02022,1.99789,0.133632,0.22592,0.058304,0.73728,0.842752,0.02689,6131954,6131954,1663433,27.1273,1920,1080,raygs,triangles,1,off,0.1,on,-4
1781756703306721271,6637.25,475.63,2.10248,2.0191,1.9968,0.133952,0.225472,0.057344,0.735232,0.8448,0.032206,6131954,6131954,1663433,27.1273,1920,1080,raygs,triangles,1,off,0.1,on,-4
1781756703308988599,6639.52,476.38,2.09916,2.13379,2.11232,0.133888,0.341184,0.058368,0.733184,0.845696,0.025149,6131954,6131954,1663433,27.1273,1920,1080,raygs,triangles,1,off,0.1,on,-4
1781756703311309823,6641.84,475.422,2.10339,2.27552,2.25392,0.137632,0.223936,0.058368,0.990208,0.843776,0.029487,6131954,6131954,1663433,27.1273,1920,1080,raygs,triangles,1,off,0.1,on,-4
1781756703313671279,6644.2,474.135,2.1091,2.136,2.11574,0.262432,0.221152,0.057344,0.729152,0.845664,0.051427,6131954,6131954,1663433,27.1273,1920,1080,raygs,triangles,1,off,0.1,on,-4
1781756703315644459,6646.18,472.937,2.11445,2.01392,1.99126,0.13424,0.225408,0.057728,0.730112,0.843776,0.037274,6131954,6131954,1663433,27.1273,1920,1080,raygs,triangles,1,off,0.1,on,-4
1781756703317725085,6648.26,473.267,2.11297,2.04973,2.02768,0.134208,0.226496,0.058464,0.764928,0.843584,0.037713,6131954,6131954,1663433,27.1273,1920,1080,raygs,triangles,1,off,0.1,on,-4
1781756703319788338,6650.32,473.598,2.11149,2.01872,1.9969,0.13392,0.224864,0.058368,0.735232,0.844512,0.038962,6131954,6131954,1663433,27.1273,1920,1080,raygs,triangles,1,off,0.1,on,-4
1781756703321813493,6652.34,472.913,2.11455,2.01923,1.9969,0.133728,0.224768,0.058368,0.736256,0.843776,0.03679,6131954,6131954,1663433,27.1273,1920,1080,raygs,triangles,1,off,0.1,on,-4
1781756703323804687,6654.34,473.584,2.11156,2.01981,1.99635,0.133984,0.226016,0.057344,0.735232,0.843776,0.052688,6131954,6131954,1663433,27.1273,1920,1080,raygs,triangles,1,off,0.1,on,-4
1781756703325875471,6656.41,474.406,2.1079,2.13885,2.11661,0.13392,0.346336,0.058368,0.733184,0.8448,0.016164,6131954,6131954,1663433,27.1273,1920,1080,raygs,triangles,1,off,0.1,on,-4
1781756703328090141,6658.62,474.319,2.10829,2.01514,1.99462,0.133888,0.224576,0.059072,0.732544,0.844544,0.03439,6131954,6131954,1663433,27.1273,1920,1080,raygs,triangles,1,off,0.1,on,-4
1781756703330347195,6660.88,473.652,2.11126,2.20707,2.18506,0.138176,0.224192,0.058368,0.920576,0.843744,0.026738,6131954,6131954,1663433,27.1273,1920,1080,raygs,triangles,1,off,0.1,on,-4
1781756703332407598,6662.94,472.81,2.11502,2.01517,1.99402,0.13376,0.224864,0.058368,0.731456,0.845568,0.032298,6131954,6131954,1663433,27.1273,1920,1080,raygs,triangles,1,off,0.1,on,-4
1781756703334437613,6664.97,472.711,2.11546,2.02544,2.00211,0.134496,0.224096,0.059392,0.739328,0.8448,0.026781,6131954,6131954,1663433,27.1273,1920,1080,raygs,triangles,1,off,0.1,on,-4
1781756703336473055,6667,473.239,2.1131,2.02074,1.99901,0.134112,0.225472,0.058368,0.736256,0.8448,0.029474,6131954,6131954,1663433,27.1273,1920,1080,raygs,triangles,1,off,0.1,on,-4
1781756703338519103,6669.05,473.344,2.11263,2.01978,1.99802,0.13392,0.225504,0.057536,0.736256,0.8448,0.025923,6131954,6131954,1663433,27.1273,1920,1080,raygs,triangles,1,off,0.1,on,-4
1781756703340553893,6671.08,474.781,2.10624,2.02032,1.99904,0.13392,0.224672,0.058368,0.73728,0.8448,0.025073,6131954,6131954,1663433,27.1273,1920,1080,raygs,triangles,1,off,0.1,on,-4
1781756703342718701,6673.25,474.719,2.10651,2.13133,2.10982,0.133888,0.341632,0.058368,0.73216,0.843776,0.02696,6131954,6131954,1663433,27.1273,1920,1080,raygs,triangles,1,off,0.1,on,-4
1781756703344955583,6675.49,474.305,2.10835,2.01619,1.99392,0.134336,0.226304,0.057344,0.73216,0.843776,0.028532,6131954,6131954,1663433,27.1273,1920,1080,raygs,triangles,1,off,0.1,on,-4
1781756703347164755,6677.7,474.223,2.10871,2.1672,2.14435,0.151008,0.223424,0.057344,0.869824,0.842752,0.034675,6131954,6131954,1663433,27.1273,1920,1080,raygs,triangles,1,off,0.1,on,-4
1781756703349247787,6679.78,472.989,2.11421,2.01485,1.9928,0.135136,0.22528,0.058368,0.730464,0.843552,0.05995,6131954,6131954,1663433,27.1273,1920,1080,raygs,triangles,1,off,0.1,on,-4
1781756703351230497,6681.76,473.295,2.11285,2.01453,1.99104,0.133824,0.225184,0.058144,0.730112,0.843776,0.017574,6131954,6131954,1663433,27.1273,1920,1080,raygs,triangles,1,off,0.1,on,-4
1781756703353293844,6683.82,473.862,2.11032,2.01923,1.99648,0.133408,0.225696,0.057344,0.736256,0.843776,0.029076,6131954,6131954,1663433,27.1273,1920,1080,raygs,triangles,1,off,0.1,on,-4
1781756703355346961,6685.88,474.195,2.10884,2.02358,2.00224,0.133856,0.227008,0.058272,0.739328,0.843776,0.027481,6131954,6131954,1663433,27.1273,1920,1080,raygs,triangles,1,off,0.1,on,-4
1781756703357380639,6687.91,475.529,2.10292,2.01802,1.99427,0.133216,0.225728,0.057344,0.735232,0.842752,0.030818,6131954,6131954,1663433,27.1273,1920,1080,raygs,triangles,1,off,0.1,on,-4
1781756703359719222,6690.25,475.615,2.10254,2.13552,2.11206,0.133952,0.342816,0.05744,0.734208,0.843648,0.049834,6131954,6131954,1663433,27.1273,1920,1080,raygs,triangles,1,off,0.1,on,-4
1781756703362011620,6692.54,474.477,2.10758,2.19549,1.99347,0.133824,0.22576,0.057952,0.731136,0.8448,0.037089,6131954,6131954,1663433,27.1273,1920,1080,raygs,triangles,1,off,0.1,on,-4
1781756703364035118,6694.57,473.532,2.11179,2.01565,1.99309,0.138016,0.222816,0.058208,0.729376,0.844672,0.035833,6131954,6131954,1663433,27.1273,1920,1080,raygs,triangles,1,off,0.1,on,-4
1781756703366071450,6696.6,473.617,2.11141,2.0167,1.99306,0.133984,0.223744,0.058368,0.733184,0.843776,0.035617,6131954,6131954,1663433,27.1273,1920,1080,raygs,triangles,1,off,0.1,on,-4
1781756703368110831,6698.64,473.55,2.11171,2.01421,1.99139,0.133696,0.225632,0.058368,0.730112,0.843584,0.037382,6131954,6131954,1663433,27.1273,1920,1080,raygs,triangles,1,off,0.1,on,-4
1781756703370157399,6700.69,474.04,2.10953,2.01757,1.9952,0.13376,0.224288,0.058368,0.734208,0.844576,0.035509,6131954,6131954,1663433,27.1273,1920,1080,raygs,triangles,1,off,0.1,on,-4
1781756703372224952,6702.76,474.439,2.10775,2.0185,1.99712,0.133696,0.224224,0.058272,0.736256,0.844672,0.041088,6131954,6131954,1663433,27.1273,1920,1080,raygs,triangles,1,off,0.1,on,-4
1781756703374386523,6704.92,475.235,2.10422,2.01814,1.99677,0.134336,0.22512,0.058368,0.735232,0.843712,0.037468,6131954,6131954,1663433,27.1273,1920,1080,raygs,triangles,1,off,0.1,on,-4
1781756703376419515,6706.95,475.016,2.10519,2.02163,2.00051,0.136832,0.224256,0.058368,0.736256,0.8448,0.03588,6131954,6131954,1663433,27.1273,1920,1080,raygs,triangles,1,off,0.1,on,-4
1781756703378637263,6709.17,474.924,2.1056,2.19123,2.16816,0.1344,0.225216,0.057344,0.906432,0.844768,0.037783,6131954,6131954,1663433,27.1273,1920,1080,raygs,triangles,1,off,0.1,on,-4
1781756703380840697,6711.37,474.223,2.10871,2.16266,2.14147,0.280864,0.227328,0.057344,0.731136,0.8448,0.038126,6131954,6131954,1663433,27.1273,1920,1080,raygs,triangles,1,off,0.1,on,-4
1781756703382886213,6713.42,473.936,2.10999,2.01597,1.99286,0.13424,0.22464,0.058368,0.731136,0.84448,0.039076,6131954,6131954,1663433,27.1273,1920,1080,raygs,triangles,1,off,0.1,on,-4
1781756703384924719,6715.46,473.543,2.11174,2.02227,2.00019,0.14096,0.223712,0.05856,0.73216,0.8448,0.03711,6131954,6131954,1663433,27.1273,1920,1080,raygs,triangles,1,off,0.1,on,-4
1781756703387041701,6717.57,474.067,2.10941,2.02096,2.00054,0.135104,0.227072,0.058368,0.735232,0.844768,0.044457,6131954,6131954,1663433,27.1273,1920,1080,raygs,triangles,1,off,0.1,on,-4
1781756703389131061,6719.66,473.848,2.11038,2.14739,2.12374,0.13376,0.350784,0.05824,0.73728,0.84368,0.036635,6131954,6131954,1663433,27.1273,1920,1080,raygs,triangles,1,off,0.1,on,-4
1781756703391252464,6721.78,474.947,2.1055,2.02064,1.99779,0.134176,0.224608,0.057952,0.73728,0.843776,0.061095,6131954,6131954,1663433,27.1273,1920,1080,raygs,triangles,1,off,0.1,on,-4
1781756703393310034,6723.84,474.495,2.10751,2.02659,2.00422,0.137056,0.225696,0.057344,0.739328,0.8448,0.028452,6131954,6131954,1663433,27.1273,1920,1080,raygs,triangles,1,off,0.1,on,-4
1781756703395577873,6726.11,474.59,2.10708,2.3431,2.32624,0.333344,0.222752,0.058368,0.867328,0.844448,0.016015,6131954,6131954,1663433,27.1273,1920,1080,raygs,triangles,1,off,0.1,on,-4
1781756703397629922,6728.16,473.779,2.11069,2.01245,1.99085,0.134144,0.224512,0.058304,0.730112,0.843776,0.026881,6131954,6131954,1663433,27.1273,1920,1080,raygs,triangles,1,off,0.1,on,-4
1781756703399681833,6730.21,473.504,2.11191,2.01379,1.99149,0.13408,0.225152,0.057344,0.730112,0.8448,0.028088,6131954,6131954,1663433,27.1273,1920,1080,raygs,triangles,1,off,0.1,on,-4
1781756703401712050,6732.24,474.037,2.10954,2.0152,1.99395,0.133888,0.225056,0.058368,0.733184,0.843456,0.026738,6131954,6131954,1663433,27.1273,1920,1080,raygs,triangles,1,off,0.1,on,-4
1781756703403746061,6734.28,474.931,2.10557,2.01981,1.99667,0.133984,0.226208,0.057344,0.734432,0.844704,0.025929,6131954,6131954,1663433,27.1273,1920,1080,raygs,triangles,1,off,0.1,on,-4
1781756703405790511,6736.32,475.398,2.1035,2.01834,1.99597,0.13376,0.225216,0.057344,0.736256,0.843392,0.025361,6131954,6131954,1663433,27.1273,1920,1080,raygs,triangles,1,off,0.1,on,-4
1781756703407955008,6738.49,475.801,2.10172,2.0152,1.99379,0.133472,0.223968,0.058368,0.734208,0.843776,0.028575,6131954,6131954,1663433,27.1273,1920,1080,raygs,triangles,1,off,0.1,on,-4
1781756703410009899,6740.54,475.319,2.10385,2.02406,2.00144,0.137184,0.22448,0.057696,0.738304,0.843776,0.025967,6131954,6131954,1663433,27.1273,1920,1080,raygs,triangles,1,off,0.1,on,-4
1781756703412559707,6743.09,475.274,2.10405,2.34547,2.3256,0.332608,0.222528,0.057344,0.868352,0.844768,0.050878,6131954,6131954,1663433,27.1273,1920,1080,raygs,triangles,1,off,0.1,on,-4
1781756703414535976,6745.07,473.35,2.1126,2.01254,1.9897,0.134048,0.22448,0.057376,0.729088,0.844704,0.035744,6131954,6131954,1663433,27.1273,1920,1080,raygs,triangles,1,off,0.1,on,-4
1781756703416566993,6747.1,473.658,2.11123,2.0127,1.98931,0.134048,0.225056,0.057344,0.729088,0.843776,0.03538,6131954,6131954,1663433,27.1273,1920,1080,raygs,triangles,1,off,0.1,on,-4
1781756703418605884,6749.14,473.686,2.1111,2.0176,1.99654,0.133792,0.22624,0.058368,0.734464,0.84368,0.034614,6131954,6131954,1663433,27.1273,1920,1080,raygs,triangles,1,off,0.1,on,-4
1781756703420655143,6751.19,474.281,2.10845,2.02022,1.9975,0.133792,0.225632,0.058048,0.735232,0.8448,0.034698,6131954,6131954,1663433,27.1273,1920,1080,raygs,triangles,1,off,0.1,on,-4
1781756703422692845,6753.22,474.273,2.10849,2.01715,1.99501,0.133344,0.22464,0.058368,0.735232,0.843424,0.034606,6131954,6131954,1663433,27.1273,1920,1080,raygs,triangles,1,off,0.1,on,-4
1781756703424873776,6755.4,475.739,2.10199,2.0184,1.99526,0.134048,0.22576,0.058496,0.734208,0.842752,0.036942,6131954,6131954,1663433,27.1273,1920,1080,raygs,triangles,1,off,0.1,on,-4
1781756703426921217,6757.45,474.381,2.10801,2.0271,2.00323,0.137184,0.224576,0.057344,0.740352,0.843776,0.03661,6131954,6131954,1663433,27.1273,1920,1080,raygs,triangles,1,off,0.1,on,-4
1781756703429274550,6759.81,474.853,2.10591,2.33216,2.31242,0.323456,0.221536,0.057344,0.866304,0.843776,0.034589,6131954,6131954,1663433,27.1273,1920,1080,raygs,triangles,1,off,0.1,on,-4
1781756703431334535,6761.87,473.679,2.11113,2.01152,1.99024,0.134912,0.22416,0.058304,0.728064,0.8448,0.034919,6131954,6131954,1663433,27.1273,1920,1080,raygs,triangles,1,off,0.1,on,-4
1781756703433256484,6763.79,473.671,2.11117,2.0153,1.9936,0.1336,0.227072,0.057344,0.731136,0.844448,0.018242,6131954,6131954,1663433,27.1273,1920,1080,raygs,triangles,1,off,0.1,on,-4
1781756703435293507,6765.82,474.16,2.10899,2.01802,1.99536,0.134208,0.225024,0.058496,0.733184,0.844448,0.028268,6131954,6131954,1663433,27.1273,1920,1080,raygs,triangles,1,off,0.1,on,-4
1781756703437507181,6768.04,474.997,2.10528,2.0199,1.99859,0.134112,0.22608,0.058368,0.735232,0.8448,0.053573,6131954,6131954,1663433,27.1273,1920,1080,raygs,triangles,1,off,0.1,on,-4
1781756703439527239,6770.06,475.406,2.10347,2.01818,1.99542,0.133376,0.224992,0.057344,0.735232,0.84448,0.038013,6131954,6131954,1663433,27.1273,1920,1080,raygs,triangles,1,off,0.1,on,-4
1781756703441689757,6772.22,476.777,2.09742,2.01802,1.9967,0.133856,0.225472,0.058368,0.734208,0.8448,0.039409,6131954,6131954,1663433,27.1273,1920,1080,raygs,triangles,1,off,0.1,on,-4
1781756703443753960,6774.28,476,2.10084,2.02323,2.00234,0.137376,0.224832,0.058208,0.73728,0.84464,0.041469,6131954,6131954,1663433,27.1273,1920,1080,raygs,triangles,1,off,0.1,on,-4
1781756703446102412,6776.63,476.061,2.10057,2.33626,2.31715,0.323424,0.223232,0.058368,0.867328,0.8448,0.038602,6131954,6131954,1663433,27.1273,1920,1080,raygs,triangles,1,off,0.1,on,-4
1781756703448133893,6778.66,475.014,2.1052,2.01635,1.99491,0.133664,0.224896,0.058368,0.734208,0.843776,0.041132,6131954,6131954,1663433,27.1273,1920,1080,raygs,triangles,1,off,0.1,on,-4
1781756703450222562,6780.75,474.967,2.10541,2.01482,1.99168,0.134112,0.225376,0.057344,0.731136,0.843712,0.047372,6131954,6131954,1663433,27.1273,1920,1080,raygs,triangles,1,off,0.1,on,-4
1781756703452225189,6782.76,474.535,2.10732,2.01667,1.9944,0.133568,0.225344,0.058368,0.732352,0.844768,0.044521,6131954,6131954,1663433,27.1273,1920,1080,raygs,triangles,1,off,0.1,on,-4
1781756703454262793,6784.79,474.712,2.10654,2.02355,2.00272,0.1336,0.226912,0.058368,0.739328,0.844512,0.037858,6131954,6131954,1663433,27.1273,1920,1080,raygs,triangles,1,off,0.1,on,-4
1781756703456287147,6786.82,475.433,2.10334,2.01984,1.99856,0.133984,0.225152,0.058368,0.73728,0.843776,0.036898,6131954,6131954,1663433,27.1273,1920,1080,raygs,triangles,1,off,0.1,on,-4
1781756703458481718,6789.01,476.368,2.09922,2.02074,1.99667,0.133888,0.225312,0.057472,0.73632,0.84368,0.039035,6131954,6131954,1663433,27.1273,1920,1080,raygs,triangles,1,off,0.1,on,-4
1781756703460652756,6791.18,475.724,2.10206,2.16422,2.14298,0.137056,0.22416,0.058368,0.879616,0.843776,0.036248,6131954,6131954,1663433,27.1273,1920,1080,raygs,triangles,1,off,0.1,on,-4
1781756703462991954,6793.52,475.311,2.10389,2.33222,2.31216,0.320544,0.22128,0.058208,0.867328,0.8448,0.037624,6131954,6131954,1663433,27.1273,1920,1080,raygs,triangles,1,off,0.1,on,-4
1781756703464992104,6795.52,474.144,2.10906,2.01594,1.99261,0.134176,0.224352,0.057344,0.73216,0.844576,0.034223,6131954,6131954,1663433,27.1273,1920,1080,raygs,triangles,1,off,0.1,on,-4
1781756703466951954,6797.48,474.367,2.10807,2.01488,1.99152,0.134176,0.227136,0.057344,0.728064,0.8448,0.021808,6131954,6131954,1663433,27.1273,1920,1080,raygs,triangles,1,off,0.1,on,-4
1781756703469002922,6799.53,474.689,2.10664,2.02336,2.00042,0.13344,0.226528,0.058368,0.738304,0.843776,0.032077,6131954,6131954,1663433,27.1273,1920,1080,raygs,triangles,1,off,0.1,on,-4
1781756703471051252,6801.58,475.122,2.10472,2.02003,1.99846,0.133856,0.225632,0.057344,0.73728,0.844352,0.028263,6131954,6131954,1663433,27.1273,1920,1080,raygs,triangles,1,off,0.1,on,-4
1781756703473085785,6803.62,475.837,2.10156,2.0225,1.99837,0.133472,0.226496,0.057344,0.73728,0.843776,0.026284,6131954,6131954,1663433,27.1273,1920,1080,raygs,triangles,1,off,0.1,on,-4
1781756703475290761,6805.82,476.9,2.09688,2.13363,1.99235,0.133984,0.225088,0.057344,0.73216,0.843776,0.030395,6131954,6131954,1663433,27.1273,1920,1080,raygs,triangles,1,off,0.1,on,-4
1781756703477649503,6808.18,475.936,2.10112,2.02026,1.99894,0.133408,0.22592,0.05872,0.73728,0.843616,0.048074,6131954,6131954,1663433,27.1273,1920,1080,raygs,triangles,1,off,0.1,on,-4
1781756703479801371,6810.33,474.565,2.10719,2.16733,2.1457,0.149408,0.221696,0.058368,0.871424,0.8448,0.035146,6131954,6131954,1663433,27.1273,1920,1080,raygs,triangles,1,off,0.1,on,-4
1781756703481833914,6812.36,474.265,2.10852,2.01363,1.99114,0.133952,0.224096,0.058368,0.730112,0.844608,0.03433,6131954,6131954,1663433,27.1273,1920,1080,raygs,triangles,1,off,0.1,on,-4
1781756703483884914,6814.42,474.318,2.10829,2.0233,2.00134,0.133376,0.224448,0.058368,0.740352,0.8448,0.03468,6131954,6131954,1663433,27.1273,1920,1080,raygs,triangles,1,off,0.1,on,-4
1781756703485925853,6816.46,474.351,2.10814,2.0167,1.99443,0.133952,0.225152,0.057344,0.734208,0.843776,0.034386,6131954,6131954,1663433,27.1273,1920,1080,raygs,triangles,1,off,0.1,on,-4
1781756703487971533,6818.5,475.467,2.1032,2.01958,1.99667,0.133728,0.226592,0.057344,0.735232,0.843776,0.035902,6131954,6131954,1663433,27.1273,1920,1080,raygs,triangles,1,off,0.1,on,-4
1781756703490009899,6820.54,476.364,2.09924,2.01565,1.99366,0.134112,0.224864,0.057728,0.733184,0.843776,0.034202,6131954,6131954,1663433,27.1273,1920,1080,raygs,triangles,1,off,0.1,on,-4
1781756703492184202,6822.71,476.298,2.09953,2.01827,1.99488,0.13344,0.224096,0.058336,0.735232,0.843776,0.035567,6131954,6131954,1663433,27.1273,1920,1080,raygs,triangles,1,off,0.1,on,-4
1781756703494135268,6824.67,475.773,2.10184,2.02557,2.00448,0.137344,0.223808,0.058304,0.739328,0.845696,0.02465,6131954,6131954,1663433,27.1273,1920,1080,raygs,triangles,1,off,0.1,on,-4
1781756703496479208,6827.01,476.164,2.10012,2.34211,2.32272,0.331744,0.22192,0.058368,0.866304,0.844384,0.021929,6131954,6131954,1663433,27.1273,1920,1080,raygs,triangles,1,off,0.1,on,-4
1781756703498513607,6829.04,475.099,2.10483,2.01286,1.99062,0.13408,0.225312,0.058368,0.729088,0.843776,0.026522,6131954,6131954,1663433,27.1273,1920,1080,raygs,triangles,1,off,0.1,on,-4
1781756703500582668,6831.11,475.198,2.10439,2.04368,2.02112,0.133696,0.225664,0.058368,0.759808,0.843584,0.027322,6131954,6131954,1663433,27.1273,1920,1080,raygs,triangles,1,off,0.1,on,-4
1781756703502705591,6833.24,475.575,2.10272,2.01779,1.99581,0.13344,0.225024,0.057344,0.735232,0.844768,0.065945,6131954,6131954,1663433,27.1273,1920,1080,raygs,triangles,1,off,0.1,on,-4
1781756703504679833,6835.21,475.176,2.10448,2.01862,1.99629,0.134144,0.224768,0.058368,0.736256,0.842752,0.017561,6131954,6131954,1663433,27.1273,1920,1080,raygs,triangles,1,off,0.1,on,-4
1781756703506724304,6837.25,476.03,2.10071,2.01706,1.99606,0.134304,0.226336,0.058464,0.734208,0.842752,0.028384,6131954,6131954,1663433,27.1273,1920,1080,raygs,triangles,1,off,0.1,on,-4
1781756703508884400,6839.42,476.689,2.0978,2.13456,1.99571,0.133984,0.224544,0.05744,0.734208,0.845536,0.027686,6131954,6131954,1663433,27.1273,1920,1080,raygs,triangles,1,off,0.1,on,-4
1781756703511105974,6841.64,476.222,2.09986,2.02381,2.00246,0.133856,0.225184,0.059392,0.739584,0.844448,0.027952,6131954,6131954,1663433,27.1273,1920,1080,raygs,triangles,1,off,0.1,on,-4
1781756703513399422,6843.93,475.515,2.10298,2.21498,2.19254,0.139136,0.22464,0.057632,0.92672,0.844416,0.058229,6131954,6131954,1663433,27.1273,1920,1080,raygs,triangles,1,off,0.1,on,-4
1781756703515395658,6845.93,474.964,2.10542,2.01158,1.98957,0.13392,0.225312,0.058368,0.728448,0.84352,0.021429,6131954,6131954,1663433,27.1273,1920,1080,raygs,triangles,1,off,0.1,on,-4
1781756703517543823,6848.07,475.232,2.10424,2.04608,2.0232,0.134624,0.225856,0.057344,0.760832,0.844544,0.04408,6131954,6131954,1663433,27.1273,1920,1080,raygs,triangles,1,off,0.1,on,-4
1781756703519508618,6850.04,475.074,2.10494,2.02022,1.99763,0.13344,0.225696,0.058368,0.736352,0.843776,0.0183,6131954,6131954,1663433,27.1273,1920,1080,raygs,triangles,1,off,0.1,on,-4
1781756703521558034,6852.09,475.347,2.10373,2.02128,1.9991,0.134432,0.22544,0.057504,0.73728,0.844448,0.029709,6131954,6131954,1663433,27.1273,1920,1080,raygs,triangles,1,off,0.1,on,-4
1781756703523672061,6854.2,476.172,2.10008,2.0185,1.99731,0.133696,0.225216,0.058368,0.735232,0.8448,0.063517,6131954,6131954,1663433,27.1273,1920,1080,raygs,triangles,1,off,0.1,on,-4
1781756703525781311,6856.31,476.054,2.1006,2.1385,2.11443,0.133696,0.343168,0.057536,0.736256,0.843776,0.017823,6131954,6131954,1663433,27.1273,1920,1080,raygs,triangles,1,off,0.1,on,-4
1781756703527957276,6858.49,475.785,2.10179,2.01763,1.9945,0.133376,0.225472,0.057664,0.734208,0.843776,0.031433,6131954,6131954,1663433,27.1273,1920,1080,raygs,triangles,1,off,0.1,on,-4
1781756703530252114,6860.78,475.18,2.10447,2.19808,2.17597,0.1384,0.2248,0.057632,0.909312,0.845824,0.043245,6131954,6131954,1663433,27.1273,1920,1080,raygs,triangles,1,off,0.1,on,-4
1781756703532563325,6863.09,473.683,2.11112,2.00896,1.9904,0.13632,0.221824,0.058368,0.729088,0.8448,0.040387,6131954,6131954,1663433,27.1273,1920,1080,raygs,triangles,1,off,0.1,on,-4
1781756703534565977,6865.1,473.223,2.11317,2.04886,2.02611,0.134368,0.225696,0.057344,0.764928,0.843776,0.037056,6131954,6131954,1663433,27.1273,1920,1080,raygs,triangles,1,off,0.1,on,-4
1781756703536606946,6867.14,473.831,2.11046,2.01994,1.9977,0.13408,0.225216,0.058368,0.736256,0.843776,0.038955,6131954,6131954,1663433,27.1273,1920,1080,raygs,triangles,1,off,0.1,on,-4
1781756703538642525,6869.17,473.942,2.10996,2.02035,1.99795,0.133504,0.226112,0.058368,0.736256,0.843712,0.040938,6131954,6131954,1663433,27.1273,1920,1080,raygs,triangles,1,off,0.1,on,-4
1781756703540682755,6871.21,475.904,2.10126,2.01914,1.99718,0.132288,0.225472,0.058368,0.736256,0.8448,0.0363,6131954,6131954,1663433,27.1273,1920,1080,raygs,triangles,1,off,0.1,on,-4
1781756703542924123,6873.45,475.62,2.10252,2.22003,2.19888,0.133824,0.343712,0.058368,0.818176,0.8448,0.035448,6131954,6131954,1663433,27.1273,1920,1080,raygs,triangles,1,off,0.1,on,-4
1781756703545242489,6875.77,474.848,2.10594,2.10022,2.07773,0.134016,0.2256,0.058368,0.816128,0.843616,0.03617,6131954,6131954,1663433,27.1273,1920,1080,raygs,triangles,1,off,0.1,on,-4
1781756703547518488,6878.05,473.759,2.11078,2.25693,2.23654,0.149408,0.222848,0.058304,0.961536,0.844448,0.037112,6131954,6131954,1663433,27.1273,1920,1080,raygs,triangles,1,off,0.1,on,-4
1781756703549652597,6880.18,472.957,2.11435,2.10512,2.08394,0.13392,0.2256,0.058368,0.821248,0.8448,0.035946,6131954,6131954,1663433,27.1273,1920,1080,raygs,triangles,1,off,0.1,on,-4
1781756703551782371,6882.31,472.585,2.11602,2.11222,2.0903,0.141376,0.223552,0.058304,0.822272,0.8448,0.035452,6131954,6131954,1663433,27.1273,1920,1080,raygs,triangles,1,off,0.1,on,-4
1781756703553931648,6884.46,472.79,2.1151,2.10237,2.0791,0.133536,0.225088,0.057344,0.819424,0.843712,0.037647,6131954,6131954,1663433,27.1273,1920,1080,raygs,triangles,1,off,0.1,on,-4
1781756703556048756,6886.58,472.391,2.11689,2.10374,2.08259,0.133952,0.225248,0.058368,0.821248,0.843776,0.035847,6131954,6131954,1663433,27.1273,1920,1080,raygs,triangles,1,off,0.1,on,-4
1781756703558299103,6888.83,473.282,2.11291,2.10816,2.08486,0.133216,0.225312,0.057344,0.82432,0.844672,0.035095,6131954,6131954,1663433,27.1273,1920,1080,raygs,triangles,1,off,0.1,on,-4
1781756703560611294,6891.14,472.529,2.11627,2.11146,2.08966,0.137536,0.225728,0.058368,0.823296,0.844736,0.034984,6131954,6131954,1663433,27.1273,1920,1080,raygs,triangles,1,off,0.1,on,-4
1781756703562895538,6893.43,471.038,2.12297,2.25933,2.23776,0.149568,0.223072,0.058336,0.963008,0.843776,0.034627,6131954,6131954,1663433,27.1273,1920,1080,raygs,triangles,1,off,0.1,on,-4
1781756703565025894,6895.56,470.16,2.12693,2.10458,2.0823,0.132736,0.224448,0.058368,0.822272,0.84448,0.034944,6131954,6131954,1663433,27.1273,1920,1080,raygs,triangles,1,off,0.1,on,-4
1781756703567120632,6897.65,470.567,2.1251,2.10442,2.08166,0.133792,0.225792,0.05808,0.821248,0.842752,0.034316,6131954,6131954,1663433,27.1273,1920,1080,raygs,triangles,1,off,0.1,on,-4
1781756703569178517,6899.71,470.331,2.12616,2.10618,2.08352,0.133792,0.225568,0.058368,0.822272,0.84352,0.018837,6131954,6131954,1663433,27.1273,1920,1080,raygs,triangles,1,off,0.1,on,-4
1781756703571328479,6901.86,470.744,2.1243,2.10579,2.08445,0.13328,0.22576,0.058368,0.823296,0.843744,0.034099,6131954,6131954,1663433,27.1273,1920,1080,raygs,triangles,1,off,0.1,on,-4
1781756703573435654,6903.97,470.427,2.12573,2.10518,2.08483,0.134336,0.225376,0.058368,0.822272,0.84448,0.025145,6131954,6131954,1663433,27.1273,1920,1080,raygs,triangles,1,off,0.1,on,-4
1781756703575695679,6906.23,471.329,2.12166,2.23773,2.21568,0.13472,0.224288,0.057344,0.954592,0.844736,0.024782,6131954,6131954,1663433,27.1273,1920,1080,raygs,triangles,1,off,0.1,on,-4
1781756703578011382,6908.54,470.468,2.12554,2.10531,2.08378,0.134016,0.225344,0.058368,0.822272,0.843776,0.026138,6131954,6131954,1663433,27.1273,1920,1080,raygs,triangles,1,off,0.1,on,-4
1781756703580311230,6910.84,469.67,2.12915,2.26291,2.24051,0.152256,0.222624,0.057344,0.963584,0.844704,0.025102,6131954,6131954,1663433,27.1273,1920,1080,raygs,triangles,1,off,0.1,on,-4
1781756703582499573,6913.03,468.611,2.13397,2.10061,2.07952,0.133888,0.223264,0.058368,0.8192,0.8448,0.038526,6131954,6131954,1663433,27.1273,1920,1080,raygs,triangles,1,off,0.1,on,-4
1781756703584624294,6915.15,467.966,2.13691,2.13971,2.11738,0.133024,0.225024,0.058368,0.857216,0.843744,0.019669,6131954,6131954,1663433,27.1273,1920,1080,raygs,triangles,1,off,0.1,on,-4
1781756703586757661,6917.29,467.604,2.13856,2.1071,2.08563,0.133184,0.225024,0.058368,0.823296,0.84576,0.028221,6131954,6131954,1663433,27.1273,1920,1080,raygs,triangles,1,off,0.1,on,-4
1781756703588929308,6919.46,467.974,2.13687,2.10557,2.08336,0.133696,0.225248,0.058368,0.822272,0.843776,0.042169,6131954,6131954,1663433,27.1273,1920,1080,raygs,triangles,1,off,0.1,on,-4
1781756703591113547,6921.64,467.852,2.13743,2.10675,2.0848,0.134304,0.224608,0.05824,0.82432,0.843328,0.019487,6131954,6131954,1663433,27.1273,1920,1080,raygs,triangles,1,off,0.1,on,-4
1781756703593328958,6923.86,468.389,2.13498,2.10842,2.08518,0.137568,0.224224,0.057344,0.822272,0.843776,0.045372,6131954,6131954,1663433,27.1273,1920,1080,raygs,triangles,1,off,0.1,on,-4
1781756703595733311,6926.26,467.506,2.13901,2.29677,2.2745,0.134432,0.22416,0.058368,1.01376,0.843776,0.016499,6131954,6131954,1663433,27.1273,1920,1080,raygs,triangles,1,off,0.1,on,-4
1781756703597902974,6928.43,465.912,2.14633,2.11875,2.09894,0.14688,0.223168,0.059168,0.826368,0.84336,0.030179,6131954,6131954,1663433,27.1273,1920,1080,raygs,triangles,1,off,0.1,on,-4
1781756703600012995,6930.54,465.434,2.14853,2.10038,2.07789,0.13376,0.222912,0.05824,0.820224,0.842752,0.027322,6131954,6131954,1663433,27.1273,1920,1080,raygs,triangles,1,off,0.1,on,-4
1781756703602127707,6932.66,465.218,2.14953,2.09706,2.07683,0.133824,0.22576,0.058368,0.815104,0.843776,0.026904,6131954,6131954,1663433,27.1273,1920,1080,raygs,triangles,1,off,0.1,on,-4
1781756703604392945,6934.92,464.966,2.15069,2.24752,2.22563,0.13328,0.224576,0.058368,0.965632,0.843776,0.025294,6131954,6131954,1663433,27.1273,1920,1080,raygs,triangles,1,off,0.1,on,-4
1781756703606517879,6937.05,464.85,2.15123,2.10723,2.08464,0.133664,0.225088,0.057792,0.82432,0.843776,0.029987,6131954,6131954,1663433,27.1273,1920,1080,raygs,triangles,1,off,0.1,on,-4
1781756703608883096,6939.41,465.703,2.14729,2.23555,2.21347,0.13376,0.225056,0.05776,0.95232,0.844576,0.02467,6131954,6131954,1663433,27.1273,1920,1080,raygs,triangles,1,off,0.1,on,-4
1781756703611213583,6941.74,464.919,2.15091,2.10592,2.08502,0.1376,0.22432,0.058368,0.821248,0.843488,0.028981,6131954,6131954,1663433,27.1273,1920,1080,raygs,triangles,1,off,0.1,on,-4
1781756703613495722,6944.03,463.851,2.15586,2.26051,2.23866,0.149376,0.222432,0.057792,0.963584,0.845472,0.024378,6131954,6131954,1663433,27.1273,1920,1080,raygs,triangles,1,off,0.1,on,-4
1781756703615628546,6946.16,463.034,2.15967,2.10829,2.08717,0.133664,0.226176,0.058112,0.823744,0.845472,0.024113,6131954,6131954,1663433,27.1273,1920,1080,raygs,triangles,1,off,0.1,on,-4
1781756703617787599,6948.32,462.699,2.16123,2.13232,2.11021,0.133824,0.22448,0.057344,0.84992,0.84464,0.025118,6131954,6131954,1663433,27.1273,1920,1080,raygs,triangles,1,off,0.1,on,-4
1781756703619915772,6950.45,462.293,2.16313,2.10378,2.08182,0.133952,0.225504,0.058368,0.8192,0.8448,0.024629,6131954,6131954,1663433,27.1273,1920,1080,raygs,triangles,1,off,0.1,on,-4
1781756703622041549,6952.57,461.97,2.16464,2.10141,2.0815,0.133632,0.225504,0.058368,0.820224,0.843776,0.02447,6131954,6131954,1663433,27.1273,1920,1080,raygs,triangles,1,off,0.1,on,-4
1781756703624291459,6954.82,462.148,2.16381,2.10915,2.08582,0.133216,0.226016,0.057344,0.825728,0.84352,0.02476,6131954,6131954,1663433,27.1273,1920,1080,raygs,triangles,1,off,0.1,on,-4
1781756703626429347,6956.96,461.024,2.16909,2.10416,2.08202,0.13744,0.223232,0.058368,0.8192,0.843776,0.025053,6131954,6131954,1663433,27.1273,1920,1080,raygs,triangles,1,off,0.1,on,-4
1781756703628906290,6959.44,461.73,2.16577,2.33869,2.31562,0.133344,0.22448,0.058368,1.05574,0.84368,0.02395,6131954,6131954,1663433,27.1273,1920,1080,raygs,triangles,1,off,0.1,on,-4
1781756703631044851,6961.58,460.17,2.17311,2.10979,2.08691,0.137952,0.224384,0.057504,0.823296,0.843776,0.026323,6131954,6131954,1663433,27.1273,1920,1080,raygs,triangles,1,off,0.1,on,-4
1781756703633177631,6963.71,459.904,2.17437,2.10365,2.0817,0.133728,0.225408,0.057536,0.820224,0.8448,0.023926,6131954,6131954,1663433,27.1273,1920,1080,raygs,triangles,1,off,0.1,on,-4
1781756703635307284,6965.84,459.911,2.17433,2.11072,2.08842,0.134368,0.225536,0.058368,0.826368,0.843776,0.024489,6131954,6131954,1663433,27.1273,1920,1080,raygs,triangles,1,off,0.1,on,-4
1781756703637428673,6967.96,459.424,2.17664,2.0992,2.07709,0.133632,0.224224,0.057344,0.817152,0.844736,0.023488,6131954,6131954,1663433,27.1273,1920,1080,raygs,triangles,1,off,0.1,on,-4
1781756703639557854,6970.09,459.132,2.17802,2.10202,2.08131,0.13424,0.224704,0.058368,0.820224,0.843776,0.024222,6131954,6131954,1663433,27.1273,1920,1080,raygs,triangles,1,off,0.1,on,-4
1781756703642020583,6972.55,458.856,2.17933,2.23715,2.21501,0.133216,0.224256,0.058368,0.954368,0.8448,0.049956,6131954,6131954,1663433,27.1273,1920,1080,raygs,triangles,1,off,0.1,on,-4
1781756703644267342,6974.8,458.245,2.18224,2.10714,2.08515,0.133184,0.226432,0.058368,0.823392,0.843776,0.037363,6131954,6131954,1663433,27.1273,1920,1080,raygs,triangles,1,off,0.1,on,-4
1781756703646581160,6977.11,458.388,2.18156,2.2896,2.26678,0.137504,0.22464,0.05776,1.0025,0.844384,0.036694,6131954,6131954,1663433,27.1273,1920,1080,raygs,triangles,1,off,0.1,on,-4
1781756703648711513,6979.24,457.352,2.1865,2.10682,2.08678,0.133952,0.225344,0.058368,0.825344,0.843776,0.036009,6131954,6131954,1663433,27.1273,1920,1080,raygs,triangles,1,off,0.1,on,-4
1781756703650874501,6981.41,457.404,2.18625,2.10877,2.08627,0.133856,0.224928,0.058368,0.825344,0.843776,0.037643,6131954,6131954,1663433,27.1273,1920,1080,raygs,triangles,1,off,0.1,on,-4
1781756703652986960,6983.52,456.701,2.18962,2.10896,2.08682,0.13376,0.225408,0.057344,0.825568,0.844736,0.038364,6131954,6131954,1663433,27.1273,1920,1080,raygs,triangles,1,off,0.1,on,-4
1781756703654977969,6985.51,456.502,2.19057,2.10304,2.08038,0.133696,0.224672,0.057152,0.821248,0.843616,0.015367,6131954,6131954,1663433,27.1273,1920,1080,raygs,triangles,1,off,0.1,on,-4
1781756703657105901,6987.64,456.996,2.1882,2.10819,2.08544,0.134304,0.225568,0.058368,0.8224,0.8448,0.024903,6131954,6131954,1663433,27.1273,1920,1080,raygs,triangles,1,off,0.1,on,-4
1781756703659378254,6989.91,456.983,2.18827,2.24237,2.22058,0.133664,0.226048,0.057568,0.958496,0.8448,0.025319,6131954,6131954,1663433,27.1273,1920,1080,raygs,triangles,1,off,0.1,on,-4
1781756703661832600,6992.36,456.629,2.18996,2.31126,2.28829,0.1336,0.224448,0.058368,1.0281,0.843776,0.024726,6131954,6131954,1663433,27.1273,1920,1080,raygs,triangles,1,off,0.1,on,-4
1781756703663967399,6994.5,456.559,2.1903,2.11056,2.08781,0.138688,0.223744,0.058368,0.822272,0.844736,0.024035,6131954,6131954,1663433,27.1273,1920,1080,raygs,triangles,1,off,0.1,on,-4
1781756703666110150,6996.64,456.738,2.18944,2.10886,2.08653,0.13408,0.226016,0.057344,0.82432,0.844768,0.024405,6131954,6131954,1663433,27.1273,1920,1080,raygs,triangles,1,off,0.1,on,-4
1781756703668244045,6998.77,456.234,2.19186,2.10416,2.0832,0.133856,0.224928,0.058368,0.821248,0.8448,0.02594,6131954,6131954,1663433,27.1273,1920,1080,raygs,triangles,1,off,0.1,on,-4
1781756703670363928,7000.89,455.905,2.19344,2.10941,2.08832,0.134496,0.225376,0.058304,0.826368,0.843776,0.024448,6131954,6131954,1663433,27.1273,1920,1080,raygs,triangles,1,off,0.1,on,-4
1781756703672501829,7003.03,455.615,2.19484,2.10653,2.08422,0.133632,0.224416,0.058464,0.823296,0.844416,0.025493,6131954,6131954,1663433,27.1273,1920,1080,raygs,triangles,1,off,0.1,on,-4
1781756703674743621,7005.27,455.29,2.1964,2.1056,2.08618,0.133728,0.224352,0.058368,0.825344,0.844384,0.024006,6131954,6131954,1663433,27.1273,1920,1080,raygs,triangles,1,off,0.1,on,-4
1781756703677075705,7007.61,455.272,2.19649,2.10957,2.08762,0.137888,0.225312,0.058368,0.822272,0.843776,0.025283,6131954,6131954,1663433,27.1273,1920,1080,raygs,triangles,1,off,0.1,on,-4
1781756703679361638,7009.89,455.249,2.1966,2.25568,2.23459,0.147616,0.222208,0.058368,0.961664,0.844736,0.024988,6131954,6131954,1663433,27.1273,1920,1080,raygs,triangles,1,off,0.1,on,-4
1781756703681481038,7012.01,455.178,2.19694,2.10042,2.07773,0.134336,0.224448,0.057344,0.817152,0.844448,0.026031,6131954,6131954,1663433,27.1273,1920,1080,raygs,triangles,1,off,0.1,on,-4
1781756703683756527,7014.29,455.232,2.19668,2.10694,2.08445,0.134048,0.225024,0.057344,0.823296,0.844736,0.025864,6131954,6131954,1663433,27.1273,1920,1080,raygs,triangles,1,off,0.1,on,-4
1781756703685865138,7016.4,454.715,2.19918,2.10758,2.08637,0.137792,0.224672,0.05824,0.822272,0.843392,0.024879,6131954,6131954,1663433,27.1273,1920,1080,raygs,triangles,1,off,0.1,on,-4
1781756703687996526,7018.53,454.884,2.19836,2.10346,2.08019,0.133632,0.225248,0.057344,0.821248,0.84272,0.025306,6131954,6131954,1663433,27.1273,1920,1080,raygs,triangles,1,off,0.1,on,-4
1781756703690109235,7020.64,454.821,2.19867,2.10365,2.08304,0.133856,0.225216,0.057344,0.823296,0.843328,0.024042,6131954,6131954,1663433,27.1273,1920,1080,raygs,triangles,1,off,0.1,on,-4
1781756703692401407,7022.93,455.287,2.19642,2.23891,2.21792,0.133952,0.224384,0.058368,0.95744,0.843776,0.027091,6131954,6131954,1663433,27.1273,1920,1080,raygs,triangles,1,off,0.1,on,-4
1781756703694707235,7025.24,455.366,2.19604,2.10659,2.08432,0.133696,0.225984,0.058464,0.822432,0.843744,0.026865,6131954,6131954,1663433,27.1273,1920,1080,raygs,triangles,1,off,0.1,on,-4
1781756703696979392,7027.51,455.285,2.19642,2.25741,2.23613,0.150656,0.221792,0.058368,0.96256,0.842752,0.024837,6131954,6131954,1663433,27.1273,1920,1080,raygs,triangles,1,off,0.1,on,-4
1781756703699107438,7029.64,454.805,2.19875,2.1023,2.08109,0.133952,0.224,0.058368,0.820224,0.844544,0.023924,6131954,6131954,1663433,27.1273,1920,1080,raygs,triangles,1,off,0.1,on,-4
1781756703701275045,7031.81,454.635,2.19957,2.13651,2.11334,0.133952,0.22528,0.057344,0.851968,0.8448,0.024868,6131954,6131954,1663433,27.1273,1920,1080,raygs,triangles,1,off,0.1,on,-4
1781756703703405272,7033.94,454.234,2.20151,2.1071,2.08416,0.133216,0.22448,0.058368,0.82432,0.843776,0.023803,6131954,6131954,1663433,27.1273,1920,1080,raygs,triangles,1,off,0.1,on,-4
1781756703705534239,7036.06,454.304,2.20117,2.10582,2.0823,0.134528,0.224576,0.057344,0.821248,0.844608,0.024012,6131954,6131954,1663433,27.1273,1920,1080,raygs,triangles,1,off,0.1,on,-4
1781756703707821931,7038.35,454.213,2.20161,2.10419,2.08211,0.13376,0.225984,0.058368,0.8192,0.8448,0.029065,6131954,6131954,1663433,27.1273,1920,1080,raygs,triangles,1,off,0.1,on,-4
1781756703709955075,7040.49,454.089,2.20221,2.10944,2.08691,0.1376,0.224896,0.058368,0.822272,0.843776,0.027431,6131954,6131954,1663433,27.1273,1920,1080,raygs,triangles,1,off,0.1,on,-4
1781756703712424759,7042.96,454.729,2.19911,2.31702,2.29382,0.133408,0.223936,0.057344,1.03456,0.844576,0.027686,6131954,6131954,1663433,27.1273,1920,1080,raygs,triangles,1,off,0.1,on,-4
1781756703714572152,7045.1,454.131,2.20201,2.10973,2.08733,0.1384,0.224512,0.058368,0.821248,0.8448,0.03462,6131954,6131954,1663433,27.1273,1920,1080,raygs,triangles,1,off,0.1,on,-4
1781756703716671453,7047.2,454.29,2.20124,2.1041,2.08307,0.134304,0.225376,0.058368,0.821248,0.843776,0.026187,6131954,6131954,1663433,27.1273,1920,1080,raygs,triangles,1,off,0.1,on,-4
1781756703718786519,7049.32,454.399,2.20071,2.10394,2.08186,0.133568,0.224,0.058368,0.821248,0.844672,0.024561,6131954,6131954,1663433,27.1273,1920,1080,raygs,triangles,1,off,0.1,on,-4
1781756703720966070,7051.5,454.474,2.20035,2.10429,2.08294,0.133472,0.22416,0.05824,0.823296,0.843776,0.032418,6131954,6131954,1663433,27.1273,1920,1080,raygs,triangles,1,off,0.1,on,-4
1781756703723065818,7053.6,454.304,2.20117,2.10845,2.08746,0.13456,0.225312,0.058368,0.825568,0.843648,0.025558,6131954,6131954,1663433,27.1273,1920,1080,raygs,triangles,1,off,0.1,on,-4
1781756703725330607,7055.86,454.71,2.19921,2.2351,2.21299,0.133536,0.22576,0.05744,0.951648,0.844608,0.026125,6131954,6131954,1663433,27.1273,1920,1080,raygs,triangles,1,off,0.1,on,-4
1781756703727637265,7058.17,454.471,2.20036,2.10656,2.08458,0.133664,0.224768,0.057344,0.823296,0.845504,0.026256,6131954,6131954,1663433,27.1273,1920,1080,raygs,triangles,1,off,0.1,on,-4
1781756703729907886,7060.44,454.852,2.19852,2.25997,2.23888,0.15088,0.223296,0.058368,0.96256,0.843776,0.024586,6131954,6131954,1663433,27.1273,1920,1080,raygs,triangles,1,off,0.1,on,-4
1781756703732036567,7062.57,454.575,2.19986,2.10298,2.08112,0.134176,0.224512,0.058368,0.820288,0.843776,0.024357,6131954,6131954,1663433,27.1273,1920,1080,raygs,triangles,1,off,0.1,on,-4
1781756703734193049,7064.72,454.513,2.20016,2.10864,2.08595,0.133696,0.224896,0.057344,0.825344,0.844672,0.024851,6131954,6131954,1663433,27.1273,1920,1080,raygs,triangles,1,off,0.1,on,-4
1781756703736304437,7066.84,454.315,2.20112,2.1023,2.07942,0.13456,0.225536,0.057376,0.8192,0.842752,0.02607,6131954,6131954,1663433,27.1273,1920,1080,raygs,triangles,1,off,0.1,on,-4
1781756703738442310,7068.97,454.858,2.19849,2.10208,2.07971,0.133312,0.225216,0.058368,0.8192,0.843616,0.025312,6131954,6131954,1663433,27.1273,1920,1080,raygs,triangles,1,off,0.1,on,-4
1781756703740572814,7071.1,454.787,2.19883,2.10323,2.08118,0.134048,0.225568,0.058592,0.8192,0.843776,0.025242,6131954,6131954,1663433,27.1273,1920,1080,raygs,triangles,1,off,0.1,on,-4
1781756703742831906,7073.36,455.619,2.19482,2.23779,2.21683,0.133824,0.2248,0.058368,0.955392,0.844448,0.02523,6131954,6131954,1663433,27.1273,1920,1080,raygs,triangles,1,off,0.1,on,-4
1781756703745295447,7075.83,455.861,2.19365,2.30694,2.28461,0.13344,0.225024,0.058368,1.02298,0.8448,0.025658,6131954,6131954,1663433,27.1273,1920,1080,raygs,triangles,1,off,0.1,on,-4
1781756703747409960,7077.94,455.223,2.19673,2.10784,2.08573,0.138016,0.224832,0.05808,0.820224,0.844576,0.025075,6131954,6131954,1663433,27.1273,1920,1080,raygs,triangles,1,off,0.1,on,-4
1781756703749544079,7080.07,455.273,2.19648,2.10474,2.08288,0.134176,0.226144,0.057536,0.821248,0.843776,0.024223,6131954,6131954,1663433,27.1273,1920,1080,raygs,triangles,1,off,0.1,on,-4
1781756703751673296,7082.2,455.37,2.19602,2.10432,2.08115,0.13344,0.226144,0.057568,0.820224,0.843776,0.024584,6131954,6131954,1663433,27.1273,1920,1080,raygs,triangles,1,off,0.1,on,-4
1781756703753798996,7084.33,455.383,2.19595,2.10326,2.08058,0.134208,0.224224,0.058368,0.818176,0.8456,0.024143,6131954,6131954,1663433,27.1273,1920,1080,raygs,triangles,1,off,0.1,on,-4
1781756703755927649,7086.46,455.387,2.19593,2.10438,2.08358,0.133568,0.22592,0.058368,0.822272,0.843456,0.024854,6131954,6131954,1663433,27.1273,1920,1080,raygs,triangles,1,off,0.1,on,-4
1781756703758199196,7088.73,455.813,2.19388,2.10349,2.08157,0.133888,0.224288,0.058368,0.821408,0.843616,0.030778,6131954,6131954,1663433,27.1273,1920,1080,raygs,triangles,1,off,0.1,on,-4
1781756703760488042,7091.02,455.322,2.19625,2.1047,2.08211,0.136864,0.223936,0.058368,0.81952,0.843424,0.030478,6131954,6131954,1663433,27.1273,1920,1080,raygs,triangles,1,off,0.1,on,-4
1781756703762810831,7093.34,455.987,2.19305,2.27523,2.25296,0.139488,0.225216,0.058368,0.987136,0.842752,0.027511,6131954,6131954,1663433,27.1273,1920,1080,raygs,triangles,1,off,0.1,on,-4
1781756703765173596,7095.7,455.242,2.19664,2.24461,2.22352,0.133728,0.22528,0.058176,0.961536,0.8448,0.042668,6131954,6131954,1663433,27.1273,1920,1080,raygs,triangles,1,off,0.1,on,-4
1781756703767179513,7097.71,454.482,2.20031,2.10307,2.08141,0.134304,0.22528,0.058048,0.820224,0.843552,0.015201,6131954,6131954,1663433,27.1273,1920,1080,raygs,triangles,1,off,0.1,on,-4
1781756703769306861,7099.84,454.98,2.1979,2.10243,2.08186,0.133728,0.224064,0.058368,0.822272,0.843424,0.02519,6131954,6131954,1663433,27.1273,1920,1080,raygs,triangles,1,off,0.1,on,-4
1781756703771467422,7102,454.954,2.19802,2.10742,2.08499,0.133536,0.224128,0.057632,0.825344,0.844352,0.02892,6131954,6131954,1663433,27.1273,1920,1080,raygs,triangles,1,off,0.1,on,-4
1781756703773577012,7104.11,455.154,2.19706,2.1057,2.0823,0.133664,0.224064,0.057632,0.822272,0.844672,0.025331,6131954,6131954,1663433,27.1273,1920,1080,raygs,triangles,1,off,0.1,on,-4
1781756703775848314,7106.38,456.25,2.19178,2.23683,2.2128,0.132864,0.225472,0.057344,0.953344,0.843776,0.027296,6131954,6131954,1663433,27.1273,1920,1080,raygs,triangles,1,off,0.1,on,-4
1781756703778210063,7108.74,456.111,2.19245,2.09923,2.07744,0.133504,0.225664,0.058368,0.816128,0.843776,0.03384,6131954,6131954,1663433,27.1273,1920,1080,raygs,triangles,1,off,0.1,on,-4
1781756703780460232,7110.99,455.854,2.19369,2.25875,2.23654,0.150304,0.22256,0.058368,0.961536,0.843776,0.026624,6131954,6131954,1663433,27.1273,1920,1080,raygs,triangles,1,off,0.1,on,-4
1781756703782562791,7113.09,455.426,2.19575,2.10045,2.07859,0.13424,0.225504,0.058368,0.817152,0.843328,0.025061,6131954,6131954,1663433,27.1273,1920,1080,raygs,triangles,1,off,0.1,on,-4
1781756703784757301,7115.29,455.763,2.19412,2.14147,2.12102,0.133792,0.223904,0.058368,0.861184,0.843776,0.028254,6131954,6131954,1663433,27.1273,1920,1080,raygs,triangles,1,off,0.1,on,-4
1781756703786904672,7117.44,455.359,2.19607,2.10534,2.08278,0.133504,0.224768,0.057344,0.822528,0.84464,0.030856,6131954,6131954,1663433,27.1273,1920,1080,raygs,triangles,1,off,0.1,on,-4
1781756703789039247,7119.57,454.717,2.19917,2.10736,2.08525,0.134176,0.225408,0.057504,0.823744,0.844416,0.027957,6131954,6131954,1663433,27.1273,1920,1080,raygs,triangles,1,off,0.1,on,-4
1781756703791705277,7122.24,454.541,2.20002,2.10781,2.08515,0.132864,0.225824,0.058368,0.823296,0.8448,0.045276,6131954,6131954,1663433,27.1273,1920,1080,raygs,triangles,1,off,0.1,on,-4
1781756703794032659,7124.56,453.389,2.20561,2.24576,2.22298,0.142848,0.222592,0.057344,0.956416,0.843776,0.01763,6131954,6131954,1663433,27.1273,1920,1080,raygs,triangles,1,off,0.1,on,-4
1781756703796317666,7126.85,453.854,2.20335,2.26006,2.23818,0.150368,0.224,0.058368,0.961856,0.843584,0.026964,6131954,6131954,1663433,27.1273,1920,1080,raygs,triangles,1,off,0.1,on,-4
1781756703798440074,7128.97,453.335,2.20588,2.10454,2.08112,0.13392,0.224832,0.057344,0.821248,0.843776,0.027233,6131954,6131954,1663433,27.1273,1920,1080,raygs,triangles,1,off,0.1,on,-4
1781756703800603078,7131.13,453.414,2.20549,2.10051,2.0783,0.13376,0.225248,0.058368,0.817152,0.843776,0.024949,6131954,6131954,1663433,27.1273,1920,1080,raygs,triangles,1,off,0.1,on,-4
1781756703802693660,7133.22,453.248,2.2063,2.10787,2.08355,0.133952,0.225184,0.057344,0.823296,0.843776,0.024363,6131954,6131954,1663433,27.1273,1920,1080,raygs,triangles,1,off,0.1,on,-4
1781756703804904895,7135.44,453.417,2.20547,2.10154,2.07805,0.132672,0.224736,0.057664,0.8192,0.843776,0.040324,6131954,6131954,1663433,27.1273,1920,1080,raygs,triangles,1,off,0.1,on,-4
1781756703806994637,7137.53,453.143,2.20681,2.1048,2.08186,0.133984,0.225408,0.05744,0.821248,0.843776,0.018267,6131954,6131954,1663433,27.1273,1920,1080,raygs,triangles,1,off,0.1,on,-4
1781756703809264103,7139.79,453.616,2.20451,2.24064,2.21715,0.133952,0.225824,0.057472,0.956416,0.843488,0.024799,6131954,6131954,1663433,27.1273,1920,1080,raygs,triangles,1,off,0.1,on,-4
1781756703811612509,7142.14,453.82,2.20352,2.11043,2.08733,0.133696,0.22384,0.0576,0.828416,0.843776,0.025123,6131954,6131954,1663433,27.1273,1920,1080,raygs,triangles,1,off,0.1,on,-4
1781756703813895345,7144.43,453.695,2.20413,2.25997,2.23626,0.150848,0.221728,0.057344,0.961536,0.8448,0.025784,6131954,6131954,1663433,27.1273,1920,1080,raygs,triangles,1,off,0.1,on,-4
1781756703816022785,7146.55,453.063,2.2072,2.10448,2.08269,0.133952,0.225216,0.058368,0.821408,0.843744,0.025867,6131954,6131954,1663433,27.1273,1920,1080,raygs,triangles,1,off,0.1,on,-4
1781756703818190495,7148.72,453.57,2.20473,2.14278,2.12064,0.134048,0.225312,0.057344,0.86016,0.843776,0.0244,6131954,6131954,1663433,27.1273,1920,1080,raygs,triangles,1,off,0.1,on,-4
1781756703820333364,7150.86,453.338,2.20586,2.10387,2.08259,0.134048,0.226304,0.057344,0.821248,0.843648,0.026528,6131954,6131954,1663433,27.1273,1920,1080,raygs,triangles,1,off,0.1,on,-4
1781756703822467022,7153,453.326,2.20592,2.11085,2.08746,0.134336,0.225632,0.057344,0.826368,0.843776,0.024378,6131954,6131954,1663433,27.1273,1920,1080,raygs,triangles,1,off,0.1,on,-4
1781756703824708371,7155.24,453.272,2.20618,2.10637,2.08365,0.133472,0.22576,0.057344,0.822272,0.8448,0.024466,6131954,6131954,1663433,27.1273,1920,1080,raygs,triangles,1,off,0.1,on,-4
1781756703826842053,7157.37,453.423,2.20545,2.11344,2.08998,0.138496,0.225024,0.057344,0.825344,0.843776,0.023999,6131954,6131954,1663433,27.1273,1920,1080,raygs,triangles,1,off,0.1,on,-4
1781756703829330635,7159.86,454.093,2.20219,2.33718,2.31459,0.134912,0.225184,0.057344,1.05267,0.84448,0.024072,6131954,6131954,1663433,27.1273,1920,1080,raygs,triangles,1,off,0.1,on,-4
1781756703831459103,7161.99,453.343,2.20584,2.1055,2.08426,0.138304,0.224608,0.058368,0.8192,0.843776,0.024211,6131954,6131954,1663433,27.1273,1920,1080,raygs,triangles,1,off,0.1,on,-4
1781756703833597691,7164.13,453.272,2.20618,2.10774,2.08608,0.1344,0.22448,0.058368,0.82432,0.844512,0.024247,6131954,6131954,1663433,27.1273,1920,1080,raygs,triangles,1,off,0.1,on,-4
1781756703835729075,7166.26,453.37,2.2057,2.10534,2.08128,0.133504,0.225632,0.057344,0.821248,0.843552,0.023311,6131954,6131954,1663433,27.1273,1920,1080,raygs,triangles,1,off,0.1,on,-4
1781756703837893693,7168.42,453.383,2.20564,2.1031,2.07971,0.133376,0.224992,0.057344,0.820224,0.843776,0.034868,6131954,6131954,1663433,27.1273,1920,1080,raygs,triangles,1,off,0.1,on,-4
1781756703840015457,7170.55,453.295,2.20607,2.10416,2.08211,0.133344,0.225376,0.058368,0.820224,0.8448,0.024323,6131954,6131954,1663433,27.1273,1920,1080,raygs,triangles,1,off,0.1,on,-4
1781756703842294568,7172.83,453.888,2.20319,2.23168,2.2089,0.133888,0.224288,0.0576,0.949472,0.843648,0.03521,6131954,6131954,1663433,27.1273,1920,1080,raygs,triangles,1,off,0.1,on,-4
1781756703844666821,7175.2,453.391,2.2056,2.10464,2.0816,0.133824,0.22528,0.057568,0.82048,0.844448,0.019406,6131954,6131954,1663433,27.1273,1920,1080,raygs,triangles,1,off,0.1,on,-4
1781756703846945379,7177.48,453.67,2.20425,2.26106,2.23757,0.151968,0.222944,0.057344,0.961536,0.843776,0.028044,6131954,6131954,1663433,27.1273,1920,1080,raygs,triangles,1,off,0.1,on,-4
1781756703849074491,7179.61,453.26,2.20624,2.104,2.08099,0.134208,0.22608,0.057728,0.820224,0.842752,0.025847,6131954,6131954,1663433,27.1273,1920,1080,raygs,triangles,1,off,0.1,on,-4
1781756703851235817,7181.77,453.112,2.20696,2.12035,2.09776,0.13312,0.225888,0.057344,0.836608,0.8448,0.03256,6131954,6131954,1663433,27.1273,1920,1080,raygs,triangles,1,off,0.1,on,-4
1781756703853381449,7183.91,452.994,2.20753,2.10512,2.08349,0.13328,0.224992,0.058368,0.822272,0.844576,0.02959,6131954,6131954,1663433,27.1273,1920,1080,raygs,triangles,1,off,0.1,on,-4
1781756703855481879,7186.01,453.249,2.20629,2.10253,2.08131,0.133728,0.22528,0.058272,0.820608,0.843424,0.01659,6131954,6131954,1663433,27.1273,1920,1080,raygs,triangles,1,off,0.1,on,-4
1781756703857706319,7188.24,453.068,2.20718,2.10227,2.07878,0.133472,0.223968,0.057344,0.820224,0.843776,0.024188,6131954,6131954,1663433,27.1273,1920,1080,raygs,triangles,1,off,0.1,on,-4
1781756703859836277,7190.37,453.391,2.2056,2.11024,2.08896,0.137504,0.223968,0.058368,0.825344,0.843776,0.02353,6131954,6131954,1663433,27.1273,1920,1080,raygs,triangles,1,off,0.1,on,-4
1781756703862339080,7192.87,453.903,2.20311,2.3417,2.32042,0.134304,0.224192,0.058368,1.05984,0.843712,0.026083,6131954,6131954,1663433,27.1273,1920,1080,raygs,triangles,1,off,0.1,on,-4
1781756703864474045,7195,452.997,2.20752,2.11322,2.09098,0.138272,0.225216,0.057344,0.82432,0.845824,0.02387,6131954,6131954,1663433,27.1273,1920,1080,raygs,triangles,1,off,0.1,on,-4
1781756703866623046,7197.15,453.016,2.20743,2.10742,2.08509,0.134144,0.22448,0.058368,0.82432,0.843776,0.024271,6131954,6131954,1663433,27.1273,1920,1080,raygs,triangles,1,off,0.1,on,-4
1781756703868755447,7199.29,453.011,2.20745,2.10813,2.08621,0.135232,0.22448,0.058368,0.824352,0.843776,0.023445,6131954,6131954,1663433,27.1273,1920,1080,raygs,triangles,1,off,0.1,on,-4
1781756703870878946,7201.41,452.92,2.2079,2.10688,2.08368,0.133984,0.22528,0.057344,0.823296,0.843776,0.02344,6131954,6131954,1663433,27.1273,1920,1080,raygs,triangles,1,off,0.1,on,-4
1781756703872998252,7203.53,452.989,2.20756,2.10355,2.08134,0.13376,0.22624,0.058368,0.8192,0.843776,0.023233,6131954,6131954,1663433,27.1273,1920,1080,raygs,triangles,1,off,0.1,on,-4
1781756703875261642,7205.79,453.097,2.20703,2.10538,2.0841,0.133536,0.22512,0.058368,0.823296,0.843776,0.024108,6131954,6131954,1663433,27.1273,1920,1080,raygs,triangles,1,off,0.1,on,-4
1781756703877599926,7208.13,452.992,2.20754,2.1081,2.08538,0.137344,0.224,0.058368,0.821248,0.844416,0.023493,6131954,6131954,1663433,27.1273,1920,1080,raygs,triangles,1,off,0.1,on,-4
1781756703879877727,7210.41,453.52,2.20497,2.25802,2.23546,0.150464,0.222464,0.05824,0.960512,0.843776,0.023308,6131954,6131954,1663433,27.1273,1920,1080,raygs,triangles,1,off,0.1,on,-4
1781756703882017242,7212.55,452.973,2.20764,2.10589,2.0841,0.134368,0.224704,0.058368,0.823296,0.84336,0.025188,6131954,6131954,1663433,27.1273,1920,1080,raygs,triangles,1,off,0.1,on,-4
1781756703884234657,7214.77,452.871,2.20814,2.10246,2.0801,0.133696,0.225312,0.058112,0.818176,0.8448,0.044788,6131954,6131954,1663433,27.1273,1920,1080,raygs,triangles,1,off,0.1,on,-4
1781756703886283189,7216.81,452.569,2.20961,2.10714,2.08499,0.133952,0.22544,0.057344,0.823456,0.8448,0.01623,6131954,6131954,1663433,27.1273,1920,1080,raygs,triangles,1,off,0.1,on,-4
1781756703888415246,7218.95,452.804,2.20846,2.1056,2.0833,0.134176,0.223648,0.058272,0.823456,0.843744,0.025518,6131954,6131954,1663433,27.1273,1920,1080,raygs,triangles,1,off,0.1,on,-4
1781756703890561939,7221.09,452.785,2.20855,2.10413,2.08157,0.13328,0.224736,0.058368,0.821664,0.84352,0.027162,6131954,6131954,1663433,27.1273,1920,1080,raygs,triangles,1,off,0.1,on,-4
1781756703892815196,7223.35,453.256,2.20626,2.23629,2.21283,0.133504,0.224864,0.057344,0.95232,0.8448,0.024847,6131954,6131954,1663433,27.1273,1920,1080,raygs,triangles,1,off,0.1,on,-4
1781756703895307333,7225.84,453.352,2.20579,2.34362,2.3209,0.133696,0.225536,0.058144,1.05984,0.84368,0.026997,6131954,6131954,1663433,27.1273,1920,1080,raygs,triangles,1,off,0.1,on,-4
1781756703897391959,7227.92,452.89,2.20804,2.10346,2.07968,0.137728,0.22368,0.057344,0.818176,0.842752,0.024565,6131954,6131954,1663433,27.1273,1920,1080,raygs,triangles,1,off,0.1,on,-4
1781756703899520701,7230.05,453.881,2.20322,2.10426,2.08192,0.133952,0.224832,0.058112,0.821248,0.843776,0.02399,6131954,6131954,1663433,27.1273,1920,1080,raygs,triangles,1,off,0.1,on,-4
1781756703901651544,7232.18,453.395,2.20558,2.11069,2.08659,0.134112,0.226016,0.059392,0.823296,0.843776,0.023201,6131954,6131954,1663433,27.1273,1920,1080,raygs,triangles,1,off,0.1,on,-4
1781756703903785583,7234.32,453.38,2.20565,2.10531,2.08278,0.134432,0.223168,0.058304,0.822272,0.844608,0.025599,6131954,6131954,1663433,27.1273,1920,1080,raygs,triangles,1,off,0.1,on,-4
1781756703905944300,7236.47,453.559,2.20478,2.1081,2.08576,0.133184,0.224896,0.057536,0.826368,0.843776,0.027898,6131954,6131954,1663433,27.1273,1920,1080,raygs,triangles,1,off,0.1,on,-4
1781756703908209758,7238.74,453.281,2.20614,2.1049,2.08384,0.134144,0.225952,0.05808,0.822272,0.843392,0.029382,6131954,6131954,1663433,27.1273,1920,1080,raygs,triangles,1,off,0.1,on,-4
1781756703910527910,7241.06,453.227,2.2064,2.10973,2.08752,0.137568,0.22464,0.05824,0.823296,0.843776,0.026884,6131954,6131954,1663433,27.1273,1920,1080,raygs,triangles,1,off,0.1,on,-4
1781756703912842518,7243.37,453.523,2.20496,2.26282,2.23968,0.14656,0.22256,0.058368,0.96768,0.844512,0.03508,6131954,6131954,1663433,27.1273,1920,1080,raygs,triangles,1,off,0.1,on,-4
1781756703914912620,7245.44,453.305,2.20602,2.10339,2.08109,0.134304,0.22544,0.058368,0.8192,0.843776,0.018936,6131954,6131954,1663433,27.1273,1920,1080,raygs,triangles,1,off,0.1,on,-4
1781756703917058898,7247.59,453.34,2.20585,2.10714,2.08461,0.133248,0.22592,0.057344,0.823296,0.8448,0.025648,6131954,6131954,1663433,27.1273,1920,1080,raygs,triangles,1,off,0.1,on,-4
1781756703919273425,7249.8,453.597,2.2046,2.10531,2.0833,0.13344,0.22544,0.058368,0.822272,0.843776,0.041962,6131954,6131954,1663433,27.1273,1920,1080,raygs,triangles,1,off,0.1,on,-4
1781756703921337335,7251.87,453.351,2.2058,2.10653,2.08384,0.134848,0.224928,0.058144,0.822272,0.843648,0.017573,6131954,6131954,1663433,27.1273,1920,1080,raygs,triangles,1,off,0.1,on,-4
1781756703923455116,7253.99,453.676,2.20422,2.10579,2.08218,0.1336,0.226208,0.058368,0.820224,0.843776,0.028288,6131954,6131954,1663433,27.1273,1920,1080,raygs,triangles,1,off,0.1,on,-4
1781756703925714751,7256.25,455.447,2.19565,2.23757,2.21501,0.133632,0.224864,0.057344,0.954368,0.8448,0.027895,6131954,6131954,1663433,27.1273,1920,1080,raygs,triangles,1,off,0.1,on,-4
1781756703928116075,7258.65,455.64,2.19471,2.10512,2.08378,0.134304,0.225056,0.058368,0.822272,0.843776,0.029766,6131954,6131954,1663433,27.1273,1920,1080,raygs,triangles,1,off,0.1,on,-4
1781756703930367113,7260.9,455.145,2.1971,2.26006,2.23622,0.146912,0.223744,0.057344,0.963584,0.84464,0.024751,6131954,6131954,1663433,27.1273,1920,1080,raygs,triangles,1,off,0.1,on,-4
1781756703932514049,7263.04,454.801,2.19876,2.10144,2.08045,0.133856,0.225248,0.058368,0.8192,0.843776,0.027762,6131954,6131954,1663433,27.1273,1920,1080,raygs,triangles,1,off,0.1,on,-4
1781756703934644422,7265.18,454.661,2.19944,2.1201,2.09683,0.1344,0.225728,0.057344,0.835584,0.843776,0.026109,6131954,6131954,1663433,27.1273,1920,1080,raygs,triangles,1,off,0.1,on,-4
1781756703936765664,7267.3,454.693,2.19929,2.10618,2.08384,0.133312,0.224992,0.058464,0.822272,0.8448,0.024287,6131954,6131954,1663433,27.1273,1920,1080,raygs,triangles,1,off,0.1,on,-4
1781756703938912611,7269.44,455.045,2.19758,2.10608,2.08403,0.134208,0.225312,0.05744,0.823296,0.843776,0.027557,6131954,6131954,1663433,27.1273,1920,1080,raygs,triangles,1,off,0.1,on,-4
1781756703941153123,7271.68,454.888,2.19834,2.1063,2.084,0.133408,0.225312,0.058368,0.822272,0.84464,0.025497,6131954,6131954,1663433,27.1273,1920,1080,raygs,triangles,1,off,0.1,on,-4
1781756703943292733,7273.82,455.011,2.19775,2.10986,2.08762,0.137632,0.224544,0.058368,0.823296,0.843776,0.026468,6131954,6131954,1663433,27.1273,1920,1080,raygs,triangles,1,off,0.1,on,-4
1781756703945785288,7276.32,455.633,2.19475,2.34938,2.32688,0.132768,0.225472,0.058144,1.06598,0.844512,0.027267,6131954,6131954,1663433,27.1273,1920,1080,raygs,triangles,1,off,0.1,on,-4
1781756703947985315,7278.52,454.986,2.19787,2.10493,2.08256,0.138304,0.223936,0.057344,0.8192,0.843776,0.041356,6131954,6131954,1663433,27.1273,1920,1080,raygs,triangles,1,off,0.1,on,-4
1781756703950045389,7280.58,454.728,2.19912,2.10198,2.08064,0.134208,0.225088,0.058368,0.818176,0.8448,0.016644,6131954,6131954,1663433,27.1273,1920,1080,raygs,triangles,1,off,0.1,on,-4
1781756703952179336,7282.71,455.133,2.19716,2.10278,2.08061,0.134016,0.224224,0.058368,0.820224,0.843776,0.02746,6131954,6131954,1663433,27.1273,1920,1080,raygs,triangles,1,off,0.1,on,-4
1781756703954301145,7284.83,455.13,2.19717,2.10461,2.08141,0.133632,0.2248,0.057344,0.821248,0.844384,0.025629,6131954,6131954,1663433,27.1273,1920,1080,raygs,triangles,1,off,0.1,on,-4
1781756703956430044,7286.96,455.18,2.19693,2.10541,2.08413,0.1336,0.225056,0.058368,0.823328,0.843776,0.024961,6131954,6131954,1663433,27.1273,1920,1080,raygs,triangles,1,off,0.1,on,-4
1781756703958680155,7289.21,455.586,2.19497,2.10624,2.08435,0.133376,0.22352,0.058336,0.825344,0.843776,0.024822,6131954,6131954,1663433,27.1273,1920,1080,raygs,triangles,1,off,0.1,on,-4
1781756703961011227,7291.54,455.1,2.19732,2.10925,2.08726,0.1384,0.224448,0.058368,0.822272,0.843776,0.025195,6131954,6131954,1663433,27.1273,1920,1080,raygs,triangles,1,off,0.1,on,-4
1781756703963302335,7293.83,455.642,2.1947,2.26208,2.23805,0.14992,0.222624,0.057344,0.963584,0.844576,0.024573,6131954,6131954,1663433,27.1273,1920,1080,raygs,triangles,1,off,0.1,on,-4
1781756703965429192,7295.96,455.153,2.19706,2.10448,2.08115,0.13376,0.225056,0.057344,0.821248,0.843744,0.028683,6131954,6131954,1663433,27.1273,1920,1080,raygs,triangles,1,off,0.1,on,-4
1781756703967565767,7298.1,455.198,2.19685,2.1024,2.08102,0.133632,0.22512,0.058368,0.820224,0.84368,0.025853,6131954,6131954,1663433,27.1273,1920,1080,raygs,triangles,1,off,0.1,on,-4
1781756703969687496,7300.22,455.146,2.1971,2.10202,2.07939,0.133248,0.2248,0.058368,0.8192,0.843776,0.024671,6131954,6131954,1663433,27.1273,1920,1080,raygs,triangles,1,off,0.1,on,-4
1781756703971813044,7302.34,455.272,2.19649,2.10576,2.08403,0.13392,0.225024,0.058368,0.822272,0.844448,0.023942,6131954,6131954,1663433,27.1273,1920,1080,raygs,triangles,1,off,0.1,on,-4
1781756703973947347,7304.48,455.28,2.19645,2.10381,2.08218,0.133984,0.225024,0.058368,0.820224,0.844576,0.024907,6131954,6131954,1663433,27.1273,1920,1080,raygs,triangles,1,off,0.1,on,-4
1781756703976222231,7306.75,455.753,2.19417,2.2311,2.21011,0.133632,0.225088,0.058368,0.949248,0.843776,0.028909,6131954,6131954,1663433,27.1273,1920,1080,raygs,triangles,1,off,0.1,on,-4
1781756703978712724,7309.24,456.152,2.19225,2.34486,2.32147,0.133824,0.225632,0.057408,1.06086,0.843744,0.026161,6131954,6131954,1663433,27.1273,1920,1080,raygs,triangles,1,off,0.1,on,-4
1781756703980851619,7311.38,455.391,2.19591,2.11373,2.09117,0.13888,0.225056,0.058368,0.82432,0.844544,0.025653,6131954,6131954,1663433,27.1273,1920,1080,raygs,triangles,1,off,0.1,on,-4
1781756703983072250,7313.6,455.373,2.196,2.1055,2.08451,0.13424,0.224832,0.058368,0.822272,0.8448,0.043872,6131954,6131954,1663433,27.1273,1920,1080,raygs,triangles,1,off,0.1,on,-4
1781756703985121056,7315.65,455.057,2.19753,2.1088,2.08429,0.133856,0.225024,0.058368,0.823296,0.843744,0.01699,6131954,6131954,1663433,27.1273,1920,1080,raygs,triangles,1,off,0.1,on,-4
1781756703987283318,7317.81,455.438,2.19569,2.1056,2.08211,0.13376,0.225824,0.057344,0.82144,0.843744,0.035584,6131954,6131954,1663433,27.1273,1920,1080,raygs,triangles,1,off,0.1,on,-4
1781756703989384851,7319.92,455.277,2.19646,2.10394,2.08202,0.133088,0.224928,0.058336,0.821248,0.844416,0.027492,6131954,6131954,1663433,27.1273,1920,1080,raygs,triangles,1,off,0.1,on,-4
1781756703991634907,7322.17,455.643,2.1947,2.10787,2.08643,0.133984,0.225344,0.058368,0.82432,0.844416,0.026249,6131954,6131954,1663433,27.1273,1920,1080,raygs,triangles,1,off,0.1,on,-4
1781756703993945374,7324.48,455.229,2.19669,2.1079,2.08554,0.137536,0.224608,0.058368,0.821248,0.843776,0.027003,6131954,6131954,1663433,27.1273,1920,1080,raygs,triangles,1,off,0.1,on,-4
1781756703996465920,7327,455.968,2.19314,2.25571,2.23376,0.146624,0.222432,0.058368,0.96256,0.843776,0.0401,6131954,6131954,1663433,27.1273,1920,1080,raygs,triangles,1,off,0.1,on,-4
1781756703998480060,7329.01,454.567,2.19989,2.10666,2.08458,0.137856,0.224544,0.058176,0.8192,0.8448,0.015264,6131954,6131954,1663433,27.1273,1920,1080,raygs,triangles,1,off,0.1,on,-4
1781756704000615295,7331.15,455.111,2.19727,2.10989,2.08637,0.133952,0.224928,0.057344,0.826368,0.843776,0.024497,6131954,6131954,1663433,27.1273,1920,1080,raygs,triangles,1,off,0.1,on,-4
1781756704002751945,7333.28,455.107,2.19729,2.10016,2.07885,0.133408,0.22512,0.058368,0.818176,0.843776,0.027178,6131954,6131954,1663433,27.1273,1920,1080,raygs,triangles,1,off,0.1,on,-4
1781756704004878616,7335.41,455.06,2.19751,2.10384,2.08163,0.134016,0.22496,0.057632,0.820224,0.8448,0.024714,6131954,6131954,1663433,27.1273,1920,1080,raygs,triangles,1,off,0.1,on,-4
1781756704007125864,7337.66,454.95,2.19804,2.10352,2.07978,0.133728,0.225856,0.057344,0.8192,0.843648,0.031634,6131954,6131954,1663433,27.1273,1920,1080,raygs,triangles,1,off,0.1,on,-4
1781756704009380710,7339.91,455.096,2.19734,2.23667,2.21456,0.137856,0.224288,0.057344,0.951296,0.843776,0.026001,6131954,6131954,1663433,27.1273,1920,1080,raygs,triangles,1,off,0.1,on,-4
1781756704011888701,7342.42,455.293,2.19639,2.34128,2.32016,0.133888,0.225312,0.058368,1.05882,0.843776,0.027143,6131954,6131954,1663433,27.1273,1920,1080,raygs,triangles,1,off,0.1,on,-4
1781756704014002956,7344.53,454.491,2.20026,2.10829,2.08538,0.138816,0.223744,0.057792,0.820224,0.8448,0.025741,6131954,6131954,1663433,27.1273,1920,1080,raygs,triangles,1,off,0.1,on,-4
1781756704016143759,7346.67,454.658,2.19946,2.10614,2.08336,0.133248,0.225696,0.058368,0.822272,0.843776,0.03005,6131954,6131954,1663433,27.1273,1920,1080,raygs,triangles,1,off,0.1,on,-4
1781756704018304094,7348.83,454.904,2.19826,2.13914,2.11814,0.134528,0.225248,0.058368,0.854432,0.845568,0.025261,6131954,6131954,1663433,27.1273,1920,1080,raygs,triangles,1,off,0.1,on,-4
1781756704020427768,7350.96,454.548,2.19999,2.10643,2.08336,0.133536,0.225568,0.058368,0.822272,0.843616,0.024078,6131954,6131954,1663433,27.1273,1920,1080,raygs,triangles,1,off,0.1,on,-4
1781756704022556286,7353.09,454.588,2.19979,2.10608,2.08403,0.134208,0.224384,0.058368,0.823296,0.843776,0.023592,6131954,6131954,1663433,27.1273,1920,1080,raygs,triangles,1,off,0.1,on,-4
1781756704024820055,7355.35,454.633,2.19957,2.10678,2.08374,0.134208,0.224768,0.057696,0.823296,0.843776,0.02582,6131954,6131954,1663433,27.1273,1920,1080,raygs,triangles,1,off,0.1,on,-4
1781756704026957516,7357.49,454.611,2.19968,2.10726,2.08496,0.13792,0.223648,0.058368,0.822272,0.842752,0.025245,6131954,6131954,1663433,27.1273,1920,1080,raygs,triangles,1,off,0.1,on,-4
1781756704029449868,7359.98,455.799,2.19395,2.34483,2.32355,0.133472,0.225024,0.058368,1.06291,0.843776,0.026339,6131954,6131954,1663433,27.1273,1920,1080,raygs,triangles,1,off,0.1,on,-4
1781756704031569617,7362.1,454.341,2.20099,2.11046,2.08874,0.138624,0.22496,0.058368,0.822272,0.844512,0.02399,6131954,6131954,1663433,27.1273,1920,1080,raygs,triangles,1,off,0.1,on,-4
1781756704033721637,7364.25,454.359,2.2009,2.10419,2.08288,0.134368,0.226144,0.058368,0.820224,0.843776,0.025209,6131954,6131954,1663433,27.1273,1920,1080,raygs,triangles,1,off,0.1,on,-4
1781756704035845012,7366.38,454.282,2.20128,2.10752,2.08592,0.133696,0.224992,0.058368,0.825344,0.84352,0.024381,6131954,6131954,1663433,27.1273,1920,1080,raygs,triangles,1,off,0.1,on,-4
1781756704037965914,7368.5,454.339,2.201,2.10096,2.07949,0.133632,0.224672,0.058208,0.8192,0.843776,0.024496,6131954,6131954,1663433,27.1273,1920,1080,raygs,triangles,1,off,0.1,on,-4
1781756704040092651,7370.62,454.487,2.20028,2.10445,2.08365,0.134624,0.226656,0.058368,0.820224,0.843776,0.024468,6131954,6131954,1663433,27.1273,1920,1080,raygs,triangles,1,off,0.1,on,-4
1781756704042370043,7372.9,455.041,2.1976,2.23834,2.21578,0.133408,0.22608,0.05808,0.953504,0.844704,0.024697,6131954,6131954,1663433,27.1273,1920,1080,raygs,triangles,1,off,0.1,on,-4
1781756704044707545,7375.24,455.098,2.19733,2.11088,2.08934,0.13504,0.225056,0.05808,0.827392,0.843776,0.023951,6131954,6131954,1663433,27.1273,1920,1080,raygs,triangles,1,off,0.1,on,-4
1781756704047039225,7377.57,455.036,2.19763,2.2601,2.23866,0.150624,0.223328,0.058368,0.961536,0.8448,0.029905,6131954,6131954,1663433,27.1273,1920,1080,raygs,triangles,1,off,0.1,on,-4
1781756704049208859,7379.74,454,2.20264,2.10573,2.08237,0.13472,0.22528,0.057344,0.821248,0.843776,0.042515,6131954,6131954,1663433,27.1273,1920,1080,raygs,triangles,1,off,0.1,on,-4
1781756704051238903,7381.77,454.007,2.20261,2.04416,2.02102,0.134752,0.224896,0.057792,0.759808,0.843776,0.018519,6131954,6131954,1663433,27.1273,1920,1080,raygs,triangles,1,off,0.1,on,-4
1781756704053292241,7383.82,454.594,2.19976,2.01904,1.99757,0.134208,0.225792,0.058368,0.735616,0.843584,0.028458,6131954,6131954,1663433,27.1273,1920,1080,raygs,triangles,1,off,0.1,on,-4
1781756704055361926,7385.89,454.699,2.19926,2.01686,1.99555,0.135104,0.224096,0.058368,0.733184,0.8448,0.034717,6131954,6131954,1663433,27.1273,1920,1080,raygs,triangles,1,off,0.1,on,-4
1781756704057384550,7387.92,454.839,2.19858,2.01763,1.99462,0.134848,0.224608,0.057344,0.733184,0.84464,0.02103,6131954,6131954,1663433,27.1273,1920,1080,raygs,triangles,1,off,0.1,on,-4
1781756704059525133,7390.06,455.641,2.19471,2.1247,2.10602,0.249088,0.223648,0.058368,0.731136,0.843776,0.028435,6131954,6131954,1663433,27.1273,1920,1080,raygs,triangles,1,off,0.1,on,-4
1781756704061786744,7392.32,456.686,2.18969,2.01939,1.99638,0.133536,0.224576,0.058368,0.736256,0.843648,0.033005,6131954,6131954,1663433,27.1273,1920,1080,raygs,triangles,1,off,0.1,on,-4
1781756704063977504,7394.51,456.473,2.19071,2.16429,2.14166,0.148384,0.222784,0.058368,0.868352,0.843776,0.031782,6131954,6131954,1663433,27.1273,1920,1080,raygs,triangles,1,off,0.1,on,-4
1781756704066015966,7396.55,456.642,2.1899,2.0033,1.98342,0.12768,0.224512,0.058368,0.728064,0.8448,0.044381,6131954,6131954,1663433,27.1273,1920,1080,raygs,triangles,1,off,0.1,on,-4
1781756704068050591,7398.58,456.71,2.18957,2.04557,2.02256,0.135168,0.223776,0.058368,0.760832,0.844416,0.020608,6131954,6131954,1663433,27.1273,1920,1080,raygs,triangles,1,off,0.1,on,-4
1781756704070276986,7400.81,456.925,2.18854,2.1471,2.12406,0.135296,0.225152,0.05776,0.73216,0.973696,0.043027,6131954,6131954,1663433,27.1273,1920,1080,raygs,triangles,1,off,0.1,on,-4
1781756704072256267,7402.79,456.716,2.18954,2.01661,1.99472,0.13536,0.225888,0.058368,0.73152,0.843584,0.018265,6131954,6131954,1663433,27.1273,1920,1080,raygs,triangles,1,off,0.1,on,-4
1781756704074338782,7404.87,457.65,2.18508,2.02186,1.99952,0.134976,0.225344,0.058144,0.73632,0.844736,0.03088,6131954,6131954,1663433,27.1273,1920,1080,raygs,triangles,1,off,0.1,on,-4
1781756704076675757,7407.21,457.479,2.18589,2.13613,2.11475,0.134592,0.346944,0.058304,0.731136,0.843776,0.05155,6131954,6131954,1663433,27.1273,1920,1080,raygs,triangles,1,off,0.1,on,-4
1781756704078805216,7409.34,458.281,2.18207,2.01808,1.99584,0.135296,0.22624,0.057344,0.733184,0.843776,0.042717,6131954,6131954,1663433,27.1273,1920,1080,raygs,triangles,1,off,0.1,on,-4
1781756704081057040,7411.59,458.546,2.18081,2.21818,2.19437,0.140384,0.22496,0.058368,0.925984,0.844672,0.025695,6131954,6131954,1663433,27.1273,1920,1080,raygs,triangles,1,off,0.1,on,-4
1781756704083018862,7413.55,457.885,2.18395,2.00272,1.9831,0.127296,0.22576,0.058368,0.728064,0.843616,0.044618,6131954,6131954,1663433,27.1273,1920,1080,raygs,triangles,1,off,0.1,on,-4
1781756704085036836,7415.57,458.528,2.18089,2.0321,2.00957,0.135008,0.225984,0.059392,0.744448,0.844736,0.021308,6131954,6131954,1663433,27.1273,1920,1080,raygs,triangles,1,off,0.1,on,-4
1781756704087086380,7417.62,458.917,2.17904,2.02304,2.0001,0.134144,0.225504,0.058368,0.738304,0.843776,0.029191,6131954,6131954,1663433,27.1273,1920,1080,raygs,triangles,1,off,0.1,on,-4
1781756704089136340,7419.67,459.187,2.17776,2.02214,1.9993,0.134848,0.227616,0.05808,0.735232,0.84352,0.032452,6131954,6131954,1663433,27.1273,1920,1080,raygs,triangles,1,off,0.1,on,-4
1781756704091170261,7421.7,459.903,2.17437,2.01971,1.99936,0.13488,0.226464,0.058368,0.734208,0.84544,0.028673,6131954,6131954,1663433,27.1273,1920,1080,raygs,triangles,1,off,0.1,on,-4
1781756704093334110,7423.86,460.948,2.16944,2.1369,2.11366,0.135328,0.343008,0.058368,0.73216,0.8448,0.027609,6131954,6131954,1663433,27.1273,1920,1080,raygs,triangles,1,off,0.1,on,-4
1781756704095604295,7426.13,461.413,2.16726,2.0144,1.99229,0.13472,0.225152,0.058368,0.730496,0.843552,0.033409,6131954,6131954,1663433,27.1273,1920,1080,raygs,triangles,1,off,0.1,on,-4
1781756704097791860,7428.32,460.867,2.16982,2.16966,2.14694,0.153952,0.22352,0.058368,0.867328,0.843776,0.028512,6131954,6131954,1663433,27.1273,1920,1080,raygs,triangles,1,off,0.1,on,-4
1781756704099818957,7430.35,460.738,2.17043,2.00605,1.98474,0.129408,0.225184,0.058304,0.728064,0.843776,0.028386,6131954,6131954,1663433,27.1273,1920,1080,raygs,triangles,1,off,0.1,on,-4
1781756704101855650,7432.39,461.063,2.1689,2.01302,1.99107,0.13536,0.225504,0.058368,0.728064,0.843776,0.028889,6131954,6131954,1663433,27.1273,1920,1080,raygs,triangles,1,off,0.1,on,-4
1781756704103907475,7434.44,461.386,2.16738,2.01894,1.99635,0.13616,0.225888,0.057344,0.733184,0.843776,0.028461,6131954,6131954,1663433,27.1273,1920,1080,raygs,triangles,1,off,0.1,on,-4
1781756704105949751,7436.48,461.663,2.16608,2.01776,1.99542,0.135008,0.226176,0.058368,0.73216,0.843712,0.027383,6131954,6131954,1663433,27.1273,1920,1080,raygs,triangles,1,off,0.1,on,-4
1781756704107994934,7438.53,462.512,2.16211,2.01824,1.99478,0.13648,0.224928,0.057632,0.73216,0.843584,0.027766,6131954,6131954,1663433,27.1273,1920,1080,raygs,triangles,1,off,0.1,on,-4
1781756704110169328,7440.7,464.102,2.1547,2.13811,2.11574,0.13552,0.342816,0.0584,0.735232,0.843776,0.033726,6131954,6131954,1663433,27.1273,1920,1080,raygs,triangles,1,off,0.1,on,-4
1781756704112554665,7443.09,463.947,2.15542,2.23894,2.2152,0.135008,0.449088,0.057344,0.729088,0.844672,0.030329,6131954,6131954,1663433,27.1273,1920,1080,raygs,triangles,1,off,0.1,on,-4
1781756704114609656,7445.14,463.447,2.15774,2.01782,1.99696,0.139168,0.224896,0.058368,0.730112,0.844416,0.028726,6131954,6131954,1663433,27.1273,1920,1080,raygs,triangles,1,off,0.1,on,-4
1781756704116643155,7447.17,463.366,2.15812,2.00694,1.98723,0.127616,0.224096,0.06144,0.729472,0.844608,0.02996,6131954,6131954,1663433,27.1273,1920,1080,raygs,triangles,1,off,0.1,on,-4
1781756704118682656,7449.21,463.819,2.15602,2.01261,1.98909,0.137152,0.223488,0.05776,0.72704,0.843648,0.030299,6131954,6131954,1663433,27.1273,1920,1080,raygs,triangles,1,off,0.1,on,-4
1781756704120744874,7451.28,464.036,2.15501,2.02032,1.99738,0.134464,0.228544,0.057408,0.73216,0.8448,0.029474,6131954,6131954,1663433,27.1273,1920,1080,raygs,triangles,1,off,0.1,on,-4
1781756704122780498,7453.31,464.691,2.15197,2.02122,1.99846,0.134784,0.226688,0.057344,0.736256,0.843392,0.028208,6131954,6131954,1663433,27.1273,1920,1080,raygs,triangles,1,off,0.1,on,-4
1781756704124957784,7455.49,465.701,2.1473,2.02086,1.99882,0.135136,0.225312,0.058368,0.736256,0.843744,0.029997,6131954,6131954,1663433,27.1273,1920,1080,raygs,triangles,1,off,0.1,on,-4
1781756704127046222,7457.58,466.929,2.14165,2.02483,2.00253,0.139008,0.22512,0.058368,0.736256,0.843776,0.040811,6131954,6131954,1663433,27.1273,1920,1080,raygs,triangles,1,off,0.1,on,-4
1781756704129248823,7459.78,466.637,2.14299,2.21046,2.18941,0.135136,0.22592,0.058048,0.925696,0.844608,0.030539,6131954,6131954,1663433,27.1273,1920,1080,raygs,triangles,1,off,0.1,on,-4
1781756704131412927,7461.94,466.401,2.14408,2.13245,2.11286,0.257888,0.224736,0.058368,0.72816,0.843712,0.029514,6131954,6131954,1663433,27.1273,1920,1080,raygs,triangles,1,off,0.1,on,-4
1781756704133504680,7464.04,466.328,2.14441,2.00915,1.98954,0.128992,0.228288,0.057344,0.730112,0.8448,0.046395,6131954,6131954,1663433,27.1273,1920,1080,raygs,triangles,1,off,0.1,on,-4
1781756704135482506,7466.01,466.435,2.14392,2.01674,1.99386,0.136,0.225696,0.058272,0.730112,0.843776,0.019093,6131954,6131954,1663433,27.1273,1920,1080,raygs,triangles,1,off,0.1,on,-4
1781756704137540449,7468.07,467.406,2.13947,2.0201,1.99776,0.135264,0.225312,0.058368,0.734208,0.844608,0.03066,6131954,6131954,1663433,27.1273,1920,1080,raygs,triangles,1,off,0.1,on,-4
1781756704139565691,7470.1,468.137,2.13612,2.01808,1.99539,0.134816,0.226592,0.058112,0.73216,0.843712,0.03152,6131954,6131954,1663433,27.1273,1920,1080,raygs,triangles,1,off,0.1,on,-4
1781756704141733958,7472.26,469.91,2.12807,2.01446,1.99325,0.134944,0.225088,0.058304,0.731136,0.843776,0.027675,6131954,6131954,1663433,27.1273,1920,1080,raygs,triangles,1,off,0.1,on,-4
1781756704143829948,7474.36,469.721,2.12892,2.02419,2.00202,0.139392,0.224224,0.058368,0.736256,0.843776,0.048038,6131954,6131954,1663433,27.1273,1920,1080,raygs,triangles,1,off,0.1,on,-4
1781756704146362423,7476.89,469.754,2.12878,2.35456,2.33453,0.343808,0.223296,0.058368,0.86528,0.843776,0.046399,6131954,6131954,1663433,27.1273,1920,1080,raygs,triangles,1,off,0.1,on,-4
1781756704148338749,7478.87,468.413,2.13487,2.01504,1.99107,0.134304,0.226368,0.057536,0.729088,0.843776,0.02627,6131954,6131954,1663433,27.1273,1920,1080,raygs,triangles,1,off,0.1,on,-4
1781756704150428800,7480.96,468.964,2.13236,2.02874,2.00816,0.126464,0.222816,0.058368,0.756736,0.843776,0.045922,6131954,6131954,1663433,27.1273,1920,1080,raygs,triangles,1,off,0.1,on,-4
1781756704152318628,7482.85,469.101,2.13174,2.01267,1.9903,0.134688,0.225408,0.057344,0.728064,0.8448,0.019309,6131954,6131954,1663433,27.1273,1920,1080,raygs,triangles,1,off,0.1,on,-4
1781756704154353911,7484.88,470.564,2.12511,2.02186,1.99827,0.135008,0.226016,0.057344,0.735232,0.844672,0.028317,6131954,6131954,1663433,27.1273,1920,1080,raygs,triangles,1,off,0.1,on,-4
1781756704156399828,7486.93,470.989,2.12319,2.01805,1.9976,0.135296,0.226176,0.058368,0.733184,0.844576,0.028199,6131954,6131954,1663433,27.1273,1920,1080,raygs,triangles,1,off,0.1,on,-4
1781756704158597175,7489.13,472.616,2.11588,2.01818,1.99664,0.13472,0.2256,0.058368,0.733184,0.844768,0.027022,6131954,6131954,1663433,27.1273,1920,1080,raygs,triangles,1,off,0.1,on,-4
1781756704160740918,7491.27,472.242,2.11756,2.02384,2.00067,0.139008,0.224288,0.057344,0.735232,0.8448,0.040578,6131954,6131954,1663433,27.1273,1920,1080,raygs,triangles,1,off,0.1,on,-4
1781756704163061400,7493.59,472.343,2.11711,2.3353,2.3169,0.330656,0.221888,0.058368,0.862208,0.843776,0.048664,6131954,6131954,1663433,27.1273,1920,1080,raygs,triangles,1,off,0.1,on,-4
1781756704165061056,7495.59,471.629,2.12031,2.01347,1.99059,0.13504,0.223552,0.058208,0.730112,0.84368,0.0182,6131954,6131954,1663433,27.1273,1920,1080,raygs,triangles,1,off,0.1,on,-4
1781756704167143129,7497.67,472.071,2.11833,2.01043,1.99046,0.126656,0.224384,0.060416,0.735232,0.843776,0.056506,6131954,6131954,1663433,27.1273,1920,1080,raygs,triangles,1,off,0.1,on,-4
1781756704169131198,7499.66,472.24,2.11757,2.01558,1.99331,0.1344,0.225568,0.057344,0.730464,0.845536,0.018161,6131954,6131954,1663433,27.1273,1920,1080,raygs,triangles,1,off,0.1,on,-4
1781756704171152280,7501.68,473.278,2.11292,2.02198,1.9985,0.1352,0.225056,0.057344,0.736256,0.84464,0.028141,6131954,6131954,1663433,27.1273,1920,1080,raygs,triangles,1,off,0.1,on,-4
1781756704173205358,7503.74,474.402,2.10792,2.01952,1.99674,0.134688,0.225632,0.057344,0.734272,0.8448,0.031247,6131954,6131954,1663433,27.1273,1920,1080,raygs,triangles,1,off,0.1,on,-4
1781756704175372668,7505.9,475.619,2.10252,2.0185,1.99699,0.134688,0.225792,0.058368,0.733408,0.844736,0.032348,6131954,6131954,1663433,27.1273,1920,1080,raygs,triangles,1,off,0.1,on,-4
1781756704177430856,7507.96,475.533,2.1029,2.02298,2.00195,0.138528,0.22496,0.058368,0.735488,0.844608,0.033331,6131954,6131954,1663433,27.1273,1920,1080,raygs,triangles,1,off,0.1,on,-4
1781756704179780223,7510.31,475.538,2.10288,2.35085,2.33005,0.340064,0.223168,0.05776,0.86528,0.843776,0.02761,6131954,6131954,1663433,27.1273,1920,1080,raygs,triangles,1,off,0.1,on,-4
1781756704181855750,7512.39,474.439,2.10775,2.01347,1.99011,0.135808,0.225088,0.057344,0.728448,0.843424,0.028912,6131954,6131954,1663433,27.1273,1920,1080,raygs,triangles,1,off,0.1,on,-4
1781756704183888940,7514.42,474.353,2.10813,2.00637,1.98704,0.126656,0.22432,0.060416,0.730112,0.845536,0.029628,6131954,6131954,1663433,27.1273,1920,1080,raygs,triangles,1,off,0.1,on,-4
1781756704185922194,7516.45,474.283,2.10845,2.02003,1.99648,0.134176,0.225952,0.057344,0.735232,0.843776,0.030361,6131954,6131954,1663433,27.1273,1920,1080,raygs,triangles,1,off,0.1,on,-4
1781756704187956318,7518.49,474.64,2.10686,2.02237,2.00125,0.135488,0.225312,0.058368,0.738304,0.843776,0.027366,6131954,6131954,1663433,27.1273,1920,1080,raygs,triangles,1,off,0.1,on,-4
1781756704190023134,7520.55,475.633,2.10246,2.02403,2.00032,0.13504,0.22688,0.057344,0.73728,0.843776,0.029412,6131954,6131954,1663433,27.1273,1920,1080,raygs,triangles,1,off,0.1,on,-4
1781756704192205844,7522.74,475.958,2.10103,2.01747,1.99651,0.134688,0.226496,0.058368,0.733184,0.843776,0.032382,6131954,6131954,1663433,27.1273,1920,1080,raygs,triangles,1,off,0.1,on,-4
1781756704194314285,7524.84,475.308,2.1039,2.02259,2.00163,0.137792,0.225152,0.058656,0.736256,0.843776,0.080368,6131954,6131954,1663433,27.1273,1920,1080,raygs,triangles,1,off,0.1,on,-4
1781756704196622361,7527.15,475.268,2.10407,2.33309,2.31331,0.323392,0.222304,0.058368,0.864512,0.844736,0.024526,6131954,6131954,1663433,27.1273,1920,1080,raygs,triangles,1,off,0.1,on,-4
1781756704198667668,7529.2,474.844,2.10596,2.01462,1.99117,0.135264,0.224448,0.057632,0.729088,0.844736,0.030361,6131954,6131954,1663433,27.1273,1920,1080,raygs,triangles,1,off,0.1,on,-4
1781756704200693249,7531.22,474.62,2.10695,2.00768,1.98717,0.126944,0.223136,0.06144,0.73216,0.843488,0.029078,6131954,6131954,1663433,27.1273,1920,1080,raygs,triangles,1,off,0.1,on,-4
1781756704202759947,7533.29,475.185,2.10444,2.01558,1.99302,0.13472,0.226048,0.058368,0.730112,0.843776,0.047685,6131954,6131954,1663433,27.1273,1920,1080,raygs,triangles,1,off,0.1,on,-4
1781756704204840188,7535.37,475.981,2.10092,2.01827,1.99469,0.134496,0.225888,0.057344,0.733184,0.843776,0.059847,6131954,6131954,1663433,27.1273,1920,1080,raygs,triangles,1,off,0.1,on,-4
1781756704206809269,7537.34,476.169,2.10009,2.01875,1.99738,0.135232,0.225792,0.058368,0.733184,0.8448,0.019116,6131954,6131954,1663433,27.1273,1920,1080,raygs,triangles,1,off,0.1,on,-4
1781756704208993867,7539.52,477.161,2.09573,2.01859,1.996,0.134912,0.22384,0.05824,0.734208,0.8448,0.032059,6131954,6131954,1663433,27.1273,1920,1080,raygs,triangles,1,off,0.1,on,-4
1781756704211096998,7541.63,476.253,2.09973,2.02829,2.00566,0.13936,0.226048,0.058368,0.738304,0.843584,0.06479,6131954,6131954,1663433,27.1273,1920,1080,raygs,triangles,1,off,0.1,on,-4
1781756704213382186,7543.91,475.973,2.10096,2.33088,2.31043,0.324192,0.22128,0.05808,0.862208,0.844672,0.021899,6131954,6131954,1663433,27.1273,1920,1080,raygs,triangles,1,off,0.1,on,-4
1781756704215560014,7546.09,475.028,2.10514,2.14074,2.12064,0.2672,0.224256,0.057344,0.72704,0.8448,0.028498,6131954,6131954,1663433,27.1273,1920,1080,raygs,triangles,1,off,0.1,on,-4
1781756704217582699,7548.11,474.604,2.10702,2.00746,1.98778,0.128768,0.225824,0.058272,0.730112,0.8448,0.028566,6131954,6131954,1663433,27.1273,1920,1080,raygs,triangles,1,off,0.1,on,-4
1781756704219620556,7550.15,474.578,2.10714,2.01683,1.9945,0.134528,0.22464,0.058368,0.733184,0.843776,0.029172,6131954,6131954,1663433,27.1273,1920,1080,raygs,triangles,1,off,0.1,on,-4
1781756704221670080,7552.2,475.116,2.10475,2.02112,1.9993,0.134272,0.224448,0.058368,0.737728,0.84448,0.027243,6131954,6131954,1663433,27.1273,1920,1080,raygs,triangles,1,off,0.1,on,-4
1781756704223705807,7554.24,475.994,2.10086,2.01949,1.99712,0.134752,0.226016,0.057344,0.736256,0.842752,0.026194,6131954,6131954,1663433,27.1273,1920,1080,raygs,triangles,1,off,0.1,on,-4
1781756704225986971,7556.52,476.529,2.09851,2.13398,2.11238,0.134464,0.22416,0.175104,0.733152,0.845504,0.026615,6131954,6131954,1663433,27.1273,1920,1080,raygs,triangles,1,off,0.1,on,-4
1781756704228061344,7558.59,475.562,2.10277,2.02502,2.00179,0.138144,0.223232,0.057344,0.738304,0.844768,0.034296,6131954,6131954,1663433,27.1273,1920,1080,raygs,triangles,1,off,0.1,on,-4
1781756704230430704,7560.96,475.324,2.10383,2.3601,2.34019,0.350592,0.221152,0.058368,0.867328,0.842752,0.025867,6131954,6131954,1663433,27.1273,1920,1080,raygs,triangles,1,off,0.1,on,-4
1781756704232488058,7563.02,474.236,2.10865,2.01485,1.99322,0.135136,0.22512,0.058368,0.729088,0.845504,0.029074,6131954,6131954,1663433,27.1273,1920,1080,raygs,triangles,1,off,0.1,on,-4
1781756704234571571,7565.1,474.166,2.10896,2.03866,2.01875,0.127232,0.224416,0.060576,0.760832,0.845696,0.030431,6131954,6131954,1663433,27.1273,1920,1080,raygs,triangles,1,off,0.1,on,-4
1781756704236585629,7567.12,473.962,2.10987,2.01885,1.99568,0.134048,0.226272,0.058368,0.7336,0.843392,0.029514,6131954,6131954,1663433,27.1273,1920,1080,raygs,triangles,1,off,0.1,on,-4
1781756704238643600,7569.17,474.655,2.1068,2.01933,1.99693,0.135552,0.225824,0.057568,0.733184,0.8448,0.028479,6131954,6131954,1663433,27.1273,1920,1080,raygs,triangles,1,off,0.1,on,-4
1781756704240692995,7571.22,475.797,2.10174,2.0191,1.99638,0.134752,0.22576,0.058208,0.733184,0.84448,0.032673,6131954,6131954,1663433,27.1273,1920,1080,raygs,triangles,1,off,0.1,on,-4
1781756704243047303,7573.58,475.519,2.10296,2.14208,2.11978,0.13552,0.347904,0.058368,0.734208,0.843776,0.052182,6131954,6131954,1663433,27.1273,1920,1080,raygs,triangles,1,off,0.1,on,-4
1781756704245077537,7575.61,474.553,2.10725,2.02013,1.99798,0.134304,0.22528,0.057344,0.736256,0.8448,0.019697,6131954,6131954,1663433,27.1273,1920,1080,raygs,triangles,1,off,0.1,on,-4
1781756704247325547,7577.86,474.63,2.1069,2.21277,2.18947,0.139872,0.224832,0.057344,0.923648,0.843776,0.031974,6131954,6131954,1663433,27.1273,1920,1080,raygs,triangles,1,off,0.1,on,-4
1781756704249422785,7579.95,473.961,2.10988,2.01197,1.9889,0.134912,0.225536,0.057632,0.72704,0.843776,0.032779,6131954,6131954,1663433,27.1273,1920,1080,raygs,triangles,1,off,0.1,on,-4
1781756704251437409,7581.97,473.746,2.11084,2.03744,2.01821,0.127008,0.223488,0.06144,0.760832,0.84544,0.030599,6131954,6131954,1663433,27.1273,1920,1080,raygs,triangles,1,off,0.1,on,-4
1781756704253480073,7584.01,474.379,2.10802,2.02278,2.00099,0.13488,0.225024,0.0584,0.738304,0.844384,0.031046,6131954,6131954,1663433,27.1273,1920,1080,raygs,triangles,1,off,0.1,on,-4
1781756704255597329,7586.13,474.533,2.10733,2.01904,1.9977,0.134176,0.226592,0.058368,0.734208,0.844352,0.059006,6131954,6131954,1663433,27.1273,1920,1080,raygs,triangles,1,off,0.1,on,-4
1781756704257564732,7588.1,474.885,2.10577,2.02,1.99837,0.134688,0.226592,0.059392,0.733184,0.844512,0.019305,6131954,6131954,1663433,27.1273,1920,1080,raygs,triangles,1,off,0.1,on,-4
1781756704259904595,7590.44,475.391,2.10353,2.13302,2.10973,0.134528,0.342144,0.058144,0.731136,0.843776,0.052647,6131954,6131954,1663433,27.1273,1920,1080,raygs,triangles,1,off,0.1,on,-4
1781756704262042011,7592.57,474.578,2.10714,2.01914,1.99645,0.134464,0.22592,0.057344,0.735232,0.843488,0.037993,6131954,6131954,1663433,27.1273,1920,1080,raygs,triangles,1,off,0.1,on,-4
1781756704264323842,7594.85,474.015,2.10964,2.21002,2.18714,0.13984,0.223968,0.057344,0.920576,0.845408,0.042103,6131954,6131954,1663433,27.1273,1920,1080,raygs,triangles,1,off,0.1,on,-4
1781756704266371981,7596.9,473.14,2.11354,2.01453,1.99318,0.134848,0.225344,0.058368,0.731136,0.843488,0.026852,6131954,6131954,1663433,27.1273,1920,1080,raygs,triangles,1,off,0.1,on,-4
1781756704268432829,7598.96,473.05,2.11394,2.04899,2.02832,0.127296,0.222496,0.059392,0.77456,0.844576,0.048649,6131954,6131954,1663433,27.1273,1920,1080,raygs,triangles,1,off,0.1,on,-4
1781756704270478060,7601.01,473.478,2.11203,2.02208,1.9999,0.1352,0.226304,0.058368,0.736256,0.843776,0.038436,6131954,6131954,1663433,27.1273,1920,1080,raygs,triangles,1,off,0.1,on,-4
1781756704272512126,7603.04,473.806,2.11057,2.01971,1.99581,0.134912,0.225568,0.057344,0.735232,0.842752,0.035952,6131954,6131954,1663433,27.1273,1920,1080,raygs,triangles,1,off,0.1,on,-4
1781756704274572499,7605.1,475.652,2.10238,2.01792,1.99485,0.134144,0.226592,0.058368,0.73216,0.843584,0.03713,6131954,6131954,1663433,27.1273,1920,1080,raygs,triangles,1,off,0.1,on,-4
1781756704276725834,7607.26,475.305,2.10391,2.13533,2.11203,0.135008,0.345056,0.05808,0.730112,0.843776,0.036205,6131954,6131954,1663433,27.1273,1920,1080,raygs,triangles,1,off,0.1,on,-4
1781756704278946118,7609.48,475.077,2.10492,2.01901,1.99651,0.1352,0.22528,0.058048,0.734208,0.843776,0.03649,6131954,6131954,1663433,27.1273,1920,1080,raygs,triangles,1,off,0.1,on,-4
1781756704281140445,7611.67,473.76,2.11077,2.1616,2.13994,0.147776,0.223264,0.058208,0.866304,0.844384,0.041395,6131954,6131954,1663433,27.1273,1920,1080,raygs,triangles,1,off,0.1,on,-4
1781756704283164408,7613.7,473.136,2.11356,2.01581,1.99494,0.135104,0.224768,0.058112,0.73216,0.8448,0.024942,6131954,6131954,1663433,27.1273,1920,1080,raygs,triangles,1,off,0.1,on,-4
1781756704285271371,7615.8,473.222,2.11317,2.0529,2.03222,0.127104,0.22256,0.060416,0.778368,0.843776,0.045467,6131954,6131954,1663433,27.1273,1920,1080,raygs,triangles,1,off,0.1,on,-4
1781756704287259071,7617.79,473.708,2.111,2.01984,1.99667,0.135008,0.226016,0.057664,0.735232,0.842752,0.04614,6131954,6131954,1663433,27.1273,1920,1080,raygs,triangles,1,off,0.1,on,-4
1781756704289247048,7619.78,474.245,2.10861,2.01846,1.99597,0.134656,0.225024,0.058496,0.733184,0.844608,0.019824,6131954,6131954,1663433,27.1273,1920,1080,raygs,triangles,1,off,0.1,on,-4
1781756704291296511,7621.83,475.418,2.10341,2.01658,1.99613,0.13584,0.225312,0.058368,0.733184,0.843424,0.030428,6131954,6131954,1663433,27.1273,1920,1080,raygs,triangles,1,off,0.1,on,-4
1781756704293458766,7623.99,475.226,2.10426,2.13197,2.10998,0.134528,0.34304,0.058368,0.729536,0.844512,0.03028,6131954,6131954,1663433,27.1273,1920,1080,raygs,triangles,1,off,0.1,on,-4
1781756704295758374,7626.29,474.948,2.10549,2.14058,2.11626,0.134432,0.353728,0.057344,0.726016,0.844736,0.027978,6131954,6131954,1663433,27.1273,1920,1080,raygs,triangles,1,off,0.1,on,-4
1781756704298013703,7628.54,473.858,2.11034,2.19581,2.17456,0.13936,0.225792,0.058368,0.90624,0.8448,0.031697,6131954,6131954,1663433,27.1273,1920,1080,raygs,triangles,1,off,0.1,on,-4
1781756704300045561,7630.58,472.989,2.11421,2.01264,1.98928,0.134976,0.22512,0.057344,0.728064,0.843776,0.028607,6131954,6131954,1663433,27.1273,1920,1080,raygs,triangles,1,off,0.1,on,-4
1781756704302094953,7632.63,473.098,2.11373,2.00944,1.99027,0.12768,0.223584,0.061376,0.733184,0.844448,0.02859,6131954,6131954,1663433,27.1273,1920,1080,raygs,triangles,1,off,0.1,on,-4
1781756704304119327,7634.65,473.479,2.11203,2.01856,1.9961,0.135808,0.226176,0.058176,0.73216,0.843776,0.028408,6131954,6131954,1663433,27.1273,1920,1080,raygs,triangles,1,off,0.1,on,-4
1781756704306168696,7636.7,473.637,2.11132,2.02051,1.99936,0.13568,0.226464,0.056992,0.735584,0.84464,0.02744,6131954,6131954,1663433,27.1273,1920,1080,raygs,triangles,1,off,0.1,on,-4
1781756704308210589,7638.74,474.673,2.10671,2.01571,1.99363,0.1344,0.224896,0.05824,0.732512,0.843584,0.029779,6131954,6131954,1663433,27.1273,1920,1080,raygs,triangles,1,off,0.1,on,-4
1781756704310557553,7641.09,474.502,2.10747,2.13581,2.11267,0.13424,0.34432,0.057344,0.733184,0.843584,0.053011,6131954,6131954,1663433,27.1273,1920,1080,raygs,triangles,1,off,0.1,on,-4
1781756704312907801,7643.44,473.592,2.11152,2.24115,2.21987,0.134592,0.454048,0.058368,0.728064,0.8448,0.037862,6131954,6131954,1663433,27.1273,1920,1080,raygs,triangles,1,off,0.1,on,-4
1781756704314941824,7645.47,472.436,2.11669,2.01642,1.99318,0.139328,0.223488,0.057344,0.728224,0.8448,0.041902,6131954,6131954,1663433,27.1273,1920,1080,raygs,triangles,1,off,0.1,on,-4
1781756704316986864,7647.52,472.377,2.11695,2.01334,1.98938,0.134688,0.224768,0.058368,0.728064,0.843488,0.027272,6131954,6131954,1663433,27.1273,1920,1080,raygs,triangles,1,off,0.1,on,-4
1781756704319071921,7649.6,472.535,2.11625,2.01859,1.9993,0.126624,0.219744,0.060416,0.747872,0.84464,0.054415,6131954,6131954,1663433,27.1273,1920,1080,raygs,triangles,1,off,0.1,on,-4
1781756704321113859,7651.64,473.003,2.11415,2.01946,1.99686,0.134624,0.225984,0.057536,0.734208,0.844512,0.039249,6131954,6131954,1663433,27.1273,1920,1080,raygs,triangles,1,off,0.1,on,-4
1781756704323210258,7653.74,473.083,2.1138,2.01866,1.9951,0.13488,0.224896,0.058368,0.733184,0.843776,0.048087,6131954,6131954,1663433,27.1273,1920,1080,raygs,triangles,1,off,0.1,on,-4
1781756704325319004,7655.85,473.901,2.11015,2.01725,1.99603,0.134464,0.226336,0.058272,0.734208,0.842752,0.040168,6131954,6131954,1663433,27.1273,1920,1080,raygs,triangles,1,off,0.1,on,-4
1781756704327334961,7657.87,473.642,2.1113,2.024,2.0024,0.138304,0.224928,0.058368,0.736256,0.844544,0.037279,6131954,6131954,1663433,27.1273,1920,1080,raygs,triangles,1,off,0.1,on,-4
1781756704329620145,7660.15,473.763,2.11076,2.21232,2.18874,0.135008,0.224864,0.057344,0.92672,0.8448,0.042335,6131954,6131954,1663433,27.1273,1920,1080,raygs,triangles,1,off,0.1,on,-4
1781756704331774904,7662.31,472.855,2.11481,2.17197,2.15302,0.30048,0.224768,0.058368,0.726016,0.843392,0.042877,6131954,6131954,1663433,27.1273,1920,1080,raygs,triangles,1,off,0.1,on,-4
1781756704333793825,7664.32,472.612,2.1159,2.01075,1.98928,0.135168,0.224928,0.058368,0.72704,0.843776,0.025084,6131954,6131954,1663433,27.1273,1920,1080,raygs,triangles,1,off,0.1,on,-4
1781756704335858104,7666.39,472.471,2.11653,2.02266,2.00365,0.127584,0.223136,0.062464,0.745824,0.84464,0.048331,6131954,6131954,1663433,27.1273,1920,1080,raygs,triangles,1,off,0.1,on,-4
1781756704337893364,7668.42,472.919,2.11453,2.01782,1.99542,0.134432,0.224704,0.058304,0.734208,0.843776,0.035708,6131954,6131954,1663433,27.1273,1920,1080,raygs,triangles,1,off,0.1,on,-4
1781756704339935726,7670.47,473.12,2.11363,2.0183,1.99667,0.134816,0.225632,0.058368,0.733184,0.844672,0.035332,6131954,6131954,1663433,27.1273,1920,1080,raygs,triangles,1,off,0.1,on,-4
1781756704342116979,7672.65,474.091,2.1093,2.01728,1.9951,0.134528,0.225088,0.057344,0.733568,0.844576,0.036557,6131954,6131954,1663433,27.1273,1920,1080,raygs,triangles,1,off,0.1,on,-4
1781756704344159025,7674.69,473.996,2.10972,2.02218,2.00106,0.138368,0.224384,0.058272,0.735232,0.8448,0.036007,6131954,6131954,1663433,27.1273,1920,1080,raygs,triangles,1,off,0.1,on,-4
1781756704346521352,7677.05,473.987,2.10976,2.34022,2.31974,0.328384,0.223808,0.057472,0.86528,0.8448,0.035526,6131954,6131954,1663433,27.1273,1920,1080,raygs,triangles,1,off,0.1,on,-4
1781756704348563376,7679.09,472.719,2.11542,2.01238,1.98944,0.135008,0.22544,0.058368,0.72704,0.843584,0.039407,6131954,6131954,1663433,27.1273,1920,1080,raygs,triangles,1,off,0.1,on,-4
1781756704350596156,7681.13,472.739,2.11533,2.0144,1.99158,0.13472,0.226656,0.057344,0.729088,0.843776,0.025742,6131954,6131954,1663433,27.1273,1920,1080,raygs,triangles,1,off,0.1,on,-4
1781756704352655743,7683.19,472.743,2.11532,2.01971,1.99923,0.127712,0.223904,0.060416,0.743424,0.843776,0.047984,6131954,6131954,1663433,27.1273,1920,1080,raygs,triangles,1,off,0.1,on,-4
1781756704354691002,7685.22,473.582,2.11157,2.01987,1.99651,0.134528,0.225632,0.057344,0.734208,0.8448,0.035516,6131954,6131954,1663433,27.1273,1920,1080,raygs,triangles,1,off,0.1,on,-4
1781756704356740433,7687.27,473.821,2.1105,2.01821,1.99514,0.135424,0.225216,0.057344,0.733504,0.843648,0.036369,6131954,6131954,1663433,27.1273,1920,1080,raygs,triangles,1,off,0.1,on,-4
1781756704358913511,7689.44,474.893,2.10574,2.0176,1.99494,0.134816,0.223872,0.057344,0.734208,0.844704,0.036197,6131954,6131954,1663433,27.1273,1920,1080,raygs,triangles,1,off,0.1,on,-4
1781756704360964329,7691.49,474.485,2.10755,2.02838,2.00582,0.138464,0.224864,0.058368,0.740352,0.843776,0.035863,6131954,6131954,1663433,27.1273,1920,1080,raygs,triangles,1,off,0.1,on,-4
1781756704363320330,7693.85,474.678,2.10669,2.32771,2.30746,0.317952,0.222752,0.057696,0.86528,0.843776,0.035313,6131954,6131954,1663433,27.1273,1920,1080,raygs,triangles,1,off,0.1,on,-4
1781756704365362133,7695.89,473.332,2.11268,2.01638,1.9929,0.135648,0.223968,0.057344,0.731136,0.8448,0.038742,6131954,6131954,1663433,27.1273,1920,1080,raygs,triangles,1,off,0.1,on,-4
1781756704367420975,7697.95,473.461,2.11211,2.01456,1.99341,0.134848,0.22528,0.058368,0.730112,0.8448,0.026691,6131954,6131954,1663433,27.1273,1920,1080,raygs,triangles,1,off,0.1,on,-4
1781756704369370178,7699.9,473.704,2.11102,2.0216,2.0009,0.12656,0.22288,0.060416,0.745472,0.845568,0.035544,6131954,6131954,1663433,27.1273,1920,1080,raygs,triangles,1,off,0.1,on,-4
1781756704371394172,7701.92,475.096,2.10484,2.02179,1.99946,0.134464,0.225568,0.058368,0.73728,0.843776,0.03144,6131954,6131954,1663433,27.1273,1920,1080,raygs,triangles,1,off,0.1,on,-4
1781756704373535731,7704.07,475.053,2.10503,2.01722,1.99664,0.135008,0.225632,0.058368,0.733184,0.844448,0.047128,6131954,6131954,1663433,27.1273,1920,1080,raygs,triangles,1,off,0.1,on,-4
1781756704375717866,7706.25,475.402,2.10348,2.1495,2.12707,0.135616,0.354304,0.058368,0.734208,0.844576,0.0224,6131954,6131954,1663433,27.1273,1920,1080,raygs,triangles,1,off,0.1,on,-4
1781756704377767280,7708.3,475.115,2.10475,2.02643,2.00371,0.138528,0.2248,0.057344,0.73728,0.84576,0.027875,6131954,6131954,1663433,27.1273,1920,1080,raygs,triangles,1,off,0.1,on,-4
1781756704380340235,7710.87,474.743,2.1064,2.34566,2.3256,0.332896,0.22336,0.057344,0.867328,0.844672,0.052228,6131954,6131954,1663433,27.1273,1920,1080,raygs,triangles,1,off,0.1,on,-4
1781756704382346287,7712.88,472.907,2.11458,2.01446,1.9929,0.135008,0.224512,0.058368,0.730336,0.844672,0.044965,6131954,6131954,1663433,27.1273,1920,1080,raygs,triangles,1,off,0.1,on,-4
1781756704384383618,7714.91,473.296,2.11284,2.01408,1.99075,0.135296,0.226272,0.057344,0.72704,0.8448,0.028821,6131954,6131954,1663433,27.1273,1920,1080,raygs,triangles,1,off,0.1,on,-4
1781756704386471298,7717,473.24,2.11309,2.02717,2.00765,0.127008,0.223808,0.060416,0.751616,0.8448,0.053475,6131954,6131954,1663433,27.1273,1920,1080,raygs,triangles,1,off,0.1,on,-4
1781756704388544939,7719.08,473.905,2.11013,2.02074,1.99802,0.13488,0.225504,0.058624,0.735232,0.843776,0.043587,6131954,6131954,1663433,27.1273,1920,1080,raygs,triangles,1,off,0.1,on,-4
1781756704390536828,7721.07,474.25,2.10859,2.01994,1.99632,0.134656,0.22592,0.058144,0.733184,0.844416,0.041466,6131954,6131954,1663433,27.1273,1920,1080,raygs,triangles,1,off,0.1,on,-4
1781756704392722077,7723.25,475.404,2.10347,2.01434,1.9905,0.134624,0.22464,0.057344,0.730112,0.843776,0.041188,6131954,6131954,1663433,27.1273,1920,1080,raygs,triangles,1,off,0.1,on,-4
1781756704394772468,7725.3,474.873,2.10583,2.02995,2.00822,0.144096,0.223936,0.058368,0.736256,0.845568,0.040563,6131954,6131954,1663433,27.1273,1920,1080,raygs,triangles,1,off,0.1,on,-4
1781756704397123626,7727.65,474.876,2.10581,2.36685,2.34822,0.302848,0.221632,0.058368,0.920576,0.8448,0.037233,6131954,6131954,1663433,27.1273,1920,1080,raygs,triangles,1,off,0.1,on,-4
1781756704399134117,7729.66,473.765,2.11075,2.01862,1.9961,0.134848,0.225728,0.058368,0.73344,0.843712,0.043295,6131954,6131954,1663433,27.1273,1920,1080,raygs,triangles,1,off,0.1,on,-4
1781756704401088291,7731.62,473.893,2.11018,2.01382,1.99123,0.135136,0.226912,0.057344,0.728064,0.843776,0.020159,6131954,6131954,1663433,27.1273,1920,1080,raygs,triangles,1,off,0.1,on,-4
1781756704403132246,7733.66,474.355,2.10813,2.02086,2.00035,0.126816,0.224896,0.060416,0.744448,0.843776,0.033657,6131954,6131954,1663433,27.1273,1920,1080,raygs,triangles,1,off,0.1,on,-4
1781756704405176908,7735.71,474.705,2.10657,2.02163,1.99859,0.134752,0.226464,0.057344,0.736256,0.843776,0.033936,6131954,6131954,1663433,27.1273,1920,1080,raygs,triangles,1,off,0.1,on,-4
1781756704407219224,7737.75,475.422,2.10339,2.01958,1.99805,0.135776,0.22528,0.05824,0.734208,0.844544,0.031342,6131954,6131954,1663433,27.1273,1920,1080,raygs,triangles,1,off,0.1,on,-4
1781756704409378160,7739.91,476.006,2.10081,2.02112,1.99728,0.134432,0.226496,0.057344,0.735232,0.843776,0.027345,6131954,6131954,1663433,27.1273,1920,1080,raygs,triangles,1,off,0.1,on,-4
1781756704411428882,7741.96,475.496,2.10307,2.0217,1.99971,0.138912,0.224448,0.058368,0.734208,0.843776,0.028718,6131954,6131954,1663433,27.1273,1920,1080,raygs,triangles,1,off,0.1,on,-4
1781756704413799378,7744.33,475.638,2.10244,2.34106,2.32109,0.33248,0.223232,0.057344,0.864256,0.843776,0.02763,6131954,6131954,1663433,27.1273,1920,1080,raygs,triangles,1,off,0.1,on,-4
1781756704415863950,7746.39,474.201,2.10881,2.01453,1.99168,0.13584,0.224704,0.057344,0.729088,0.844704,0.031184,6131954,6131954,1663433,27.1273,1920,1080,raygs,triangles,1,off,0.1,on,-4
1781756704417903619,7748.43,473.855,2.11035,2.03053,2.00883,0.134464,0.225696,0.058624,0.745472,0.844576,0.026992,6131954,6131954,1663433,27.1273,1920,1080,raygs,triangles,1,off,0.1,on,-4
1781756704419935102,7750.47,473.994,2.10973,2.01462,1.99338,0.127136,0.224768,0.06144,0.735232,0.8448,0.028292,6131954,6131954,1663433,27.1273,1920,1080,raygs,triangles,1,off,0.1,on,-4
1781756704421984296,7752.51,474.447,2.10772,2.02224,1.99987,0.13536,0.226944,0.057504,0.735264,0.8448,0.027637,6131954,6131954,1663433,27.1273,1920,1080,raygs,triangles,1,off,0.1,on,-4
1781756704424029664,7754.56,475.372,2.10361,2.02224,1.9992,0.135392,0.225696,0.058368,0.735232,0.844512,0.026961,6131954,6131954,1663433,27.1273,1920,1080,raygs,triangles,1,off,0.1,on,-4
1781756704426401528,7756.93,476.2,2.09996,2.14163,2.11872,0.135968,0.350496,0.057344,0.73216,0.842752,0.051553,6131954,6131954,1663433,27.1273,1920,1080,raygs,triangles,1,off,0.1,on,-4
1781756704428559880,7759.09,474.73,2.10646,2.0272,2.00496,0.1352,0.22544,0.058368,0.741376,0.844576,0.037514,6131954,6131954,1663433,27.1273,1920,1080,raygs,triangles,1,off,0.1,on,-4
1781756704430795671,7761.33,474.386,2.10799,2.19555,2.17328,0.139296,0.223552,0.058368,0.907264,0.8448,0.038484,6131954,6131954,1663433,27.1273,1920,1080,raygs,triangles,1,off,0.1,on,-4
1781756704432830981,7763.36,473.545,2.11173,2.00989,1.98864,0.135296,0.225344,0.058368,0.724992,0.84464,0.041194,6131954,6131954,1663433,27.1273,1920,1080,raygs,triangles,1,off,0.1,on,-4
1781756704434884466,7765.42,473.664,2.1112,2.0456,2.02416,0.134208,0.225952,0.058368,0.760832,0.8448,0.02535,6131954,6131954,1663433,27.1273,1920,1080,raygs,triangles,1,off,0.1,on,-4
1781756704436948460,7767.48,473.921,2.11005,2.01904,1.99805,0.127072,0.222176,0.06144,0.742624,0.844736,0.049208,6131954,6131954,1663433,27.1273,1920,1080,raygs,triangles,1,off,0.1,on,-4
1781756704438982200,7769.51,474.772,2.10627,2.01859,1.99706,0.134784,0.22624,0.058368,0.734208,0.843456,0.035872,6131954,6131954,1663433,27.1273,1920,1080,raygs,triangles,1,off,0.1,on,-4
1781756704441034161,7771.56,475.936,2.10112,2.02032,1.99834,0.135488,0.225472,0.058368,0.735232,0.843776,0.036218,6131954,6131954,1663433,27.1273,1920,1080,raygs,triangles,1,off,0.1,on,-4
1781756704443202956,7773.73,475.826,2.10161,2.13597,2.1128,0.134944,0.343392,0.057504,0.731136,0.845824,0.04127,6131954,6131954,1663433,27.1273,1920,1080,raygs,triangles,1,off,0.1,on,-4
1781756704445423921,7775.95,475.394,2.10352,2.01882,1.99578,0.133984,0.22544,0.058368,0.734208,0.843776,0.036087,6131954,6131954,1663433,27.1273,1920,1080,raygs,triangles,1,off,0.1,on,-4
1781756704447635904,7778.17,474.88,2.10579,2.16371,2.14144,0.147808,0.222112,0.058368,0.868352,0.8448,0.038248,6131954,6131954,1663433,27.1273,1920,1080,raygs,triangles,1,off,0.1,on,-4
1781756704449682707,7780.21,474.243,2.10863,2.01402,1.99053,0.13536,0.225728,0.057504,0.726112,0.845824,0.04414,6131954,6131954,1663433,27.1273,1920,1080,raygs,triangles,1,off,0.1,on,-4
1781756704451741417,7782.27,474.439,2.10775,2.04579,2.02365,0.135392,0.223808,0.058112,0.761856,0.84448,0.026597,6131954,6131954,1663433,27.1273,1920,1080,raygs,triangles,1,off,0.1,on,-4
1781756704453814891,7784.35,474.619,2.10695,2.02131,2.00221,0.127488,0.222528,0.061152,0.745472,0.845568,0.051352,6131954,6131954,1663433,27.1273,1920,1080,raygs,triangles,1,off,0.1,on,-4
1781756704455880149,7786.41,474.379,2.10802,2.02102,1.99789,0.134144,0.225568,0.057344,0.735232,0.8456,0.040412,6131954,6131954,1663433,27.1273,1920,1080,raygs,triangles,1,off,0.1,on,-4
1781756704457909068,7788.44,475.218,2.1043,2.0215,2.00029,0.134784,0.22592,0.058368,0.736448,0.844768,0.039658,6131954,6131954,1663433,27.1273,1920,1080,raygs,triangles,1,off,0.1,on,-4
1781756704460087327,7790.62,475.661,2.10234,2.13645,2.11309,0.13488,0.343904,0.057344,0.731136,0.845824,0.039847,6131954,6131954,1663433,27.1273,1920,1080,raygs,triangles,1,off,0.1,on,-4
1781756704462357195,7792.89,475.072,2.10494,2.02147,1.9992,0.134592,0.224864,0.057664,0.73728,0.8448,0.039571,6131954,6131954,1663433,27.1273,1920,1080,raygs,triangles,1,off,0.1,on,-4
1781756704464404938,7794.94,474.353,2.10813,2.16477,2.14314,0.1496,0.223488,0.05824,0.867328,0.84448,0.03098,6131954,6131954,1663433,27.1273,1920,1080,raygs,triangles,1,off,0.1,on,-4
1781756704466538508,7797.07,474.33,2.10824,2.14838,2.12874,0.27472,0.220736,0.058368,0.730112,0.8448,0.02204,6131954,6131954,1663433,27.1273,1920,1080,raygs,triangles,1,off,0.1,on,-4
1781756704468611807,7799.14,474.004,2.10969,2.04899,2.02598,0.134464,0.225472,0.058368,0.763904,0.843776,0.029583,6131954,6131954,1663433,27.1273,1920,1080,raygs,triangles,1,off,0.1,on,-4
1781756704470638270,7801.17,474.413,2.10787,2.00918,1.98787,0.126784,0.223104,0.060416,0.733184,0.844384,0.033823,6131954,6131954,1663433,27.1273,1920,1080,raygs,triangles,1,off,0.1,on,-4
1781756704472687172,7803.22,474.503,2.10747,2.02022,1.99795,0.135392,0.226144,0.057344,0.735296,0.843776,0.029823,6131954,6131954,1663433,27.1273,1920,1080,raygs,triangles,1,off,0.1,on,-4
1781756704474734918,7805.27,475.662,2.10233,2.02048,1.99984,0.13568,0.224576,0.058368,0.736416,0.8448,0.028491,6131954,6131954,1663433,27.1273,1920,1080,raygs,triangles,1,off,0.1,on,-4
1781756704476889502,7807.42,475.636,2.10245,2.13706,2.11459,0.134496,0.345792,0.058368,0.731136,0.8448,0.027682,6131954,6131954,1663433,27.1273,1920,1080,raygs,triangles,1,off,0.1,on,-4
1781756704479079005,7809.61,475.192,2.10441,2.01411,1.99037,0.134432,0.224928,0.058144,0.729088,0.843776,0.02828,6131954,6131954,1663433,27.1273,1920,1080,raygs,triangles,1,off,0.1,on,-4
1781756704481365231,7811.9,474.681,2.10668,2.21475,2.19146,0.14048,0.224832,0.057696,0.924672,0.843776,0.027563,6131954,6131954,1663433,27.1273,1920,1080,raygs,triangles,1,off,0.1,on,-4
1781756704483393965,7813.92,473.741,2.11086,2.01386,1.99101,0.134144,0.225568,0.058368,0.729152,0.843776,0.028843,6131954,6131954,1663433,27.1273,1920,1080,raygs,triangles,1,off,0.1,on,-4
1781756704485437258,7815.97,473.86,2.11033,2.02138,1.996,0.134496,0.225024,0.058368,0.733344,0.844768,0.02678,6131954,6131954,1663433,27.1273,1920,1080,raygs,triangles,1,off,0.1,on,-4
1781756704487476764,7818.01,474.333,2.10822,2.0113,1.99085,0.12752,0.223744,0.060576,0.735232,0.843776,0.028253,6131954,6131954,1663433,27.1273,1920,1080,raygs,triangles,1,off,0.1,on,-4
1781756704489531364,7820.06,474.36,2.1081,2.02326,2.0007,0.13536,0.226944,0.058368,0.736256,0.843776,0.029593,6131954,6131954,1663433,27.1273,1920,1080,raygs,triangles,1,off,0.1,on,-4
1781756704491575859,7822.11,475.492,2.10309,2.0192,1.99715,0.135392,0.225248,0.057344,0.7336,0.845568,0.026737,6131954,6131954,1663433,27.1273,1920,1080,raygs,triangles,1,off,0.1,on,-4
1781756704493741729,7824.27,475.475,2.10316,2.13488,2.11424,0.13536,0.340384,0.058368,0.736544,0.843584,0.027251,6131954,6131954,1663433,27.1273,1920,1080,raygs,triangles,1,off,0.1,on,-4
1781756704495970696,7826.5,475.071,2.10495,2.01411,1.9919,0.134432,0.226496,0.058112,0.729088,0.843776,0.026682,6131954,6131954,1663433,27.1273,1920,1080,raygs,triangles,1,off,0.1,on,-4
1781756704498180742,7828.71,473.926,2.11004,2.16493,2.14202,0.150048,0.222784,0.058368,0.866304,0.844512,0.029281,6131954,6131954,1663433,27.1273,1920,1080,raygs,triangles,1,off,0.1,on,-4
1781756704500218103,7830.75,473.233,2.11312,2.01405,1.99101,0.13536,0.22544,0.057344,0.729088,0.843776,0.033225,6131954,6131954,1663433,27.1273,1920,1080,raygs,triangles,1,off,0.1,on,-4
1781756704502252891,7832.78,473.692,2.11108,2.01418,1.99091,0.13344,0.224416,0.058368,0.731136,0.843552,0.02763,6131954,6131954,1663433,27.1273,1920,1080,raygs,triangles,1,off,0.1,on,-4
1781756704504283464,7834.81,474.188,2.10887,2.01098,1.9903,0.127264,0.22464,0.060416,0.733184,0.8448,0.027418,6131954,6131954,1663433,27.1273,1920,1080,raygs,triangles,1,off,0.1,on,-4
1781756704506331891,7836.86,474.522,2.10738,2.01914,1.9961,0.135328,0.225376,0.057344,0.734368,0.84368,0.028743,6131954,6131954,1663433,27.1273,1920,1080,raygs,triangles,1,off,0.1,on,-4
1781756704508383362,7838.91,476.331,2.09938,2.01722,1.99616,0.135456,0.22624,0.057344,0.733536,0.843584,0.027959,6131954,6131954,1663433,27.1273,1920,1080,raygs,triangles,1,off,0.1,on,-4
1781756704510537935,7841.07,476.159,2.10014,2.13533,2.11318,0.136832,0.342048,0.058368,0.73216,0.843776,0.027203,6131954,6131954,1663433,27.1273,1920,1080,raygs,triangles,1,off,0.1,on,-4
1781756704512930992,7843.46,475.73,2.10203,2.23786,1.99072,0.134912,0.223808,0.058112,0.729088,0.8448,0.031688,6131954,6131954,1663433,27.1273,1920,1080,raygs,triangles,1,off,0.1,on,-4
1781756704515004879,7845.54,474.746,2.10639,2.01683,1.99462,0.139232,0.223136,0.058368,0.729088,0.8448,0.029436,6131954,6131954,1663433,27.1273,1920,1080,raygs,triangles,1,off,0.1,on,-4
1781756704517030803,7847.56,474.602,2.10703,2.01414,1.99034,0.134432,0.2256,0.057344,0.728416,0.844544,0.030179,6131954,6131954,1663433,27.1273,1920,1080,raygs,triangles,1,off,0.1,on,-4
1781756704519077543,7849.61,474.433,2.10778,2.01811,1.99536,0.137408,0.223168,0.058144,0.731136,0.845504,0.028296,6131954,6131954,1663433,27.1273,1920,1080,raygs,triangles,1,off,0.1,on,-4
1781756704521118918,7851.65,474.992,2.1053,2.01187,1.99248,0.128096,0.224192,0.06144,0.734208,0.844544,0.02879,6131954,6131954,1663433,27.1273,1920,1080,raygs,triangles,1,off,0.1,on,-4
1781756704523156152,7853.69,475.015,2.1052,2.01843,1.99677,0.135584,0.22608,0.058368,0.731136,0.8456,0.028456,6131954,6131954,1663433,27.1273,1920,1080,raygs,triangles,1,off,0.1,on,-4
1781756704525319080,7855.85,476.175,2.10007,2.01939,1.99677,0.134592,0.2248,0.058368,0.734208,0.8448,0.027107,6131954,6131954,1663433,27.1273,1920,1080,raygs,triangles,1,off,0.1,on,-4
1781756704527366116,7857.9,475.546,2.10285,2.02525,2.00323,0.139392,0.225472,0.058368,0.736256,0.843744,0.027578,6131954,6131954,1663433,27.1273,1920,1080,raygs,triangles,1,off,0.1,on,-4
1781756704529632477,7860.16,475.152,2.10459,2.19331,2.1713,0.1344,0.224416,0.058368,0.909312,0.8448,0.042446,6131954,6131954,1663433,27.1273,1920,1080,raygs,triangles,1,off,0.1,on,-4
1781756704531784151,7862.31,474.348,2.10816,2.1648,2.14291,0.28304,0.228224,0.058144,0.729088,0.844416,0.017505,6131954,6131954,1663433,27.1273,1920,1080,raygs,triangles,1,off,0.1,on,-4
1781756704533894439,7864.43,473.907,2.11012,2.01651,1.99325,0.135808,0.227232,0.057344,0.730112,0.842752,0.045127,6131954,6131954,1663433,27.1273,1920,1080,raygs,triangles,1,off,0.1,on,-4
1781756704536011565,7866.54,473.611,2.11144,2.14387,2.1201,0.135168,0.352672,0.057344,0.73216,0.842752,0.019763,6131954,6131954,1663433,27.1273,1920,1080,raygs,triangles,1,off,0.1,on,-4
1781756704538054889,7868.59,473.799,2.1106,2.00918,1.99056,0.127424,0.225664,0.058304,0.73456,0.844608,0.029299,6131954,6131954,1663433,27.1273,1920,1080,raygs,triangles,1,off,0.1,on,-4
1781756704540090817,7870.62,473.852,2.11036,2.0201,1.99651,0.13472,0.22768,0.057344,0.73216,0.844608,0.028681,6131954,6131954,1663433,27.1273,1920,1080,raygs,triangles,1,off,0.1,on,-4
1781756704542261597,7872.79,475.083,2.10489,2.01949,1.99536,0.134656,0.225376,0.057344,0.734208,0.843776,0.028728,6131954,6131954,1663433,27.1273,1920,1080,raygs,triangles,1,off,0.1,on,-4
1781756704544312463,7874.84,474.755,2.10635,2.02291,2.00189,0.138112,0.224384,0.058368,0.736256,0.844768,0.033602,6131954,6131954,1663433,27.1273,1920,1080,raygs,triangles,1,off,0.1,on,-4
1781756704546859328,7877.39,474.493,2.10751,2.34758,2.32912,0.3368,0.222848,0.058368,0.866304,0.8448,0.047873,6131954,6131954,1663433,27.1273,1920,1080,raygs,triangles,1,off,0.1,on,-4
1781756704548856052,7879.39,472.585,2.11602,2.0119,1.99011,0.135264,0.22496,0.058048,0.728064,0.843776,0.037658,6131954,6131954,1663433,27.1273,1920,1080,raygs,triangles,1,off,0.1,on,-4
1781756704550884525,7881.42,472.809,2.11502,2.01542,1.99274,0.134688,0.224736,0.057344,0.731168,0.8448,0.042658,6131954,6131954,1663433,27.1273,1920,1080,raygs,triangles,1,off,0.1,on,-4
1781756704552917962,7883.45,472.883,2.11469,2.01718,1.99408,0.1344,0.22624,0.057344,0.73232,0.843776,0.035954,6131954,6131954,1663433,27.1273,1920,1080,raygs,triangles,1,off,0.1,on,-4
1781756704554964157,7885.49,474.271,2.1085,2.01853,1.99539,0.132704,0.225312,0.057344,0.736256,0.843776,0.037355,6131954,6131954,1663433,27.1273,1920,1080,raygs,triangles,1,off,0.1,on,-4
1781756704556895478,7887.43,474.689,2.10664,2.02067,1.99734,0.133824,0.226976,0.057536,0.735232,0.843776,0.016786,6131954,6131954,1663433,27.1273,1920,1080,raygs,triangles,1,off,0.1,on,-4
1781756704559099590,7889.63,475.807,2.10169,2.01792,1.99562,0.134112,0.226176,0.058368,0.733184,0.843776,0.031954,6131954,6131954,1663433,27.1273,1920,1080,raygs,triangles,1,off,0.1,on,-4
1781756704561166271,7891.7,475.132,2.10468,2.02624,2.00336,0.137344,0.223232,0.057632,0.740352,0.8448,0.052442,6131954,6131954,1663433,27.1273,1920,1080,raygs,triangles,1,off,0.1,on,-4
1781756704563473771,7894,475.193,2.10441,2.34131,2.32237,0.331552,0.222304,0.058368,0.867392,0.842752,0.017284,6131954,6131954,1663433,27.1273,1920,1080,raygs,triangles,1,off,0.1,on,-4
1781756704565514461,7896.05,474.249,2.1086,2.01379,1.99226,0.13408,0.226048,0.058048,0.73056,0.84352,0.026823,6131954,6131954,1663433,27.1273,1920,1080,raygs,triangles,1,off,0.1,on,-4
1781756704567552772,7898.08,474.283,2.10845,2.01264,1.99104,0.132928,0.2248,0.058368,0.730144,0.8448,0.026383,6131954,6131954,1663433,27.1273,1920,1080,raygs,triangles,1,off,0.1,on,-4
1781756704569597873,7900.13,474.316,2.1083,2.0176,1.99642,0.133824,0.226112,0.058496,0.733184,0.8448,0.02791,6131954,6131954,1663433,27.1273,1920,1080,raygs,triangles,1,off,0.1,on,-4
1781756704571625706,7902.16,474.808,2.10611,2.0177,1.99619,0.13392,0.225216,0.057344,0.735232,0.84448,0.025276,6131954,6131954,1663433,27.1273,1920,1080,raygs,triangles,1,off,0.1,on,-4
1781756704573682122,7904.21,475.554,2.10281,2.02214,1.99987,0.133536,0.22496,0.058272,0.739328,0.843776,0.027202,6131954,6131954,1663433,27.1273,1920,1080,raygs,triangles,1,off,0.1,on,-4
1781756704575849836,7906.38,476.123,2.1003,2.01421,1.9913,0.133984,0.223904,0.057472,0.731136,0.8448,0.029344,6131954,6131954,1663433,27.1273,1920,1080,raygs,triangles,1,off,0.1,on,-4
1781756704577922473,7908.45,475.601,2.1026,2.02426,2.00093,0.137408,0.22512,0.057344,0.73728,0.843776,0.03339,6131954,6131954,1663433,27.1273,1920,1080,raygs,triangles,1,off,0.1,on,-4
1781756704580271823,7910.8,475.504,2.10303,2.3401,2.32051,0.329344,0.22272,0.058368,0.866304,0.843776,0.020841,6131954,6131954,1663433,27.1273,1920,1080,raygs,triangles,1,off,0.1,on,-4
1781756704582380201,7912.91,474.516,2.10741,2.01347,1.99194,0.134144,0.2256,0.058368,0.729344,0.84448,0.061582,6131954,6131954,1663433,27.1273,1920,1080,raygs,triangles,1,off,0.1,on,-4
1781756704584351365,7914.88,474.383,2.108,2.01542,1.99309,0.134368,0.226528,0.0584,0.731136,0.842656,0.018485,6131954,6131954,1663433,27.1273,1920,1080,raygs,triangles,1,off,0.1,on,-4
1781756704586397157,7916.93,474.577,2.10714,2.01446,1.99286,0.133184,0.225632,0.058464,0.731136,0.844448,0.027626,6131954,6131954,1663433,27.1273,1920,1080,raygs,triangles,1,off,0.1,on,-4
1781756704588511640,7919.04,475.044,2.10507,2.01875,1.99546,0.13392,0.225184,0.057344,0.736256,0.842752,0.05749,6131954,6131954,1663433,27.1273,1920,1080,raygs,triangles,1,off,0.1,on,-4
1781756704590469376,7921,475.635,2.10245,2.02067,1.99718,0.13376,0.227072,0.057344,0.735232,0.843776,0.020004,6131954,6131954,1663433,27.1273,1920,1080,raygs,triangles,1,off,0.1,on,-4
1781756704592652116,7923.18,475.929,2.10115,2.0193,1.99763,0.133792,0.22576,0.058368,0.735232,0.84448,0.029553,6131954,6131954,1663433,27.1273,1920,1080,raygs,triangles,1,off,0.1,on,-4
1781756704594695678,7925.23,475.689,2.10222,2.02845,2.00582,0.13648,0.223616,0.058368,0.74256,0.8448,0.026338,6131954,6131954,1663433,27.1273,1920,1080,raygs,triangles,1,off,0.1,on,-4
1781756704597224132,7927.75,475.18,2.10447,2.3279,2.30883,0.318496,0.222784,0.058368,0.865408,0.843776,0.05524,6131954,6131954,1663433,27.1273,1920,1080,raygs,triangles,1,off,0.1,on,-4
1781756704599217466,7929.75,473.862,2.11032,2.01488,1.99306,0.134144,0.22592,0.05808,0.731136,0.843776,0.040852,6131954,6131954,1663433,27.1273,1920,1080,raygs,triangles,1,off,0.1,on,-4
1781756704601236720,7931.77,474.082,2.10934,2.01658,1.99453,0.133824,0.226048,0.05808,0.73216,0.844416,0.035429,6131954,6131954,1663433,27.1273,1920,1080,raygs,triangles,1,off,0.1,on,-4
1781756704603278944,7933.81,474.205,2.10879,2.01882,1.99594,0.132928,0.225568,0.058368,0.735488,0.843584,0.034829,6131954,6131954,1663433,27.1273,1920,1080,raygs,triangles,1,off,0.1,on,-4
1781756704605322875,7935.85,474.626,2.10692,2.02054,1.99811,0.133664,0.225248,0.058368,0.73728,0.843552,0.034817,6131954,6131954,1663433,27.1273,1920,1080,raygs,triangles,1,off,0.1,on,-4
1781756704607364739,7937.9,475.188,2.10443,2.01766,1.9943,0.133888,0.225088,0.057344,0.733184,0.8448,0.035345,6131954,6131954,1663433,27.1273,1920,1080,raygs,triangles,1,off,0.1,on,-4
1781756704609545635,7940.08,476.11,2.10035,2.01904,1.99718,0.133216,0.22592,0.058368,0.736256,0.843424,0.03978,6131954,6131954,1663433,27.1273,1920,1080,raygs,triangles,1,off,0.1,on,-4
1781756704611583797,7942.11,475.505,2.10303,2.02022,1.99805,0.136416,0.223648,0.057344,0.736256,0.844384,0.035863,6131954,6131954,1663433,27.1273,1920,1080,raygs,triangles,1,off,0.1,on,-4
1781756704613936611,7944.47,475.528,2.10293,2.32448,2.30461,0.3168,0.223648,0.058368,0.862208,0.843584,0.039086,6131954,6131954,1663433,27.1273,1920,1080,raygs,triangles,1,off,0.1,on,-4
1781756704616120758,7946.65,474.295,2.10839,2.14643,2.12349,0.134624,0.22464,0.058176,0.862592,0.843456,0.036284,6131954,6131954,1663433,27.1273,1920,1080,raygs,triangles,1,off,0.1,on,-4
1781756704618151037,7948.68,473.862,2.11032,2.02861,2.00701,0.133568,0.22512,0.058368,0.746496,0.843456,0.035199,6131954,6131954,1663433,27.1273,1920,1080,raygs,triangles,1,off,0.1,on,-4
1781756704620113963,7950.64,473.885,2.11022,2.02234,2.00134,0.133408,0.225792,0.058368,0.738304,0.845472,0.019506,6131954,6131954,1663433,27.1273,1920,1080,raygs,triangles,1,off,0.1,on,-4
1781756704622157949,7952.69,474.712,2.10654,2.02186,2.0009,0.133984,0.226464,0.058368,0.738304,0.843776,0.029327,6131954,6131954,1663433,27.1273,1920,1080,raygs,triangles,1,off,0.1,on,-4
1781756704624190224,7954.72,475.383,2.10357,2.02106,1.9999,0.133344,0.224896,0.058368,0.738624,0.844672,0.027786,6131954,6131954,1663433,27.1273,1920,1080,raygs,triangles,1,off,0.1,on,-4
1781756704626456908,7956.99,476.085,2.10046,2.13315,1.99434,0.134656,0.224352,0.057344,0.73216,0.845824,0.027346,6131954,6131954,1663433,27.1273,1920,1080,raygs,triangles,1,off,0.1,on,-4
1781756704628530894,7959.06,475.2,2.10438,2.0263,2.00397,0.137472,0.224,0.058368,0.740352,0.843776,0.032509,6131954,6131954,1663433,27.1273,1920,1080,raygs,triangles,1,off,0.1,on,-4
1781756704630882331,7961.41,475.065,2.10497,2.34928,2.32848,0.33856,0.222496,0.057344,0.86528,0.8448,0.023536,6131954,6131954,1663433,27.1273,1920,1080,raygs,triangles,1,off,0.1,on,-4
1781756704632941208,7963.47,473.826,2.11048,2.01613,1.99226,0.133344,0.225536,0.057344,0.73136,0.844672,0.029103,6131954,6131954,1663433,27.1273,1920,1080,raygs,triangles,1,off,0.1,on,-4
1781756704634993249,7965.52,473.836,2.11044,2.0439,2.02224,0.133472,0.224768,0.058368,0.761856,0.843776,0.028072,6131954,6131954,1663433,27.1273,1920,1080,raygs,triangles,1,off,0.1,on,-4
1781756704637057533,7967.59,473.794,2.11062,2.0207,1.99859,0.133856,0.225312,0.058368,0.736256,0.8448,0.030248,6131954,6131954,1663433,27.1273,1920,1080,raygs,triangles,1,off,0.1,on,-4
1781756704639104688,7969.64,474.148,2.10905,2.02131,1.99984,0.134432,0.226336,0.057344,0.738304,0.843424,0.028149,6131954,6131954,1663433,27.1273,1920,1080,raygs,triangles,1,off,0.1,on,-4
1781756704641202073,7971.73,475.428,2.10337,2.02198,1.99936,0.133088,0.225824,0.058368,0.739328,0.842752,0.061102,6131954,6131954,1663433,27.1273,1920,1080,raygs,triangles,1,off,0.1,on,-4
1781756704643316353,7973.85,475.422,2.10339,2.13331,2.11158,0.133824,0.342432,0.058368,0.73216,0.8448,0.022277,6131954,6131954,1663433,27.1273,1920,1080,raygs,triangles,1,off,0.1,on,-4
1781756704645508962,7976.04,475.049,2.10505,2.02246,1.99901,0.133952,0.224672,0.058432,0.73728,0.844672,0.02721,6131954,6131954,1663433,27.1273,1920,1080,raygs,triangles,1,off,0.1,on,-4
1781756704647784740,7978.32,474.474,2.1076,2.21498,2.19222,0.138688,0.224672,0.057344,0.927744,0.843776,0.030626,6131954,6131954,1663433,27.1273,1920,1080,raygs,triangles,1,off,0.1,on,-4
1781756704649820429,7980.35,473.552,2.1117,2.01546,1.99379,0.133696,0.225152,0.058368,0.73216,0.844416,0.030745,6131954,6131954,1663433,27.1273,1920,1080,raygs,triangles,1,off,0.1,on,-4
1781756704651874378,7982.41,473.459,2.11211,2.04176,2.02224,0.1344,0.22528,0.058368,0.759808,0.844384,0.026812,6131954,6131954,1663433,27.1273,1920,1080,raygs,triangles,1,off,0.1,on,-4
1781756704653918296,7984.45,474.022,2.10961,2.01818,1.99629,0.133376,0.224512,0.058368,0.736256,0.843776,0.028728,6131954,6131954,1663433,27.1273,1920,1080,raygs,triangles,1,off,0.1,on,-4
1781756704655958046,7986.49,474.027,2.10959,2.01901,1.99642,0.134208,0.22512,0.058368,0.735232,0.843488,0.026342,6131954,6131954,1663433,27.1273,1920,1080,raygs,triangles,1,off,0.1,on,-4
1781756704658056589,7988.59,474.895,2.10573,2.02074,1.99859,0.133856,0.225312,0.058368,0.73728,0.843776,0.056995,6131954,6131954,1663433,27.1273,1920,1080,raygs,triangles,1,off,0.1,on,-4
1781756704660153195,7990.68,475.11,2.10478,2.13232,2.11005,0.134112,0.343616,0.057344,0.730176,0.8448,0.022004,6131954,6131954,1663433,27.1273,1920,1080,raygs,triangles,1,off,0.1,on,-4
1781756704662394150,7992.92,475.143,2.10463,2.01958,1.99821,0.134112,0.225696,0.058368,0.735232,0.8448,0.02781,6131954,6131954,1663433,27.1273,1920,1080,raygs,triangles,1,off,0.1,on,-4
1781756704664609756,7995.14,474.651,2.10681,2.1703,2.14794,0.149792,0.222528,0.058368,0.873472,0.843776,0.028451,6131954,6131954,1663433,27.1273,1920,1080,raygs,triangles,1,off,0.1,on,-4
1781756704666722742,7997.25,473.988,2.10976,2.01853,1.99648,0.13472,0.22688,0.058144,0.731136,0.8456,0.071143,6131954,6131954,1663433,27.1273,1920,1080,raygs,triangles,1,off,0.1,on,-4
1781756704668704634,7999.24,473.787,2.11065,2.04627,2.02438,0.133952,0.224608,0.058368,0.763904,0.843552,0.016417,6131954,6131954,1663433,27.1273,1920,1080,raygs,triangles,1,off,0.1,on,-4
1781756704670763217,8001.29,474.455,2.10768,2.02026,1.99763,0.1344,0.223872,0.058304,0.736256,0.8448,0.031587,6131954,6131954,1663433,27.1273,1920,1080,raygs,triangles,1,off,0.1,on,-4
1781756704672808299,8003.34,474.561,2.10721,2.0217,1.99869,0.133792,0.225184,0.057632,0.738304,0.843776,0.027457,6131954,6131954,1663433,27.1273,1920,1080,raygs,triangles,1,off,0.1,on,-4
1781756704674848397,8005.38,476.447,2.09887,2.02288,2.00035,0.13296,0.225728,0.058368,0.73872,0.844576,0.031254,6131954,6131954,1663433,27.1273,1920,1080,raygs,triangles,1,off,0.1,on,-4
1781756704677004651,8007.54,476.228,2.09983,2.13581,2.11395,0.13424,0.3432,0.057344,0.734592,0.844576,0.030012,6131954,6131954,1663433,27.1273,1920,1080,raygs,triangles,1,off,0.1,on,-4
1781756704679221694,8009.75,475.754,2.10193,2.01501,1.99206,0.133248,0.224512,0.058368,0.73216,0.843776,0.030655,6131954,6131954,1663433,27.1273,1920,1080,raygs,triangles,1,off,0.1,on,-4
1781756704681439461,8011.97,475.047,2.10505,2.16374,2.1423,0.146816,0.22224,0.058368,0.869376,0.845504,0.028279,6131954,6131954,1663433,27.1273,1920,1080,raygs,triangles,1,off,0.1,on,-4
1781756704683482122,8014.01,474.386,2.10799,2.01315,1.99078,0.134496,0.225216,0.058368,0.728064,0.84464,0.028046,6131954,6131954,1663433,27.1273,1920,1080,raygs,triangles,1,off,0.1,on,-4
1781756704685512888,8016.04,474.023,2.1096,2.03197,2.00819,0.133856,0.224576,0.058368,0.746592,0.8448,0.027827,6131954,6131954,1663433,27.1273,1920,1080,raygs,triangles,1,off,0.1,on,-4
1781756704687561627,8018.09,474.678,2.10669,2.01712,1.99341,0.133408,0.225696,0.057344,0.733184,0.843776,0.027907,6131954,6131954,1663433,27.1273,1920,1080,raygs,triangles,1,off,0.1,on,-4
1781756704689613365,8020.14,474.638,2.10687,2.02192,1.99984,0.134016,0.225376,0.058368,0.738304,0.843776,0.030602,6131954,6131954,1663433,27.1273,1920,1080,raygs,triangles,1,off,0.1,on,-4
1781756704691651096,8022.18,475.639,2.10244,2.0209,1.99798,0.133728,0.226368,0.058176,0.735232,0.84448,0.028836,6131954,6131954,1663433,27.1273,1920,1080,raygs,triangles,1,off,0.1,on,-4
1781756704693821046,8024.35,475.582,2.10269,2.14096,2.11958,0.133408,0.350944,0.057568,0.733184,0.84448,0.028715,6131954,6131954,1663433,27.1273,1920,1080,raygs,triangles,1,off,0.1,on,-4
1781756704696157004,8026.69,475.086,2.10488,2.01536,1.99472,0.1336,0.225856,0.058144,0.732608,0.844512,0.053376,6131954,6131954,1663433,27.1273,1920,1080,raygs,triangles,1,off,0.1,on,-4
1781756704698316361,8028.85,474.029,2.10958,2.19686,2.17632,0.141024,0.223136,0.058368,0.909312,0.84448,0.019317,6131954,6131954,1663433,27.1273,1920,1080,raygs,triangles,1,off,0.1,on,-4
1781756704700363252,8030.89,473.474,2.11205,2.01347,1.99197,0.13376,0.225184,0.058368,0.730112,0.844544,0.0276,6131954,6131954,1663433,27.1273,1920,1080,raygs,triangles,1,off,0.1,on,-4
1781756704702400890,8032.93,473.558,2.11167,2.01882,1.99712,0.134112,0.225632,0.058368,0.734208,0.8448,0.027454,6131954,6131954,1663433,27.1273,1920,1080,raygs,triangles,1,off,0.1,on,-4
1781756704704453723,8034.98,474.132,2.10912,2.02221,1.99843,0.134304,0.226752,0.057344,0.736256,0.843776,0.028139,6131954,6131954,1663433,27.1273,1920,1080,raygs,triangles,1,off,0.1,on,-4
1781756704706487652,8037.02,474.197,2.10883,2.01994,1.99616,0.133088,0.224672,0.057344,0.73728,0.843776,0.027712,6131954,6131954,1663433,27.1273,1920,1080,raygs,triangles,1,off,0.1,on,-4
1781756704708578492,8039.11,475.334,2.10378,2.01859,1.99562,0.13392,0.22592,0.057792,0.734208,0.843776,0.045473,6131954,6131954,1663433,27.1273,1920,1080,raygs,triangles,1,off,0.1,on,-4
1781756704710876281,8041.41,475.105,2.1048,2.14259,2.12,0.134016,0.35088,0.058144,0.734208,0.842752,0.052987,6131954,6131954,1663433,27.1273,1920,1080,raygs,triangles,1,off,0.1,on,-4
1781756704713233839,8043.76,474.123,2.10916,2.19616,2.13091,0.1336,0.36496,0.058368,0.730496,0.843488,0.043125,6131954,6131954,1663433,27.1273,1920,1080,raygs,triangles,1,off,0.1,on,-4
1781756704715265768,8045.8,472.996,2.11418,2.03187,2.00826,0.150176,0.222752,0.057344,0.733184,0.8448,0.036934,6131954,6131954,1663433,27.1273,1920,1080,raygs,triangles,1,off,0.1,on,-4
1781756704717297341,8047.83,473.313,2.11276,2.01478,1.99187,0.134048,0.226944,0.058016,0.729088,0.843776,0.036281,6131954,6131954,1663433,27.1273,1920,1080,raygs,triangles,1,off,0.1,on,-4
1781756704719385996,8049.92,473.035,2.11401,2.0223,1.99968,0.14288,0.22352,0.058368,0.731136,0.843776,0.035005,6131954,6131954,1663433,27.1273,1920,1080,raygs,triangles,1,off,0.1,on,-4
1781756704721272404,8051.8,473.449,2.11216,2.01971,1.9968,0.134976,0.226752,0.058368,0.73216,0.844544,0.01788,6131954,6131954,1663433,27.1273,1920,1080,raygs,triangles,1,off,0.1,on,-4
1781756704723302749,8053.83,474.647,2.10683,2.01747,1.99517,0.134304,0.225536,0.058368,0.734208,0.842752,0.027003,6131954,6131954,1663433,27.1273,1920,1080,raygs,triangles,1,off,0.1,on,-4
1781756704725454097,8055.98,476.029,2.10071,2.01962,1.99894,0.13376,0.224576,0.058368,0.737696,0.844544,0.025467,6131954,6131954,1663433,27.1273,1920,1080,raygs,triangles,1,off,0.1,on,-4
1781756704727503483,8058.03,475.391,2.10353,2.02656,2.00442,0.138016,0.224928,0.058368,0.738304,0.8448,0.025482,6131954,6131954,1663433,27.1273,1920,1080,raygs,triangles,1,off,0.1,on,-4
1781756704729772354,8060.3,475.277,2.10403,2.24688,2.22464,0.134752,0.225376,0.058368,0.961536,0.844608,0.026011,6131954,6131954,1663433,27.1273,1920,1080,raygs,triangles,1,off,0.1,on,-4
1781756704731925083,8062.46,474.319,2.10829,2.12986,2.11104,0.255264,0.223424,0.058368,0.729184,0.8448,0.024473,6131954,6131954,1663433,27.1273,1920,1080,raygs,triangles,1,off,0.1,on,-4
1781756704733980053,8064.51,474.015,2.10964,2.01213,1.98982,0.133504,0.22544,0.057344,0.729088,0.844448,0.024736,6131954,6131954,1663433,27.1273,1920,1080,raygs,triangles,1,off,0.1,on,-4
1781756704736018135,8066.55,473.972,2.10983,2.01558,1.99437,0.134208,0.225856,0.058368,0.73216,0.843776,0.02976,6131954,6131954,1663433,27.1273,1920,1080,raygs,triangles,1,off,0.1,on,-4
1781756704738056585,8068.59,474.531,2.10735,2.01968,1.9983,0.133856,0.226048,0.058368,0.735232,0.8448,0.023759,6131954,6131954,1663433,27.1273,1920,1080,raygs,triangles,1,off,0.1,on,-4
1781756704740105922,8070.64,474.527,2.10736,2.02259,1.99821,0.133696,0.226464,0.057344,0.736256,0.844448,0.029351,6131954,6131954,1663433,27.1273,1920,1080,raygs,triangles,1,off,0.1,on,-4
1781756704742271535,8072.8,475.726,2.10205,2.01949,1.99776,0.133632,0.226016,0.058368,0.736256,0.843488,0.024667,6131954,6131954,1663433,27.1273,1920,1080,raygs,triangles,1,off,0.1,on,-4
1781756704744315598,8074.85,475.736,2.10201,2.02538,2.00314,0.137472,0.225216,0.057344,0.739328,0.843776,0.02603,6131954,6131954,1663433,27.1273,1920,1080,raygs,triangles,1,off,0.1,on,-4
1781756704746694854,8077.23,475.733,2.10202,2.35555,2.33437,0.344768,0.2232,0.057344,0.86528,0.843776,0.024421,6131954,6131954,1663433,27.1273,1920,1080,raygs,triangles,1,off,0.1,on,-4
1781756704748738587,8079.27,474.115,2.10919,2.01571,1.99408,0.133984,0.225248,0.058368,0.733184,0.843296,0.024818,6131954,6131954,1663433,27.1273,1920,1080,raygs,triangles,1,off,0.1,on,-4
1781756704750786894,8081.32,474.146,2.10905,2.01626,1.99472,0.134528,0.225248,0.058368,0.73216,0.844416,0.026445,6131954,6131954,1663433,27.1273,1920,1080,raygs,triangles,1,off,0.1,on,-4
1781756704752818105,8083.35,474.058,2.10945,2.01466,1.99238,0.133568,0.225536,0.057344,0.731136,0.8448,0.024302,6131954,6131954,1663433,27.1273,1920,1080,raygs,triangles,1,off,0.1,on,-4
1781756704754869378,8085.4,474.938,2.10554,2.01734,1.99555,0.133536,0.226688,0.058368,0.734208,0.842752,0.024186,6131954,6131954,1663433,27.1273,1920,1080,raygs,triangles,1,off,0.1,on,-4
1781756704756926815,8087.46,475.004,2.10524,2.01782,1.9943,0.133024,0.225632,0.057664,0.734208,0.843776,0.025246,6131954,6131954,1663433,27.1273,1920,1080,raygs,triangles,1,off,0.1,on,-4
1781756704759091555,8089.62,476.075,2.10051,2.01802,1.99706,0.134272,0.224384,0.058368,0.735232,0.8448,0.024801,6131954,6131954,1663433,27.1273,1920,1080,raygs,triangles,1,off,0.1,on,-4
1781756704761123439,8091.65,475.717,2.10209,2.02739,2.00442,0.1376,0.225344,0.057344,0.739328,0.8448,0.024529,6131954,6131954,1663433,27.1273,1920,1080,raygs,triangles,1,off,0.1,on,-4
1781756704763486384,8094.02,475.798,2.10173,2.33875,2.31952,0.329024,0.223776,0.05808,0.864256,0.844384,0.024014,6131954,6131954,1663433,27.1273,1920,1080,raygs,triangles,1,off,0.1,on,-4
1781756704765530697,8096.06,474.656,2.10679,2.01482,1.99242,0.13408,0.225056,0.058368,0.731136,0.843776,0.024277,6131954,6131954,1663433,27.1273,1920,1080,raygs,triangles,1,off,0.1,on,-4
1781756704767641100,8098.17,474.709,2.10655,2.01267,1.99094,0.133632,0.225952,0.058368,0.729344,0.843648,0.045036,6131954,6131954,1663433,27.1273,1920,1080,raygs,triangles,1,off,0.1,on,-4
1781756704769691274,8100.22,474.553,2.10725,2.01757,1.9943,0.13376,0.22624,0.057344,0.733184,0.843776,0.032296,6131954,6131954,1663433,27.1273,1920,1080,raygs,triangles,1,off,0.1,on,-4
1781756704771672029,8102.2,474.851,2.10592,2.01846,1.99613,0.133792,0.22496,0.057344,0.735232,0.8448,0.016369,6131954,6131954,1663433,27.1273,1920,1080,raygs,triangles,1,off,0.1,on,-4
1781756704773743601,8104.27,475.675,2.10227,2.0192,1.99824,0.133792,0.225024,0.058368,0.736256,0.8448,0.030051,6131954,6131954,1663433,27.1273,1920,1080,raygs,triangles,1,off,0.1,on,-4
1781756704775921175,8106.45,476.408,2.09904,2.01821,1.99494,0.134144,0.224352,0.058464,0.733184,0.8448,0.029873,6131954,6131954,1663433,27.1273,1920,1080,raygs,triangles,1,off,0.1,on,-4
1781756704777964087,8108.49,476.006,2.10081,2.02528,2.00179,0.137376,0.224992,0.057344,0.738304,0.843776,0.035852,6131954,6131954,1663433,27.1273,1920,1080,raygs,triangles,1,off,0.1,on,-4
1781756704780339571,8110.87,475.899,2.10128,2.33469,2.3144,0.32288,0.221856,0.057344,0.868736,0.843584,0.033522,6131954,6131954,1663433,27.1273,1920,1080,raygs,triangles,1,off,0.1,on,-4
1781756704782349342,8112.88,474.673,2.10672,2.01434,1.99274,0.134656,0.225216,0.058368,0.730112,0.844384,0.018677,6131954,6131954,1663433,27.1273,1920,1080,raygs,triangles,1,off,0.1,on,-4
1781756704784414656,8114.95,474.713,2.10654,2.01709,1.9943,0.134304,0.226272,0.057792,0.731136,0.8448,0.02942,6131954,6131954,1663433,27.1273,1920,1080,raygs,triangles,1,off,0.1,on,-4
1781756704786430088,8116.96,474.84,2.10597,2.01542,1.99389,0.133664,0.225312,0.058272,0.733184,0.843456,0.027096,6131954,6131954,1663433,27.1273,1920,1080,raygs,triangles,1,off,0.1,on,-4
1781756704788460510,8118.99,475.166,2.10453,2.01795,1.99514,0.13312,0.225664,0.058368,0.735232,0.842752,0.025842,6131954,6131954,1663433,27.1273,1920,1080,raygs,triangles,1,off,0.1,on,-4
1781756704790670939,8121.2,476.055,2.1006,2.02214,2.0001,0.134464,0.226208,0.058368,0.73728,0.843776,0.031801,6131954,6131954,1663433,27.1273,1920,1080,raygs,triangles,1,off,0.1,on,-4
1781756704792802774,8123.33,476.022,2.10074,2.14826,2.12666,0.136896,0.222624,0.058368,0.864256,0.844512,0.02415,6131954,6131954,1663433,27.1273,1920,1080,raygs,triangles,1,off,0.1,on,-4
1781756704794835765,8125.37,475.927,2.10116,2.01981,1.9977,0.13296,0.224288,0.058368,0.73728,0.8448,0.023519,6131954,6131954,1663433,27.1273,1920,1080,raygs,triangles,1,off,0.1,on,-4
1781756704797243032,8127.77,475.762,2.10189,2.37248,2.35373,0.274656,0.26336,0.058368,0.911616,0.845728,0.024838,6131954,6131954,1663433,27.1273,1920,1080,raygs,triangles,1,off,0.1,on,-4
1781756704799282551,8129.81,474.476,2.10759,2.01146,1.98765,0.134112,0.225408,0.057344,0.72704,0.843744,0.024593,6131954,6131954,1663433,27.1273,1920,1080,raygs,triangles,1,off,0.1,on,-4
1781756704801317928,8131.85,474.494,2.10751,2.01482,1.99238,0.134144,0.225248,0.058368,0.730112,0.844512,0.024916,6131954,6131954,1663433,27.1273,1920,1080,raygs,triangles,1,off,0.1,on,-4
1781756704803364590,8133.9,474.527,2.10736,2.01747,1.99549,0.133696,0.22448,0.05824,0.734272,0.8448,0.024525,6131954,6131954,1663433,27.1273,1920,1080,raygs,triangles,1,off,0.1,on,-4
1781756704805403991,8135.93,474.932,2.10557,2.0225,2.00048,0.133856,0.225824,0.057696,0.738304,0.8448,0.024121,6131954,6131954,1663433,27.1273,1920,1080,raygs,triangles,1,off,0.1,on,-4
1781756704807446198,8137.98,475.615,2.10254,2.01878,1.99539,0.132928,0.224736,0.058144,0.736256,0.843328,0.025179,6131954,6131954,1663433,27.1273,1920,1080,raygs,triangles,1,off,0.1,on,-4
1781756704809612399,8140.14,476.292,2.09955,2.01677,1.9943,0.133984,0.22512,0.05824,0.733184,0.843776,0.025654,6131954,6131954,1663433,27.1273,1920,1080,raygs,triangles,1,off,0.1,on,-4
1781756704811669382,8142.2,475.776,2.10183,2.02272,1.99997,0.136864,0.223808,0.058368,0.73728,0.843648,0.025967,6131954,6131954,1663433,27.1273,1920,1080,raygs,triangles,1,off,0.1,on,-4
1781756704814021958,8144.55,475.692,2.1022,2.34022,2.32141,0.33168,0.224224,0.058368,0.862592,0.844544,0.024108,6131954,6131954,1663433,27.1273,1920,1080,raygs,triangles,1,off,0.1,on,-4
1781756704816088344,8146.62,474.564,2.1072,2.01718,1.99424,0.1344,0.225536,0.057344,0.733184,0.843776,0.026285,6131954,6131954,1663433,27.1273,1920,1080,raygs,triangles,1,off,0.1,on,-4
1781756704818121878,8148.65,474.478,2.10758,2.01517,1.99306,0.134464,0.22528,0.0584,0.731136,0.843776,0.024408,6131954,6131954,1663433,27.1273,1920,1080,raygs,triangles,1,off,0.1,on,-4
1781756704820151464,8150.68,474.505,2.10746,2.02077,1.99814,0.13392,0.225824,0.058368,0.736256,0.843776,0.023695,6131954,6131954,1663433,27.1273,1920,1080,raygs,triangles,1,off,0.1,on,-4
1781756704822213546,8152.74,475.063,2.10498,2.01872,1.99766,0.133888,0.225376,0.058368,0.736256,0.843776,0.029482,6131954,6131954,1663433,27.1273,1920,1080,raygs,triangles,1,off,0.1,on,-4
1781756704824250899,8154.78,476.026,2.10073,2.02019,1.99798,0.134336,0.226176,0.057344,0.735584,0.844544,0.025432,6131954,6131954,1663433,27.1273,1920,1080,raygs,triangles,1,off,0.1,on,-4
1781756704826628883,8157.16,475.685,2.10223,2.13907,2.11677,0.133408,0.225056,0.1752,0.738304,0.8448,0.05145,6131954,6131954,1663433,27.1273,1920,1080,raygs,triangles,1,off,0.1,on,-4
1781756704828791235,8159.32,475.143,2.10463,2.02038,1.99722,0.133504,0.225632,0.058368,0.736256,0.843456,0.036131,6131954,6131954,1663433,27.1273,1920,1080,raygs,triangles,1,off,0.1,on,-4
1781756704830973631,8161.5,474.696,2.10661,2.16906,2.14563,0.151136,0.223648,0.057696,0.869376,0.843776,0.037265,6131954,6131954,1663433,27.1273,1920,1080,raygs,triangles,1,off,0.1,on,-4
1781756704833015731,8163.55,474.232,2.10867,2.0153,1.99184,0.133536,0.2256,0.057792,0.73216,0.842752,0.038101,6131954,6131954,1663433,27.1273,1920,1080,raygs,triangles,1,off,0.1,on,-4
1781756704835075803,8165.61,474.18,2.1089,2.04006,2.0185,0.133888,0.224544,0.058368,0.757024,0.844672,0.035265,6131954,6131954,1663433,27.1273,1920,1080,raygs,triangles,1,off,0.1,on,-4
1781756704837037231,8167.57,474.609,2.107,2.02307,2.00154,0.134144,0.224896,0.058368,0.739328,0.8448,0.019038,6131954,6131954,1663433,27.1273,1920,1080,raygs,triangles,1,off,0.1,on,-4
1781756704839067428,8169.6,475.641,2.10242,2.02403,2.00182,0.133344,0.225824,0.058368,0.740672,0.843616,0.028137,6131954,6131954,1663433,27.1273,1920,1080,raygs,triangles,1,off,0.1,on,-4
1781756704841115651,8171.65,476.852,2.09709,2.01792,1.99501,0.133088,0.225568,0.057344,0.734208,0.8448,0.027764,6131954,6131954,1663433,27.1273,1920,1080,raygs,triangles,1,off,0.1,on,-4
1781756704843282567,8173.81,476.761,2.09749,2.13866,2.11626,0.133984,0.344736,0.058368,0.735392,0.843776,0.026764,6131954,6131954,1663433,27.1273,1920,1080,raygs,triangles,1,off,0.1,on,-4
1781756704845489920,8176.02,476.256,2.09971,2.02384,2.00208,0.134368,0.224608,0.057344,0.739328,0.846432,0.026625,6131954,6131954,1663433,27.1273,1920,1080,raygs,triangles,1,off,0.1,on,-4
1781756704847675362,8178.21,475.871,2.10141,2.16678,2.14458,0.146368,0.223552,0.058368,0.871488,0.8448,0.030016,6131954,6131954,1663433,27.1273,1920,1080,raygs,triangles,1,off,0.1,on,-4
1781756704849750965,8180.28,474.766,2.1063,2.0136,1.9897,0.133856,0.224768,0.058208,0.730112,0.842752,0.03556,6131954,6131954,1663433,27.1273,1920,1080,raygs,triangles,1,off,0.1,on,-4
1781756704851821363,8182.35,474.397,2.10794,2.0439,2.02189,0.133504,0.225696,0.058368,0.760832,0.843488,0.029212,6131954,6131954,1663433,27.1273,1920,1080,raygs,triangles,1,off,0.1,on,-4
1781756704853844822,8184.38,474.746,2.10639,2.02022,1.99578,0.134368,0.225056,0.058368,0.735232,0.842752,0.027461,6131954,6131954,1663433,27.1273,1920,1080,raygs,triangles,1,off,0.1,on,-4
1781756704855884550,8186.42,474.819,2.10606,2.02157,1.99923,0.134176,0.226656,0.058368,0.735232,0.8448,0.025539,6131954,6131954,1663433,27.1273,1920,1080,raygs,triangles,1,off,0.1,on,-4
1781756704858115855,8188.65,475.788,2.10178,2.01808,1.99501,0.134272,0.226336,0.05744,0.733184,0.843776,0.03885,6131954,6131954,1663433,27.1273,1920,1080,raygs,triangles,1,off,0.1,on,-4
1781756704860223552,8190.75,475.451,2.10327,2.14922,2.12771,0.13744,0.22528,0.0584,0.863232,0.84336,0.017713,6131954,6131954,1663433,27.1273,1920,1080,raygs,triangles,1,off,0.1,on,-4
1781756704862519194,8193.05,475.268,2.10408,2.26218,2.23872,0.134688,0.224992,0.058368,0.976896,0.843776,0.027724,6131954,6131954,1663433,27.1273,1920,1080,raygs,triangles,1,off,0.1,on,-4
1781756704864661555,8195.19,474.199,2.10882,2.13018,2.11155,0.25456,0.22368,0.058368,0.730144,0.8448,0.026037,6131954,6131954,1663433,27.1273,1920,1080,raygs,triangles,1,off,0.1,on,-4
1781756704866704964,8197.24,473.906,2.11013,2.01325,1.99082,0.133888,0.226784,0.057344,0.728064,0.844736,0.026101,6131954,6131954,1663433,27.1273,1920,1080,raygs,triangles,1,off,0.1,on,-4
1781756704868816959,8199.35,473.725,2.11093,2.04384,2.02141,0.133664,0.225792,0.057344,0.759808,0.8448,0.029592,6131954,6131954,1663433,27.1273,1920,1080,raygs,triangles,1,off,0.1,on,-4
1781756704870834075,8201.36,474.109,2.10922,2.01981,1.9975,0.133952,0.225184,0.058368,0.735232,0.844768,0.029012,6131954,6131954,1663433,27.1273,1920,1080,raygs,triangles,1,off,0.1,on,-4
1781756704872861475,8203.39,474.224,2.10871,2.01824,1.99693,0.13392,0.224608,0.058368,0.736256,0.843776,0.025916,6131954,6131954,1663433,27.1273,1920,1080,raygs,triangles,1,off,0.1,on,-4
1781756704874903734,8205.43,475.557,2.1028,2.01613,1.99504,0.133376,0.225312,0.058368,0.735232,0.842752,0.025378,6131954,6131954,1663433,27.1273,1920,1080,raygs,triangles,1,off,0.1,on,-4
1781756704877063223,8207.59,475.558,2.10279,2.1376,2.11702,0.133984,0.226208,0.176128,0.736256,0.844448,0.024549,6131954,6131954,1663433,27.1273,1920,1080,raygs,triangles,1,off,0.1,on,-4
1781756704879309827,8209.84,475.151,2.1046,2.01597,1.99235,0.133888,0.225408,0.057376,0.73216,0.84352,0.026966,6131954,6131954,1663433,27.1273,1920,1080,raygs,triangles,1,off,0.1,on,-4
1781756704881493323,8212.02,474.33,2.10824,2.16266,2.14163,0.150848,0.221344,0.058368,0.866304,0.844768,0.025941,6131954,6131954,1663433,27.1273,1920,1080,raygs,triangles,1,off,0.1,on,-4
1781756704883598016,8214.13,473.836,2.11043,2.01411,1.99286,0.1344,0.225184,0.058368,0.731136,0.843776,0.039778,6131954,6131954,1663433,27.1273,1920,1080,raygs,triangles,1,off,0.1,on,-4
1781756704885605069,8216.14,473.702,2.11103,2.04621,2.0239,0.134752,0.224128,0.058368,0.76288,0.843776,0.017497,6131954,6131954,1663433,27.1273,1920,1080,raygs,triangles,1,off,0.1,on,-4
1781756704887651777,8218.18,474.247,2.1086,2.02029,1.9968,0.134432,0.226304,0.057344,0.735232,0.843488,0.026502,6131954,6131954,1663433,27.1273,1920,1080,raygs,triangles,1,off,0.1,on,-4
1781756704889688248,8220.22,474.22,2.10873,2.01642,1.99248,0.13264,0.225536,0.057344,0.733184,0.843776,0.026319,6131954,6131954,1663433,27.1273,1920,1080,raygs,triangles,1,off,0.1,on,-4
1781756704891746897,8222.28,475.439,2.10332,2.02291,2.00067,0.133984,0.225856,0.057728,0.739328,0.843776,0.026698,6131954,6131954,1663433,27.1273,1920,1080,raygs,triangles,1,off,0.1,on,-4
1781756704893903650,8224.43,475.373,2.10361,2.14259,2.11955,0.133888,0.347104,0.058368,0.73552,0.844672,0.025654,6131954,6131954,1663433,27.1273,1920,1080,raygs,triangles,1,off,0.1,on,-4
1781756704896160627,8226.69,475.236,2.10422,2.01002,1.9887,0.133408,0.224064,0.058368,0.728064,0.8448,0.025303,6131954,6131954,1663433,27.1273,1920,1080,raygs,triangles,1,off,0.1,on,-4
1781756704898350262,8228.88,474.431,2.10779,2.16621,2.14416,0.149248,0.223392,0.058368,0.869376,0.843776,0.026532,6131954,6131954,1663433,27.1273,1920,1080,raygs,triangles,1,off,0.1,on,-4
1781756704900390973,8230.92,473.639,2.11131,2.0161,1.99462,0.134336,0.226304,0.058112,0.73216,0.843712,0.030881,6131954,6131954,1663433,27.1273,1920,1080,raygs,triangles,1,off,0.1,on,-4
1781756704902455250,8232.99,473.81,2.11055,2.02259,1.99744,0.133664,0.2264,0.059392,0.734208,0.843776,0.027894,6131954,6131954,1663433,27.1273,1920,1080,raygs,triangles,1,off,0.1,on,-4
1781756704904480675,8235.01,474.117,2.10918,2.0208,1.99843,0.134336,0.224704,0.057344,0.73728,0.844768,0.025985,6131954,6131954,1663433,27.1273,1920,1080,raygs,triangles,1,off,0.1,on,-4
1781756704906532488,8237.06,474.288,2.10842,2.02656,2.00531,0.134592,0.226176,0.058368,0.7424,0.843776,0.025217,6131954,6131954,1663433,27.1273,1920,1080,raygs,triangles,1,off,0.1,on,-4
1781756704908607097,8239.14,475.492,2.10308,2.02134,1.99818,0.13344,0.22528,0.057344,0.737312,0.8448,0.027927,6131954,6131954,1663433,27.1273,1920,1080,raygs,triangles,1,off,0.1,on,-4
1781756704910776362,8241.31,475.191,2.10441,2.14227,2.11984,0.133568,0.345536,0.057632,0.738304,0.8448,0.027802,6131954,6131954,1663433,27.1273,1920,1080,raygs,triangles,1,off,0.1,on,-4
1781756704913143091,8243.67,474.786,2.10621,2.19078,2.1369,0.13392,0.37056,0.058368,0.72944,0.844608,0.026925,6131954,6131954,1663433,27.1273,1920,1080,raygs,triangles,1,off,0.1,on,-4
1781756704915235663,8245.77,473.484,2.112,2.0255,2.00323,0.14736,0.222496,0.057344,0.731232,0.8448,0.038315,6131954,6131954,1663433,27.1273,1920,1080,raygs,triangles,1,off,0.1,on,-4
1781756704917217212,8247.75,473.248,2.11306,2.01802,1.99635,0.13424,0.224736,0.058368,0.734208,0.8448,0.01691,6131954,6131954,1663433,27.1273,1920,1080,raygs,triangles,1,off,0.1,on,-4
1781756704919252165,8249.78,474.19,2.10886,2.01162,1.98899,0.132928,0.22496,0.057344,0.730112,0.843648,0.025323,6131954,6131954,1663433,27.1273,1920,1080,raygs,triangles,1,off,0.1,on,-4
1781756704921353140,8251.88,474.496,2.1075,2.0192,1.99693,0.133888,0.225504,0.057536,0.735232,0.844768,0.036238,6131954,6131954,1663433,27.1273,1920,1080,raygs,triangles,1,off,0.1,on,-4
1781756704923421252,8253.95,474.245,2.10861,2.02074,1.99904,0.133888,0.225152,0.058336,0.73728,0.844384,0.043974,6131954,6131954,1663433,27.1273,1920,1080,raygs,triangles,1,off,0.1,on,-4
1781756704925517623,8256.05,475.491,2.10309,2.0193,1.99523,0.13344,0.22544,0.057344,0.735232,0.843776,0.017572,6131954,6131954,1663433,27.1273,1920,1080,raygs,triangles,1,off,0.1,on,-4
1781756704927550379,8258.08,475.306,2.10391,2.01946,1.99766,0.136928,0.223744,0.057344,0.735232,0.844416,0.026298,6131954,6131954,1663433,27.1273,1920,1080,raygs,triangles,1,off,0.1,on,-4
1781756704929856499,8260.39,475.317,2.10386,2.20093,2.17936,0.133824,0.22384,0.058368,0.919552,0.843776,0.042931,6131954,6131954,1663433,27.1273,1920,1080,raygs,triangles,1,off,0.1,on,-4
1781756704932079271,8262.61,474.316,2.1083,2.24045,2.21997,0.360768,0.228832,0.057504,0.728064,0.8448,0.015557,6131954,6131954,1663433,27.1273,1920,1080,raygs,triangles,1,off,0.1,on,-4
1781756704934128916,8264.66,473.58,2.11158,2.01427,1.99267,0.133536,0.224768,0.058368,0.7312,0.8448,0.025691,6131954,6131954,1663433,27.1273,1920,1080,raygs,triangles,1,off,0.1,on,-4
1781756704936184491,8266.72,473.545,2.11173,2.01552,1.99392,0.135392,0.226592,0.058368,0.729088,0.84448,0.038336,6131954,6131954,1663433,27.1273,1920,1080,raygs,triangles,1,off,0.1,on,-4
1781756704938173556,8268.7,474.006,2.10968,2.02029,1.99965,0.1336,0.22496,0.058368,0.738304,0.844416,0.020725,6131954,6131954,1663433,27.1273,1920,1080,raygs,triangles,1,off,0.1,on,-4
1781756704940219615,8270.75,474.292,2.10841,2.01827,1.99584,0.13344,0.225184,0.058208,0.735232,0.843776,0.028612,6131954,6131954,1663433,27.1273,1920,1080,raygs,triangles,1,off,0.1,on,-4
1781756704942378734,8272.91,475.434,2.10334,2.0169,1.99344,0.134176,0.225984,0.057344,0.73216,0.843776,0.025689,6131954,6131954,1663433,27.1273,1920,1080,raygs,triangles,1,off,0.1,on,-4
1781756704944415520,8274.95,475.109,2.10478,2.02419,2.00256,0.137312,0.225184,0.058368,0.738304,0.843392,0.025194,6131954,6131954,1663433,27.1273,1920,1080,raygs,triangles,1,off,0.1,on,-4
1781756704946771995,8277.3,475.099,2.10483,2.33581,2.31677,0.326048,0.222272,0.058368,0.86528,0.8448,0.024718,6131954,6131954,1663433,27.1273,1920,1080,raygs,triangles,1,off,0.1,on,-4
1781756704948814760,8279.35,473.899,2.11015,2.01466,1.99094,0.13392,0.225952,0.057344,0.730112,0.843616,0.025255,6131954,6131954,1663433,27.1273,1920,1080,raygs,triangles,1,off,0.1,on,-4
1781756704950854527,8281.39,473.932,2.11001,2.01421,1.99274,0.133984,0.226496,0.057344,0.731136,0.843776,0.025996,6131954,6131954,1663433,27.1273,1920,1080,raygs,triangles,1,off,0.1,on,-4
1781756704952892257,8283.42,474.792,2.10619,2.01344,1.98957,0.132736,0.226624,0.057344,0.729088,0.843776,0.028954,6131954,6131954,1663433,27.1273,1920,1080,raygs,triangles,1,off,0.1,on,-4
1781756704954937887,8285.47,475.337,2.10377,2.0208,1.99747,0.133952,0.224864,0.057472,0.735456,0.845728,0.023895,6131954,6131954,1663433,27.1273,1920,1080,raygs,triangles,1,off,0.1,on,-4
1781756704956974539,8287.51,475.755,2.10192,2.0207,1.9991,0.133504,0.2264,0.058144,0.73728,0.843776,0.02374,6131954,6131954,1663433,27.1273,1920,1080,raygs,triangles,1,off,0.1,on,-4
1781756704959142186,8289.67,476.294,2.09954,2.01862,1.99645,0.132768,0.224896,0.058624,0.73536,0.8448,0.028893,6131954,6131954,1663433,27.1273,1920,1080,raygs,triangles,1,off,0.1,on,-4
1781756704961196147,8291.73,475.825,2.10161,2.02131,1.9991,0.137536,0.224192,0.058368,0.735232,0.843776,0.027371,6131954,6131954,1663433,27.1273,1920,1080,raygs,triangles,1,off,0.1,on,-4
1781756704963759400,8294.29,475.84,2.10154,2.34387,2.32371,0.33104,0.2232,0.058368,0.868352,0.842752,0.051693,6131954,6131954,1663433,27.1273,1920,1080,raygs,triangles,1,off,0.1,on,-4
1781756704965746377,8296.28,473.453,2.11214,2.0169,1.99466,0.134144,0.22512,0.058368,0.732224,0.8448,0.035612,6131954,6131954,1663433,27.1273,1920,1080,raygs,triangles,1,off,0.1,on,-4
1781756704967790252,8298.32,473.655,2.11124,2.01616,1.99485,0.134656,0.226912,0.058368,0.731136,0.843776,0.035873,6131954,6131954,1663433,27.1273,1920,1080,raygs,triangles,1,off,0.1,on,-4
1781756704969820810,8300.35,473.626,2.11137,2.01379,1.99034,0.13408,0.225184,0.057344,0.730112,0.843616,0.036555,6131954,6131954,1663433,27.1273,1920,1080,raygs,triangles,1,off,0.1,on,-4
1781756704971860302,8302.39,474.163,2.10898,2.0184,1.99754,0.133568,0.225568,0.058368,0.736256,0.843776,0.034905,6131954,6131954,1663433,27.1273,1920,1080,raygs,triangles,1,off,0.1,on,-4
1781756704973904017,8304.43,474.706,2.10657,2.0201,1.99645,0.133248,0.225568,0.0576,0.735232,0.8448,0.034259,6131954,6131954,1663433,27.1273,1920,1080,raygs,triangles,1,off,0.1,on,-4
1781756704976077945,8306.61,475.228,2.10425,2.01939,1.99747,0.133536,0.225536,0.059392,0.735232,0.843776,0.035154,6131954,6131954,1663433,27.1273,1920,1080,raygs,triangles,1,off,0.1,on,-4
1781756704978031375,8308.56,474.957,2.10545,2.02557,2.00285,0.13664,0.224704,0.058368,0.738752,0.844384,0.025347,6131954,6131954,1663433,27.1273,1920,1080,raygs,triangles,1,off,0.1,on,-4
1781756704980380067,8310.91,475.446,2.10329,2.33437,2.31488,0.326656,0.221248,0.058272,0.86528,0.843424,0.02371,6131954,6131954,1663433,27.1273,1920,1080,raygs,triangles,1,off,0.1,on,-4
1781756704982435891,8312.97,474.243,2.10863,2.0168,1.99347,0.134048,0.226144,0.058368,0.731136,0.843776,0.028412,6131954,6131954,1663433,27.1273,1920,1080,raygs,triangles,1,off,0.1,on,-4
1781756704984480171,8315.01,474.194,2.10884,2.01526,1.9919,0.134176,0.225472,0.057344,0.731136,0.843776,0.028569,6131954,6131954,1663433,27.1273,1920,1080,raygs,triangles,1,off,0.1,on,-4
1781756704986567434,8317.1,474.821,2.10606,2.01635,1.9943,0.133792,0.225888,0.057664,0.733184,0.843776,0.047078,6131954,6131954,1663433,27.1273,1920,1080,raygs,triangles,1,off,0.1,on,-4
1781756704988554284,8319.08,474.857,2.1059,2.0215,1.99987,0.134944,0.22688,0.057344,0.736256,0.844448,0.017743,6131954,6131954,1663433,27.1273,1920,1080,raygs,triangles,1,off,0.1,on,-4
1781756704990607033,8321.14,476.137,2.10023,2.01942,1.99738,0.1336,0.225376,0.058368,0.735232,0.8448,0.031501,6131954,6131954,1663433,27.1273,1920,1080,raygs,triangles,1,off,0.1,on,-4
1781756704992769201,8323.3,476.376,2.09918,2.0151,1.99309,0.133344,0.223744,0.057344,0.735232,0.843424,0.029862,6131954,6131954,1663433,27.1273,1920,1080,raygs,triangles,1,off,0.1,on,-4
1781756704994870278,8325.4,476.125,2.10029,2.02602,2.00275,0.137088,0.225504,0.058368,0.73728,0.844512,0.043283,6131954,6131954,1663433,27.1273,1920,1080,raygs,triangles,1,off,0.1,on,-4
1781756704997165105,8327.7,476.002,2.10083,2.3321,2.31174,0.319424,0.223328,0.05776,0.867808,0.843424,0.017686,6131954,6131954,1663433,27.1273,1920,1080,raygs,triangles,1,off,0.1,on,-4
1781756704999231348,8329.76,474.924,2.1056,2.01398,1.99194,0.134272,0.225408,0.058368,0.730112,0.843776,0.033902,6131954,6131954,1663433,27.1273,1920,1080,raygs,triangles,1,off,0.1,on,-4
1781756705001239500,8331.77,474.788,2.1062,2.01274,1.98944,0.13408,0.225152,0.057344,0.729088,0.843776,0.027348,6131954,6131954,1663433,27.1273,1920,1080,raygs,triangles,1,off,0.1,on,-4
1781756705003494102,8334.02,474.908,2.10567,2.14627,2.12298,0.133504,0.35312,0.058368,0.734208,0.843776,0.037188,6131954,6131954,1663433,27.1273,1920,1080,raygs,triangles,1,off,0.1,on,-4
1781756705005462195,8335.99,474.543,2.10729,2.02195,1.99894,0.133024,0.224448,0.058368,0.739328,0.843776,0.016622,6131954,6131954,1663433,27.1273,1920,1080,raygs,triangles,1,off,0.1,on,-4
1781756705007506732,8338.04,475.587,2.10267,2.0185,1.9983,0.133696,0.226208,0.058368,0.736256,0.843776,0.025418,6131954,6131954,1663433,27.1273,1920,1080,raygs,triangles,1,off,0.1,on,-4
1781756705009866375,8340.4,476.139,2.10023,2.13613,2.1136,0.134016,0.224544,0.175008,0.735232,0.8448,0.066978,6131954,6131954,1663433,27.1273,1920,1080,raygs,triangles,1,off,0.1,on,-4
1781756705011860500,8342.39,475.173,2.1045,2.02042,1.99699,0.13664,0.224192,0.057344,0.734208,0.844608,0.036725,6131954,6131954,1663433,27.1273,1920,1080,raygs,triangles,1,off,0.1,on,-4
1781756705014186782,8344.72,475.178,2.10448,2.33766,2.31882,0.332,0.222624,0.058368,0.862208,0.843616,0.0204,6131954,6131954,1663433,27.1273,1920,1080,raygs,triangles,1,off,0.1,on,-4
1781756705016230499,8346.76,474.089,2.10931,2.01478,1.992,0.13408,0.225856,0.057344,0.730112,0.844608,0.027522,6131954,6131954,1663433,27.1273,1920,1080,raygs,triangles,1,off,0.1,on,-4
1781756705018283390,8348.81,474.071,2.10939,2.01299,1.99069,0.134592,0.224864,0.057344,0.730112,0.843776,0.027733,6131954,6131954,1663433,27.1273,1920,1080,raygs,triangles,1,off,0.1,on,-4
1781756705020316699,8350.85,474.102,2.10925,2.02368,2.00003,0.13376,0.225696,0.057472,0.739328,0.843776,0.026733,6131954,6131954,1663433,27.1273,1920,1080,raygs,triangles,1,off,0.1,on,-4
1781756705022365313,8352.9,474.577,2.10714,2.01907,1.99581,0.13424,0.224192,0.057344,0.736256,0.843776,0.026723,6131954,6131954,1663433,27.1273,1920,1080,raygs,triangles,1,off,0.1,on,-4
1781756705024412337,8354.94,475.432,2.10335,2.02006,1.9984,0.133216,0.22576,0.058368,0.73728,0.843776,0.028452,6131954,6131954,1663433,27.1273,1920,1080,raygs,triangles,1,off,0.1,on,-4
1781756705026731230,8357.26,475.891,2.10132,2.13549,2.11235,0.133952,0.225312,0.175392,0.733184,0.844512,0.050837,6131954,6131954,1663433,27.1273,1920,1080,raygs,triangles,1,off,0.1,on,-4
1781756705028891431,8359.42,474.813,2.10609,2.01709,1.99507,0.133536,0.22416,0.058368,0.735232,0.843776,0.037799,6131954,6131954,1663433,27.1273,1920,1080,raygs,triangles,1,off,0.1,on,-4
1781756705031135330,8361.67,474.55,2.10726,2.21594,2.19354,0.138592,0.224032,0.058368,0.927744,0.8448,0.038482,6131954,6131954,1663433,27.1273,1920,1080,raygs,triangles,1,off,0.1,on,-4
1781756705033179525,8363.71,473.614,2.11143,2.01616,1.99347,0.134048,0.225376,0.057344,0.733184,0.84352,0.036614,6131954,6131954,1663433,27.1273,1920,1080,raygs,triangles,1,off,0.1,on,-4
1781756705035244966,8365.78,473.64,2.11131,2.04317,2.01994,0.134816,0.225216,0.057344,0.758784,0.843776,0.036668,6131954,6131954,1663433,27.1273,1920,1080,raygs,triangles,1,off,0.1,on,-4
1781756705037304649,8367.84,473.816,2.11052,2.01584,1.99446,0.13408,0.223008,0.058368,0.735232,0.843776,0.031337,6131954,6131954,1663433,27.1273,1920,1080,raygs,triangles,1,off,0.1,on,-4
1781756705039226392,8369.76,474.256,2.10857,2.02458,2.00038,0.1336,0.226528,0.057344,0.739328,0.843584,0.01915,6131954,6131954,1663433,27.1273,1920,1080,raygs,triangles,1,off,0.1,on,-4
1781756705041260221,8371.79,475.988,2.10089,2.01795,1.9943,0.13312,0.225824,0.057568,0.734208,0.843584,0.026856,6131954,6131954,1663433,27.1273,1920,1080,raygs,triangles,1,off,0.1,on,-4
1781756705043430012,8373.96,476.117,2.10032,2.13718,2.11587,0.13408,0.342368,0.058368,0.73728,0.843776,0.029344,6131954,6131954,1663433,27.1273,1920,1080,raygs,triangles,1,off,0.1,on,-4
1781756705045642459,8376.17,475.391,2.10353,2.01971,1.99645,0.133888,0.225344,0.057344,0.736256,0.843616,0.025933,6131954,6131954,1663433,27.1273,1920,1080,raygs,triangles,1,off,0.1,on,-4
1781756705047827887,8378.36,474.721,2.1065,2.16477,2.14234,0.148896,0.222912,0.058368,0.86736,0.8448,0.025995,6131954,6131954,1663433,27.1273,1920,1080,raygs,triangles,1,off,0.1,on,-4
1781756705049893985,8380.42,474.443,2.10774,2.01674,1.99322,0.133952,0.224736,0.057568,0.733184,0.843776,0.030846,6131954,6131954,1663433,27.1273,1920,1080,raygs,triangles,1,off,0.1,on,-4
1781756705051983561,8382.51,474.418,2.10784,2.04384,2.02237,0.134464,0.224896,0.058368,0.760288,0.844352,0.026646,6131954,6131954,1663433,27.1273,1920,1080,raygs,triangles,1,off,0.1,on,-4
1781756705054018047,8384.55,474.41,2.10788,2.01869,1.99552,0.135936,0.22528,0.057344,0.733184,0.843776,0.028026,6131954,6131954,1663433,27.1273,1920,1080,raygs,triangles,1,off,0.1,on,-4
1781756705056057581,8386.59,474.412,2.10787,2.02013,1.99773,0.134848,0.22448,0.058368,0.736256,0.843776,0.027492,6131954,6131954,1663433,27.1273,1920,1080,raygs,triangles,1,off,0.1,on,-4
1781756705058103095,8388.63,475.445,2.10329,2.0177,1.99606,0.134368,0.22656,0.058368,0.733184,0.843584,0.028136,6131954,6131954,1663433,27.1273,1920,1080,raygs,triangles,1,off,0.1,on,-4
1781756705060275006,8390.81,476.158,2.10014,2.13638,2.1128,0.134976,0.344736,0.057632,0.731136,0.84432,0.027921,6131954,6131954,1663433,27.1273,1920,1080,raygs,triangles,1,off,0.1,on,-4
1781756705062506810,8393.04,475.7,2.10217,2.02435,2.00211,0.134784,0.225696,0.058368,0.738464,0.8448,0.028947,6131954,6131954,1663433,27.1273,1920,1080,raygs,triangles,1,off,0.1,on,-4
1781756705064719468,8395.25,474.996,2.10528,2.19373,2.17085,0.138944,0.224416,0.057472,0.90624,0.843776,0.031289,6131954,6131954,1663433,27.1273,1920,1080,raygs,triangles,1,off,0.1,on,-4
1781756705066765063,8397.3,474.131,2.10912,2.01309,1.98915,0.134368,0.224576,0.057344,0.729088,0.843776,0.029947,6131954,6131954,1663433,27.1273,1920,1080,raygs,triangles,1,off,0.1,on,-4
1781756705068847289,8399.38,474.115,2.10919,2.03482,2.01386,0.127456,0.223584,0.060416,0.75776,0.84464,0.042898,6131954,6131954,1663433,27.1273,1920,1080,raygs,triangles,1,off,0.1,on,-4
1781756705071184542,8401.72,474.384,2.108,2.1448,2.12678,0.265088,0.223712,0.058368,0.735232,0.844384,0.045091,6131954,6131954,1663433,27.1273,1920,1080,raygs,triangles,1,off,0.1,on,-4
1781756705073178799,8403.71,473.149,2.1135,2.01856,1.9959,0.135072,0.224768,0.057344,0.733184,0.845536,0.039357,6131954,6131954,1663433,27.1273,1920,1080,raygs,triangles,1,off,0.1,on,-4
1781756705075140930,8405.67,474.528,2.10736,2.01882,1.9968,0.134016,0.226432,0.058368,0.734208,0.843776,0.050918,6131954,6131954,1663433,27.1273,1920,1080,raygs,triangles,1,off,0.1,on,-4
1781756705077261914,8407.79,474.888,2.10576,2.1367,2.11338,0.135072,0.344,0.057344,0.73216,0.8448,0.022858,6131954,6131954,1663433,27.1273,1920,1080,raygs,triangles,1,off,0.1,on,-4
1781756705079452068,8409.98,474.559,2.10722,2.01539,1.99402,0.134112,0.223552,0.058368,0.733184,0.8448,0.028304,6131954,6131954,1663433,27.1273,1920,1080,raygs,triangles,1,off,0.1,on,-4
1781756705081712135,8412.24,473.975,2.10982,2.21341,2.19018,0.14016,0.224224,0.057344,0.924672,0.843776,0.031859,6131954,6131954,1663433,27.1273,1920,1080,raygs,triangles,1,off,0.1,on,-4
1781756705083781517,8414.31,473.215,2.11321,2.00973,1.98838,0.135328,0.22592,0.058368,0.724992,0.843776,0.028943,6131954,6131954,1663433,27.1273,1920,1080,raygs,triangles,1,off,0.1,on,-4
1781756705085817520,8416.35,473.128,2.11359,2.0392,2.01677,0.12672,0.224,0.060416,0.760832,0.8448,0.028952,6131954,6131954,1663433,27.1273,1920,1080,raygs,triangles,1,off,0.1,on,-4
1781756705087862044,8418.39,473.564,2.11165,2.01827,1.9967,0.134784,0.225568,0.058368,0.734208,0.843776,0.031079,6131954,6131954,1663433,27.1273,1920,1080,raygs,triangles,1,off,0.1,on,-4
1781756705089908197,8420.44,473.58,2.11157,2.02253,2.00118,0.135264,0.227648,0.058368,0.736256,0.843648,0.030077,6131954,6131954,1663433,27.1273,1920,1080,raygs,triangles,1,off,0.1,on,-4
1781756705091947509,8422.48,475.695,2.10219,2.0184,1.99645,0.134528,0.225792,0.058272,0.733184,0.844672,0.029095,6131954,6131954,1663433,27.1273,1920,1080,raygs,triangles,1,off,0.1,on,-4
1781756705094124991,8424.66,475.445,2.10329,2.13741,2.11565,0.134816,0.343552,0.058368,0.734208,0.844704,0.033509,6131954,6131954,1663433,27.1273,1920,1080,raygs,triangles,1,off,0.1,on,-4
1781756705096322114,8426.85,474.977,2.10536,2.0137,1.99238,0.135264,0.224864,0.058368,0.730112,0.843776,0.029006,6131954,6131954,1663433,27.1273,1920,1080,raygs,triangles,1,off,0.1,on,-4
1781756705098572427,8429.1,474.295,2.10839,2.20877,2.18653,0.139072,0.224576,0.058368,0.919744,0.844768,0.032295,6131954,6131954,1663433,27.1273,1920,1080,raygs,triangles,1,off,0.1,on,-4
1781756705100604293,8431.13,473.511,2.11188,2.01456,1.99251,0.135296,0.225696,0.057632,0.729088,0.8448,0.029644,6131954,6131954,1663433,27.1273,1920,1080,raygs,triangles,1,off,0.1,on,-4
1781756705102649857,8433.18,473.632,2.11134,2.01382,1.9912,0.128,0.2248,0.063488,0.730112,0.8448,0.029364,6131954,6131954,1663433,27.1273,1920,1080,raygs,triangles,1,off,0.1,on,-4
1781756705104696313,8435.23,474.065,2.10942,2.01894,1.99501,0.134112,0.225568,0.057344,0.733184,0.8448,0.029742,6131954,6131954,1663433,27.1273,1920,1080,raygs,triangles,1,off,0.1,on,-4
1781756705106732488,8437.26,473.645,2.11128,2.01827,1.996,0.135552,0.224256,0.058208,0.734208,0.843776,0.027629,6131954,6131954,1663433,27.1273,1920,1080,raygs,triangles,1,off,0.1,on,-4
1781756705108784416,8439.32,474.821,2.10606,2.01792,1.99661,0.13488,0.224416,0.058272,0.734496,0.844544,0.028152,6131954,6131954,1663433,27.1273,1920,1080,raygs,triangles,1,off,0.1,on,-4
1781756705110942150,8441.47,474.82,2.10606,2.14128,2.11882,0.134624,0.349888,0.058368,0.73216,0.843776,0.028695,6131954,6131954,1663433,27.1273,1920,1080,raygs,triangles,1,off,0.1,on,-4
1781756705113337148,8443.87,474.393,2.10796,2.23341,2.21142,0.13456,0.444608,0.058368,0.730112,0.843776,0.028444,6131954,6131954,1663433,27.1273,1920,1080,raygs,triangles,1,off,0.1,on,-4
1781756705115380309,8445.91,473.26,2.113,2.01587,1.99229,0.139232,0.223872,0.057344,0.729088,0.842752,0.031887,6131954,6131954,1663433,27.1273,1920,1080,raygs,triangles,1,off,0.1,on,-4
1781756705117415989,8447.95,473.024,2.11406,2.01405,1.99056,0.13536,0.224064,0.058176,0.729472,0.843488,0.02886,6131954,6131954,1663433,27.1273,1920,1080,raygs,triangles,1,off,0.1,on,-4
1781756705119506851,8450.04,473.145,2.11352,2.00701,1.98723,0.127296,0.221632,0.061344,0.73216,0.8448,0.061156,6131954,6131954,1663433,27.1273,1920,1080,raygs,triangles,1,off,0.1,on,-4
1781756705121541905,8452.07,473.415,2.11231,2.01962,1.9975,0.135232,0.225856,0.058368,0.73456,0.843488,0.044262,6131954,6131954,1663433,27.1273,1920,1080,raygs,triangles,1,off,0.1,on,-4
1781756705123612238,8454.14,473.654,2.11125,2.02019,1.99581,0.135616,0.224768,0.057536,0.733184,0.844704,0.064338,6131954,6131954,1663433,27.1273,1920,1080,raygs,triangles,1,off,0.1,on,-4
1781756705125879330,8456.41,473.978,2.1098,2.01802,1.99619,0.134208,0.224448,0.058368,0.734368,0.8448,0.041495,6131954,6131954,1663433,27.1273,1920,1080,raygs,triangles,1,off,0.1,on,-4
1781756705127903106,8458.43,473.627,2.11137,2.02106,1.99962,0.139328,0.22528,0.058368,0.73216,0.84448,0.039014,6131954,6131954,1663433,27.1273,1920,1080,raygs,triangles,1,off,0.1,on,-4
1781756705130151769,8460.68,473.591,2.11152,2.20986,2.1872,0.134496,0.224864,0.057344,0.924672,0.845824,0.041236,6131954,6131954,1663433,27.1273,1920,1080,raygs,triangles,1,off,0.1,on,-4
1781756705132363436,8462.89,473.592,2.11152,2.12883,2.10883,0.255264,0.224704,0.057344,0.728064,0.843456,0.054506,6131954,6131954,1663433,27.1273,1920,1080,raygs,triangles,1,off,0.1,on,-4
1781756705134407995,8464.94,472.533,2.11626,2.01434,1.99286,0.13504,0.225632,0.058368,0.730208,0.843616,0.027338,6131954,6131954,1663433,27.1273,1920,1080,raygs,triangles,1,off,0.1,on,-4
1781756705136307682,8466.84,472.711,2.11546,2.02778,2.00858,0.12656,0.220512,0.057344,0.758784,0.845376,0.045372,6131954,6131954,1663433,27.1273,1920,1080,raygs,triangles,1,off,0.1,on,-4
1781756705138449707,8468.98,474.544,2.10728,2.02016,1.9976,0.134304,0.225568,0.057696,0.736256,0.843776,0.041825,6131954,6131954,1663433,27.1273,1920,1080,raygs,triangles,1,off,0.1,on,-4
1781756705140409861,8470.94,473.914,2.11009,2.02128,1.9983,0.1344,0.225504,0.058368,0.736256,0.843776,0.032097,6131954,6131954,1663433,27.1273,1920,1080,raygs,triangles,1,off,0.1,on,-4
1781756705142584004,8473.11,475.395,2.10351,2.01869,1.99683,0.133888,0.224544,0.058368,0.735232,0.8448,0.030864,6131954,6131954,1663433,27.1273,1920,1080,raygs,triangles,1,off,0.1,on,-4
1781756705144616366,8475.15,474.914,2.10564,2.02557,2.00403,0.138688,0.225248,0.057344,0.738304,0.844448,0.031398,6131954,6131954,1663433,27.1273,1920,1080,raygs,triangles,1,off,0.1,on,-4
1781756705146847581,8477.38,474.976,2.10537,2.19312,2.17162,0.135584,0.224512,0.058368,0.909664,0.843488,0.029869,6131954,6131954,1663433,27.1273,1920,1080,raygs,triangles,1,off,0.1,on,-4
1781756705149026071,8479.56,474.236,2.10865,2.16083,2.14074,0.283328,0.228384,0.058272,0.72704,0.843712,0.031379,6131954,6131954,1663433,27.1273,1920,1080,raygs,triangles,1,off,0.1,on,-4
1781756705151003793,8481.53,473.7,2.11104,2.01712,1.99587,0.135392,0.225088,0.058368,0.73248,0.844544,0.019052,6131954,6131954,1663433,27.1273,1920,1080,raygs,triangles,1,off,0.1,on,-4
1781756705153042021,8483.57,474.005,2.10968,2.00893,1.98899,0.127168,0.223424,0.06144,0.733184,0.843776,0.028926,6131954,6131954,1663433,27.1273,1920,1080,raygs,triangles,1,off,0.1,on,-4
1781756705155093719,8485.62,475.144,2.10462,2.01875,1.99472,0.135936,0.225504,0.057344,0.73216,0.843776,0.030299,6131954,6131954,1663433,27.1273,1920,1080,raygs,triangles,1,off,0.1,on,-4
1781756705157162261,8487.69,475.531,2.10291,2.02016,1.99712,0.134336,0.225952,0.05808,0.734208,0.844544,0.032719,6131954,6131954,1663433,27.1273,1920,1080,raygs,triangles,1,off,0.1,on,-4
1781756705159342235,8489.87,476.149,2.10018,2.01971,1.99792,0.133856,0.22656,0.058368,0.734688,0.844448,0.032345,6131954,6131954,1663433,27.1273,1920,1080,raygs,triangles,1,off,0.1,on,-4
1781756705161431474,8491.96,475.664,2.10232,2.02704,2.00406,0.138112,0.22448,0.058368,0.739328,0.843776,0.058652,6131954,6131954,1663433,27.1273,1920,1080,raygs,triangles,1,off,0.1,on,-4
1781756705163752961,8494.28,475.552,2.10282,2.34899,2.32826,0.33824,0.222432,0.057344,0.865568,0.844672,0.020854,6131954,6131954,1663433,27.1273,1920,1080,raygs,triangles,1,off,0.1,on,-4
1781756705165816339,8496.35,474.513,2.10742,2.01411,1.9928,0.135328,0.22656,0.058048,0.728064,0.8448,0.037711,6131954,6131954,1663433,27.1273,1920,1080,raygs,triangles,1,off,0.1,on,-4
1781756705167843430,8498.37,473.953,2.10992,2.01523,1.99206,0.134496,0.225312,0.057344,0.731136,0.843776,0.029763,6131954,6131954,1663433,27.1273,1920,1080,raygs,triangles,1,off,0.1,on,-4
1781756705169901931,8500.43,473.992,2.10974,2.00771,1.98813,0.127008,0.223552,0.060736,0.73216,0.844672,0.04102,6131954,6131954,1663433,27.1273,1920,1080,raygs,triangles,1,off,0.1,on,-4
1781756705171925281,8502.46,474.402,2.10792,2.01594,1.99363,0.13472,0.224608,0.057344,0.733184,0.843776,0.022129,6131954,6131954,1663433,27.1273,1920,1080,raygs,triangles,1,off,0.1,on,-4
1781756705173959113,8504.49,475.089,2.10487,2.01965,1.99725,0.134784,0.226272,0.057344,0.733184,0.845664,0.028127,6131954,6131954,1663433,27.1273,1920,1080,raygs,triangles,1,off,0.1,on,-4
1781756705176188379,8506.72,475.671,2.10229,2.01978,1.99574,0.134912,0.224928,0.05792,0.733184,0.8448,0.04362,6131954,6131954,1663433,27.1273,1920,1080,raygs,triangles,1,off,0.1,on,-4
1781756705178249608,8508.78,475.05,2.10504,2.02317,2.00093,0.138368,0.22416,0.058368,0.73728,0.842752,0.040129,6131954,6131954,1663433,27.1273,1920,1080,raygs,triangles,1,off,0.1,on,-4
1781756705180615079,8511.15,475.156,2.10457,2.37446,2.35574,0.306336,0.222592,0.058368,0.922624,0.845824,0.030256,6131954,6131954,1663433,27.1273,1920,1080,raygs,triangles,1,off,0.1,on,-4
1781756705182748817,8513.28,473.94,2.10997,2.14624,2.12496,0.13536,0.225248,0.058368,0.861184,0.8448,0.024995,6131954,6131954,1663433,27.1273,1920,1080,raygs,triangles,1,off,0.1,on,-4
1781756705184799488,8515.33,473.575,2.1116,2.01309,1.99149,0.13552,0.22576,0.058368,0.728064,0.843776,0.030267,6131954,6131954,1663433,27.1273,1920,1080,raygs,triangles,1,off,0.1,on,-4
1781756705186824670,8517.36,473.567,2.11163,2.00915,1.9888,0.126368,0.223008,0.06144,0.734208,0.843776,0.029652,6131954,6131954,1663433,27.1273,1920,1080,raygs,triangles,1,off,0.1,on,-4
1781756705188859987,8519.39,474.123,2.10916,2.01776,1.99533,0.1344,0.226624,0.057344,0.733184,0.843776,0.029835,6131954,6131954,1663433,27.1273,1920,1080,raygs,triangles,1,off,0.1,on,-4
1781756705190903646,8521.43,474.865,2.10586,2.01987,1.99907,0.136064,0.226656,0.058368,0.734208,0.843776,0.028408,6131954,6131954,1663433,27.1273,1920,1080,raygs,triangles,1,off,0.1,on,-4
1781756705193261761,8523.79,475.478,2.10315,2.13482,2.1128,0.135328,0.34336,0.058368,0.731136,0.844608,0.042658,6131954,6131954,1663433,27.1273,1920,1080,raygs,triangles,1,off,0.1,on,-4
1781756705195273494,8525.8,474.321,2.10828,2.02474,2.00154,0.138912,0.225248,0.057344,0.736256,0.843776,0.031197,6131954,6131954,1663433,27.1273,1920,1080,raygs,triangles,1,off,0.1,on,-4
1781756705197629557,8528.16,474.6,2.10704,2.34278,2.32378,0.332512,0.222816,0.058368,0.866304,0.843776,0.024312,6131954,6131954,1663433,27.1273,1920,1080,raygs,triangles,1,off,0.1,on,-4
1781756705199652983,8530.18,474.625,2.10693,2.01251,1.9897,0.134816,0.225536,0.057344,0.727424,0.844576,0.03281,6131954,6131954,1663433,27.1273,1920,1080,raygs,triangles,1,off,0.1,on,-4
1781756705201692275,8532.22,474.52,2.10739,2.01478,1.99203,0.134048,0.226752,0.057344,0.730112,0.843776,0.028553,6131954,6131954,1663433,27.1273,1920,1080,raygs,triangles,1,off,0.1,on,-4
1781756705203743164,8534.27,474.195,2.10884,2.01408,1.9921,0.127168,0.225216,0.060736,0.734208,0.844768,0.030693,6131954,6131954,1663433,27.1273,1920,1080,raygs,triangles,1,off,0.1,on,-4
1781756705205787819,8536.32,474.454,2.10769,2.01965,1.99824,0.134816,0.226144,0.058144,0.73456,0.844576,0.02983,6131954,6131954,1663433,27.1273,1920,1080,raygs,triangles,1,off,0.1,on,-4
1781756705207827420,8538.36,475.019,2.10518,2.01894,1.99584,0.134112,0.225536,0.058208,0.734208,0.843776,0.028323,6131954,6131954,1663433,27.1273,1920,1080,raygs,triangles,1,off,0.1,on,-4
1781756705210059045,8540.59,475.815,2.10166,2.01891,1.99754,0.135104,0.22816,0.057344,0.733184,0.843744,0.042461,6131954,6131954,1663433,27.1273,1920,1080,raygs,triangles,1,off,0.1,on,-4
1781756705212122656,8542.65,475.158,2.10456,2.02253,2.00048,0.137664,0.223776,0.058368,0.735232,0.84544,0.038503,6131954,6131954,1663433,27.1273,1920,1080,raygs,triangles,1,off,0.1,on,-4
1781756705214442060,8544.97,475.112,2.10477,2.34042,2.3216,0.329632,0.222848,0.058016,0.867328,0.843776,0.019684,6131954,6131954,1663433,27.1273,1920,1080,raygs,triangles,1,off,0.1,on,-4
1781756705216459478,8546.99,474.096,2.10928,2.01277,1.99008,0.135136,0.2256,0.058368,0.727328,0.843648,0.032544,6131954,6131954,1663433,27.1273,1920,1080,raygs,triangles,1,off,0.1,on,-4
1781756705218508330,8549.04,474.185,2.10888,2.02112,1.99814,0.134304,0.22608,0.057728,0.73728,0.842752,0.028689,6131954,6131954,1663433,27.1273,1920,1080,raygs,triangles,1,off,0.1,on,-4
1781756705220533124,8551.06,474.169,2.10895,2.00979,1.98934,0.125984,0.222944,0.062272,0.7344,0.843744,0.029261,6131954,6131954,1663433,27.1273,1920,1080,raygs,triangles,1,off,0.1,on,-4
1781756705222603350,8553.13,474.736,2.10643,2.01971,1.99661,0.135904,0.225088,0.057536,0.734304,0.843776,0.031198,6131954,6131954,1663433,27.1273,1920,1080,raygs,triangles,1,off,0.1,on,-4
1781756705224698529,8555.23,475.228,2.10425,2.01987,1.99654,0.135168,0.226048,0.057344,0.734208,0.843776,0.045306,6131954,6131954,1663433,27.1273,1920,1080,raygs,triangles,1,off,0.1,on,-4
1781756705226819468,8557.35,475.772,2.10185,2.13139,1.99238,0.1352,0.224928,0.058368,0.731136,0.842752,0.020607,6131954,6131954,1663433,27.1273,1920,1080,raygs,triangles,1,off,0.1,on,-4
1781756705229030881,8559.56,475.366,2.10364,2.0208,1.99846,0.13472,0.224352,0.058336,0.736256,0.8448,0.030703,6131954,6131954,1663433,27.1273,1920,1080,raygs,triangles,1,off,0.1,on,-4
1781756705231259942,8561.79,474.811,2.1061,2.21805,2.1945,0.139712,0.223712,0.057344,0.92912,0.844608,0.029597,6131954,6131954,1663433,27.1273,1920,1080,raygs,triangles,1,off,0.1,on,-4
1781756705233295899,8563.83,474.148,2.10905,2.01286,1.9911,0.1352,0.224672,0.058368,0.729088,0.843776,0.030633,6131954,6131954,1663433,27.1273,1920,1080,raygs,triangles,1,off,0.1,on,-4
1781756705235359381,8565.89,474.148,2.10905,2.04246,2.02019,0.135072,0.225216,0.058368,0.75776,0.843776,0.027313,6131954,6131954,1663433,27.1273,1920,1080,raygs,triangles,1,off,0.1,on,-4
1781756705237399607,8567.93,474.085,2.10933,2.01328,1.9928,0.127424,0.224928,0.060416,0.736256,0.843776,0.028601,6131954,6131954,1663433,27.1273,1920,1080,raygs,triangles,1,off,0.1,on,-4
1781756705239448576,8569.98,474.51,2.10743,2.02093,1.99965,0.136096,0.225152,0.058368,0.735232,0.8448,0.029046,6131954,6131954,1663433,27.1273,1920,1080,raygs,triangles,1,off,0.1,on,-4
1781756705241572627,8572.1,475.86,2.10146,2.02042,1.99968,0.135584,0.225536,0.058368,0.735488,0.844704,0.040085,6131954,6131954,1663433,27.1273,1920,1080,raygs,triangles,1,off,0.1,on,-4
1781756705243665176,8574.2,475.536,2.10289,2.13408,2.1121,0.13456,0.344128,0.057472,0.731136,0.8448,0.018948,6131954,6131954,1663433,27.1273,1920,1080,raygs,triangles,1,off,0.1,on,-4
1781756705245938869,8576.47,475.267,2.10408,2.01907,1.99498,0.134144,0.225632,0.057312,0.734208,0.84368,0.029124,6131954,6131954,1663433,27.1273,1920,1080,raygs,triangles,1,off,0.1,on,-4
1781756705248121007,8578.65,474.594,2.10707,2.16867,2.14624,0.151744,0.222976,0.058368,0.8704,0.842752,0.028272,6131954,6131954,1663433,27.1273,1920,1080,raygs,triangles,1,off,0.1,on,-4
1781756705250160742,8580.69,474.02,2.10962,2.0127,1.99053,0.13504,0.224448,0.058208,0.728064,0.844768,0.032674,6131954,6131954,1663433,27.1273,1920,1080,raygs,triangles,1,off,0.1,on,-4
1781756705252256788,8582.79,474.664,2.10675,2.04582,2.02211,0.135424,0.225728,0.058368,0.758944,0.843648,0.028891,6131954,6131954,1663433,27.1273,1920,1080,raygs,triangles,1,off,0.1,on,-4
1781756705254268109,8584.8,474.886,2.10577,2.0104,1.99091,0.127616,0.223872,0.060416,0.734208,0.8448,0.028633,6131954,6131954,1663433,27.1273,1920,1080,raygs,triangles,1,off,0.1,on,-4
1781756705256313609,8586.84,474.931,2.10557,2.02224,2.00106,0.135232,0.22576,0.058368,0.73728,0.844416,0.028617,6131954,6131954,1663433,27.1273,1920,1080,raygs,triangles,1,off,0.1,on,-4
1781756705258441305,8588.97,475.726,2.10205,2.02026,1.99661,0.135328,0.225568,0.057728,0.735232,0.842752,0.041133,6131954,6131954,1663433,27.1273,1920,1080,raygs,triangles,1,off,0.1,on,-4
1781756705260532290,8591.06,476.186,2.10002,2.13258,2.11053,0.135072,0.342304,0.058336,0.730112,0.844704,0.01904,6131954,6131954,1663433,27.1273,1920,1080,raygs,triangles,1,off,0.1,on,-4
1781756705262801765,8593.33,475.806,2.1017,2.01821,1.99616,0.1344,0.225408,0.058368,0.733184,0.8448,0.030822,6131954,6131954,1663433,27.1273,1920,1080,raygs,triangles,1,off,0.1,on,-4
1781756705264991331,8595.52,474.328,2.10824,2.16973,2.14621,0.15104,0.224832,0.057344,0.868352,0.84464,0.029233,6131954,6131954,1663433,27.1273,1920,1080,raygs,triangles,1,off,0.1,on,-4
1781756705267025529,8597.56,474.239,2.10864,2.01357,1.99053,0.135904,0.225248,0.057792,0.72704,0.844544,0.032685,6131954,6131954,1663433,27.1273,1920,1080,raygs,triangles,1,off,0.1,on,-4
1781756705269103019,8599.63,473.908,2.11012,2.04579,2.02333,0.135392,0.225184,0.058368,0.759808,0.844576,0.033058,6131954,6131954,1663433,27.1273,1920,1080,raygs,triangles,1,off,0.1,on,-4
1781756705271178432,8601.71,474.199,2.10882,2.01187,1.9912,0.128032,0.224704,0.06144,0.733344,0.84368,0.042935,6131954,6131954,1663433,27.1273,1920,1080,raygs,triangles,1,off,0.1,on,-4
1781756705273188611,8603.72,474.059,2.10944,2.01728,1.996,0.13552,0.22624,0.058368,0.731296,0.844576,0.021228,6131954,6131954,1663433,27.1273,1920,1080,raygs,triangles,1,off,0.1,on,-4
1781756705275305145,8605.84,474.822,2.10605,2.01824,1.99587,0.134912,0.224608,0.058368,0.733184,0.8448,0.042533,6131954,6131954,1663433,27.1273,1920,1080,raygs,triangles,1,off,0.1,on,-4
1781756705277472849,8608,475.094,2.10485,2.13651,2.11379,0.134976,0.343808,0.058176,0.73216,0.844672,0.033211,6131954,6131954,1663433,27.1273,1920,1080,raygs,triangles,1,off,0.1,on,-4
1781756705279720758,8610.25,474.413,2.10787,2.14285,2.11866,0.1352,0.354272,0.057344,0.729088,0.842752,0.018258,6131954,6131954,1663433,27.1273,1920,1080,raygs,triangles,1,off,0.1,on,-4
1781756705281961752,8612.49,473.628,2.11136,2.19222,2.16922,0.139456,0.224544,0.057344,0.903168,0.844704,0.029328,6131954,6131954,1663433,27.1273,1920,1080,raygs,triangles,1,off,0.1,on,-4
1781756705284038700,8614.57,472.834,2.11491,2.0113,1.99034,0.135392,0.22464,0.058368,0.727136,0.8448,0.041488,6131954,6131954,1663433,27.1273,1920,1080,raygs,triangles,1,off,0.1,on,-4
1781756705286038017,8616.57,472.92,2.11452,2.02474,2.00134,0.135808,0.226304,0.060416,0.735232,0.843584,0.019619,6131954,6131954,1663433,27.1273,1920,1080,raygs,triangles,1,off,0.1,on,-4
1781756705288086421,8618.62,473.601,2.11148,2.00973,1.9888,0.126944,0.223296,0.060416,0.73344,0.844704,0.029472,6131954,6131954,1663433,27.1273,1920,1080,raygs,triangles,1,off,0.1,on,-4
1781756705290133623,8620.66,473.678,2.11114,2.02032,1.99875,0.134816,0.224704,0.058176,0.73728,0.843776,0.031261,6131954,6131954,1663433,27.1273,1920,1080,raygs,triangles,1,off,0.1,on,-4
1781756705292182903,8622.71,474.719,2.10651,2.01667,1.99539,0.135072,0.224992,0.058368,0.733184,0.843776,0.028575,6131954,6131954,1663433,27.1273,1920,1080,raygs,triangles,1,off,0.1,on,-4
1781756705294336063,8624.87,474.748,2.10638,2.13802,2.1143,0.1344,0.3456,0.057344,0.733184,0.843776,0.027249,6131954,6131954,1663433,27.1273,1920,1080,raygs,triangles,1,off,0.1,on,-4
1781756705296562255,8627.09,474.353,2.10813,2.01373,1.992,0.134656,0.225088,0.058368,0.730112,0.843776,0.027131,6131954,6131954,1663433,27.1273,1920,1080,raygs,triangles,1,off,0.1,on,-4
1781756705298753661,8629.28,473.722,2.11094,2.16448,2.1416,0.150624,0.223552,0.058368,0.864256,0.8448,0.028124,6131954,6131954,1663433,27.1273,1920,1080,raygs,triangles,1,off,0.1,on,-4
1781756705300792927,8631.32,473.118,2.11364,2.0137,1.99005,0.134912,0.225152,0.057344,0.729088,0.843552,0.029791,6131954,6131954,1663433,27.1273,1920,1080,raygs,triangles,1,off,0.1,on,-4
1781756705302834255,8633.36,473.083,2.1138,2.0153,1.99184,0.135584,0.225824,0.057792,0.729088,0.843552,0.028184,6131954,6131954,1663433,27.1273,1920,1080,raygs,triangles,1,off,0.1,on,-4
1781756705304880617,8635.41,473.796,2.11061,2.00912,1.98874,0.127392,0.223968,0.060416,0.73216,0.8448,0.028692,6131954,6131954,1663433,27.1273,1920,1080,raygs,triangles,1,off,0.1,on,-4
1781756705306920527,8637.45,473.877,2.11025,2.0217,2.00106,0.134368,0.227584,0.058048,0.736256,0.8448,0.02822,6131954,6131954,1663433,27.1273,1920,1080,raygs,triangles,1,off,0.1,on,-4
1781756705308959148,8639.49,475.06,2.105,2.01802,1.99475,0.134208,0.22624,0.057344,0.733184,0.843776,0.026653,6131954,6131954,1663433,27.1273,1920,1080,raygs,triangles,1,off,0.1,on,-4
1781756705311125259,8641.66,475.412,2.10344,2.13888,2.11552,0.135424,0.343936,0.057344,0.734208,0.844608,0.026947,6131954,6131954,1663433,27.1273,1920,1080,raygs,triangles,1,off,0.1,on,-4
1781756705313520060,8644.05,474.98,2.10535,2.23712,2.21334,0.135232,0.44688,0.057344,0.729088,0.8448,0.026136,6131954,6131954,1663433,27.1273,1920,1080,raygs,triangles,1,off,0.1,on,-4
1781756705315566348,8646.1,473.593,2.11152,2.01965,1.99734,0.139936,0.224128,0.058368,0.729088,0.845824,0.026418,6131954,6131954,1663433,27.1273,1920,1080,raygs,triangles,1,off,0.1,on,-4
1781756705317605196,8648.14,473.552,2.1117,2.01504,1.99277,0.135328,0.225024,0.058368,0.730272,0.843776,0.029063,6131954,6131954,1663433,27.1273,1920,1080,raygs,triangles,1,off,0.1,on,-4
1781756705319660919,8650.19,473.592,2.11152,2.02045,1.99811,0.142784,0.22512,0.057344,0.729088,0.843776,0.026399,6131954,6131954,1663433,27.1273,1920,1080,raygs,triangles,1,off,0.1,on,-4
1781756705321684111,8652.21,474.714,2.10653,2.01098,1.99146,0.127168,0.22496,0.060416,0.734208,0.844704,0.026348,6131954,6131954,1663433,27.1273,1920,1080,raygs,triangles,1,off,0.1,on,-4
1781756705323750698,8654.28,474.672,2.10672,2.01757,1.99699,0.135808,0.225856,0.058368,0.733184,0.843776,0.029699,6131954,6131954,1663433,27.1273,1920,1080,raygs,triangles,1,off,0.1,on,-4
1781756705325913282,8656.44,475.732,2.10202,2.01914,1.99795,0.134752,0.226176,0.058368,0.734208,0.844448,0.027828,6131954,6131954,1663433,27.1273,1920,1080,raygs,triangles,1,off,0.1,on,-4
1781756705327950989,8658.48,475.209,2.10434,2.02125,1.99869,0.138464,0.224896,0.057344,0.734208,0.843776,0.027797,6131954,6131954,1663433,27.1273,1920,1080,raygs,triangles,1,off,0.1,on,-4
1781756705330285977,8660.82,475.224,2.10427,2.26285,2.23939,0.13536,0.224992,0.057344,0.975872,0.845824,0.039436,6131954,6131954,1663433,27.1273,1920,1080,raygs,triangles,1,off,0.1,on,-4
1781756705332430305,8662.96,474.133,2.10911,2.13299,2.112,0.255616,0.224128,0.058368,0.730112,0.843776,0.01972,6131954,6131954,1663433,27.1273,1920,1080,raygs,triangles,1,off,0.1,on,-4
1781756705334472282,8665,473.699,2.11105,2.01626,1.99363,0.135552,0.2248,0.058368,0.731136,0.843776,0.032046,6131954,6131954,1663433,27.1273,1920,1080,raygs,triangles,1,off,0.1,on,-4
1781756705336545638,8667.08,473.669,2.11118,2.01878,1.99498,0.135008,0.226688,0.057344,0.73216,0.843776,0.029647,6131954,6131954,1663433,27.1273,1920,1080,raygs,triangles,1,off,0.1,on,-4
1781756705338543391,8669.07,474.364,2.10809,2.01213,1.99338,0.127776,0.225312,0.06128,0.735232,0.843776,0.028379,6131954,6131954,1663433,27.1273,1920,1080,raygs,triangles,1,off,0.1,on,-4
1781756705340610896,8671.14,474.566,2.10719,2.01843,1.99792,0.134784,0.224992,0.058112,0.735232,0.8448,0.033071,6131954,6131954,1663433,27.1273,1920,1080,raygs,triangles,1,off,0.1,on,-4
1781756705342805209,8673.34,475.496,2.10307,2.01706,1.99459,0.134272,0.22752,0.058144,0.731136,0.84352,0.042454,6131954,6131954,1663433,27.1273,1920,1080,raygs,triangles,1,off,0.1,on,-4
1781756705344835407,8675.37,474.861,2.10588,2.02429,2.00112,0.138656,0.224768,0.0576,0.73632,0.843776,0.030135,6131954,6131954,1663433,27.1273,1920,1080,raygs,triangles,1,off,0.1,on,-4
1781756705347169467,8677.7,474.884,2.10578,2.33437,2.3145,0.322592,0.221408,0.058368,0.868352,0.843776,0.021721,6131954,6131954,1663433,27.1273,1920,1080,raygs,triangles,1,off,0.1,on,-4
1781756705349267412,8679.8,473.689,2.11109,2.01418,1.992,0.135488,0.225344,0.058304,0.729088,0.843776,0.042289,6131954,6131954,1663433,27.1273,1920,1080,raygs,triangles,1,off,0.1,on,-4
1781756705351472082,8682,473.675,2.11115,2.01245,1.99139,0.134752,0.224256,0.058368,0.729408,0.844608,0.037293,6131954,6131954,1663433,27.1273,1920,1080,raygs,triangles,1,off,0.1,on,-4
1781756705353411598,8683.94,473.297,2.11284,2.01347,1.98938,0.137888,0.223328,0.057344,0.72704,0.843776,0.018722,6131954,6131954,1663433,27.1273,1920,1080,raygs,triangles,1,off,0.1,on,-4
1781756705355458790,8685.99,473.999,2.10971,2.02358,2.00371,0.12752,0.223456,0.06144,0.74752,0.843776,0.029469,6131954,6131954,1663433,27.1273,1920,1080,raygs,triangles,1,off,0.1,on,-4
1781756705357503728,8688.03,474.605,2.10701,2.01606,1.99315,0.134304,0.223872,0.057344,0.733184,0.844448,0.029922,6131954,6131954,1663433,27.1273,1920,1080,raygs,triangles,1,off,0.1,on,-4
1781756705359724523,8690.26,475.185,2.10444,2.01507,1.99277,0.135392,0.225088,0.057344,0.731168,0.843776,0.047201,6131954,6131954,1663433,27.1273,1920,1080,raygs,triangles,1,off,0.1,on,-4
1781756705361745966,8692.28,474.539,2.10731,2.02224,2.00083,0.138464,0.224992,0.058368,0.735232,0.843776,0.026639,6131954,6131954,1663433,27.1273,1920,1080,raygs,triangles,1,off,0.1,on,-4
1781756705364096623,8694.63,474.665,2.10675,2.35123,2.33226,0.338848,0.222912,0.058368,0.868352,0.843776,0.020814,6131954,6131954,1663433,27.1273,1920,1080,raygs,triangles,1,off,0.1,on,-4
1781756705366137967,8696.67,473.489,2.11198,2.01488,1.99171,0.1352,0.226176,0.057472,0.728064,0.8448,0.027133,6131954,6131954,1663433,27.1273,1920,1080,raygs,triangles,1,off,0.1,on,-4
1781756705368171473,8698.7,473.596,2.1115,2.01517,1.99277,0.135168,0.227392,0.057344,0.728064,0.8448,0.030012,6131954,6131954,1663433,27.1273,1920,1080,raygs,triangles,1,off,0.1,on,-4
1781756705370230371,8700.76,473.962,2.10987,2.01837,1.9952,0.135616,0.226208,0.05744,0.731136,0.8448,0.032839,6131954,6131954,1663433,27.1273,1920,1080,raygs,triangles,1,off,0.1,on,-4
1781756705372256366,8702.79,474.083,2.10933,2.01184,1.99088,0.12704,0.223392,0.06144,0.735232,0.843776,0.028722,6131954,6131954,1663433,27.1273,1920,1080,raygs,triangles,1,off,0.1,on,-4
1781756705374304449,8704.84,475.007,2.10523,2.01904,1.99642,0.136256,0.226112,0.057344,0.733184,0.84352,0.029163,6131954,6131954,1663433,27.1273,1920,1080,raygs,triangles,1,off,0.1,on,-4
1781756705376470695,8707,475.531,2.10291,2.01981,1.99574,0.136032,0.225408,0.057344,0.73216,0.8448,0.027547,6131954,6131954,1663433,27.1273,1920,1080,raygs,triangles,1,off,0.1,on,-4
1781756705378527412,8709.06,475.006,2.10523,2.02419,2.00227,0.139392,0.224608,0.057632,0.735232,0.845408,0.028859,6131954,6131954,1663433,27.1273,1920,1080,raygs,triangles,1,off,0.1,on,-4
1781756705380941891,8711.47,475.132,2.10468,2.36518,2.34448,0.350336,0.222624,0.057344,0.8704,0.843776,0.038463,6131954,6131954,1663433,27.1273,1920,1080,raygs,triangles,1,off,0.1,on,-4
1781756705382954091,8713.48,473.606,2.11146,2.01824,1.99658,0.135456,0.226048,0.058368,0.731136,0.845568,0.025907,6131954,6131954,1663433,27.1273,1920,1080,raygs,triangles,1,off,0.1,on,-4
1781756705385020566,8715.55,473.787,2.11065,2.01504,1.99206,0.136544,0.224576,0.05808,0.729088,0.843776,0.030099,6131954,6131954,1663433,27.1273,1920,1080,raygs,triangles,1,off,0.1,on,-4
1781756705387048240,8717.58,473.95,2.10993,2.01718,1.99427,0.135008,0.225408,0.057344,0.733184,0.843328,0.026039,6131954,6131954,1663433,27.1273,1920,1080,raygs,triangles,1,off,0.1,on,-4
1781756705389075278,8719.61,474.268,2.10851,2.01261,1.99286,0.126784,0.224032,0.06144,0.736256,0.844352,0.026443,6131954,6131954,1663433,27.1273,1920,1080,raygs,triangles,1,off,0.1,on,-4
1781756705391182940,8721.71,475.188,2.10443,2.02269,2.00144,0.135808,0.225152,0.058368,0.737312,0.8448,0.037742,6131954,6131954,1663433,27.1273,1920,1080,raygs,triangles,1,off,0.1,on,-4
1781756705393313590,8723.84,475.475,2.10316,2.0192,1.99862,0.135008,0.226592,0.058368,0.735232,0.843424,0.03196,6131954,6131954,1663433,27.1273,1920,1080,raygs,triangles,1,off,0.1,on,-4
1781756705395358701,8725.89,475.028,2.10514,2.02186,1.99978,0.137952,0.224352,0.057344,0.735424,0.844704,0.028851,6131954,6131954,1663433,27.1273,1920,1080,raygs,triangles,1,off,0.1,on,-4
1781756705397734785,8728.27,475.236,2.10422,2.36061,2.34182,0.354944,0.222528,0.058368,0.862208,0.843776,0.027792,6131954,6131954,1663433,27.1273,1920,1080,raygs,triangles,1,off,0.1,on,-4
1781756705399780673,8730.31,474.149,2.10904,2.0191,1.99773,0.135456,0.22576,0.058368,0.734464,0.84368,0.027997,6131954,6131954,1663433,27.1273,1920,1080,raygs,triangles,1,off,0.1,on,-4
1781756705401846597,8732.38,474.058,2.10945,2.01398,1.99395,0.13632,0.225408,0.058368,0.729088,0.844768,0.033616,6131954,6131954,1663433,27.1273,1920,1080,raygs,triangles,1,off,0.1,on,-4
1781756705403889348,8734.42,474.103,2.10925,2.02,1.99619,0.134144,0.225696,0.057344,0.735232,0.843776,0.027821,6131954,6131954,1663433,27.1273,1920,1080,raygs,triangles,1,off,0.1,on,-4
1781756705405939884,8736.47,474.663,2.10676,2.00995,1.98934,0.127072,0.224896,0.060416,0.733184,0.843776,0.030738,6131954,6131954,1663433,27.1273,1920,1080,raygs,triangles,1,off,0.1,on,-4
1781756705407984322,8738.51,475.291,2.10397,2.02166,1.99968,0.134784,0.226048,0.057792,0.736256,0.8448,0.032289,6131954,6131954,1663433,27.1273,1920,1080,raygs,triangles,1,off,0.1,on,-4
1781756705410162549,8740.69,476.127,2.10028,2.02013,1.99706,0.135296,0.225056,0.057696,0.735232,0.843776,0.029866,6131954,6131954,1663433,27.1273,1920,1080,raygs,triangles,1,off,0.1,on,-4
1781756705412190857,8742.72,475.669,2.1023,2.02413,2.00074,0.138976,0.224384,0.058368,0.735232,0.843776,0.028264,6131954,6131954,1663433,27.1273,1920,1080,raygs,triangles,1,off,0.1,on,-4
1781756705414623528,8745.15,475.49,2.10309,2.32701,2.30714,0.318304,0.223328,0.057344,0.86336,0.8448,0.049012,6131954,6131954,1663433,27.1273,1920,1080,raygs,triangles,1,off,0.1,on,-4
1781756705416583876,8747.11,474.22,2.10873,2.01162,1.98909,0.135008,0.224896,0.057344,0.72704,0.8448,0.018964,6131954,6131954,1663433,27.1273,1920,1080,raygs,triangles,1,off,0.1,on,-4
1781756705418696704,8749.23,474.493,2.10751,2.0159,1.9944,0.135168,0.225888,0.058368,0.730176,0.8448,0.050801,6131954,6131954,1663433,27.1273,1920,1080,raygs,triangles,1,off,0.1,on,-4
1781756705420686524,8751.22,474.316,2.1083,2.02061,1.99837,0.134912,0.226016,0.058432,0.735232,0.843776,0.019854,6131954,6131954,1663433,27.1273,1920,1080,raygs,triangles,1,off,0.1,on,-4
1781756705422716904,8753.25,474.862,2.10587,2.01552,1.99357,0.126624,0.223232,0.060608,0.739328,0.843776,0.030091,6131954,6131954,1663433,27.1273,1920,1080,raygs,triangles,1,off,0.1,on,-4
1781756705424891994,8755.42,475.508,2.10302,2.01981,1.99805,0.134976,0.227872,0.058368,0.733184,0.843648,0.029419,6131954,6131954,1663433,27.1273,1920,1080,raygs,triangles,1,off,0.1,on,-4
1781756705427058126,8757.59,475.569,2.10274,2.14992,2.12742,0.138112,0.22496,0.058368,0.862208,0.843776,0.027184,6131954,6131954,1663433,27.1273,1920,1080,raygs,triangles,1,off,0.1,on,-4
1781756705429101350,8759.63,475.186,2.10444,2.0209,1.99878,0.13504,0.225344,0.058368,0.735232,0.8448,0.026347,6131954,6131954,1663433,27.1273,1920,1080,raygs,triangles,1,off,0.1,on,-4
1781756705431479907,8762.01,475.112,2.10476,2.35344,2.33245,0.339648,0.227424,0.058368,0.863232,0.843776,0.027106,6131954,6131954,1663433,27.1273,1920,1080,raygs,triangles,1,off,0.1,on,-4
1781756705433524399,8764.06,473.948,2.10994,2.01328,1.99229,0.135648,0.225248,0.058368,0.728224,0.8448,0.026986,6131954,6131954,1663433,27.1273,1920,1080,raygs,triangles,1,off,0.1,on,-4
1781756705435599641,8766.13,473.919,2.11007,2.0439,2.0223,0.13552,0.226208,0.058368,0.758784,0.843424,0.030005,6131954,6131954,1663433,27.1273,1920,1080,raygs,triangles,1,off,0.1,on,-4
1781756705437639908,8768.17,473.792,2.11063,2.0207,1.99962,0.13584,0.2264,0.058368,0.734208,0.8448,0.026129,6131954,6131954,1663433,27.1273,1920,1080,raygs,triangles,1,off,0.1,on,-4
1781756705439684107,8770.21,474.241,2.10863,2.01286,1.99296,0.128064,0.224448,0.060416,0.735232,0.8448,0.028147,6131954,6131954,1663433,27.1273,1920,1080,raygs,triangles,1,off,0.1,on,-4
1781756705441728447,8772.26,475.573,2.10273,2.0159,1.99331,0.1352,0.224672,0.057504,0.73216,0.843776,0.028656,6131954,6131954,1663433,27.1273,1920,1080,raygs,triangles,1,off,0.1,on,-4
1781756705443884887,8774.42,475.545,2.10285,2.13226,2.11021,0.135808,0.225312,0.175104,0.730432,0.843552,0.026589,6131954,6131954,1663433,27.1273,1920,1080,raygs,triangles,1,off,0.1,on,-4
1781756705446168909,8776.7,475.146,2.10462,2.01885,1.9969,0.135072,0.225344,0.057344,0.734432,0.844704,0.028611,6131954,6131954,1663433,27.1273,1920,1080,raygs,triangles,1,off,0.1,on,-4
1781756705448269337,8778.8,474.255,2.10857,2.02966,2.00694,0.149216,0.2224,0.058368,0.73216,0.8448,0.029755,6131954,6131954,1663433,27.1273,1920,1080,raygs,triangles,1,off,0.1,on,-4
1781756705450267921,8780.8,473.948,2.10994,2.01155,1.99069,0.134912,0.225632,0.058368,0.728064,0.843712,0.028196,6131954,6131954,1663433,27.1273,1920,1080,raygs,triangles,1,off,0.1,on,-4
1781756705452333632,8782.86,474.283,2.10845,2.0399,2.01731,0.134592,0.224832,0.057344,0.755744,0.8448,0.030259,6131954,6131954,1663433,27.1273,1920,1080,raygs,triangles,1,off,0.1,on,-4
1781756705454376886,8784.91,474.614,2.10697,2.01811,1.99709,0.136384,0.22528,0.058368,0.73248,0.844576,0.02761,6131954,6131954,1663433,27.1273,1920,1080,raygs,triangles,1,off,0.1,on,-4
1781756705456419335,8786.95,474.585,2.10711,2.01024,1.98893,0.127904,0.223648,0.060416,0.733184,0.843776,0.028622,6131954,6131954,1663433,27.1273,1920,1080,raygs,triangles,1,off,0.1,on,-4
1781756705458459380,8788.99,475.719,2.10208,2.01773,1.99517,0.134944,0.224896,0.058368,0.73216,0.8448,0.029138,6131954,6131954,1663433,27.1273,1920,1080,raygs,triangles,1,off,0.1,on,-4
1781756705460626643,8791.16,476.168,2.1001,2.14214,2.11859,0.136512,0.344704,0.057344,0.734208,0.845824,0.026822,6131954,6131954,1663433,27.1273,1920,1080,raygs,triangles,1,off,0.1,on,-4
1781756705462880739,8793.41,475.715,2.1021,2.0217,1.99843,0.13584,0.225216,0.057344,0.736256,0.843776,0.026454,6131954,6131954,1663433,27.1273,1920,1080,raygs,triangles,1,off,0.1,on,-4
1781756705465087722,8795.62,474.955,2.10546,2.16534,2.14301,0.152512,0.222048,0.058368,0.866304,0.843776,0.028709,6131954,6131954,1663433,27.1273,1920,1080,raygs,triangles,1,off,0.1,on,-4
1781756705467123275,8797.65,474.218,2.10873,2.01558,1.99213,0.134848,0.226048,0.058368,0.730112,0.842752,0.027,6131954,6131954,1663433,27.1273,1920,1080,raygs,triangles,1,off,0.1,on,-4
1781756705469193113,8799.72,474.343,2.10818,2.04509,2.02179,0.13568,0.225504,0.057344,0.758784,0.84448,0.029677,6131954,6131954,1663433,27.1273,1920,1080,raygs,triangles,1,off,0.1,on,-4
1781756705471246127,8801.78,474.739,2.10642,2.02138,1.99901,0.135552,0.224992,0.058368,0.736544,0.843552,0.02886,6131954,6131954,1663433,27.1273,1920,1080,raygs,triangles,1,off,0.1,on,-4
1781756705473283081,8803.81,474.72,2.10651,2.01434,1.99414,0.126464,0.22416,0.06144,0.738304,0.843776,0.029314,6131954,6131954,1663433,27.1273,1920,1080,raygs,triangles,1,off,0.1,on,-4
1781756705475349243,8805.88,475.878,2.10138,2.01872,1.9967,0.135936,0.225664,0.058368,0.73216,0.844576,0.029343,6131954,6131954,1663433,27.1273,1920,1080,raygs,triangles,1,off,0.1,on,-4
1781756705477508313,8808.04,475.814,2.10166,2.13498,2.11152,0.134528,0.343712,0.057344,0.733184,0.842752,0.027733,6131954,6131954,1663433,27.1273,1920,1080,raygs,triangles,1,off,0.1,on,-4
1781756705479736678,8810.27,475.994,2.10087,2.01843,1.99613,0.135072,0.225728,0.058368,0.73216,0.8448,0.026643,6131954,6131954,1663433,27.1273,1920,1080,raygs,triangles,1,off,0.1,on,-4
1781756705481922636,8812.45,474.971,2.10539,2.16342,2.14147,0.150624,0.223072,0.057696,0.866304,0.843776,0.026192,6131954,6131954,1663433,27.1273,1920,1080,raygs,triangles,1,off,0.1,on,-4
1781756705483968202,8814.5,474.356,2.10812,2.01594,1.99267,0.1352,0.225536,0.057344,0.730112,0.84448,0.027415,6131954,6131954,1663433,27.1273,1920,1080,raygs,triangles,1,off,0.1,on,-4
1781756705486074938,8816.61,474.443,2.10773,2.04966,2.02611,0.135136,0.224896,0.057344,0.76496,0.843776,0.035116,6131954,6131954,1663433,27.1273,1920,1080,raygs,triangles,1,off,0.1,on,-4
1781756705488097330,8818.63,474.84,2.10597,2.01709,1.99491,0.135328,0.225664,0.057344,0.73216,0.844416,0.027415,6131954,6131954,1663433,27.1273,1920,1080,raygs,triangles,1,off,0.1,on,-4
1781756705490127963,8820.66,474.953,2.10547,2.00998,1.99014,0.127232,0.223712,0.061216,0.735232,0.842752,0.028833,6131954,6131954,1663433,27.1273,1920,1080,raygs,triangles,1,off,0.1,on,-4
1781756705492251745,8822.78,476.107,2.10037,2.01584,1.99264,0.134112,0.224448,0.058368,0.73216,0.843552,0.031794,6131954,6131954,1663433,27.1273,1920,1080,raygs,triangles,1,off,0.1,on,-4
1781756705494350935,8824.88,475.751,2.10194,2.15085,2.12682,0.134944,0.357792,0.057344,0.73216,0.844576,0.028133,6131954,6131954,1663433,27.1273,1920,1080,raygs,triangles,1,off,0.1,on,-4
1781756705496608671,8827.14,475.431,2.10336,2.0167,1.99274,0.134944,0.225824,0.057344,0.729088,0.845536,0.030335,6131954,6131954,1663433,27.1273,1920,1080,raygs,triangles,1,off,0.1,on,-4
1781756705498766515,8829.3,474.697,2.10661,2.16061,2.13827,0.147328,0.222496,0.058368,0.866304,0.843776,0.027065,6131954,6131954,1663433,27.1273,1920,1080,raygs,triangles,1,off,0.1,on,-4
1781756705500787759,8831.32,474.174,2.10893,2.01222,1.99008,0.13488,0.225376,0.058368,0.728064,0.843392,0.026069,6131954,6131954,1663433,27.1273,1920,1080,raygs,triangles,1,off,0.1,on,-4
1781756705502850071,8833.38,474.369,2.10806,2.0272,2.0048,0.135232,0.225024,0.059392,0.740352,0.8448,0.031302,6131954,6131954,1663433,27.1273,1920,1080,raygs,triangles,1,off,0.1,on,-4
1781756705504898652,8835.43,474.793,2.10618,2.01805,1.99414,0.135488,0.225632,0.057344,0.731136,0.844544,0.027816,6131954,6131954,1663433,27.1273,1920,1080,raygs,triangles,1,off,0.1,on,-4
1781756705506922282,8837.45,474.853,2.10591,2.01296,1.99302,0.127136,0.224576,0.062304,0.735232,0.843776,0.026693,6131954,6131954,1663433,27.1273,1920,1080,raygs,triangles,1,off,0.1,on,-4
1781756705508976936,8839.51,476.336,2.09936,2.01872,1.99584,0.134944,0.225568,0.057344,0.734208,0.843776,0.027335,6131954,6131954,1663433,27.1273,1920,1080,raygs,triangles,1,off,0.1,on,-4
1781756705511162657,8841.69,476.096,2.10042,2.14534,2.1232,0.136608,0.350304,0.058368,0.733184,0.844736,0.027739,6131954,6131954,1663433,27.1273,1920,1080,raygs,triangles,1,off,0.1,on,-4
1781756705513411970,8843.94,475.682,2.10224,2.01706,1.99594,0.134528,0.227104,0.058368,0.730112,0.845824,0.026574,6131954,6131954,1663433,27.1273,1920,1080,raygs,triangles,1,off,0.1,on,-4
1781756705515592195,8846.12,474.823,2.10605,2.16333,2.14051,0.150528,0.222112,0.057728,0.866368,0.843776,0.026191,6131954,6131954,1663433,27.1273,1920,1080,raygs,triangles,1,off,0.1,on,-4
1781756705517647689,8848.18,474.227,2.10869,2.01331,1.9919,0.13568,0.224896,0.058368,0.7272,0.84576,0.028612,6131954,6131954,1663433,27.1273,1920,1080,raygs,triangles,1,off,0.1,on,-4
1781756705519760477,8850.29,474.364,2.10809,2.01386,1.99222,0.134144,0.2248,0.058368,0.731136,0.843776,0.047322,6131954,6131954,1663433,27.1273,1920,1080,raygs,triangles,1,off,0.1,on,-4
1781756705521729043,8852.26,474.575,2.10715,2.02298,2.00054,0.13424,0.23008,0.05824,0.733184,0.8448,0.017849,6131954,6131954,1663433,27.1273,1920,1080,raygs,triangles,1,off,0.1,on,-4
1781756705523777249,8854.31,474.832,2.10601,2.01517,1.99536,0.127264,0.224256,0.060736,0.738304,0.8448,0.02988,6131954,6131954,1663433,27.1273,1920,1080,raygs,triangles,1,off,0.1,on,-4
1781756705525831028,8856.36,476.006,2.10082,2.02019,1.99846,0.135264,0.226048,0.058144,0.735232,0.843776,0.030664,6131954,6131954,1663433,27.1273,1920,1080,raygs,triangles,1,off,0.1,on,-4
1781756705528052253,8858.58,475.891,2.10132,2.14563,2.12346,0.135008,0.349888,0.058368,0.736512,0.84368,0.036856,6131954,6131954,1663433,27.1273,1920,1080,raygs,triangles,1,off,0.1,on,-4
1781756705530384389,8860.92,475.514,2.10299,2.23312,2.20877,0.134304,0.444704,0.057344,0.728064,0.844352,0.021792,6131954,6131954,1663433,27.1273,1920,1080,raygs,triangles,1,off,0.1,on,-4
1781756705532434489,8862.97,474.327,2.10825,2.02045,1.99795,0.140736,0.224544,0.057728,0.731456,0.843488,0.028349,6131954,6131954,1663433,27.1273,1920,1080,raygs,triangles,1,off,0.1,on,-4
1781756705534472661,8865,474.424,2.10782,2.01504,1.99386,0.135488,0.225536,0.058368,0.730112,0.844352,0.026387,6131954,6131954,1663433,27.1273,1920,1080,raygs,triangles,1,off,0.1,on,-4
1781756705536520447,8867.05,474.441,2.10774,2.01725,1.99488,0.139488,0.223136,0.057344,0.730112,0.8448,0.028867,6131954,6131954,1663433,27.1273,1920,1080,raygs,triangles,1,off,0.1,on,-4
1781756705538566654,8869.1,474.938,2.10554,2.01533,1.99184,0.134592,0.225632,0.057632,0.73056,0.843424,0.028489,6131954,6131954,1663433,27.1273,1920,1080,raygs,triangles,1,off,0.1,on,-4
1781756705540596249,8871.13,474.9,2.10571,2.0137,1.99203,0.126848,0.2256,0.060416,0.734496,0.844672,0.0278,6131954,6131954,1663433,27.1273,1920,1080,raygs,triangles,1,off,0.1,on,-4
1781756705542797827,8873.33,476.334,2.09937,2.02189,1.9984,0.136064,0.225888,0.057344,0.734368,0.844736,0.032055,6131954,6131954,1663433,27.1273,1920,1080,raygs,triangles,1,off,0.1,on,-4
1781756705544833201,8875.36,475.369,2.10363,2.02368,2.00208,0.138848,0.223808,0.058368,0.73728,0.843776,0.026628,6131954,6131954,1663433,27.1273,1920,1080,raygs,triangles,1,off,0.1,on,-4
1781756705547129497,8877.66,475.605,2.10258,2.2559,2.23453,0.13456,0.223936,0.058368,0.971968,0.845696,0.0368,6131954,6131954,1663433,27.1273,1920,1080,raygs,triangles,1,off,0.1,on,-4
1781756705549302263,8879.83,474.508,2.10745,2.13056,2.11088,0.255968,0.224832,0.058368,0.72704,0.844672,0.023163,6131954,6131954,1663433,27.1273,1920,1080,raygs,triangles,1,off,0.1,on,-4
1781756705551346104,8881.88,474.047,2.10949,2.01677,1.99648,0.135296,0.227904,0.058368,0.730112,0.8448,0.032467,6131954,6131954,1663433,27.1273,1920,1080,raygs,triangles,1,off,0.1,on,-4
1781756705553390406,8883.92,474.501,2.10748,2.01837,1.99606,0.135616,0.225984,0.058528,0.73216,0.843776,0.032461,6131954,6131954,1663433,27.1273,1920,1080,raygs,triangles,1,off,0.1,on,-4
1781756705555430014,8885.96,474.895,2.10573,2.01962,1.99555,0.13376,0.224416,0.057344,0.73728,0.842752,0.028875,6131954,6131954,1663433,27.1273,1920,1080,raygs,triangles,1,off,0.1,on,-4
1781756705557458276,8887.99,475.027,2.10514,2.01062,1.98912,0.12704,0.224512,0.060416,0.731328,0.845824,0.030054,6131954,6131954,1663433,27.1273,1920,1080,raygs,triangles,1,off,0.1,on,-4
1781756705559663016,8890.19,476.178,2.10005,2.02061,1.99907,0.134848,0.22608,0.058368,0.735232,0.844544,0.036751,6131954,6131954,1663433,27.1273,1920,1080,raygs,triangles,1,off,0.1,on,-4
1781756705561677445,8892.21,475.623,2.1025,2.02691,2.00509,0.138912,0.22512,0.057344,0.738304,0.845408,0.036572,6131954,6131954,1663433,27.1273,1920,1080,raygs,triangles,1,off,0.1,on,-4
1781756705564024317,8894.55,475.812,2.10167,2.33667,2.3183,0.323072,0.22208,0.057344,0.869376,0.846432,0.022667,6131954,6131954,1663433,27.1273,1920,1080,raygs,triangles,1,off,0.1,on,-4
1781756705566273810,8896.8,474.753,2.10636,2.15072,2.12691,0.13504,0.22752,0.057344,0.864256,0.842752,0.041871,6131954,6131954,1663433,27.1273,1920,1080,raygs,triangles,1,off,0.1,on,-4
1781756705568241123,8898.77,473.931,2.11001,2.01491,1.99098,0.134176,0.2264,0.057344,0.729408,0.843648,0.018807,6131954,6131954,1663433,27.1273,1920,1080,raygs,triangles,1,off,0.1,on,-4
1781756705570302276,8900.83,474.282,2.10845,2.01686,1.99568,0.135104,0.227296,0.058368,0.73216,0.842752,0.033117,6131954,6131954,1663433,27.1273,1920,1080,raygs,triangles,1,off,0.1,on,-4
1781756705572347983,8902.88,474.512,2.10743,2.01856,1.99459,0.13376,0.225504,0.057344,0.734208,0.843776,0.029576,6131954,6131954,1663433,27.1273,1920,1080,raygs,triangles,1,off,0.1,on,-4
1781756705574379149,8904.91,475.536,2.10289,2.01254,1.99165,0.12672,0.223456,0.060416,0.736256,0.8448,0.029408,6131954,6131954,1663433,27.1273,1920,1080,raygs,triangles,1,off,0.1,on,-4
1781756705576581452,8907.11,475.743,2.10198,2.01734,1.99456,0.135072,0.225568,0.058112,0.733184,0.842624,0.03423,6131954,6131954,1663433,27.1273,1920,1080,raygs,triangles,1,off,0.1,on,-4
1781756705578591278,8909.12,474.957,2.10545,2.02502,2.00192,0.138176,0.224064,0.05776,0.73728,0.84464,0.028987,6131954,6131954,1663433,27.1273,1920,1080,raygs,triangles,1,off,0.1,on,-4
1781756705580983563,8911.51,475.117,2.10474,2.37008,2.3503,0.358272,0.221408,0.057344,0.86848,0.8448,0.027836,6131954,6131954,1663433,27.1273,1920,1080,raygs,triangles,1,off,0.1,on,-4
1781756705583015153,8913.55,473.913,2.11009,2.01395,1.99235,0.135264,0.224832,0.058368,0.730112,0.843776,0.026984,6131954,6131954,1663433,27.1273,1920,1080,raygs,triangles,1,off,0.1,on,-4
1781756705585070580,8915.6,473.957,2.1099,2.01674,1.99504,0.135328,0.225344,0.058368,0.731296,0.844704,0.027987,6131954,6131954,1663433,27.1273,1920,1080,raygs,triangles,1,off,0.1,on,-4
1781756705587115552,8917.65,473.897,2.11016,2.01651,1.99274,0.1352,0.22512,0.057344,0.73232,0.842752,0.031036,6131954,6131954,1663433,27.1273,1920,1080,raygs,triangles,1,off,0.1,on,-4
1781756705589155732,8919.69,474.252,2.10858,2.0199,1.99837,0.136096,0.22592,0.058368,0.734208,0.843776,0.026988,6131954,6131954,1663433,27.1273,1920,1080,raygs,triangles,1,off,0.1,on,-4
1781756705591190064,8921.72,475.158,2.10456,2.01206,1.99206,0.127232,0.223808,0.06144,0.734208,0.845376,0.028072,6131954,6131954,1663433,27.1273,1920,1080,raygs,triangles,1,off,0.1,on,-4
1781756705593372384,8923.9,475.798,2.10173,2.01994,1.99552,0.135136,0.224928,0.05744,0.734336,0.84368,0.027473,6131954,6131954,1663433,27.1273,1920,1080,raygs,triangles,1,off,0.1,on,-4
1781756705595425131,8925.96,475.248,2.10416,2.02563,2.00368,0.138752,0.225504,0.058368,0.736256,0.8448,0.027656,6131954,6131954,1663433,27.1273,1920,1080,raygs,triangles,1,off,0.1,on,-4
1781756705597815312,8928.35,475.286,2.104,2.36816,2.34694,0.3584,0.22144,0.057344,0.866304,0.843456,0.030234,6131954,6131954,1663433,27.1273,1920,1080,raygs,triangles,1,off,0.1,on,-4
1781756705599865006,8930.4,474.053,2.10947,2.01616,1.99245,0.135424,0.225344,0.057792,0.730112,0.843776,0.026196,6131954,6131954,1663433,27.1273,1920,1080,raygs,triangles,1,off,0.1,on,-4
1781756705601899697,8932.43,473.911,2.1101,2.01568,1.99258,0.13488,0.227296,0.057536,0.729088,0.843776,0.025832,6131954,6131954,1663433,27.1273,1920,1080,raygs,triangles,1,off,0.1,on,-4
1781756705603942132,8934.47,474.224,2.10871,2.01805,1.99571,0.135296,0.225088,0.058368,0.733184,0.843776,0.029166,6131954,6131954,1663433,27.1273,1920,1080,raygs,triangles,1,off,0.1,on,-4
1781756705605997511,8936.53,474.657,2.10679,2.01757,1.99488,0.13488,0.224672,0.058368,0.733184,0.843776,0.027814,6131954,6131954,1663433,27.1273,1920,1080,raygs,triangles,1,off,0.1,on,-4
1781756705608024459,8938.56,475.212,2.10432,2.01347,1.9929,0.127648,0.225792,0.06144,0.73424,0.843776,0.028228,6131954,6131954,1663433,27.1273,1920,1080,raygs,triangles,1,off,0.1,on,-4
1781756705610202186,8940.73,475.885,2.10135,2.01904,1.99494,0.134208,0.225408,0.057344,0.734208,0.843776,0.036165,6131954,6131954,1663433,27.1273,1920,1080,raygs,triangles,1,off,0.1,on,-4
1781756705612251113,8942.78,475.3,2.10394,2.02602,2.00259,0.139168,0.224896,0.057344,0.736416,0.844768,0.028624,6131954,6131954,1663433,27.1273,1920,1080,raygs,triangles,1,off,0.1,on,-4
1781756705614621128,8945.15,475.543,2.10286,2.35104,2.33011,0.345376,0.222432,0.057344,0.862208,0.842752,0.026686,6131954,6131954,1663433,27.1273,1920,1080,raygs,triangles,1,off,0.1,on,-4
1781756705616671818,8947.2,474.23,2.10868,2.01302,1.99075,0.135264,0.224256,0.058208,0.728256,0.844768,0.029479,6131954,6131954,1663433,27.1273,1920,1080,raygs,triangles,1,off,0.1,on,-4
1781756705618725242,8949.26,474.242,2.10863,2.01542,1.99238,0.13472,0.226848,0.057344,0.729088,0.844384,0.027061,6131954,6131954,1663433,27.1273,1920,1080,raygs,triangles,1,off,0.1,on,-4
1781756705620785634,8951.32,474.327,2.10825,2.01786,1.99677,0.134048,0.226688,0.057344,0.734208,0.84448,0.030759,6131954,6131954,1663433,27.1273,1920,1080,raygs,triangles,1,off,0.1,on,-4
1781756705622831632,8953.36,474.558,2.10722,2.01738,1.99517,0.134784,0.224896,0.058368,0.733504,0.843616,0.029738,6131954,6131954,1663433,27.1273,1920,1080,raygs,triangles,1,off,0.1,on,-4
1781756705624867500,8955.4,475.4,2.10349,2.01094,1.99091,0.127136,0.223744,0.061376,0.734208,0.844448,0.028516,6131954,6131954,1663433,27.1273,1920,1080,raygs,triangles,1,off,0.1,on,-4
1781756705627024695,8957.56,475.807,2.10169,2.01491,1.99312,0.134208,0.224992,0.058368,0.731136,0.844416,0.030637,6131954,6131954,1663433,27.1273,1920,1080,raygs,triangles,1,off,0.1,on,-4
1781756705629086049,8959.62,475.196,2.10439,2.02147,1.99949,0.13872,0.224416,0.058368,0.734208,0.843776,0.037625,6131954,6131954,1663433,27.1273,1920,1080,raygs,triangles,1,off,0.1,on,-4
1781756705631475776,8962.01,475.295,2.10396,2.32234,2.30202,0.3136,0.222016,0.058368,0.863232,0.8448,0.036429,6131954,6131954,1663433,27.1273,1920,1080,raygs,triangles,1,off,0.1,on,-4
1781756705633446340,8963.98,473.99,2.10975,2.01376,1.98992,0.135264,0.225536,0.057344,0.728064,0.843712,0.018104,6131954,6131954,1663433,27.1273,1920,1080,raygs,triangles,1,off,0.1,on,-4
1781756705635493755,8966.02,474.113,2.1092,2.01693,1.9951,0.135168,0.225056,0.05808,0.73216,0.84464,0.027448,6131954,6131954,1663433,27.1273,1920,1080,raygs,triangles,1,off,0.1,on,-4
1781756705637541890,8968.07,474.171,2.10894,2.02288,1.99898,0.133952,0.226464,0.057344,0.73744,0.843776,0.031676,6131954,6131954,1663433,27.1273,1920,1080,raygs,triangles,1,off,0.1,on,-4
1781756705639719292,8970.25,474.716,2.10652,2.15088,2.12819,0.134304,0.354816,0.058304,0.73728,0.843488,0.028778,6131954,6131954,1663433,27.1273,1920,1080,raygs,triangles,1,off,0.1,on,-4
1781756705641746249,8972.28,475.035,2.10511,2.01053,1.99123,0.127328,0.226496,0.05776,0.734208,0.84544,0.028127,6131954,6131954,1663433,27.1273,1920,1080,raygs,triangles,1,off,0.1,on,-4
1781756705643911861,8974.44,475.628,2.10248,2.01754,1.99581,0.136832,0.225088,0.058368,0.73216,0.84336,0.029157,6131954,6131954,1663433,27.1273,1920,1080,raygs,triangles,1,off,0.1,on,-4
1781756705645956906,8976.49,475.302,2.10392,2.02182,2.00058,0.140096,0.224288,0.058048,0.733472,0.844672,0.029315,6131954,6131954,1663433,27.1273,1920,1080,raygs,triangles,1,off,0.1,on,-4
1781756705648445530,8978.98,475.413,2.10344,2.37338,2.35232,0.30528,0.222944,0.0576,0.922752,0.843744,0.046934,6131954,6131954,1663433,27.1273,1920,1080,raygs,triangles,1,off,0.1,on,-4
1781756705650409945,8980.94,473.48,2.11202,2.01466,1.99139,0.136,0.224928,0.0576,0.729088,0.843776,0.020068,6131954,6131954,1663433,27.1273,1920,1080,raygs,triangles,1,off,0.1,on,-4
1781756705652507381,8983.04,473.782,2.11068,2.04624,2.02362,0.1352,0.226464,0.058368,0.759808,0.843776,0.030045,6131954,6131954,1663433,27.1273,1920,1080,raygs,triangles,1,off,0.1,on,-4
1781756705654548280,8985.08,473.69,2.11108,2.0184,1.99619,0.134624,0.224768,0.05824,0.735232,0.843328,0.033301,6131954,6131954,1663433,27.1273,1920,1080,raygs,triangles,1,off,0.1,on,-4
1781756705656581694,8987.11,474.223,2.10871,2.01968,1.99741,0.13488,0.225312,0.058304,0.734208,0.844704,0.028098,6131954,6131954,1663433,27.1273,1920,1080,raygs,triangles,1,off,0.1,on,-4
1781756705658609684,8989.14,475.447,2.10328,2.01046,1.98893,0.12768,0.223872,0.060416,0.73344,0.84352,0.028655,6131954,6131954,1663433,27.1273,1920,1080,raygs,triangles,1,off,0.1,on,-4
1781756705660958418,8991.49,475.519,2.10296,2.13632,2.11315,0.134752,0.343584,0.05776,0.732608,0.844448,0.042368,6131954,6131954,1663433,27.1273,1920,1080,raygs,triangles,1,off,0.1,on,-4
1781756705662999920,8993.53,474.228,2.10869,2.0215,1.99875,0.135232,0.225472,0.057344,0.736256,0.844448,0.031337,6131954,6131954,1663433,27.1273,1920,1080,raygs,triangles,1,off,0.1,on,-4
1781756705665256794,8995.79,474.25,2.10859,2.20528,2.18202,0.1392,0.223776,0.05776,0.9176,0.84368,0.029854,6131954,6131954,1663433,27.1273,1920,1080,raygs,triangles,1,off,0.1,on,-4
1781756705667331661,8997.86,473.554,2.11169,2.01299,1.99126,0.135072,0.225344,0.057344,0.729088,0.844416,0.040882,6131954,6131954,1663433,27.1273,1920,1080,raygs,triangles,1,off,0.1,on,-4
1781756705669351882,8999.88,473.402,2.11237,2.04448,2.02301,0.135232,0.2248,0.058368,0.759808,0.8448,0.020052,6131954,6131954,1663433,27.1273,1920,1080,raygs,triangles,1,off,0.1,on,-4
1781756705671412934,9001.94,474.098,2.10927,2.01994,1.99754,0.135104,0.22608,0.058368,0.734208,0.843776,0.038511,6131954,6131954,1663433,27.1273,1920,1080,raygs,triangles,1,off,0.1,on,-4
1781756705673451872,9003.98,474.032,2.10956,2.02,1.99677,0.1352,0.224288,0.058272,0.735232,0.843776,0.028967,6131954,6131954,1663433,27.1273,1920,1080,raygs,triangles,1,off,0.1,on,-4
1781756705675475965,9006.01,474.991,2.1053,2.01318,1.99357,0.12704,0.225056,0.06144,0.736256,0.843776,0.029216,6131954,6131954,1663433,27.1273,1920,1080,raygs,triangles,1,off,0.1,on,-4
1781756705677640172,9008.17,475.573,2.10273,2.13638,2.11155,0.134848,0.34272,0.057344,0.733184,0.843456,0.028929,6131954,6131954,1663433,27.1273,1920,1080,raygs,triangles,1,off,0.1,on,-4
1781756705679898573,9010.43,475.154,2.10458,2.0185,1.9967,0.135008,0.225344,0.058368,0.733184,0.8448,0.027277,6131954,6131954,1663433,27.1273,1920,1080,raygs,triangles,1,off,0.1,on,-4
1781756705682112253,9012.64,474.318,2.10829,2.16509,2.1433,0.151232,0.223392,0.058592,0.86528,0.8448,0.033917,6131954,6131954,1663433,27.1273,1920,1080,raygs,triangles,1,off,0.1,on,-4
1781756705684161352,9014.69,473.599,2.11149,2.01475,1.9928,0.1352,0.225664,0.057344,0.730112,0.84448,0.029451,6131954,6131954,1663433,27.1273,1920,1080,raygs,triangles,1,off,0.1,on,-4
1781756705686226940,9016.76,473.572,2.11161,2.04682,2.02643,0.13536,0.225344,0.058368,0.76288,0.84448,0.028148,6131954,6131954,1663433,27.1273,1920,1080,raygs,triangles,1,off,0.1,on,-4
1781756705688330454,9018.86,474.011,2.10966,2.01744,1.99498,0.135552,0.22512,0.058368,0.73216,0.843776,0.044264,6131954,6131954,1663433,27.1273,1920,1080,raygs,triangles,1,off,0.1,on,-4
1781756705690326290,9020.86,473.786,2.11066,2.0207,1.9975,0.134496,0.225536,0.0576,0.735232,0.84464,0.020446,6131954,6131954,1663433,27.1273,1920,1080,raygs,triangles,1,off,0.1,on,-4
1781756705692360971,9022.89,475.038,2.10509,2.01293,1.99331,0.127072,0.224032,0.061152,0.736256,0.8448,0.029916,6131954,6131954,1663433,27.1273,1920,1080,raygs,triangles,1,off,0.1,on,-4
1781756705694521119,9025.05,475.839,2.10155,2.13504,2.11264,0.134912,0.344448,0.057344,0.731136,0.8448,0.030082,6131954,6131954,1663433,27.1273,1920,1080,raygs,triangles,1,off,0.1,on,-4
1781756705696744050,9027.27,475.03,2.10513,2.01766,1.99418,0.13488,0.22704,0.057344,0.731136,0.843776,0.028983,6131954,6131954,1663433,27.1273,1920,1080,raygs,triangles,1,off,0.1,on,-4
1781756705698945588,9029.48,474.607,2.10701,2.16099,2.1392,0.14928,0.222496,0.058368,0.86528,0.843776,0.030778,6131954,6131954,1663433,27.1273,1920,1080,raygs,triangles,1,off,0.1,on,-4
1781756705700994483,9031.53,473.846,2.11039,2.01494,1.99392,0.135232,0.224224,0.058368,0.731552,0.844544,0.02935,6131954,6131954,1663433,27.1273,1920,1080,raygs,triangles,1,off,0.1,on,-4
1781756705703257164,9033.79,473.883,2.11023,2.02586,2.00131,0.135936,0.226976,0.058368,0.73728,0.842752,0.053437,6131954,6131954,1663433,27.1273,1920,1080,raygs,triangles,1,off,0.1,on,-4
1781756705705241118,9035.77,473.509,2.11189,2.01834,1.9967,0.134528,0.225824,0.058368,0.733184,0.8448,0.047976,6131954,6131954,1663433,27.1273,1920,1080,raygs,triangles,1,off,0.1,on,-4
1781756705707429191,9037.96,473.75,2.11082,2.01869,1.99642,0.135072,0.22704,0.058368,0.73216,0.843776,0.029778,6131954,6131954,1663433,27.1273,1920,1080,raygs,triangles,1,off,0.1,on,-4
1781756705709580688,9040.11,474.382,2.10801,2.14573,2.12534,0.132896,0.222816,0.06144,0.863584,0.844608,0.051636,6131954,6131954,1663433,27.1273,1920,1080,raygs,triangles,1,off,0.1,on,-4
1781756705711712866,9042.24,473.951,2.10992,2.1369,2.1169,0.253472,0.224,0.058368,0.736544,0.844512,0.039726,6131954,6131954,1663433,27.1273,1920,1080,raygs,triangles,1,off,0.1,on,-4
1781756705713943087,9044.47,473.679,2.11113,2.19523,2.17424,0.134528,0.22448,0.058368,0.912384,0.84448,0.037559,6131954,6131954,1663433,27.1273,1920,1080,raygs,triangles,1,off,0.1,on,-4
1781756705716136305,9046.67,473.072,2.11384,2.17741,2.15728,0.299744,0.226304,0.058368,0.729088,0.843776,0.03635,6131954,6131954,1663433,27.1273,1920,1080,raygs,triangles,1,off,0.1,on,-4
1781756705718215175,9048.75,472.4,2.11685,2.01533,1.99213,0.134624,0.225248,0.057344,0.731136,0.843776,0.04408,6131954,6131954,1663433,27.1273,1920,1080,raygs,triangles,1,off,0.1,on,-4
1781756705720244683,9050.78,472.227,2.11763,2.0153,1.99274,0.135616,0.225056,0.058368,0.73024,0.843456,0.039107,6131954,6131954,1663433,27.1273,1920,1080,raygs,triangles,1,off,0.1,on,-4
1781756705722296948,9052.83,472.814,2.115,2.02118,1.99843,0.135328,0.224704,0.058368,0.73728,0.842752,0.043113,6131954,6131954,1663433,27.1273,1920,1080,raygs,triangles,1,off,0.1,on,-4
1781756705724329804,9054.86,472.866,2.11476,2.0176,1.99606,0.134976,0.225056,0.058368,0.733184,0.84448,0.023339,6131954,6131954,1663433,27.1273,1920,1080,raygs,triangles,1,off,0.1,on,-4
1781756705726382806,9056.91,474.196,2.10883,2.02486,2.00384,0.127776,0.222528,0.059392,0.750368,0.843776,0.031682,6131954,6131954,1663433,27.1273,1920,1080,raygs,triangles,1,off,0.1,on,-4
1781756705728414258,9058.94,474.23,2.10868,2.02195,1.99949,0.138848,0.223264,0.058368,0.735232,0.843776,0.030661,6131954,6131954,1663433,27.1273,1920,1080,raygs,triangles,1,off,0.1,on,-4
1781756705731047728,9061.58,474.155,2.10901,2.34762,2.3263,0.335776,0.221984,0.057344,0.867744,0.843456,0.05383,6131954,6131954,1663433,27.1273,1920,1080,raygs,triangles,1,off,0.1,on,-4
1781756705732853235,9063.38,471.896,2.11911,2.01184,1.98934,0.135136,0.226048,0.057344,0.72704,0.843776,0.020529,6131954,6131954,1663433,27.1273,1920,1080,raygs,triangles,1,off,0.1,on,-4
1781756705734879932,9065.41,472.951,2.11438,2.0144,1.99194,0.134688,0.226016,0.058368,0.729088,0.843776,0.029245,6131954,6131954,1663433,27.1273,1920,1080,raygs,triangles,1,off,0.1,on,-4
1781756705736910006,9067.44,472.985,2.11423,2.01629,1.99443,0.13456,0.225568,0.058368,0.73216,0.843776,0.028396,6131954,6131954,1663433,27.1273,1920,1080,raygs,triangles,1,off,0.1,on,-4
1781756705738949937,9069.48,473.63,2.11135,2.0209,1.99754,0.135136,0.225024,0.057344,0.736256,0.843776,0.02733,6131954,6131954,1663433,27.1273,1920,1080,raygs,triangles,1,off,0.1,on,-4
1781756705740998466,9071.53,473.614,2.11142,2.0201,1.99731,0.135296,0.226336,0.05808,0.733184,0.844416,0.02927,6131954,6131954,1663433,27.1273,1920,1080,raygs,triangles,1,off,0.1,on,-4
1781756705743046799,9073.58,474.764,2.10631,2.02086,1.99715,0.136032,0.225024,0.057344,0.734208,0.844544,0.027342,6131954,6131954,1663433,27.1273,1920,1080,raygs,triangles,1,off,0.1,on,-4
1781756705745209126,9075.74,474.774,2.10627,2.1304,2.10934,0.126816,0.2232,0.177376,0.736128,0.845824,0.033252,6131954,6131954,1663433,27.1273,1920,1080,raygs,triangles,1,off,0.1,on,-4
1781756705747607526,9078.14,474.466,2.10763,2.24509,2.22362,0.136,0.22496,0.058368,0.960512,0.843776,0.029341,6131954,6131954,1663433,27.1273,1920,1080,raygs,triangles,1,off,0.1,on,-4
1781756705749673379,9080.2,473.158,2.11346,2.01882,1.99638,0.14016,0.22592,0.057472,0.728288,0.844544,0.029398,6131954,6131954,1663433,27.1273,1920,1080,raygs,triangles,1,off,0.1,on,-4
1781756705751727490,9082.26,473.043,2.11397,2.01376,1.99094,0.134944,0.224768,0.058368,0.729088,0.843776,0.030084,6131954,6131954,1663433,27.1273,1920,1080,raygs,triangles,1,off,0.1,on,-4
1781756705753757286,9084.29,473.04,2.11399,2.01373,1.99142,0.136064,0.224128,0.057344,0.730112,0.843776,0.027923,6131954,6131954,1663433,27.1273,1920,1080,raygs,triangles,1,off,0.1,on,-4
1781756705755832971,9086.36,473.515,2.11187,2.01901,1.9968,0.1352,0.225248,0.058368,0.734208,0.843776,0.038121,6131954,6131954,1663433,27.1273,1920,1080,raygs,triangles,1,off,0.1,on,-4
1781756705757847087,9088.38,473.357,2.11257,2.02016,1.99674,0.134816,0.22464,0.058272,0.735232,0.843776,0.024101,6131954,6131954,1663433,27.1273,1920,1080,raygs,triangles,1,off,0.1,on,-4
1781756705760015860,9090.55,474.806,2.10612,2.01734,1.99709,0.13488,0.22688,0.058368,0.733184,0.843776,0.02929,6131954,6131954,1663433,27.1273,1920,1080,raygs,triangles,1,off,0.1,on,-4
1781756705762100713,9092.63,474.139,2.10909,2.01498,1.99478,0.132192,0.223936,0.0576,0.73728,0.843776,0.043968,6131954,6131954,1663433,27.1273,1920,1080,raygs,triangles,1,off,0.1,on,-4
1781756705764482997,9095.01,473.964,2.10987,2.33382,2.31462,0.323072,0.224128,0.058368,0.86528,0.843776,0.029889,6131954,6131954,1663433,27.1273,1920,1080,raygs,triangles,1,off,0.1,on,-4
1781756705766465248,9097,472.756,2.11526,2.01274,1.99152,0.135104,0.225184,0.058368,0.728064,0.8448,0.016867,6131954,6131954,1663433,27.1273,1920,1080,raygs,triangles,1,off,0.1,on,-4
1781756705768509891,9099.04,473.391,2.11242,2.01222,1.98813,0.134592,0.22464,0.057344,0.728064,0.843488,0.026831,6131954,6131954,1663433,27.1273,1920,1080,raygs,triangles,1,off,0.1,on,-4
1781756705770601746,9101.13,473.328,2.1127,2.01926,1.9967,0.135488,0.225824,0.057344,0.733248,0.8448,0.041856,6131954,6131954,1663433,27.1273,1920,1080,raygs,triangles,1,off,0.1,on,-4
1781756705772620271,9103.15,473.59,2.11153,2.024,2.0016,0.1352,0.225952,0.058368,0.73728,0.8448,0.025347,6131954,6131954,1663433,27.1273,1920,1080,raygs,triangles,1,off,0.1,on,-4
1781756705774678688,9105.21,473.755,2.1108,2.0185,1.99616,0.135136,0.225696,0.057344,0.733184,0.8448,0.033075,6131954,6131954,1663433,27.1273,1920,1080,raygs,triangles,1,off,0.1,on,-4
1781756705776774960,9107.31,475.341,2.10375,2.01603,1.99379,0.134272,0.225568,0.058016,0.73216,0.843776,0.018856,6131954,6131954,1663433,27.1273,1920,1080,raygs,triangles,1,off,0.1,on,-4
1781756705778806830,9109.34,474.871,2.10584,2.0143,1.99392,0.13216,0.22448,0.058272,0.735232,0.843776,0.028357,6131954,6131954,1663433,27.1273,1920,1080,raygs,triangles,1,off,0.1,on,-4
1781756705781243084,9111.77,475.14,2.10464,2.33549,2.31536,0.326816,0.224352,0.058368,0.861184,0.84464,0.032241,6131954,6131954,1663433,27.1273,1920,1080,raygs,triangles,1,off,0.1,on,-4
1781756705783241943,9113.77,473.673,2.11116,2.01354,1.98966,0.134848,0.225504,0.057344,0.727328,0.84464,0.027391,6131954,6131954,1663433,27.1273,1920,1080,raygs,triangles,1,off,0.1,on,-4
1781756705785278638,9115.81,473.714,2.11098,2.01382,1.99165,0.135136,0.22528,0.057344,0.729088,0.8448,0.028875,6131954,6131954,1663433,27.1273,1920,1080,raygs,triangles,1,off,0.1,on,-4
1781756705787439199,9117.97,473.673,2.11116,2.01251,1.99053,0.133824,0.2256,0.058368,0.730112,0.842624,0.027105,6131954,6131954,1663433,27.1273,1920,1080,raygs,triangles,1,off,0.1,on,-4
1781756705789501583,9120.03,474.492,2.10752,2.02054,1.99866,0.138784,0.224416,0.058368,0.733312,0.843776,0.029077,6131954,6131954,1663433,27.1273,1920,1080,raygs,triangles,1,off,0.1,on,-4
1781756705791678448,9122.21,474.433,2.10778,2.01933,1.99776,0.13552,0.224928,0.058368,0.734208,0.844736,0.051792,6131954,6131954,1663433,27.1273,1920,1080,raygs,triangles,1,off,0.1,on,-4
1781756705793996268,9124.53,474.57,2.10717,2.25562,2.23622,0.249952,0.223936,0.05824,0.86032,0.843776,0.040763,6131954,6131954,1663433,27.1273,1920,1080,raygs,triangles,1,off,0.1,on,-4
1781756705795984803,9126.52,473.559,2.11167,2.0113,1.9927,0.127552,0.227776,0.058368,0.735232,0.843776,0.039139,6131954,6131954,1663433,27.1273,1920,1080,raygs,triangles,1,off,0.1,on,-4
1781756705798252041,9128.78,473.813,2.11054,2.18704,2.16298,0.134272,0.396288,0.057344,0.730368,0.844704,0.020513,6131954,6131954,1663433,27.1273,1920,1080,raygs,triangles,1,off,0.1,on,-4
1781756705800311175,9130.84,473.028,2.11404,2.02883,2.0073,0.1512,0.222816,0.058368,0.730112,0.8448,0.029848,6131954,6131954,1663433,27.1273,1920,1080,raygs,triangles,1,off,0.1,on,-4
1781756705802364048,9132.89,472.9,2.11461,2.02774,2.00592,0.13472,0.224608,0.058368,0.744448,0.843776,0.029043,6131954,6131954,1663433,27.1273,1920,1080,raygs,triangles,1,off,0.1,on,-4
1781756705804397245,9134.93,472.765,2.11522,2.02058,1.99738,0.13472,0.224576,0.05808,0.736256,0.843744,0.028244,6131954,6131954,1663433,27.1273,1920,1080,raygs,triangles,1,off,0.1,on,-4
1781756705806443679,9136.97,473.289,2.11287,2.0193,1.99562,0.134496,0.223776,0.057344,0.735232,0.844768,0.028564,6131954,6131954,1663433,27.1273,1920,1080,raygs,triangles,1,off,0.1,on,-4
1781756705808509094,9139.04,474.078,2.10936,2.02054,1.99818,0.135104,0.224672,0.058368,0.735232,0.8448,0.031228,6131954,6131954,1663433,27.1273,1920,1080,raygs,triangles,1,off,0.1,on,-4
1781756705810772704,9141.3,474.659,2.10678,2.13504,2.11267,0.135104,0.34224,0.058368,0.733184,0.843776,0.028744,6131954,6131954,1663433,27.1273,1920,1080,raygs,triangles,1,off,0.1,on,-4
1781756705812883364,9143.41,473.942,2.10996,2.02522,2.00227,0.138656,0.225536,0.057344,0.736256,0.84448,0.039311,6131954,6131954,1663433,27.1273,1920,1080,raygs,triangles,1,off,0.1,on,-4
1781756705815226276,9145.76,473.814,2.11053,2.36614,2.34621,0.303136,0.222976,0.05808,0.917504,0.844512,0.018446,6131954,6131954,1663433,27.1273,1920,1080,raygs,triangles,1,off,0.1,on,-4
1781756705817281487,9147.81,472.786,2.11512,2.01546,1.99283,0.134816,0.226784,0.057344,0.730112,0.843776,0.027248,6131954,6131954,1663433,27.1273,1920,1080,raygs,triangles,1,off,0.1,on,-4
1781756705819403208,9149.93,472.555,2.11616,2.04691,2.02419,0.135328,0.224864,0.058368,0.761856,0.843776,0.0559,6131954,6131954,1663433,27.1273,1920,1080,raygs,triangles,1,off,0.1,on,-4
1781756705821446657,9151.98,472.321,2.1172,2.01846,1.9961,0.134656,0.225088,0.057344,0.735232,0.843776,0.04892,6131954,6131954,1663433,27.1273,1920,1080,raygs,triangles,1,off,0.1,on,-4
1781756705823483353,9154.01,472.8,2.11506,2.0192,1.99699,0.134848,0.224608,0.057344,0.736416,0.843776,0.050309,6131954,6131954,1663433,27.1273,1920,1080,raygs,triangles,1,off,0.1,on,-4
1781756705825516356,9156.05,473.405,2.11236,2.02058,1.99872,0.134976,0.224736,0.057792,0.73648,0.844736,0.040619,6131954,6131954,1663433,27.1273,1920,1080,raygs,triangles,1,off,0.1,on,-4
1781756705827869265,9158.4,473.982,2.10978,2.14826,2.12592,0.135424,0.351008,0.058432,0.736256,0.8448,0.045458,6131954,6131954,1663433,27.1273,1920,1080,raygs,triangles,1,off,0.1,on,-4
1781756705830050507,9160.58,472.845,2.11486,2.01117,1.99018,0.128352,0.2248,0.058016,0.735232,0.843776,0.054836,6131954,6131954,1663433,27.1273,1920,1080,raygs,triangles,1,off,0.1,on,-4
1781756705832197606,9162.73,473.294,2.11285,2.20717,2.18531,0.13904,0.223552,0.058368,0.919552,0.8448,0.035562,6131954,6131954,1663433,27.1273,1920,1080,raygs,triangles,1,off,0.1,on,-4
1781756705834157587,9164.69,472.468,2.11655,2.01651,1.99331,0.134752,0.22528,0.057344,0.731136,0.8448,0.020317,6131954,6131954,1663433,27.1273,1920,1080,raygs,triangles,1,off,0.1,on,-4
1781756705836225472,9166.76,473.348,2.11261,2.04592,2.02426,0.135488,0.226048,0.058368,0.759808,0.844544,0.033235,6131954,6131954,1663433,27.1273,1920,1080,raygs,triangles,1,off,0.1,on,-4
1781756705838272244,9168.8,473.802,2.11058,2.02067,1.99718,0.134816,0.226016,0.057344,0.734208,0.8448,0.029208,6131954,6131954,1663433,27.1273,1920,1080,raygs,triangles,1,off,0.1,on,-4
1781756705840314453,9170.85,474.125,2.10915,2.02003,1.99949,0.135232,0.225984,0.058368,0.735232,0.844672,0.028125,6131954,6131954,1663433,27.1273,1920,1080,raygs,triangles,1,off,0.1,on,-4
1781756705842409498,9172.94,474.806,2.10613,2.01773,1.99581,0.13392,0.225536,0.059392,0.733184,0.843776,0.045324,6131954,6131954,1663433,27.1273,1920,1080,raygs,triangles,1,off,0.1,on,-4
1781756705844531749,9175.06,475.227,2.10426,2.13923,2.11629,0.134592,0.344448,0.058368,0.734208,0.844672,0.019522,6131954,6131954,1663433,27.1273,1920,1080,raygs,triangles,1,off,0.1,on,-4
1781756705846706672,9177.24,475.117,2.10475,2.00419,1.98547,0.126944,0.224224,0.058368,0.73216,0.843776,0.02954,6131954,6131954,1663433,27.1273,1920,1080,raygs,triangles,1,off,0.1,on,-4
1781756705848938205,9179.47,474.548,2.10727,2.19434,2.17226,0.139552,0.225664,0.057344,0.905216,0.84448,0.029832,6131954,6131954,1663433,27.1273,1920,1080,raygs,triangles,1,off,0.1,on,-4
1781756705850978917,9181.51,473.785,2.11066,2.01443,1.99245,0.134752,0.225696,0.058112,0.730112,0.843776,0.029353,6131954,6131954,1663433,27.1273,1920,1080,raygs,triangles,1,off,0.1,on,-4
1781756705853050539,9183.58,473.771,2.11073,2.04938,2.0281,0.135872,0.22448,0.058368,0.764928,0.844448,0.02788,6131954,6131954,1663433,27.1273,1920,1080,raygs,triangles,1,off,0.1,on,-4
1781756705855110722,9185.64,473.785,2.11066,2.01773,1.99539,0.134944,0.2248,0.057664,0.734208,0.843776,0.029356,6131954,6131954,1663433,27.1273,1920,1080,raygs,triangles,1,off,0.1,on,-4
1781756705857147664,9187.68,473.572,2.11161,2.01949,1.99683,0.13472,0.224736,0.058368,0.735232,0.843776,0.028296,6131954,6131954,1663433,27.1273,1920,1080,raygs,triangles,1,off,0.1,on,-4
1781756705859200100,9189.73,475.858,2.10147,2.01837,1.99712,0.13456,0.226336,0.05824,0.735232,0.842752,0.033648,6131954,6131954,1663433,27.1273,1920,1080,raygs,triangles,1,off,0.1,on,-4
1781756705861558610,9192.09,474.807,2.10612,2.14323,2.12042,0.13552,0.349568,0.058368,0.733184,0.843776,0.041737,6131954,6131954,1663433,27.1273,1920,1080,raygs,triangles,1,off,0.1,on,-4
1781756705863735034,9194.27,473.466,2.11208,2.00499,1.98598,0.128032,0.226112,0.058368,0.729088,0.844384,0.052817,6131954,6131954,1663433,27.1273,1920,1080,raygs,triangles,1,off,0.1,on,-4
1781756705865931340,9196.46,472.963,2.11433,2.19334,2.17203,0.139552,0.224096,0.058368,0.90624,0.843776,0.039431,6131954,6131954,1663433,27.1273,1920,1080,raygs,triangles,1,off,0.1,on,-4
1781756705867980865,9198.51,472.403,2.11684,2.016,1.99344,0.135296,0.224896,0.057664,0.731136,0.844448,0.041506,6131954,6131954,1663433,27.1273,1920,1080,raygs,triangles,1,off,0.1,on,-4
1781756705870173568,9200.7,472.373,2.11697,2.15453,2.1311,0.134496,0.223392,0.059392,0.868352,0.845472,0.039666,6131954,6131954,1663433,27.1273,1920,1080,raygs,triangles,1,off,0.1,on,-4
1781756705872186545,9202.72,471.836,2.11938,2.01597,1.99206,0.13424,0.224544,0.057344,0.733184,0.842752,0.044498,6131954,6131954,1663433,27.1273,1920,1080,raygs,triangles,1,off,0.1,on,-4
1781756705874300946,9204.83,472.411,2.1168,2.02214,1.99901,0.135296,0.227072,0.057632,0.735232,0.843776,0.11055,6131954,6131954,1663433,27.1273,1920,1080,raygs,triangles,1,off,0.1,on,-4
1781756705876297594,9206.83,473.508,2.1119,2.02115,1.99885,0.135392,0.22608,0.058368,0.735232,0.843776,0.023251,6131954,6131954,1663433,27.1273,1920,1080,raygs,triangles,1,off,0.1,on,-4
1781756705878350571,9208.88,473.727,2.11092,2.02138,1.99706,0.1376,0.224416,0.057344,0.734208,0.843488,0.029973,6131954,6131954,1663433,27.1273,1920,1080,raygs,triangles,1,off,0.1,on,-4
1781756705880596228,9211.13,473.822,2.1105,2.19651,2.17686,0.12736,0.22384,0.060416,0.920576,0.844672,0.057742,6131954,6131954,1663433,27.1273,1920,1080,raygs,triangles,1,off,0.1,on,-4
1781756705882755925,9213.29,473.03,2.11403,2.1879,2.16662,0.304096,0.229888,0.057728,0.731136,0.843776,0.018837,6131954,6131954,1663433,27.1273,1920,1080,raygs,triangles,1,off,0.1,on,-4
1781756705884819848,9215.35,472.652,2.11572,2.01104,1.98874,0.13536,0.223872,0.057664,0.72704,0.8448,0.029965,6131954,6131954,1663433,27.1273,1920,1080,raygs,triangles,1,off,0.1,on,-4
1781756705886848928,9217.38,472.487,2.11646,2.02074,1.99757,0.142048,0.225312,0.057344,0.729088,0.843776,0.029149,6131954,6131954,1663433,27.1273,1920,1080,raygs,triangles,1,off,0.1,on,-4
1781756705888897417,9219.43,472.987,2.11422,2.01843,1.99491,0.134592,0.226016,0.057344,0.733184,0.843776,0.028978,6131954,6131954,1663433,27.1273,1920,1080,raygs,triangles,1,off,0.1,on,-4
1781756705890948984,9221.48,473.117,2.11364,2.0193,1.99658,0.134464,0.225344,0.057632,0.734592,0.844544,0.029375,6131954,6131954,1663433,27.1273,1920,1080,raygs,triangles,1,off,0.1,on,-4
1781756705893107662,9223.64,474.376,2.10803,2.01597,1.99411,0.13472,0.22608,0.058368,0.731168,0.843776,0.031095,6131954,6131954,1663433,27.1273,1920,1080,raygs,triangles,1,off,0.1,on,-4
1781756705895158353,9225.69,473.688,2.11109,2.0241,2.00256,0.138144,0.2248,0.058368,0.735584,0.845664,0.028106,6131954,6131954,1663433,27.1273,1920,1080,raygs,triangles,1,off,0.1,on,-4
1781756705897393883,9227.92,473.728,2.11091,2.21853,2.19862,0.127872,0.223456,0.06144,0.940032,0.845824,0.028182,6131954,6131954,1663433,27.1273,1920,1080,raygs,triangles,1,off,0.1,on,-4
1781756705899558021,9230.09,473.14,2.11354,2.1327,2.11328,0.256096,0.223904,0.058368,0.730112,0.8448,0.029855,6131954,6131954,1663433,27.1273,1920,1080,raygs,triangles,1,off,0.1,on,-4
1781756705901605727,9232.14,472.6,2.11595,2.0167,1.99427,0.135264,0.225856,0.058368,0.730112,0.844672,0.028654,6131954,6131954,1663433,27.1273,1920,1080,raygs,triangles,1,off,0.1,on,-4
1781756705903640257,9234.17,472.666,2.11566,2.01565,1.99334,0.135936,0.22528,0.058368,0.730112,0.843648,0.027974,6131954,6131954,1663433,27.1273,1920,1080,raygs,triangles,1,off,0.1,on,-4
1781756705905701242,9236.23,472.886,2.11468,2.02128,1.99981,0.135424,0.226944,0.058432,0.735232,0.843776,0.029267,6131954,6131954,1663433,27.1273,1920,1080,raygs,triangles,1,off,0.1,on,-4
1781756705907815599,9238.35,472.757,2.11525,2.02061,1.99738,0.134752,0.226432,0.057344,0.734208,0.84464,0.057736,6131954,6131954,1663433,27.1273,1920,1080,raygs,triangles,1,off,0.1,on,-4
1781756705909913313,9240.44,474.022,2.10961,2.01814,1.99674,0.13472,0.224928,0.058368,0.734208,0.844512,0.022843,6131954,6131954,1663433,27.1273,1920,1080,raygs,triangles,1,off,0.1,on,-4
1781756705911975144,9242.51,473.59,2.11153,2.02445,2.00243,0.138464,0.224256,0.057632,0.738304,0.843776,0.02914,6131954,6131954,1663433,27.1273,1920,1080,raygs,triangles,1,off,0.1,on,-4
1781756705914345847,9244.88,473.571,2.11162,2.34134,2.31946,0.326464,0.22576,0.058368,0.864256,0.844608,0.028822,6131954,6131954,1663433,27.1273,1920,1080,raygs,triangles,1,off,0.1,on,-4
1781756705916374668,9246.91,472.736,2.11535,2.01398,1.99165,0.135328,0.225088,0.058368,0.729088,0.843776,0.029462,6131954,6131954,1663433,27.1273,1920,1080,raygs,triangles,1,off,0.1,on,-4
1781756705918414551,9248.95,472.858,2.1148,2.01555,1.99402,0.13472,0.230176,0.058368,0.72704,0.843712,0.028309,6131954,6131954,1663433,27.1273,1920,1080,raygs,triangles,1,off,0.1,on,-4
1781756705920457225,9250.99,473.447,2.11217,2.01443,1.99299,0.134944,0.224768,0.058368,0.729088,0.845824,0.028194,6131954,6131954,1663433,27.1273,1920,1080,raygs,triangles,1,off,0.1,on,-4
1781756705922516479,9253.05,474.533,2.10733,2.02102,1.99955,0.135552,0.226624,0.058368,0.735232,0.843776,0.029451,6131954,6131954,1663433,27.1273,1920,1080,raygs,triangles,1,off,0.1,on,-4
1781756705924555196,9255.09,474.223,2.10871,2.01958,1.99645,0.134784,0.226496,0.057344,0.734208,0.843616,0.028742,6131954,6131954,1663433,27.1273,1920,1080,raygs,triangles,1,off,0.1,on,-4
1781756705926722423,9257.25,475.078,2.10492,2.01766,1.99555,0.133888,0.22448,0.057568,0.734208,0.845408,0.031606,6131954,6131954,1663433,27.1273,1920,1080,raygs,triangles,1,off,0.1,on,-4
1781756705928792700,9259.32,474.628,2.10691,2.02586,2.00378,0.138976,0.224192,0.058368,0.737696,0.844544,0.029664,6131954,6131954,1663433,27.1273,1920,1080,raygs,triangles,1,off,0.1,on,-4
1781756705931136364,9261.67,474.666,2.10674,2.3345,2.3128,0.318592,0.22576,0.058368,0.86528,0.8448,0.029168,6131954,6131954,1663433,27.1273,1920,1080,raygs,triangles,1,off,0.1,on,-4
1781756705933169189,9263.7,473.424,2.11227,2.01526,1.99229,0.134528,0.225504,0.058368,0.729088,0.8448,0.028877,6131954,6131954,1663433,27.1273,1920,1080,raygs,triangles,1,off,0.1,on,-4
1781756705935237997,9265.77,473.44,2.1122,2.01446,1.99325,0.134784,0.227232,0.058368,0.728352,0.844512,0.030534,6131954,6131954,1663433,27.1273,1920,1080,raygs,triangles,1,off,0.1,on,-4
1781756705937277997,9267.81,473.461,2.11211,2.01885,1.99699,0.134624,0.226016,0.058368,0.735232,0.842752,0.029292,6131954,6131954,1663433,27.1273,1920,1080,raygs,triangles,1,off,0.1,on,-4
1781756705939313225,9269.84,474.227,2.1087,2.01821,1.99699,0.135424,0.225184,0.0584,0.73216,0.845824,0.02851,6131954,6131954,1663433,27.1273,1920,1080,raygs,triangles,1,off,0.1,on,-4
1781756705941412265,9271.94,474.522,2.10738,2.01914,1.99773,0.134944,0.225408,0.058368,0.735232,0.843776,0.056917,6131954,6131954,1663433,27.1273,1920,1080,raygs,triangles,1,off,0.1,on,-4
1781756705943585728,9274.12,475.536,2.10289,2.01747,1.99635,0.134656,0.225216,0.058368,0.733632,0.84448,0.056478,6131954,6131954,1663433,27.1273,1920,1080,raygs,triangles,1,off,0.1,on,-4
1781756705945599089,9276.13,475.074,2.10494,2.02416,2.00125,0.138304,0.224224,0.057728,0.73728,0.843712,0.019144,6131954,6131954,1663433,27.1273,1920,1080,raygs,triangles,1,off,0.1,on,-4
1781756705947955753,9278.49,475.453,2.10326,2.34122,2.32275,0.29152,0.227104,0.058368,0.900096,0.845664,0.030873,6131954,6131954,1663433,27.1273,1920,1080,raygs,triangles,1,off,0.1,on,-4
1781756705950176246,9280.71,474.225,2.1087,2.15027,2.1289,0.135264,0.225184,0.058368,0.866304,0.843776,0.051387,6131954,6131954,1663433,27.1273,1920,1080,raygs,triangles,1,off,0.1,on,-4
1781756705952207245,9282.74,473.572,2.11161,2.01526,1.99392,0.135552,0.226112,0.058368,0.729088,0.8448,0.053654,6131954,6131954,1663433,27.1273,1920,1080,raygs,triangles,1,off,0.1,on,-4
1781756705954210386,9284.74,473.729,2.11091,2.01795,1.9959,0.136192,0.225408,0.057344,0.73216,0.8448,0.025398,6131954,6131954,1663433,27.1273,1920,1080,raygs,triangles,1,off,0.1,on,-4
1781756705956397255,9286.93,474.979,2.10536,2.01818,1.9976,0.1344,0.225824,0.058368,0.734208,0.8448,0.043136,6131954,6131954,1663433,27.1273,1920,1080,raygs,triangles,1,off,0.1,on,-4
1781756705958368661,9288.9,474.95,2.10548,2.01741,1.9952,0.134624,0.225216,0.057472,0.733184,0.844704,0.033019,6131954,6131954,1663433,27.1273,1920,1080,raygs,triangles,1,off,0.1,on,-4
1781756705960470407,9291,475.747,2.10196,2.01571,1.99354,0.13568,0.224576,0.058368,0.731136,0.843776,0.023251,6131954,6131954,1663433,27.1273,1920,1080,raygs,triangles,1,off,0.1,on,-4
1781756705962554700,9293.09,475.163,2.10454,2.02237,2.00048,0.13856,0.224704,0.058208,0.735232,0.843776,0.032216,6131954,6131954,1663433,27.1273,1920,1080,raygs,triangles,1,off,0.1,on,-4
1781756705964975174,9295.51,474.987,2.10532,2.37235,2.35126,0.298112,0.226336,0.058368,0.923648,0.8448,0.062589,6131954,6131954,1663433,27.1273,1920,1080,raygs,triangles,1,off,0.1,on,-4
1781756705966997071,9297.53,473.586,2.11155,2.01226,1.99126,0.135648,0.225216,0.058368,0.727264,0.844768,0.033742,6131954,6131954,1663433,27.1273,1920,1080,raygs,triangles,1,off,0.1,on,-4
1781756705969186995,9299.72,473.643,2.1113,2.01456,1.9911,0.135904,0.22512,0.05824,0.728064,0.843776,0.048906,6131954,6131954,1663433,27.1273,1920,1080,raygs,triangles,1,off,0.1,on,-4
1781756705971114834,9301.65,473.15,2.11349,2.01798,1.99578,0.135168,0.22528,0.058368,0.733184,0.843776,0.038596,6131954,6131954,1663433,27.1273,1920,1080,raygs,triangles,1,off,0.1,on,-4
1781756705973096658,9303.63,473.982,2.10979,2.01891,1.99802,0.13504,0.226208,0.058144,0.733184,0.84544,0.021068,6131954,6131954,1663433,27.1273,1920,1080,raygs,triangles,1,off,0.1,on,-4
1781756705975115184,9305.65,474.644,2.10684,2.02042,1.99763,0.134592,0.226112,0.058112,0.735232,0.843584,0.027684,6131954,6131954,1663433,27.1273,1920,1080,raygs,triangles,1,off,0.1,on,-4
1781756705977448712,9307.98,475.625,2.1025,2.01738,1.99533,0.135584,0.226368,0.05744,0.731136,0.8448,0.054478,6131954,6131954,1663433,27.1273,1920,1080,raygs,triangles,1,off,0.1,on,-4
1781756705979330172,9309.86,474.373,2.10805,2.02029,1.99766,0.13856,0.223232,0.05776,0.734592,0.84352,0.019104,6131954,6131954,1663433,27.1273,1920,1080,raygs,triangles,1,off,0.1,on,-4
1781756705981716199,9312.25,475.105,2.1048,2.36451,2.344,0.29536,0.224896,0.059392,0.919552,0.8448,0.029113,6131954,6131954,1663433,27.1273,1920,1080,raygs,triangles,1,off,0.1,on,-4
1781756705983757651,9314.29,473.928,2.11002,2.01443,1.99299,0.135776,0.225248,0.058368,0.728064,0.845536,0.029326,6131954,6131954,1663433,27.1273,1920,1080,raygs,triangles,1,off,0.1,on,-4
1781756705985804131,9316.33,473.925,2.11004,2.02493,2.00131,0.135168,0.226784,0.057344,0.73728,0.844736,0.027891,6131954,6131954,1663433,27.1273,1920,1080,raygs,triangles,1,off,0.1,on,-4
1781756705987855162,9318.39,474.003,2.10969,2.01664,1.99402,0.134912,0.225824,0.058368,0.731136,0.843776,0.029727,6131954,6131954,1663433,27.1273,1920,1080,raygs,triangles,1,off,0.1,on,-4
1781756705989898914,9320.43,475.254,2.10414,2.02144,1.99894,0.134752,0.22592,0.058208,0.735552,0.844512,0.027908,6131954,6131954,1663433,27.1273,1920,1080,raygs,triangles,1,off,0.1,on,-4
1781756705991946590,9322.48,475.71,2.10212,2.02413,2.00211,0.135232,0.225408,0.058368,0.738304,0.8448,0.028963,6131954,6131954,1663433,27.1273,1920,1080,raygs,triangles,1,off,0.1,on,-4
1781756705994119223,9324.65,476.248,2.09975,2.13933,2.11626,0.136704,0.343744,0.057728,0.734432,0.843648,0.030932,6131954,6131954,1663433,27.1273,1920,1080,raygs,triangles,1,off,0.1,on,-4
1781756705996407206,9326.94,475.805,2.1017,2.0231,1.99923,0.134208,0.22432,0.0576,0.738304,0.8448,0.030821,6131954,6131954,1663433,27.1273,1920,1080,raygs,triangles,1,off,0.1,on,-4
1781756705998570929,9329.1,475.437,2.10333,2.1609,2.13824,0.147072,0.223744,0.058368,0.86528,0.843776,0.028164,6131954,6131954,1663433,27.1273,1920,1080,raygs,triangles,1,off,0.1,on,-4
1781756706000611366,9331.14,474.858,2.10589,2.01974,1.99709,0.135904,0.224832,0.058368,0.733184,0.8448,0.029802,6131954,6131954,1663433,27.1273,1920,1080,raygs,triangles,1,off,0.1,on,-4
1781756706002717980,9333.25,475.125,2.10471,2.0464,2.0247,0.135168,0.22448,0.058368,0.761056,0.845632,0.030507,6131954,6131954,1663433,27.1273,1920,1080,raygs,triangles,1,off,0.1,on,-4
1781756706004734449,9335.27,474.647,2.10683,2.01997,1.99789,0.135136,0.225184,0.058368,0.734592,0.844608,0.027391,6131954,6131954,1663433,27.1273,1920,1080,raygs,triangles,1,off,0.1,on,-4
1781756706006780832,9337.31,474.79,2.1062,2.0223,1.99798,0.135616,0.226112,0.057568,0.735232,0.843456,0.031355,6131954,6131954,1663433,27.1273,1920,1080,raygs,triangles,1,off,0.1,on,-4
1781756706008836948,9339.37,475.531,2.10291,2.02067,1.9984,0.13584,0.226208,0.058368,0.733184,0.8448,0.027791,6131954,6131954,1663433,27.1273,1920,1080,raygs,triangles,1,off,0.1,on,-4
1781756706010998030,9341.53,475.912,2.10123,2.1368,2.11498,0.135264,0.342752,0.057344,0.735232,0.844384,0.030098,6131954,6131954,1663433,27.1273,1920,1080,raygs,triangles,1,off,0.1,on,-4
1781756706013229152,9343.76,475.595,2.10263,2.02291,2.00006,0.13504,0.225504,0.057632,0.73728,0.844608,0.027174,6131954,6131954,1663433,27.1273,1920,1080,raygs,triangles,1,off,0.1,on,-4
1781756706015414308,9345.94,474.846,2.10594,2.15846,2.13773,0.143616,0.222656,0.058368,0.867328,0.84576,0.027547,6131954,6131954,1663433,27.1273,1920,1080,raygs,triangles,1,off,0.1,on,-4
1781756706017451517,9347.98,474.357,2.10812,2.01584,1.99379,0.135232,0.22608,0.057728,0.730112,0.84464,0.028303,6131954,6131954,1663433,27.1273,1920,1080,raygs,triangles,1,off,0.1,on,-4
1781756706019615659,9350.15,474.37,2.10806,2.04253,2.02032,0.135168,0.226496,0.057504,0.756736,0.844416,0.049305,6131954,6131954,1663433,27.1273,1920,1080,raygs,triangles,1,off,0.1,on,-4
1781756706021584073,9352.11,474.314,2.10831,2.02077,1.99949,0.134944,0.226144,0.058368,0.736256,0.843776,0.017278,6131954,6131954,1663433,27.1273,1920,1080,raygs,triangles,1,off,0.1,on,-4
1781756706023643349,9354.17,474.512,2.10743,2.02115,1.99936,0.134272,0.22592,0.058112,0.73728,0.843776,0.027541,6131954,6131954,1663433,27.1273,1920,1080,raygs,triangles,1,off,0.1,on,-4
1781756706025692134,9356.22,475.259,2.10412,2.01603,1.99475,0.134752,0.225696,0.058368,0.731136,0.8448,0.031431,6131954,6131954,1663433,27.1273,1920,1080,raygs,triangles,1,off,0.1,on,-4
1781756706027847720,9358.38,475.642,2.10242,2.13603,2.1136,0.134656,0.34464,0.057344,0.73216,0.8448,0.033419,6131954,6131954,1663433,27.1273,1920,1080,raygs,triangles,1,off,0.1,on,-4
1781756706030128893,9360.66,475.256,2.10413,2.01882,1.99722,0.135008,0.226144,0.058368,0.733184,0.844512,0.029079,6131954,6131954,1663433,27.1273,1920,1080,raygs,triangles,1,off,0.1,on,-4
1781756706032304486,9362.84,474.393,2.10795,2.15632,2.13338,0.143456,0.22464,0.057568,0.864256,0.843456,0.048022,6131954,6131954,1663433,27.1273,1920,1080,raygs,triangles,1,off,0.1,on,-4
1781756706034288039,9364.82,473.976,2.10981,2.01427,1.99158,0.134592,0.22576,0.058368,0.729088,0.843776,0.018664,6131954,6131954,1663433,27.1273,1920,1080,raygs,triangles,1,off,0.1,on,-4
1781756706036365855,9366.9,474.242,2.10863,2.04208,2.02,0.13488,0.224512,0.058368,0.75776,0.84448,0.030758,6131954,6131954,1663433,27.1273,1920,1080,raygs,triangles,1,off,0.1,on,-4
1781756706038398727,9368.93,474.482,2.10756,2.01904,1.99523,0.135232,0.225696,0.057344,0.73216,0.8448,0.028911,6131954,6131954,1663433,27.1273,1920,1080,raygs,triangles,1,off,0.1,on,-4
1781756706040572857,9371.1,474.534,2.10733,2.02134,1.99952,0.135456,0.225664,0.058368,0.736256,0.843776,0.028114,6131954,6131954,1663433,27.1273,1920,1080,raygs,triangles,1,off,0.1,on,-4
1781756706042620509,9373.15,475.395,2.10352,2.02739,2.00461,0.139488,0.224864,0.058368,0.73728,0.844608,0.028181,6131954,6131954,1663433,27.1273,1920,1080,raygs,triangles,1,off,0.1,on,-4
1781756706044911428,9375.44,475.269,2.10407,2.26122,2.24,0.254528,0.221888,0.0576,0.862208,0.843776,0.031344,6131954,6131954,1663433,27.1273,1920,1080,raygs,triangles,1,off,0.1,on,-4
1781756706047140813,9377.67,474.373,2.10805,2.19814,2.17622,0.13616,0.225536,0.058368,0.877568,0.878592,0.028626,6131954,6131954,1663433,27.1273,1920,1080,raygs,triangles,1,off,0.1,on,-4
1781756706049375840,9379.91,473.693,2.11107,2.17555,2.15392,0.29792,0.22608,0.057344,0.729088,0.843488,0.03172,6131954,6131954,1663433,27.1273,1920,1080,raygs,triangles,1,off,0.1,on,-4
1781756706051393008,9381.92,472.986,2.11423,2.0128,1.99098,0.134816,0.226432,0.057728,0.727232,0.844768,0.030286,6131954,6131954,1663433,27.1273,1920,1080,raygs,triangles,1,off,0.1,on,-4
1781756706053426108,9383.96,473.018,2.11409,2.01581,1.99286,0.13408,0.226112,0.05776,0.730112,0.8448,0.027835,6131954,6131954,1663433,27.1273,1920,1080,raygs,triangles,1,off,0.1,on,-4
1781756706055474824,9386.01,473.632,2.11134,2.0193,1.99709,0.13552,0.226208,0.0584,0.733184,0.843776,0.026786,6131954,6131954,1663433,27.1273,1920,1080,raygs,triangles,1,off,0.1,on,-4
1781756706057546139,9388.08,473.547,2.11172,2.01987,1.99757,0.135072,0.22528,0.058368,0.735232,0.843616,0.028485,6131954,6131954,1663433,27.1273,1920,1080,raygs,triangles,1,off,0.1,on,-4
1781756706059682100,9390.21,474.641,2.10685,2.01715,1.99539,0.134944,0.223936,0.058368,0.733472,0.844672,0.02822,6131954,6131954,1663433,27.1273,1920,1080,raygs,triangles,1,off,0.1,on,-4
1781756706061729998,9392.26,474.354,2.10813,2.02032,1.99795,0.138592,0.225056,0.057344,0.73216,0.8448,0.030966,6131954,6131954,1663433,27.1273,1920,1080,raygs,triangles,1,off,0.1,on,-4
1781756706064005897,9394.54,474.408,2.10789,2.20954,2.18752,0.135264,0.226464,0.058368,0.923648,0.843776,0.031071,6131954,6131954,1663433,27.1273,1920,1080,raygs,triangles,1,off,0.1,on,-4
1781756706066231718,9396.76,473.526,2.11182,2.18339,2.16243,0.30064,0.227488,0.057344,0.73216,0.8448,0.04388,6131954,6131954,1663433,27.1273,1920,1080,raygs,triangles,1,off,0.1,on,-4
1781756706068210121,9398.74,472.8,2.11506,2.01302,1.99027,0.135616,0.225472,0.058368,0.726016,0.8448,0.021104,6131954,6131954,1663433,27.1273,1920,1080,raygs,triangles,1,off,0.1,on,-4
1781756706070271626,9400.8,473.225,2.11316,2.01894,1.99507,0.140288,0.224704,0.05824,0.728064,0.843776,0.028259,6131954,6131954,1663433,27.1273,1920,1080,raygs,triangles,1,off,0.1,on,-4
1781756706072313774,9402.84,473.579,2.11158,2.01878,1.99642,0.134976,0.226112,0.058368,0.733184,0.843776,0.031674,6131954,6131954,1663433,27.1273,1920,1080,raygs,triangles,1,off,0.1,on,-4
1781756706074365780,9404.9,473.418,2.1123,2.0208,2.00006,0.134976,0.225664,0.058368,0.73728,0.843776,0.029546,6131954,6131954,1663433,27.1273,1920,1080,raygs,triangles,1,off,0.1,on,-4
1781756706076523756,9407.05,474.637,2.10687,2.01997,1.99862,0.135136,0.22816,0.057344,0.734208,0.843776,0.028798,6131954,6131954,1663433,27.1273,1920,1080,raygs,triangles,1,off,0.1,on,-4
1781756706078576704,9409.11,474.922,2.10561,2.02554,2.00157,0.138688,0.224512,0.058368,0.736256,0.843744,0.029726,6131954,6131954,1663433,27.1273,1920,1080,raygs,triangles,1,off,0.1,on,-4
1781756706080809588,9411.34,474.733,2.10645,2.21075,2.18765,0.135488,0.225344,0.058368,0.924672,0.843776,0.027048,6131954,6131954,1663433,27.1273,1920,1080,raygs,triangles,1,off,0.1,on,-4
1781756706083003736,9413.53,474.005,2.10968,2.17821,2.15907,0.300832,0.228256,0.058368,0.72704,0.844576,0.027505,6131954,6131954,1663433,27.1273,1920,1080,raygs,triangles,1,off,0.1,on,-4
1781756706085065594,9415.6,473.965,2.10986,2.01456,1.99171,0.1352,0.225408,0.057536,0.729088,0.84448,0.029766,6131954,6131954,1663433,27.1273,1920,1080,raygs,triangles,1,off,0.1,on,-4
1781756706087101156,9417.63,473.538,2.11176,2.01587,1.99466,0.13616,0.227264,0.058368,0.728064,0.8448,0.027323,6131954,6131954,1663433,27.1273,1920,1080,raygs,triangles,1,off,0.1,on,-4
1781756706089145984,9419.68,473.808,2.11056,2.02173,1.99795,0.13488,0.225408,0.057536,0.73648,0.843648,0.027263,6131954,6131954,1663433,27.1273,1920,1080,raygs,triangles,1,off,0.1,on,-4
1781756706091214330,9421.74,474.007,2.10967,2.02038,1.99757,0.136576,0.226688,0.058368,0.73216,0.843776,0.03327,6131954,6131954,1663433,27.1273,1920,1080,raygs,triangles,1,off,0.1,on,-4
1781756706093382857,9423.91,475.23,2.10424,2.02013,1.99862,0.135296,0.225472,0.058208,0.735232,0.844416,0.02929,6131954,6131954,1663433,27.1273,1920,1080,raygs,triangles,1,off,0.1,on,-4
1781756706095564954,9426.1,474.718,2.10651,2.02381,2.00138,0.138432,0.224704,0.05744,0.736256,0.844544,0.052641,6131954,6131954,1663433,27.1273,1920,1080,raygs,triangles,1,off,0.1,on,-4
1781756706097798430,9428.33,474.888,2.10576,2.3319,2.3121,0.319072,0.222336,0.058368,0.867776,0.844544,0.019527,6131954,6131954,1663433,27.1273,1920,1080,raygs,triangles,1,off,0.1,on,-4
1781756706099814257,9430.34,473.639,2.11131,2.01424,1.99194,0.133504,0.226272,0.058368,0.729088,0.844704,0.028486,6131954,6131954,1663433,27.1273,1920,1080,raygs,triangles,1,off,0.1,on,-4
1781756706101893118,9432.42,473.581,2.11157,2.01587,1.99219,0.135328,0.225632,0.057344,0.731136,0.842752,0.032251,6131954,6131954,1663433,27.1273,1920,1080,raygs,triangles,1,off,0.1,on,-4
1781756706103908901,9434.44,473.203,2.11326,2.01293,1.99021,0.13424,0.225568,0.057728,0.728064,0.844608,0.028364,6131954,6131954,1663433,27.1273,1920,1080,raygs,triangles,1,off,0.1,on,-4
1781756706105959483,9436.49,474.5,2.10748,2.01904,1.99686,0.135232,0.226336,0.057344,0.733184,0.844768,0.028863,6131954,6131954,1663433,27.1273,1920,1080,raygs,triangles,1,off,0.1,on,-4
1781756706108080391,9438.61,473.781,2.11068,2.01712,1.99494,0.13488,0.225792,0.058368,0.733184,0.84272,0.042026,6131954,6131954,1663433,27.1273,1920,1080,raygs,triangles,1,off,0.1,on,-4
1781756706110286112,9440.82,474.868,2.10585,2.14374,1.99574,0.135008,0.224416,0.058336,0.733184,0.8448,0.018779,6131954,6131954,1663433,27.1273,1920,1080,raygs,triangles,1,off,0.1,on,-4
1781756706112368193,9442.9,474.273,2.10849,2.02614,2.004,0.13824,0.224288,0.057344,0.739328,0.8448,0.048468,6131954,6131954,1663433,27.1273,1920,1080,raygs,triangles,1,off,0.1,on,-4
1781756706114912991,9445.44,473.93,2.11001,2.35421,2.33424,0.342432,0.2224,0.057344,0.867328,0.844736,0.029993,6131954,6131954,1663433,27.1273,1920,1080,raygs,triangles,1,off,0.1,on,-4
1781756706116926205,9447.46,472.111,2.11815,2.02346,2.0031,0.126336,0.221984,0.058368,0.751616,0.8448,0.051511,6131954,6131954,1663433,27.1273,1920,1080,raygs,triangles,1,off,0.1,on,-4
1781756706118946071,9449.48,472.234,2.1176,2.0128,1.99088,0.134112,0.225536,0.058368,0.728064,0.8448,0.037579,6131954,6131954,1663433,27.1273,1920,1080,raygs,triangles,1,off,0.1,on,-4
1781756706120986345,9451.52,472.319,2.11721,2.01632,1.99411,0.13456,0.225856,0.05776,0.731136,0.8448,0.036764,6131954,6131954,1663433,27.1273,1920,1080,raygs,triangles,1,off,0.1,on,-4
1781756706123035694,9453.57,472.838,2.11489,2.01968,1.99837,0.13488,0.226112,0.058368,0.735232,0.843776,0.03634,6131954,6131954,1663433,27.1273,1920,1080,raygs,triangles,1,off,0.1,on,-4
1781756706125078140,9455.61,473.743,2.11085,2.01805,1.9944,0.134272,0.224448,0.0576,0.734304,0.843776,0.036289,6131954,6131954,1663433,27.1273,1920,1080,raygs,triangles,1,off,0.1,on,-4
1781756706127262222,9457.79,474.186,2.10888,2.02134,1.99955,0.134496,0.22704,0.058368,0.736256,0.843392,0.038049,6131954,6131954,1663433,27.1273,1920,1080,raygs,triangles,1,off,0.1,on,-4
1781756706129313820,9459.84,473.636,2.11132,2.0256,2.00291,0.13824,0.223424,0.058144,0.738304,0.8448,0.041566,6131954,6131954,1663433,27.1273,1920,1080,raygs,triangles,1,off,0.1,on,-4
1781756706131671594,9462.2,473.933,2.11,2.34045,2.32147,0.329856,0.223168,0.058368,0.86528,0.8448,0.038592,6131954,6131954,1663433,27.1273,1920,1080,raygs,triangles,1,off,0.1,on,-4
1781756706133706350,9464.24,472.582,2.11603,2.01488,1.99174,0.134176,0.225088,0.057568,0.731136,0.843776,0.038799,6131954,6131954,1663433,27.1273,1920,1080,raygs,triangles,1,off,0.1,on,-4
1781756706135747578,9466.28,472.616,2.11588,2.01587,1.99197,0.135008,0.225728,0.057344,0.730112,0.843776,0.036872,6131954,6131954,1663433,27.1273,1920,1080,raygs,triangles,1,off,0.1,on,-4
1781756706137791631,9468.32,472.77,2.11519,2.01731,1.9952,0.134848,0.224832,0.058368,0.732352,0.8448,0.036818,6131954,6131954,1663433,27.1273,1920,1080,raygs,triangles,1,off,0.1,on,-4
1781756706139837903,9470.37,473.115,2.11365,2.02128,1.9991,0.134944,0.226592,0.057344,0.735648,0.844576,0.036975,6131954,6131954,1663433,27.1273,1920,1080,raygs,triangles,1,off,0.1,on,-4
1781756706141883251,9472.41,473.809,2.11056,2.01888,1.99648,0.134048,0.225888,0.057344,0.734464,0.844736,0.035728,6131954,6131954,1663433,27.1273,1920,1080,raygs,triangles,1,off,0.1,on,-4
1781756706144060453,9474.59,474.333,2.10822,2.01843,1.99613,0.134656,0.227168,0.058368,0.731136,0.8448,0.037456,6131954,6131954,1663433,27.1273,1920,1080,raygs,triangles,1,off,0.1,on,-4
1781756706146114852,9476.65,473.798,2.1106,2.02541,2.00246,0.137504,0.224608,0.057344,0.738304,0.844704,0.040706,6131954,6131954,1663433,27.1273,1920,1080,raygs,triangles,1,off,0.1,on,-4
1781756706148378879,9478.91,474.26,2.10855,2.34051,2.32195,0.330784,0.22256,0.058368,0.8656,0.84464,0.020048,6131954,6131954,1663433,27.1273,1920,1080,raygs,triangles,1,off,0.1,on,-4
1781756706150396456,9480.93,473.284,2.1129,2.01517,1.99142,0.134464,0.225728,0.058368,0.729088,0.843776,0.029203,6131954,6131954,1663433,27.1273,1920,1080,raygs,triangles,1,off,0.1,on,-4
1781756706152482188,9483.01,473.424,2.11227,2.01453,1.99258,0.134816,0.226528,0.058368,0.729088,0.843776,0.033448,6131954,6131954,1663433,27.1273,1920,1080,raygs,triangles,1,off,0.1,on,-4
1781756706154484633,9485.02,473.29,2.11287,2.01885,1.99654,0.135072,0.226144,0.057344,0.733184,0.8448,0.028528,6131954,6131954,1663433,27.1273,1920,1080,raygs,triangles,1,off,0.1,on,-4
1781756706156532582,9487.06,473.834,2.11044,2.02202,1.99878,0.135168,0.22528,0.05728,0.73728,0.843776,0.028421,6131954,6131954,1663433,27.1273,1920,1080,raygs,triangles,1,off,0.1,on,-4
1781756706158644808,9489.18,474.649,2.10682,2.02061,1.99709,0.134752,0.226112,0.05824,0.733184,0.8448,0.041973,6131954,6131954,1663433,27.1273,1920,1080,raygs,triangles,1,off,0.1,on,-4
1781756706160733555,9491.26,474.878,2.1058,2.01725,1.99501,0.134752,0.224928,0.057344,0.733184,0.8448,0.017777,6131954,6131954,1663433,27.1273,1920,1080,raygs,triangles,1,off,0.1,on,-4
1781756706162809868,9493.34,474.661,2.10677,2.02035,1.99837,0.136544,0.223456,0.058368,0.735328,0.844672,0.041602,6131954,6131954,1663433,27.1273,1920,1080,raygs,triangles,1,off,0.1,on,-4
1781756706165225779,9495.76,474.56,2.10721,2.3367,2.31811,0.328,0.222688,0.058368,0.864256,0.8448,0.02401,6131954,6131954,1663433,27.1273,1920,1080,raygs,triangles,1,off,0.1,on,-4
1781756706167221674,9497.75,473.039,2.11399,2.02691,2.00659,0.126752,0.223008,0.058368,0.754688,0.843776,0.033549,6131954,6131954,1663433,27.1273,1920,1080,raygs,triangles,1,off,0.1,on,-4
1781756706169239166,9499.77,473.516,2.11186,2.01446,1.9936,0.135264,0.224928,0.058336,0.730304,0.844768,0.028524,6131954,6131954,1663433,27.1273,1920,1080,raygs,triangles,1,off,0.1,on,-4
1781756706171284405,9501.82,473.929,2.11002,2.02045,1.99795,0.135616,0.227136,0.057568,0.733184,0.844448,0.031276,6131954,6131954,1663433,27.1273,1920,1080,raygs,triangles,1,off,0.1,on,-4
1781756706173347568,9503.88,474.803,2.10614,2.01994,1.9976,0.135136,0.226048,0.058432,0.735232,0.842752,0.028933,6131954,6131954,1663433,27.1273,1920,1080,raygs,triangles,1,off,0.1,on,-4
1781756706175412448,9505.94,475.412,2.10344,2.01709,1.99549,0.13536,0.22576,0.058368,0.731584,0.844416,0.027726,6131954,6131954,1663433,27.1273,1920,1080,raygs,triangles,1,off,0.1,on,-4
1781756706177756025,9508.29,475.177,2.10448,2.13898,2.11654,0.134976,0.349408,0.058272,0.730112,0.843776,0.053013,6131954,6131954,1663433,27.1273,1920,1080,raygs,triangles,1,off,0.1,on,-4
1781756706179931293,9510.46,474.797,2.10616,2.02314,2.00029,0.134624,0.22512,0.058272,0.738592,0.84368,0.041971,6131954,6131954,1663433,27.1273,1920,1080,raygs,triangles,1,off,0.1,on,-4
1781756706182114261,9512.64,474.189,2.10886,2.16406,2.14282,0.147648,0.222624,0.058368,0.868352,0.845824,0.027397,6131954,6131954,1663433,27.1273,1920,1080,raygs,triangles,1,off,0.1,on,-4
1781756706184156677,9514.69,473.766,2.11075,2.0055,1.98416,0.128128,0.223392,0.058752,0.730112,0.843776,0.05253,6131954,6131954,1663433,27.1273,1920,1080,raygs,triangles,1,off,0.1,on,-4
1781756706186243073,9516.77,473.836,2.11043,2.0455,2.0216,0.135072,0.22576,0.057344,0.758784,0.84464,0.028621,6131954,6131954,1663433,27.1273,1920,1080,raygs,triangles,1,off,0.1,on,-4
1781756706188190351,9518.72,474.057,2.10945,2.0216,1.99984,0.13472,0.2256,0.058368,0.736352,0.8448,0.032305,6131954,6131954,1663433,27.1273,1920,1080,raygs,triangles,1,off,0.1,on,-4
1781756706190299208,9520.83,474.415,2.10786,2.15139,2.12835,0.134464,0.352672,0.058208,0.739328,0.84368,0.017516,6131954,6131954,1663433,27.1273,1920,1080,raygs,triangles,1,off,0.1,on,-4
1781756706192347196,9522.88,475.093,2.10485,2.02192,1.99814,0.13504,0.227776,0.057344,0.734208,0.843776,0.027681,6131954,6131954,1663433,27.1273,1920,1080,raygs,triangles,1,off,0.1,on,-4
1781756706194518761,9525.05,475.768,2.10186,2.01734,1.99382,0.135584,0.226208,0.058144,0.729088,0.8448,0.029432,6131954,6131954,1663433,27.1273,1920,1080,raygs,triangles,1,off,0.1,on,-4
1781756706196742183,9527.27,475.016,2.10519,2.20208,2.17875,0.139072,0.224128,0.057344,0.914432,0.843776,0.029961,6131954,6131954,1663433,27.1273,1920,1080,raygs,triangles,1,off,0.1,on,-4
1781756706199184255,9529.71,474.39,2.10797,2.01469,1.99469,0.142752,0.220608,0.057536,0.729088,0.844704,0.044541,6131954,6131954,1663433,27.1273,1920,1080,raygs,triangles,1,off,0.1,on,-4
1781756706201169246,9531.7,472.803,2.11504,2.01354,1.99174,0.13184,0.224928,0.058368,0.73216,0.844448,0.051737,6131954,6131954,1663433,27.1273,1920,1080,raygs,triangles,1,off,0.1,on,-4
1781756706203204080,9533.73,473.094,2.11374,2.04464,2.02301,0.135232,0.226016,0.058176,0.759808,0.843776,0.041898,6131954,6131954,1663433,27.1273,1920,1080,raygs,triangles,1,off,0.1,on,-4
1781756706205253930,9535.78,473.54,2.11176,2.01757,1.99523,0.134144,0.22576,0.058368,0.733184,0.843776,0.036858,6131954,6131954,1663433,27.1273,1920,1080,raygs,triangles,1,off,0.1,on,-4
1781756706207301293,9537.83,473.644,2.11129,2.01942,1.99606,0.134912,0.226688,0.057344,0.733376,0.843744,0.031968,6131954,6131954,1663433,27.1273,1920,1080,raygs,triangles,1,off,0.1,on,-4
1781756706209226137,9539.76,474.289,2.10842,2.01558,1.99318,0.134368,0.225536,0.058368,0.731136,0.843776,0.020376,6131954,6131954,1663433,27.1273,1920,1080,raygs,triangles,1,off,0.1,on,-4
1781756706211520107,9542.05,475.217,2.1043,2.1343,2.112,0.134816,0.342912,0.058368,0.731136,0.844768,0.051117,6131954,6131954,1663433,27.1273,1920,1080,raygs,triangles,1,off,0.1,on,-4
1781756706213711533,9544.24,474.427,2.10781,2.02333,2.00157,0.135424,0.225984,0.058112,0.73728,0.844768,0.042049,6131954,6131954,1663433,27.1273,1920,1080,raygs,triangles,1,off,0.1,on,-4
1781756706215937565,9546.47,473.886,2.11021,2.20915,2.18784,0.140384,0.224736,0.058368,0.920576,0.843776,0.026257,6131954,6131954,1663433,27.1273,1920,1080,raygs,triangles,1,off,0.1,on,-4
1781756706218004449,9548.54,473.123,2.11361,2.00445,1.98477,0.126816,0.225632,0.058368,0.730368,0.843584,0.053666,6131954,6131954,1663433,27.1273,1920,1080,raygs,triangles,1,off,0.1,on,-4
1781756706220096657,9550.63,473.193,2.1133,2.04416,2.02259,0.135136,0.22448,0.058368,0.759808,0.8448,0.040005,6131954,6131954,1663433,27.1273,1920,1080,raygs,triangles,1,off,0.1,on,-4
1781756706222128104,9552.66,473.462,2.1121,2.01914,1.99632,0.1344,0.225568,0.058368,0.734208,0.843776,0.038674,6131954,6131954,1663433,27.1273,1920,1080,raygs,triangles,1,off,0.1,on,-4
1781756706224202374,9554.73,473.992,2.10974,2.02022,1.99917,0.135776,0.225824,0.058368,0.734528,0.844672,0.045101,6131954,6131954,1663433,27.1273,1920,1080,raygs,triangles,1,off,0.1,on,-4
1781756706226248213,9556.78,474.558,2.10723,2.0201,1.9969,0.135296,0.225248,0.057344,0.734208,0.8448,0.041656,6131954,6131954,1663433,27.1273,1920,1080,raygs,triangles,1,off,0.1,on,-4
1781756706228412201,9558.94,474.431,2.10779,2.14506,2.12272,0.135552,0.35184,0.058368,0.733184,0.843776,0.039301,6131954,6131954,1663433,27.1273,1920,1080,raygs,triangles,1,off,0.1,on,-4
1781756706230615439,9561.15,474.184,2.10889,2.01334,1.99098,0.134944,0.224896,0.058272,0.730112,0.842752,0.046561,6131954,6131954,1663433,27.1273,1920,1080,raygs,triangles,1,off,0.1,on,-4
1781756706232803293,9563.33,473.455,2.11213,2.22829,2.20525,0.15488,0.224576,0.058368,0.922624,0.8448,0.02734,6131954,6131954,1663433,27.1273,1920,1080,raygs,triangles,1,off,0.1,on,-4
1781756706234878870,9565.41,473.008,2.11413,2.00122,1.97955,0.126624,0.223424,0.057664,0.72704,0.8448,0.050241,6131954,6131954,1663433,27.1273,1920,1080,raygs,triangles,1,off,0.1,on,-4
1781756706236898966,9567.43,473.103,2.1137,2.0344,2.01107,0.135232,0.225152,0.058368,0.74752,0.8448,0.037038,6131954,6131954,1663433,27.1273,1920,1080,raygs,triangles,1,off,0.1,on,-4
1781756706238936339,9569.47,473.797,2.11061,2.01805,1.9953,0.134592,0.2264,0.057344,0.73216,0.8448,0.036081,6131954,6131954,1663433,27.1273,1920,1080,raygs,triangles,1,off,0.1,on,-4
1781756706240982054,9571.51,474.116,2.10919,2.01907,1.99674,0.134656,0.226688,0.058368,0.733248,0.843776,0.03571,6131954,6131954,1663433,27.1273,1920,1080,raygs,triangles,1,off,0.1,on,-4
1781756706243041225,9573.57,475.933,2.10114,2.01811,1.99536,0.134304,0.22576,0.058368,0.733184,0.843744,0.038764,6131954,6131954,1663433,27.1273,1920,1080,raygs,triangles,1,off,0.1,on,-4
1781756706245206344,9575.74,475.76,2.1019,2.13389,2.11158,0.134944,0.34336,0.057344,0.731136,0.8448,0.040387,6131954,6131954,1663433,27.1273,1920,1080,raygs,triangles,1,off,0.1,on,-4
1781756706247466053,9578,475.228,2.10425,2.01248,1.99011,0.135488,0.226464,0.057344,0.72704,0.843776,0.039851,6131954,6131954,1663433,27.1273,1920,1080,raygs,triangles,1,off,0.1,on,-4
1781756706249494557,9580.03,474.322,2.10827,2.1593,2.13664,0.14752,0.222176,0.05824,0.864256,0.844448,0.019356,6131954,6131954,1663433,27.1273,1920,1080,raygs,triangles,1,off,0.1,on,-4
1781756706251500713,9582.03,474.549,2.10726,2.00384,1.98378,0.1272,0.22432,0.060416,0.728064,0.843776,0.029612,6131954,6131954,1663433,27.1273,1920,1080,raygs,triangles,1,off,0.1,on,-4
1781756706253546098,9584.08,474.594,2.10706,2.01581,1.99366,0.135296,0.225888,0.060064,0.729088,0.843328,0.030448,6131954,6131954,1663433,27.1273,1920,1080,raygs,triangles,1,off,0.1,on,-4
1781756706255585624,9586.12,475.154,2.10458,2.01434,1.99203,0.134848,0.22512,0.058176,0.730112,0.843776,0.028166,6131954,6131954,1663433,27.1273,1920,1080,raygs,triangles,1,off,0.1,on,-4
1781756706257623611,9588.15,475.27,2.10407,2.01891,1.99766,0.13408,0.225184,0.058368,0.735232,0.8448,0.027047,6131954,6131954,1663433,27.1273,1920,1080,raygs,triangles,1,off,0.1,on,-4
1781756706259673186,9590.2,476.347,2.09931,2.01981,1.99728,0.136,0.224928,0.058368,0.734208,0.843776,0.02806,6131954,6131954,1663433,27.1273,1920,1080,raygs,triangles,1,off,0.1,on,-4
1781756706261967686,9592.5,476.412,2.09902,2.13789,2.11386,0.13632,0.342208,0.057344,0.734208,0.843776,0.048263,6131954,6131954,1663433,27.1273,1920,1080,raygs,triangles,1,off,0.1,on,-4
1781756706264314567,9594.85,475.392,2.10353,2.20269,1.99283,0.135072,0.2256,0.058272,0.729088,0.8448,0.039789,6131954,6131954,1663433,27.1273,1920,1080,raygs,triangles,1,off,0.1,on,-4
1781756706266328029,9596.86,474.254,2.10858,2.0176,1.99523,0.138912,0.224672,0.058208,0.730112,0.843328,0.024723,6131954,6131954,1663433,27.1273,1920,1080,raygs,triangles,1,off,0.1,on,-4
1781756706268335371,9598.87,474.391,2.10796,2.0159,1.99552,0.127008,0.222944,0.060416,0.741376,0.843776,0.042488,6131954,6131954,1663433,27.1273,1920,1080,raygs,triangles,1,off,0.1,on,-4
1781756706270461975,9600.99,474.538,2.10731,2.14656,2.12611,0.270176,0.223104,0.057344,0.73216,0.843328,0.020112,6131954,6131954,1663433,27.1273,1920,1080,raygs,triangles,1,off,0.1,on,-4
1781756706272528656,9603.06,474.735,2.10644,2.0175,1.99635,0.13472,0.225152,0.058368,0.733536,0.844576,0.033772,6131954,6131954,1663433,27.1273,1920,1080,raygs,triangles,1,off,0.1,on,-4
1781756706274552750,9605.08,474.651,2.10681,2.01683,1.99456,0.135104,0.22608,0.058464,0.731136,0.843776,0.028996,6131954,6131954,1663433,27.1273,1920,1080,raygs,triangles,1,off,0.1,on,-4
1781756706276737550,9607.27,475.55,2.10283,2.01971,1.99808,0.133856,0.22672,0.058368,0.734336,0.8448,0.034553,6131954,6131954,1663433,27.1273,1920,1080,raygs,triangles,1,off,0.1,on,-4
1781756706278794367,9609.33,474.846,2.10595,2.02502,2.00278,0.138208,0.226176,0.058368,0.736256,0.843776,0.033948,6131954,6131954,1663433,27.1273,1920,1080,raygs,triangles,1,off,0.1,on,-4
1781756706281052933,9611.58,474.989,2.10531,2.19539,2.17283,0.13472,0.224608,0.058368,0.91136,0.843776,0.049132,6131954,6131954,1663433,27.1273,1920,1080,raygs,triangles,1,off,0.1,on,-4
1781756706283311171,9613.84,474.038,2.10953,2.18208,2.16125,0.301344,0.228672,0.057344,0.729088,0.8448,0.025896,6131954,6131954,1663433,27.1273,1920,1080,raygs,triangles,1,off,0.1,on,-4
1781756706285354141,9615.88,473.163,2.11344,2.00544,1.98339,0.127776,0.225408,0.058368,0.728064,0.843776,0.052154,6131954,6131954,1663433,27.1273,1920,1080,raygs,triangles,1,off,0.1,on,-4
1781756706287432095,9617.96,473.511,2.11188,2.01562,1.99533,0.13632,0.226752,0.058368,0.730112,0.843776,0.036999,6131954,6131954,1663433,27.1273,1920,1080,raygs,triangles,1,off,0.1,on,-4
1781756706289332857,9619.86,473.549,2.11171,2.01702,1.9959,0.135008,0.225792,0.058368,0.73216,0.844576,0.01928,6131954,6131954,1663433,27.1273,1920,1080,raygs,triangles,1,off,0.1,on,-4
1781756706291375345,9621.91,474.186,2.10888,2.01968,1.99629,0.135872,0.226112,0.057344,0.734208,0.842752,0.029724,6131954,6131954,1663433,27.1273,1920,1080,raygs,triangles,1,off,0.1,on,-4
1781756706293526834,9624.06,475.669,2.1023,2.01789,1.99453,0.135104,0.22512,0.057344,0.733184,0.843776,0.027661,6131954,6131954,1663433,27.1273,1920,1080,raygs,triangles,1,off,0.1,on,-4
1781756706295573837,9626.1,475.289,2.10398,2.02435,2.00166,0.138496,0.224768,0.058368,0.735232,0.8448,0.027381,6131954,6131954,1663433,27.1273,1920,1080,raygs,triangles,1,off,0.1,on,-4
1781756706297944077,9628.47,474.93,2.10558,2.34611,2.32691,0.334752,0.223904,0.058176,0.866304,0.843776,0.029485,6131954,6131954,1663433,27.1273,1920,1080,raygs,triangles,1,off,0.1,on,-4
1781756706299982094,9630.51,473.695,2.11106,2.0137,1.99088,0.13504,0.224896,0.057344,0.728064,0.845536,0.027153,6131954,6131954,1663433,27.1273,1920,1080,raygs,triangles,1,off,0.1,on,-4
1781756706302030251,9632.56,473.823,2.11049,2.00384,1.98419,0.12768,0.224576,0.060416,0.726016,0.845504,0.027775,6131954,6131954,1663433,27.1273,1920,1080,raygs,triangles,1,off,0.1,on,-4
1781756706304065501,9634.6,474.722,2.1065,2.01456,1.992,0.135904,0.226336,0.05776,0.728288,0.843712,0.028098,6131954,6131954,1663433,27.1273,1920,1080,raygs,triangles,1,off,0.1,on,-4
1781756706306152998,9636.68,475.04,2.10508,2.02131,1.99971,0.134528,0.226912,0.058368,0.735232,0.844672,0.030231,6131954,6131954,1663433,27.1273,1920,1080,raygs,triangles,1,off,0.1,on,-4
1781756706308165434,9638.7,475.395,2.10351,2.01926,1.99699,0.134784,0.226816,0.057344,0.734272,0.843776,0.028616,6131954,6131954,1663433,27.1273,1920,1080,raygs,triangles,1,off,0.1,on,-4
1781756706310336619,9640.87,476.019,2.10076,2.02077,1.99872,0.134944,0.225376,0.057344,0.73728,0.843776,0.029027,6131954,6131954,1663433,27.1273,1920,1080,raygs,triangles,1,off,0.1,on,-4
1781756706312376100,9642.91,475.637,2.10244,2.02675,2.00451,0.138496,0.225568,0.057344,0.738304,0.8448,0.028106,6131954,6131954,1663433,27.1273,1920,1080,raygs,triangles,1,off,0.1,on,-4
1781756706314949445,9645.48,475.218,2.1043,2.34291,2.32317,0.330112,0.22304,0.058368,0.867328,0.84432,0.056269,6131954,6131954,1663433,27.1273,1920,1080,raygs,triangles,1,off,0.1,on,-4
1781756706316923624,9647.45,473.265,2.11298,2.01187,1.988,0.135232,0.225632,0.057344,0.726016,0.843776,0.026862,6131954,6131954,1663433,27.1273,1920,1080,raygs,triangles,1,off,0.1,on,-4
1781756706319007200,9649.54,473.737,2.11088,2.02592,2.00653,0.126752,0.223616,0.057696,0.754688,0.843776,0.050918,6131954,6131954,1663433,27.1273,1920,1080,raygs,triangles,1,off,0.1,on,-4
1781756706321022443,9651.55,473.57,2.11162,2.01485,1.99318,0.135136,0.225024,0.058112,0.731136,0.843776,0.037339,6131954,6131954,1663433,27.1273,1920,1080,raygs,triangles,1,off,0.1,on,-4
1781756706323071423,9653.6,474.215,2.10875,2.02147,1.99798,0.134592,0.225024,0.057344,0.736256,0.844768,0.037109,6131954,6131954,1663433,27.1273,1920,1080,raygs,triangles,1,off,0.1,on,-4
1781756706325110287,9655.64,474.96,2.10544,2.0167,1.99421,0.133952,0.224992,0.058304,0.733184,0.843776,0.037565,6131954,6131954,1663433,27.1273,1920,1080,raygs,triangles,1,off,0.1,on,-4
1781756706327289424,9657.82,476.612,2.09814,2.01798,1.99536,0.1352,0.224832,0.057344,0.733184,0.8448,0.03813,6131954,6131954,1663433,27.1273,1920,1080,raygs,triangles,1,off,0.1,on,-4
1781756706329338480,9659.87,475.807,2.10169,2.02643,2.00394,0.13856,0.224928,0.058368,0.738304,0.843776,0.03831,6131954,6131954,1663433,27.1273,1920,1080,raygs,triangles,1,off,0.1,on,-4
1781756706331686639,9662.22,475.685,2.10223,2.32634,2.3049,0.315552,0.221888,0.0576,0.86528,0.844576,0.041811,6131954,6131954,1663433,27.1273,1920,1080,raygs,triangles,1,off,0.1,on,-4
1781756706333710110,9664.24,474.567,2.10719,2.01507,1.99373,0.13536,0.225088,0.058368,0.731136,0.843776,0.02538,6131954,6131954,1663433,27.1273,1920,1080,raygs,triangles,1,off,0.1,on,-4
1781756706335782617,9666.31,474.61,2.10699,2.01987,1.99962,0.12736,0.223232,0.060576,0.744864,0.843584,0.051014,6131954,6131954,1663433,27.1273,1920,1080,raygs,triangles,1,off,0.1,on,-4
1781756706337808346,9668.34,474.109,2.10922,2.01293,1.99072,0.134336,0.226048,0.058368,0.728192,0.843776,0.036878,6131954,6131954,1663433,27.1273,1920,1080,raygs,triangles,1,off,0.1,on,-4
1781756706339852158,9670.38,475.14,2.10464,2.0201,1.99802,0.13424,0.227712,0.057056,0.734208,0.8448,0.036376,6131954,6131954,1663433,27.1273,1920,1080,raygs,triangles,1,off,0.1,on,-4
1781756706341932946,9672.46,475.665,2.10232,2.0185,1.99635,0.13472,0.22528,0.057344,0.736256,0.842752,0.038235,6131954,6131954,1663433,27.1273,1920,1080,raygs,triangles,1,off,0.1,on,-4
1781756706344142342,9674.67,476.19,2.1,2.01837,1.9961,0.135168,0.225536,0.05776,0.733184,0.844448,0.043757,6131954,6131954,1663433,27.1273,1920,1080,raygs,triangles,1,off,0.1,on,-4
1781756706346164160,9676.69,475.635,2.10245,2.02701,2.00573,0.139104,0.225152,0.058368,0.739328,0.843776,0.038425,6131954,6131954,1663433,27.1273,1920,1080,raygs,triangles,1,off,0.1,on,-4
1781756706348471148,9679,475.955,2.10104,2.32784,2.30864,0.321536,0.222048,0.058464,0.863232,0.84336,0.040987,6131954,6131954,1663433,27.1273,1920,1080,raygs,triangles,1,off,0.1,on,-4
1781756706350412378,9680.94,474.953,2.10547,2.01216,1.99078,0.135552,0.224128,0.058368,0.728064,0.844672,0.020585,6131954,6131954,1663433,27.1273,1920,1080,raygs,triangles,1,off,0.1,on,-4
1781756706352558018,9683.09,475.496,2.10307,2.13206,2.11226,0.1264,0.35296,0.060192,0.728064,0.84464,0.031026,6131954,6131954,1663433,27.1273,1920,1080,raygs,triangles,1,off,0.1,on,-4
1781756706354634404,9685.17,475.039,2.10509,2.01814,1.99533,0.134336,0.225664,0.058368,0.73216,0.8448,0.033637,6131954,6131954,1663433,27.1273,1920,1080,raygs,triangles,1,off,0.1,on,-4
1781756706356718093,9687.25,475.454,2.10325,2.01882,1.99718,0.135136,0.22528,0.05776,0.734208,0.8448,0.043903,6131954,6131954,1663433,27.1273,1920,1080,raygs,triangles,1,off,0.1,on,-4
1781756706358700070,9689.23,475.903,2.10127,2.02195,2.00083,0.135072,0.226208,0.058368,0.736384,0.8448,0.019075,6131954,6131954,1663433,27.1273,1920,1080,raygs,triangles,1,off,0.1,on,-4
1781756706361008962,9691.54,476.572,2.09832,2.1401,2.11654,0.135424,0.22512,0.17408,0.73712,0.8448,0.033934,6131954,6131954,1663433,27.1273,1920,1080,raygs,triangles,1,off,0.1,on,-4
1781756706363069974,9693.6,475.733,2.10202,2.02384,2.0017,0.138944,0.224352,0.058368,0.736256,0.843776,0.040343,6131954,6131954,1663433,27.1273,1920,1080,raygs,triangles,1,off,0.1,on,-4
1781756706365627397,9696.16,475.333,2.10379,2.35626,2.33536,0.343456,0.222016,0.05776,0.868352,0.843776,0.046821,6131954,6131954,1663433,27.1273,1920,1080,raygs,triangles,1,off,0.1,on,-4
1781756706367587451,9698.12,473.556,2.11168,2.01485,1.99126,0.135424,0.225472,0.057696,0.728064,0.844608,0.0279,6131954,6131954,1663433,27.1273,1920,1080,raygs,triangles,1,off,0.1,on,-4
1781756706369666544,9700.2,473.922,2.11005,2.05309,2.03354,0.127072,0.222912,0.058368,0.780416,0.844768,0.049333,6131954,6131954,1663433,27.1273,1920,1080,raygs,triangles,1,off,0.1,on,-4
1781756706371700959,9702.23,473.847,2.11039,2.01958,1.99702,0.135072,0.2256,0.058368,0.734208,0.843776,0.037533,6131954,6131954,1663433,27.1273,1920,1080,raygs,triangles,1,off,0.1,on,-4
1781756706373746352,9704.28,474.341,2.10819,2.02013,1.99875,0.134496,0.22688,0.058368,0.735232,0.843776,0.036379,6131954,6131954,1663433,27.1273,1920,1080,raygs,triangles,1,off,0.1,on,-4
1781756706375796179,9706.33,475.198,2.10439,2.0208,1.99958,0.134944,0.225408,0.058368,0.736256,0.844608,0.036727,6131954,6131954,1663433,27.1273,1920,1080,raygs,triangles,1,off,0.1,on,-4
1781756706377960736,9708.49,474.96,2.10544,2.13571,2.11382,0.134144,0.342304,0.058368,0.734208,0.8448,0.036581,6131954,6131954,1663433,27.1273,1920,1080,raygs,triangles,1,off,0.1,on,-4
1781756706380199113,9710.73,474.467,2.10763,2.02467,2.00038,0.135104,0.225088,0.057344,0.738304,0.844544,0.040217,6131954,6131954,1663433,27.1273,1920,1080,raygs,triangles,1,off,0.1,on,-4
1781756706382396927,9712.93,473.709,2.111,2.16579,2.14227,0.151968,0.223904,0.057344,0.86528,0.843776,0.040176,6131954,6131954,1663433,27.1273,1920,1080,raygs,triangles,1,off,0.1,on,-4
1781756706384422379,9714.95,473.051,2.11394,2.01174,1.99014,0.135104,0.225152,0.058368,0.72704,0.84448,0.024818,6131954,6131954,1663433,27.1273,1920,1080,raygs,triangles,1,off,0.1,on,-4
1781756706386514845,9717.05,473.223,2.11317,2.04893,2.03011,0.127264,0.221632,0.061248,0.776192,0.843776,0.051361,6131954,6131954,1663433,27.1273,1920,1080,raygs,triangles,1,off,0.1,on,-4
1781756706388545286,9719.08,472.939,2.11444,2.0192,1.99562,0.135488,0.225728,0.057344,0.73328,0.843776,0.035784,6131954,6131954,1663433,27.1273,1920,1080,raygs,triangles,1,off,0.1,on,-4
1781756706390591960,9721.12,473.987,2.10976,2.01827,1.99696,0.135008,0.2256,0.058368,0.733184,0.8448,0.035955,6131954,6131954,1663433,27.1273,1920,1080,raygs,triangles,1,off,0.1,on,-4
1781756706392662284,9723.19,475.116,2.10475,2.01552,1.99344,0.134784,0.224352,0.058368,0.733184,0.842752,0.039313,6131954,6131954,1663433,27.1273,1920,1080,raygs,triangles,1,off,0.1,on,-4
1781756706394914120,9725.44,474.829,2.10602,2.13558,2.11322,0.134048,0.34416,0.058048,0.73216,0.8448,0.041315,6131954,6131954,1663433,27.1273,1920,1080,raygs,triangles,1,off,0.1,on,-4
1781756706397023661,9727.55,473.88,2.11024,2.01949,1.99613,0.135392,0.224384,0.058368,0.733184,0.8448,0.038152,6131954,6131954,1663433,27.1273,1920,1080,raygs,triangles,1,off,0.1,on,-4
1781756706399272944,9729.8,473.991,2.10974,2.20909,2.18541,0.138912,0.2248,0.057344,0.920576,0.843776,0.041472,6131954,6131954,1663433,27.1273,1920,1080,raygs,triangles,1,off,0.1,on,-4
1781756706401307402,9731.84,473.374,2.1125,2.01347,1.99251,0.134784,0.225472,0.058368,0.729088,0.8448,0.026501,6131954,6131954,1663433,27.1273,1920,1080,raygs,triangles,1,off,0.1,on,-4
1781756706403392193,9733.92,473.208,2.11324,2.04963,2.02982,0.1272,0.223136,0.059392,0.775584,0.844512,0.050099,6131954,6131954,1663433,27.1273,1920,1080,raygs,triangles,1,off,0.1,on,-4
1781756706405427298,9735.96,473.706,2.11101,2.02083,1.99709,0.135136,0.226624,0.057344,0.734208,0.843776,0.037564,6131954,6131954,1663433,27.1273,1920,1080,raygs,triangles,1,off,0.1,on,-4
1781756706407466888,9738,473.798,2.11061,2.01693,1.99488,0.135168,0.22528,0.057696,0.73216,0.844576,0.036321,6131954,6131954,1663433,27.1273,1920,1080,raygs,triangles,1,off,0.1,on,-4
1781756706409525381,9740.06,474.596,2.10705,2.02128,1.99792,0.13488,0.225632,0.057344,0.736288,0.843776,0.038505,6131954,6131954,1663433,27.1273,1920,1080,raygs,triangles,1,off,0.1,on,-4
1781756706411615329,9742.15,475.465,2.1032,2.14387,2.12282,0.135168,0.351296,0.058368,0.734208,0.843776,0.032959,6131954,6131954,1663433,27.1273,1920,1080,raygs,triangles,1,off,0.1,on,-4
1781756706413968158,9744.5,475.254,2.10414,2.01763,1.99696,0.134848,0.22576,0.058368,0.734208,0.843776,0.043222,6131954,6131954,1663433,27.1273,1920,1080,raygs,triangles,1,off,0.1,on,-4
1781756706416180456,9746.71,474.093,2.10929,2.16134,2.13859,0.14752,0.222624,0.057344,0.866304,0.8448,0.045136,6131954,6131954,1663433,27.1273,1920,1080,raygs,triangles,1,off,0.1,on,-4
1781756706418106644,9748.64,472.987,2.11422,2.01619,1.99238,0.135648,0.226592,0.057344,0.729088,0.843712,0.023267,6131954,6131954,1663433,27.1273,1920,1080,raygs,triangles,1,off,0.1,on,-4
1781756706420149048,9750.68,473.46,2.11211,2.06234,2.04122,0.127328,0.222656,0.058208,0.78848,0.844544,0.033489,6131954,6131954,1663433,27.1273,1920,1080,raygs,triangles,1,off,0.1,on,-4
1781756706422207316,9752.74,473.782,2.11068,2.02006,1.9967,0.135264,0.224864,0.057568,0.734208,0.8448,0.038902,6131954,6131954,1663433,27.1273,1920,1080,raygs,triangles,1,off,0.1,on,-4
1781756706424283501,9754.81,473.767,2.11074,2.02147,1.99792,0.134624,0.226688,0.0576,0.735232,0.843776,0.049027,6131954,6131954,1663433,27.1273,1920,1080,raygs,triangles,1,off,0.1,on,-4
1781756706426309289,9756.84,474.878,2.10581,2.01786,1.99565,0.134048,0.225376,0.058368,0.733184,0.844672,0.033521,6131954,6131954,1663433,27.1273,1920,1080,raygs,triangles,1,off,0.1,on,-4
1781756706428476431,9759.01,474.927,2.10559,2.13357,2.11027,0.134112,0.342144,0.05808,0.73216,0.843776,0.03334,6131954,6131954,1663433,27.1273,1920,1080,raygs,triangles,1,off,0.1,on,-4
1781756706430692536,9761.22,474.539,2.10731,2.01706,1.99469,0.134496,0.225888,0.057344,0.73216,0.8448,0.023677,6131954,6131954,1663433,27.1273,1920,1080,raygs,triangles,1,off,0.1,on,-4
1781756706432872932,9763.4,473.821,2.1105,2.16086,2.13706,0.14704,0.222592,0.057344,0.86528,0.8448,0.033714,6131954,6131954,1663433,27.1273,1920,1080,raygs,triangles,1,off,0.1,on,-4
1781756706434925707,9765.46,473.483,2.11201,2.01347,1.98973,0.134848,0.224672,0.057344,0.729088,0.843776,0.029815,6131954,6131954,1663433,27.1273,1920,1080,raygs,triangles,1,off,0.1,on,-4
1781756706437054226,9767.58,473.388,2.11243,2.13811,2.1159,0.254304,0.226272,0.059392,0.73216,0.843776,0.029149,6131954,6131954,1663433,27.1273,1920,1080,raygs,triangles,1,off,0.1,on,-4
1781756706439133535,9769.66,473.392,2.11241,2.01878,1.99763,0.133952,0.225696,0.058368,0.735232,0.844384,0.033283,6131954,6131954,1663433,27.1273,1920,1080,raygs,triangles,1,off,0.1,on,-4
1781756706441153347,9771.68,473.828,2.11047,2.01693,1.99408,0.134144,0.22464,0.058176,0.7336,0.84352,0.029469,6131954,6131954,1663433,27.1273,1920,1080,raygs,triangles,1,off,0.1,on,-4
1781756706443210081,9773.74,475.451,2.10327,2.01811,1.99498,0.134304,0.225536,0.058368,0.733184,0.843584,0.033469,6131954,6131954,1663433,27.1273,1920,1080,raygs,triangles,1,off,0.1,on,-4
1781756706445379883,9775.91,475.128,2.10469,2.14176,2.11981,0.134784,0.351328,0.05776,0.731136,0.8448,0.033144,6131954,6131954,1663433,27.1273,1920,1080,raygs,triangles,1,off,0.1,on,-4
1781756706447758099,9778.29,474.852,2.10592,2.24288,2.21965,0.134816,0.452288,0.057632,0.731136,0.843776,0.028306,6131954,6131954,1663433,27.1273,1920,1080,raygs,triangles,1,off,0.1,on,-4
1781756706449808726,9780.34,473.432,2.11224,2.01366,1.992,0.138976,0.22384,0.058368,0.72704,0.843776,0.031298,6131954,6131954,1663433,27.1273,1920,1080,raygs,triangles,1,off,0.1,on,-4
1781756706451849051,9782.38,473.429,2.11225,2.016,1.99309,0.135264,0.225312,0.0576,0.730112,0.8448,0.029489,6131954,6131954,1663433,27.1273,1920,1080,raygs,triangles,1,off,0.1,on,-4
1781756706453871180,9784.4,473.487,2.11199,2.0033,1.98333,0.125856,0.22112,0.06144,0.731136,0.843776,0.029267,6131954,6131954,1663433,27.1273,1920,1080,raygs,triangles,1,off,0.1,on,-4
1781756706455920180,9786.45,474.019,2.10962,2.01898,1.9969,0.134752,0.226528,0.05744,0.733376,0.8448,0.034392,6131954,6131954,1663433,27.1273,1920,1080,raygs,triangles,1,off,0.1,on,-4
1781756706457966745,9788.5,474.018,2.10962,2.02144,1.99914,0.135232,0.225472,0.057376,0.736256,0.8448,0.028333,6131954,6131954,1663433,27.1273,1920,1080,raygs,triangles,1,off,0.1,on,-4
1781756706460129044,9790.66,475.166,2.10453,2.01776,1.99437,0.135008,0.22592,0.057344,0.732384,0.843712,0.02834,6131954,6131954,1663433,27.1273,1920,1080,raygs,triangles,1,off,0.1,on,-4
1781756706462185044,9792.72,474.623,2.10693,2.02493,2.00186,0.139072,0.225408,0.057344,0.735232,0.8448,0.028757,6131954,6131954,1663433,27.1273,1920,1080,raygs,triangles,1,off,0.1,on,-4
1781756706464628812,9795.16,474.691,2.10664,2.24992,2.22704,0.134688,0.224576,0.057344,0.965632,0.8448,0.049666,6131954,6131954,1663433,27.1273,1920,1080,raygs,triangles,1,off,0.1,on,-4
1781756706466749182,9797.28,472.692,2.11554,2.1303,2.10931,0.255712,0.223104,0.057632,0.729088,0.843776,0.041145,6131954,6131954,1663433,27.1273,1920,1080,raygs,triangles,1,off,0.1,on,-4
1781756706468777691,9799.31,472.832,2.11492,2.01533,1.9929,0.13504,0.2256,0.057344,0.730112,0.8448,0.026311,6131954,6131954,1663433,27.1273,1920,1080,raygs,triangles,1,off,0.1,on,-4
1781756706470836120,9801.37,473.011,2.11412,2.02013,2.0001,0.126112,0.22064,0.060352,0.749568,0.843424,0.049315,6131954,6131954,1663433,27.1273,1920,1080,raygs,triangles,1,off,0.1,on,-4
1781756706472869430,9803.4,473.638,2.11132,2.01664,1.9936,0.133888,0.225408,0.057344,0.733184,0.843776,0.042581,6131954,6131954,1663433,27.1273,1920,1080,raygs,triangles,1,off,0.1,on,-4
1781756706474908375,9805.44,473.572,2.11161,2.01773,1.99552,0.135392,0.225728,0.058304,0.732576,0.84352,0.036668,6131954,6131954,1663433,27.1273,1920,1080,raygs,triangles,1,off,0.1,on,-4
1781756706477070465,9807.6,474.525,2.10737,2.01699,1.99363,0.134304,0.226048,0.057344,0.73216,0.843776,0.036745,6131954,6131954,1663433,27.1273,1920,1080,raygs,triangles,1,off,0.1,on,-4
1781756706479118070,9809.65,473.649,2.11127,2.02102,1.99811,0.13824,0.224928,0.057792,0.733632,0.84352,0.036317,6131954,6131954,1663433,27.1273,1920,1080,raygs,triangles,1,off,0.1,on,-4
1781756706481407057,9811.94,474.103,2.10925,2.25632,2.23549,0.134976,0.22592,0.058368,0.971776,0.844448,0.037127,6131954,6131954,1663433,27.1273,1920,1080,raygs,triangles,1,off,0.1,on,-4
1781756706483562129,9814.09,473.211,2.11322,2.13126,2.10995,0.256672,0.224096,0.057344,0.72704,0.8448,0.039638,6131954,6131954,1663433,27.1273,1920,1080,raygs,triangles,1,off,0.1,on,-4
1781756706485607958,9816.14,472.963,2.11433,2.01584,1.9927,0.135136,0.22736,0.057344,0.729088,0.843776,0.026107,6131954,6131954,1663433,27.1273,1920,1080,raygs,triangles,1,off,0.1,on,-4
1781756706487681036,9818.21,472.777,2.11516,2.01718,1.99766,0.127232,0.222816,0.060416,0.743424,0.843776,0.050705,6131954,6131954,1663433,27.1273,1920,1080,raygs,triangles,1,off,0.1,on,-4
1781756706489721053,9820.25,473.654,2.11125,2.01613,1.99386,0.134368,0.225184,0.058368,0.73216,0.843776,0.038285,6131954,6131954,1663433,27.1273,1920,1080,raygs,triangles,1,off,0.1,on,-4
1781756706491762792,9822.29,473.946,2.10995,2.02317,2.00083,0.13488,0.22656,0.057728,0.738304,0.84336,0.038449,6131954,6131954,1663433,27.1273,1920,1080,raygs,triangles,1,off,0.1,on,-4
1781756706493923851,9824.45,475.687,2.10222,2.02118,1.99747,0.135328,0.226816,0.057344,0.734208,0.843776,0.037359,6131954,6131954,1663433,27.1273,1920,1080,raygs,triangles,1,off,0.1,on,-4
1781756706495997270,9826.53,474.924,2.1056,2.02042,1.99846,0.137984,0.224832,0.057664,0.734208,0.843776,0.039542,6131954,6131954,1663433,27.1273,1920,1080,raygs,triangles,1,off,0.1,on,-4
1781756706498381396,9828.91,474.917,2.10563,2.32653,2.3081,0.317792,0.221856,0.058368,0.86528,0.8448,0.04094,6131954,6131954,1663433,27.1273,1920,1080,raygs,triangles,1,off,0.1,on,-4
1781756706500410592,9830.94,473.608,2.11145,2.01654,1.99472,0.134784,0.226656,0.058368,0.730112,0.8448,0.040314,6131954,6131954,1663433,27.1273,1920,1080,raygs,triangles,1,off,0.1,on,-4
1781756706502300248,9832.83,473.735,2.11089,2.01226,1.98944,0.134624,0.225632,0.057344,0.728064,0.843776,0.01969,6131954,6131954,1663433,27.1273,1920,1080,raygs,triangles,1,off,0.1,on,-4
1781756706504497445,9835.03,474.389,2.10798,2.02714,2.00749,0.126944,0.222688,0.058368,0.755712,0.843776,0.039228,6131954,6131954,1663433,27.1273,1920,1080,raygs,triangles,1,off,0.1,on,-4
1781756706506659004,9837.19,473.825,2.11049,2.02144,1.99923,0.13824,0.222592,0.058368,0.73728,0.842752,0.042381,6131954,6131954,1663433,27.1273,1920,1080,raygs,triangles,1,off,0.1,on,-4
1781756706508668703,9839.2,474.457,2.10767,2.01619,1.99347,0.134496,0.224672,0.058368,0.73216,0.843776,0.036532,6131954,6131954,1663433,27.1273,1920,1080,raygs,triangles,1,off,0.1,on,-4
1781756706510744621,9841.28,475.169,2.10451,2.14163,2.11894,0.135264,0.225472,0.057344,0.856064,0.8448,0.019865,6131954,6131954,1663433,27.1273,1920,1080,raygs,triangles,1,off,0.1,on,-4
1781756706512782219,9843.31,474.926,2.10559,2.02083,1.99946,0.135008,0.22512,0.058368,0.736256,0.844704,0.030439,6131954,6131954,1663433,27.1273,1920,1080,raygs,triangles,1,off,0.1,on,-4
1781756706515139611,9845.67,475.217,2.1043,2.21763,2.19347,0.134144,0.427296,0.058368,0.729088,0.844576,0.028928,6131954,6131954,1663433,27.1273,1920,1080,raygs,triangles,1,off,0.1,on,-4
1781756706517183837,9847.71,473.977,2.10981,2.01539,1.99379,0.138752,0.22384,0.058336,0.728064,0.8448,0.031176,6131954,6131954,1663433,27.1273,1920,1080,raygs,triangles,1,off,0.1,on,-4
1781756706519233061,9849.76,473.995,2.10973,2.01418,1.99341,0.135488,0.224992,0.058368,0.730112,0.844448,0.03025,6131954,6131954,1663433,27.1273,1920,1080,raygs,triangles,1,off,0.1,on,-4
1781756706521270227,9851.8,474.172,2.10894,2.00976,1.98755,0.126976,0.2232,0.060416,0.733184,0.843776,0.02917,6131954,6131954,1663433,27.1273,1920,1080,raygs,triangles,1,off,0.1,on,-4
1781756706523301849,9853.83,474.969,2.1054,2.01888,1.99654,0.13472,0.226496,0.057344,0.734208,0.843776,0.029106,6131954,6131954,1663433,27.1273,1920,1080,raygs,triangles,1,off,0.1,on,-4
1781756706525353877,9855.88,475.234,2.10422,2.01779,1.99718,0.134016,0.226816,0.058368,0.734208,0.843776,0.028357,6131954,6131954,1663433,27.1273,1920,1080,raygs,triangles,1,off,0.1,on,-4
1781756706527511038,9858.04,475.939,2.10111,2.01901,1.9959,0.1352,0.226208,0.057344,0.73248,0.844672,0.028533,6131954,6131954,1663433,27.1273,1920,1080,raygs,triangles,1,off,0.1,on,-4
1781756706529575354,9860.11,475.514,2.10299,2.02192,1.9999,0.13872,0.225824,0.057792,0.734208,0.84336,0.032318,6131954,6131954,1663433,27.1273,1920,1080,raygs,triangles,1,off,0.1,on,-4
1781756706531916677,9862.45,475.549,2.10283,2.34099,2.32115,0.33328,0.222496,0.058368,0.863232,0.843776,0.022664,6131954,6131954,1663433,27.1273,1920,1080,raygs,triangles,1,off,0.1,on,-4
1781756706533966432,9864.5,474.437,2.10776,2.01174,1.98989,0.135104,0.224576,0.058368,0.729088,0.842752,0.030274,6131954,6131954,1663433,27.1273,1920,1080,raygs,triangles,1,off,0.1,on,-4
1781756706536014586,9866.55,474.413,2.10787,2.01536,1.99318,0.135072,0.224832,0.058368,0.730112,0.8448,0.028745,6131954,6131954,1663433,27.1273,1920,1080,raygs,triangles,1,off,0.1,on,-4
1781756706538060745,9868.59,474.405,2.1079,2.01085,1.98998,0.12704,0.224544,0.060416,0.734208,0.843776,0.029933,6131954,6131954,1663433,27.1273,1920,1080,raygs,triangles,1,off,0.1,on,-4
1781756706540089684,9870.62,474.463,2.10765,2.02003,1.9983,0.134208,0.226016,0.058368,0.736256,0.843456,0.028801,6131954,6131954,1663433,27.1273,1920,1080,raygs,triangles,1,off,0.1,on,-4
1781756706542140603,9872.67,475.82,2.10163,2.02141,2.00064,0.135552,0.226688,0.058368,0.735232,0.8448,0.027311,6131954,6131954,1663433,27.1273,1920,1080,raygs,triangles,1,off,0.1,on,-4
1781756706544309643,9874.84,476.458,2.09882,2.01456,1.99104,0.133824,0.225312,0.058016,0.730112,0.843776,0.028817,6131954,6131954,1663433,27.1273,1920,1080,raygs,triangles,1,off,0.1,on,-4
1781756706546404024,9876.93,475.431,2.10335,2.02333,2.00211,0.138496,0.22448,0.058368,0.736256,0.844512,0.049942,6131954,6131954,1663433,27.1273,1920,1080,raygs,triangles,1,off,0.1,on,-4
1781756706548862192,9879.39,474.875,2.10582,2.34854,2.33014,0.33776,0.221728,0.058368,0.86752,0.844768,0.035671,6131954,6131954,1663433,27.1273,1920,1080,raygs,triangles,1,off,0.1,on,-4
1781756706550763747,9881.29,473.711,2.11099,2.01363,1.98986,0.134976,0.225696,0.057344,0.728064,0.843776,0.020453,6131954,6131954,1663433,27.1273,1920,1080,raygs,triangles,1,off,0.1,on,-4
1781756706552836844,9883.37,474.431,2.10779,2.01491,1.99283,0.134752,0.225664,0.058368,0.729408,0.84464,0.029941,6131954,6131954,1663433,27.1273,1920,1080,raygs,triangles,1,off,0.1,on,-4
1781756706555068742,9885.6,474.11,2.10921,2.00733,1.98742,0.126976,0.223392,0.060416,0.73216,0.84448,0.055768,6131954,6131954,1663433,27.1273,1920,1080,raygs,triangles,1,off,0.1,on,-4
1781756706557072702,9887.6,473.824,2.11049,2.0191,1.9967,0.134176,0.226528,0.058368,0.733184,0.844448,0.041063,6131954,6131954,1663433,27.1273,1920,1080,raygs,triangles,1,off,0.1,on,-4
1781756706559105176,9889.64,474.759,2.10633,2.01718,1.99578,0.134368,0.22608,0.058368,0.733184,0.843776,0.039406,6131954,6131954,1663433,27.1273,1920,1080,raygs,triangles,1,off,0.1,on,-4
1781756706561324293,9891.85,475.268,2.10408,2.01546,1.99008,0.135392,0.22448,0.05632,0.731136,0.842752,0.036398,6131954,6131954,1663433,27.1273,1920,1080,raygs,triangles,1,off,0.1,on,-4
1781756706563307574,9893.84,474.567,2.10719,2.02307,1.99981,0.13792,0.22336,0.057344,0.736736,0.844448,0.039752,6131954,6131954,1663433,27.1273,1920,1080,raygs,triangles,1,off,0.1,on,-4
1781756706565671358,9896.2,475.224,2.10427,2.33162,2.31309,0.321856,0.22304,0.058496,0.86528,0.844416,0.043921,6131954,6131954,1663433,27.1273,1920,1080,raygs,triangles,1,off,0.1,on,-4
1781756706567773460,9898.3,474.058,2.10945,2.01542,1.9921,0.134752,0.226176,0.058368,0.72912,0.84368,0.05137,6131954,6131954,1663433,27.1273,1920,1080,raygs,triangles,1,off,0.1,on,-4
1781756706569790467,9900.32,473.789,2.11064,2.0201,1.99805,0.135264,0.226144,0.057504,0.734496,0.84464,0.033563,6131954,6131954,1663433,27.1273,1920,1080,raygs,triangles,1,off,0.1,on,-4
1781756706571837450,9902.37,473.961,2.10988,2.03715,2.01741,0.127328,0.223136,0.057344,0.763904,0.845696,0.061788,6131954,6131954,1663433,27.1273,1920,1080,raygs,triangles,1,off,0.1,on,-4
1781756706573868684,9904.4,474.43,2.10779,2.01994,1.99782,0.135104,0.225344,0.057344,0.735232,0.8448,0.040917,6131954,6131954,1663433,27.1273,1920,1080,raygs,triangles,1,off,0.1,on,-4
1781756706575991044,9906.52,475.759,2.1019,2.02202,1.9993,0.134112,0.2256,0.058368,0.737696,0.84352,0.033929,6131954,6131954,1663433,27.1273,1920,1080,raygs,triangles,1,off,0.1,on,-4
1781756706578058365,9908.59,475.529,2.10292,2.14832,2.12506,0.137536,0.22336,0.058368,0.861184,0.844608,0.01793,6131954,6131954,1663433,27.1273,1920,1080,raygs,triangles,1,off,0.1,on,-4
1781756706580339516,9910.87,475.426,2.10338,2.2183,2.19491,0.134944,0.22496,0.058368,0.932864,0.843776,0.053799,6131954,6131954,1663433,27.1273,1920,1080,raygs,triangles,1,off,0.1,on,-4
1781756706582508335,9913.04,474.512,2.10743,2.17597,2.15706,0.301696,0.224128,0.058368,0.729088,0.843776,0.017978,6131954,6131954,1663433,27.1273,1920,1080,raygs,triangles,1,off,0.1,on,-4
1781756706584630510,9915.16,474.018,2.10963,2.01757,1.99427,0.134784,0.226144,0.057344,0.732224,0.843776,0.063269,6131954,6131954,1663433,27.1273,1920,1080,raygs,triangles,1,off,0.1,on,-4
1781756706586665403,9917.2,473.714,2.11098,2.04307,2.01965,0.13504,0.225728,0.057344,0.75776,0.843776,0.019869,6131954,6131954,1663433,27.1273,1920,1080,raygs,triangles,1,off,0.1,on,-4
1781756706588675054,9919.21,474.236,2.10866,2.0111,1.99056,0.127296,0.224864,0.060416,0.735232,0.842752,0.027898,6131954,6131954,1663433,27.1273,1920,1080,raygs,triangles,1,off,0.1,on,-4
1781756706590721323,9921.25,474.407,2.10789,2.0184,1.99619,0.135616,0.225984,0.057632,0.73216,0.8448,0.02964,6131954,6131954,1663433,27.1273,1920,1080,raygs,triangles,1,off,0.1,on,-4
1781756706592756140,9923.29,476.315,2.09945,2.01891,1.99501,0.134112,0.225504,0.057344,0.733376,0.844672,0.028803,6131954,6131954,1663433,27.1273,1920,1080,raygs,triangles,1,off,0.1,on,-4
1781756706594915206,9925.45,476.208,2.09992,2.13219,2.10992,0.13472,0.344992,0.057344,0.729088,0.843776,0.027985,6131954,6131954,1663433,27.1273,1920,1080,raygs,triangles,1,off,0.1,on,-4
1781756706597191857,9927.72,475.805,2.1017,2.01738,1.99347,0.133568,0.225536,0.057344,0.733312,0.843712,0.03387,6131954,6131954,1663433,27.1273,1920,1080,raygs,triangles,1,off,0.1,on,-4
1781756706599360284,9929.89,474.861,2.10588,2.16794,2.14579,0.15104,0.222208,0.058368,0.8704,0.843776,0.028171,6131954,6131954,1663433,27.1273,1920,1080,raygs,triangles,1,off,0.1,on,-4
1781756706601404696,9931.94,474.37,2.10806,2.01789,1.99552,0.13552,0.225792,0.058368,0.731136,0.844704,0.030069,6131954,6131954,1663433,27.1273,1920,1080,raygs,triangles,1,off,0.1,on,-4
1781756706603462369,9933.99,474.366,2.10808,2.04518,2.02179,0.134752,0.225984,0.057472,0.758784,0.8448,0.02765,6131954,6131954,1663433,27.1273,1920,1080,raygs,triangles,1,off,0.1,on,-4
1781756706605516273,9936.05,474.826,2.10603,2.01114,1.98976,0.127328,0.22464,0.061152,0.73216,0.84448,0.028491,6131954,6131954,1663433,27.1273,1920,1080,raygs,triangles,1,off,0.1,on,-4
1781756706607547478,9938.08,474.731,2.10646,2.01971,1.9984,0.134592,0.226496,0.058304,0.734208,0.8448,0.029003,6131954,6131954,1663433,27.1273,1920,1080,raygs,triangles,1,off,0.1,on,-4
1781756706609594837,9940.13,475.712,2.10211,2.0209,1.99965,0.135168,0.226272,0.058336,0.735232,0.84464,0.027288,6131954,6131954,1663433,27.1273,1920,1080,raygs,triangles,1,off,0.1,on,-4
1781756706611749375,9942.28,476.116,2.10033,2.13562,2.11171,0.135104,0.343008,0.057472,0.731392,0.844736,0.027704,6131954,6131954,1663433,27.1273,1920,1080,raygs,triangles,1,off,0.1,on,-4
1781756706614011379,9944.54,475.782,2.1018,2.01878,1.99594,0.13536,0.226272,0.058368,0.73216,0.843776,0.030324,6131954,6131954,1663433,27.1273,1920,1080,raygs,triangles,1,off,0.1,on,-4
1781756706616187922,9946.72,474.978,2.10536,2.16723,2.144,0.152352,0.2232,0.057344,0.866304,0.8448,0.028107,6131954,6131954,1663433,27.1273,1920,1080,raygs,triangles,1,off,0.1,on,-4
1781756706618298313,9948.83,474.471,2.10761,2.01462,1.99136,0.134912,0.225248,0.057344,0.72928,0.844576,0.057224,6131954,6131954,1663433,27.1273,1920,1080,raygs,triangles,1,off,0.1,on,-4
1781756706620296204,9950.83,474.29,2.10841,2.04893,2.02672,0.135456,0.225216,0.058368,0.763904,0.843776,0.017878,6131954,6131954,1663433,27.1273,1920,1080,raygs,triangles,1,off,0.1,on,-4
1781756706622358309,9952.89,474.906,2.10568,2.01078,1.98941,0.126976,0.225024,0.060448,0.733184,0.843776,0.032027,6131954,6131954,1663433,27.1273,1920,1080,raygs,triangles,1,off,0.1,on,-4
1781756706624388713,9954.92,474.906,2.10568,2.02083,1.9991,0.134976,0.2272,0.058176,0.734208,0.844544,0.028588,6131954,6131954,1663433,27.1273,1920,1080,raygs,triangles,1,off,0.1,on,-4
1781756706626464655,9957,476.248,2.09975,2.01974,1.99725,0.134912,0.227264,0.058112,0.733184,0.843776,0.031303,6131954,6131954,1663433,27.1273,1920,1080,raygs,triangles,1,off,0.1,on,-4
1781756706628611481,9959.14,475.964,2.101,2.13254,2.10998,0.135104,0.34192,0.057344,0.731136,0.84448,0.028001,6131954,6131954,1663433,27.1273,1920,1080,raygs,triangles,1,off,0.1,on,-4
1781756706630896147,9961.43,474.977,2.10537,2.01587,1.99248,0.134144,0.225408,0.057344,0.731136,0.844448,0.06337,6131954,6131954,1663433,27.1273,1920,1080,raygs,triangles,1,off,0.1,on,-4
1781756706633054381,9963.59,475.089,2.10487,2.19174,2.16896,0.139008,0.222592,0.058368,0.904192,0.8448,0.019768,6131954,6131954,1663433,27.1273,1920,1080,raygs,triangles,1,off,0.1,on,-4
1781756706635087742,9965.62,474.727,2.10647,2.01645,1.99318,0.134688,0.225056,0.058528,0.731136,0.843776,0.032286,6131954,6131954,1663433,27.1273,1920,1080,raygs,triangles,1,off,0.1,on,-4
1781756706637144076,9967.67,474.645,2.10684,2.02589,2.00266,0.134912,0.224992,0.058624,0.739328,0.8448,0.030379,6131954,6131954,1663433,27.1273,1920,1080,raygs,triangles,1,off,0.1,on,-4
1781756706639277425,9969.81,474.829,2.10602,2.00787,1.98739,0.128128,0.22272,0.06144,0.730464,0.84464,0.051663,6131954,6131954,1663433,27.1273,1920,1080,raygs,triangles,1,off,0.1,on,-4
1781756706641272872,9971.8,474.356,2.10812,2.02307,2.00141,0.135168,0.225216,0.058304,0.73728,0.84544,0.050738,6131954,6131954,1663433,27.1273,1920,1080,raygs,triangles,1,off,0.1,on,-4
1781756706643263710,9973.79,475.753,2.10193,2.02227,2.00032,0.135424,0.225472,0.058368,0.73728,0.843776,0.019161,6131954,6131954,1663433,27.1273,1920,1080,raygs,triangles,1,off,0.1,on,-4
1781756706645616172,9976.15,475.865,2.10144,2.13866,2.11501,0.135456,0.344544,0.057344,0.733184,0.84448,0.044631,6131954,6131954,1663433,27.1273,1920,1080,raygs,triangles,1,off,0.1,on,-4
1781756706647724442,9978.26,474.601,2.10703,2.01325,1.99168,0.134592,0.225056,0.05744,0.729088,0.845504,0.019515,6131954,6131954,1663433,27.1273,1920,1080,raygs,triangles,1,off,0.1,on,-4
1781756706649910247,9980.44,474.536,2.10732,2.1663,2.14422,0.151424,0.223328,0.058368,0.867328,0.843776,0.028564,6131954,6131954,1663433,27.1273,1920,1080,raygs,triangles,1,off,0.1,on,-4
1781756706651969923,9982.5,473.88,2.11024,2.01558,1.99155,0.134848,0.225472,0.058368,0.729088,0.843776,0.034424,6131954,6131954,1663433,27.1273,1920,1080,raygs,triangles,1,off,0.1,on,-4
1781756706653993747,9984.52,473.822,2.1105,2.01379,1.99283,0.135104,0.225312,0.058368,0.729408,0.84464,0.028193,6131954,6131954,1663433,27.1273,1920,1080,raygs,triangles,1,off,0.1,on,-4
1781756706656019096,9986.55,474.444,2.10773,2.01222,1.99232,0.127424,0.225792,0.06144,0.733184,0.84448,0.028646,6131954,6131954,1663433,27.1273,1920,1080,raygs,triangles,1,off,0.1,on,-4
1781756706658069646,9988.6,474.578,2.10714,2.02016,1.99766,0.135296,0.225856,0.058368,0.734464,0.84368,0.029098,6131954,6131954,1663433,27.1273,1920,1080,raygs,triangles,1,off,0.1,on,-4
1781756706660122688,9990.65,475.62,2.10252,2.01987,1.9961,0.136096,0.225696,0.057344,0.73216,0.8448,0.028295,6131954,6131954,1663433,27.1273,1920,1080,raygs,triangles,1,off,0.1,on,-4
1781756706662304120,9992.83,475.599,2.10261,2.15005,2.1288,0.135168,0.354272,0.058304,0.736256,0.8448,0.027489,6131954,6131954,1663433,27.1273,1920,1080,raygs,triangles,1,off,0.1,on,-4
1781756706664686278,9995.22,475.015,2.1052,2.24307,2.22048,0.133984,0.455648,0.058208,0.728064,0.844576,0.027124,6131954,6131954,1663433,27.1273,1920,1080,raygs,triangles,1,off,0.1,on,-4
1781756706666738724,9997.27,473.907,2.11012,2.01498,1.99363,0.139392,0.224032,0.058368,0.72704,0.8448,0.02811,6131954,6131954,1663433,27.1273,1920,1080,raygs,triangles,1,off,0.1,on,-4
1781756706668791534,9999.32,473.812,2.11054,2.01386,1.99107,0.13504,0.226048,0.057344,0.728064,0.844576,0.030324,6131954,6131954,1663433,27.1273,1920,1080,raygs,triangles,1,off,0.1,on,-4
1781756706670823471,10001.4,473.64,2.11131,2.0191,1.99642,0.142752,0.223776,0.058176,0.72704,0.844672,0.028267,6131954,6131954,1663433,27.1273,1920,1080,raygs,triangles,1,off,0.1,on,-4
1781756706672862536,10003.4,474.327,2.10825,2.01203,1.99261,0.127232,0.224672,0.061696,0.734208,0.8448,0.032009,6131954,6131954,1663433,27.1273,1920,1080,raygs,triangles,1,off,0.1,on,-4
1781756706674903604,10005.4,474.9,2.10571,2.01994,1.99866,0.13616,0.22512,0.058368,0.733184,0.845824,0.027525,6131954,6131954,1663433,27.1273,1920,1080,raygs,triangles,1,off,0.1,on,-4
1781756706677340668,10007.9,476.102,2.10039,2.01638,1.9936,0.13568,0.225664,0.057344,0.731136,0.843776,0.058971,6131954,6131954,1663433,27.1273,1920,1080,raygs,triangles,1,off,0.1,on,-4
1781756706679286034,10009.8,473.363,2.11254,2.02294,2.00154,0.138112,0.225088,0.058112,0.735456,0.844768,0.039005,6131954,6131954,1663433,27.1273,1920,1080,raygs,triangles,1,off,0.1,on,-4
1781756706681553158,10012.1,474.513,2.10742,2.26803,2.24586,0.135424,0.226272,0.058368,0.980992,0.8448,0.036732,6131954,6131954,1663433,27.1273,1920,1080,raygs,triangles,1,off,0.1,on,-4
1781756706683703406,10014.2,474.448,2.10771,2.12986,2.11011,0.255264,0.22464,0.058368,0.729088,0.842752,0.036339,6131954,6131954,1663433,27.1273,1920,1080,raygs,triangles,1,off,0.1,on,-4
1781756706685755188,10016.3,473.847,2.11039,2.02003,1.99837,0.13456,0.22992,0.057344,0.731136,0.845408,0.039941,6131954,6131954,1663433,27.1273,1920,1080,raygs,triangles,1,off,0.1,on,-4
1781756706687780625,10018.3,473.765,2.11075,2.01293,1.99104,0.1352,0.225504,0.058304,0.728288,0.843744,0.024799,6131954,6131954,1663433,27.1273,1920,1080,raygs,triangles,1,off,0.1,on,-4
1781756706689850884,10020.4,474.546,2.10728,2.0271,2.00624,0.127456,0.2232,0.060416,0.750592,0.844576,0.049307,6131954,6131954,1663433,27.1273,1920,1080,raygs,triangles,1,off,0.1,on,-4
1781756706691884816,10022.4,474.166,2.10897,2.01622,1.99405,0.13536,0.224384,0.057344,0.733184,0.843776,0.037371,6131954,6131954,1663433,27.1273,1920,1080,raygs,triangles,1,off,0.1,on,-4
1781756706694049274,10024.6,475.419,2.10341,2.01827,1.99574,0.135072,0.224544,0.058368,0.734208,0.843552,0.035832,6131954,6131954,1663433,27.1273,1920,1080,raygs,triangles,1,off,0.1,on,-4
1781756706696094344,10026.6,475.193,2.10441,2.02246,2.00045,0.138688,0.224192,0.058368,0.735424,0.843776,0.035555,6131954,6131954,1663433,27.1273,1920,1080,raygs,triangles,1,off,0.1,on,-4
1781756706698518484,10029,475.091,2.10486,2.36659,2.34794,0.355808,0.22256,0.058368,0.8656,0.8456,0.0373,6131954,6131954,1663433,27.1273,1920,1080,raygs,triangles,1,off,0.1,on,-4
1781756706700544738,10031.1,473.625,2.11138,2.01069,1.98941,0.135072,0.22528,0.058368,0.726016,0.844672,0.036472,6131954,6131954,1663433,27.1273,1920,1080,raygs,triangles,1,off,0.1,on,-4
1781756706702589064,10033.1,473.657,2.11123,2.0136,1.99146,0.134912,0.2272,0.057344,0.727296,0.844704,0.041355,6131954,6131954,1663433,27.1273,1920,1080,raygs,triangles,1,off,0.1,on,-4
1781756706709835153,10040.4,450.493,2.21979,2.01485,1.99267,0.135136,0.22528,0.058368,0.729088,0.8448,0.055094,6131954,6131954,1663433,27.1273,1920,1080,raygs,triangles,1,off,0.1,on,-4
1781756706710403491,10040.9,455.211,2.19678,2.02474,2.00515,0.126624,0.223392,0.061792,0.749568,0.843776,0.026033,6131954,6131954,1663433,27.1273,1920,1080,raygs,triangles,1,off,0.1,on,-4
1781756706712214695,10042.7,461.22,2.16816,2.00992,1.98947,0.133184,0.221312,0.057344,0.734208,0.843424,0.043721,6131954,6131954,1663433,27.1273,1920,1080,raygs,triangles,1,off,0.1,on,-4
1781756706714439044,10045,462.525,2.16205,2.20941,2.18586,0.134496,0.224352,0.057536,0.925696,0.843776,0.039287,6131954,6131954,1663433,27.1273,1920,1080,raygs,triangles,1,off,0.1,on,-4
1781756706716619364,10047.2,462.165,2.16373,2.1632,2.14186,0.282464,0.226112,0.057344,0.731136,0.8448,0.037934,6131954,6131954,1663433,27.1273,1920,1080,raygs,triangles,1,off,0.1,on,-4
1781756706718815785,10049.3,461.632,2.16623,2.012,1.98938,0.134368,0.22608,0.058368,0.728064,0.842496,0.038844,6131954,6131954,1663433,27.1273,1920,1080,raygs,triangles,1,off,0.1,on,-4
1781756706720813665,10051.3,460.976,2.16931,2.01456,1.99299,0.138944,0.224864,0.057344,0.728064,0.843776,0.041786,6131954,6131954,1663433,27.1273,1920,1080,raygs,triangles,1,off,0.1,on,-4
1781756706722837739,10053.4,461.171,2.16839,2.01642,1.99469,0.134656,0.225056,0.057344,0.733184,0.844448,0.024151,6131954,6131954,1663433,27.1273,1920,1080,raygs,triangles,1,off,0.1,on,-4
1781756706724904214,10055.4,461.212,2.1682,2.02362,2.00365,0.127456,0.223456,0.06144,0.74752,0.843776,0.048156,6131954,6131954,1663433,27.1273,1920,1080,raygs,triangles,1,off,0.1,on,-4
1781756706727062935,10057.6,461.49,2.1669,2.0192,1.99667,0.133344,0.225376,0.058368,0.736256,0.843328,0.036293,6131954,6131954,1663433,27.1273,1920,1080,raygs,triangles,1,off,0.1,on,-4
1781756706729110671,10059.6,461.96,2.16469,2.02214,1.99978,0.138336,0.224896,0.058368,0.733408,0.844768,0.035236,6131954,6131954,1663433,27.1273,1920,1080,raygs,triangles,1,off,0.1,on,-4
1781756706731399576,10061.9,462.404,2.16261,2.25923,2.23693,0.134816,0.22608,0.057344,0.974144,0.844544,0.034907,6131954,6131954,1663433,27.1273,1920,1080,raygs,triangles,1,off,0.1,on,-4
1781756706733556258,10064.1,461.502,2.16684,2.13222,2.11331,0.257792,0.223232,0.058368,0.729184,0.844736,0.035292,6131954,6131954,1663433,27.1273,1920,1080,raygs,triangles,1,off,0.1,on,-4
1781756706735611324,10066.1,461.108,2.16869,2.01456,1.99354,0.13488,0.225568,0.058368,0.730112,0.844608,0.037087,6131954,6131954,1663433,27.1273,1920,1080,raygs,triangles,1,off,0.1,on,-4
1781756706737656621,10068.2,461.16,2.16845,2.02416,2.00214,0.143456,0.224992,0.0576,0.73152,0.844576,0.040096,6131954,6131954,1663433,27.1273,1920,1080,raygs,triangles,1,off,0.1,on,-4
1781756706739684327,10070.2,461.114,2.16866,2.01565,1.99504,0.134304,0.22576,0.058016,0.73216,0.8448,0.024237,6131954,6131954,1663433,27.1273,1920,1080,raygs,triangles,1,off,0.1,on,-4
1781756706741752639,10072.3,461.179,2.16835,2.02368,2.00285,0.127584,0.223712,0.060256,0.74752,0.843776,0.048792,6131954,6131954,1663433,27.1273,1920,1080,raygs,triangles,1,off,0.1,on,-4
1781756706743909393,10074.4,461.436,2.16715,2.02317,1.99971,0.13424,0.226752,0.057664,0.73728,0.843776,0.035342,6131954,6131954,1663433,27.1273,1920,1080,raygs,triangles,1,off,0.1,on,-4
1781756706745962612,10076.5,461.876,2.16508,2.02659,2.00528,0.13872,0.225184,0.058272,0.738304,0.8448,0.035193,6131954,6131954,1663433,27.1273,1920,1080,raygs,triangles,1,off,0.1,on,-4
1781756706748222033,10078.8,462.323,2.16299,2.25629,2.23466,0.134912,0.224864,0.058368,0.971776,0.844736,0.038026,6131954,6131954,1663433,27.1273,1920,1080,raygs,triangles,1,off,0.1,on,-4
1781756706750301448,10080.8,461.784,2.16551,2.132,2.11158,0.257408,0.223968,0.057344,0.729088,0.843776,0.019541,6131954,6131954,1663433,27.1273,1920,1080,raygs,triangles,1,off,0.1,on,-4
1781756706752480228,10083,461.508,2.16681,2.012,1.98944,0.13536,0.225056,0.058144,0.72736,0.84352,0.046244,6131954,6131954,1663433,27.1273,1920,1080,raygs,triangles,1,off,0.1,on,-4
1781756706754497618,10085,461.058,2.16892,2.01389,1.9913,0.1352,0.226176,0.05808,0.728064,0.843776,0.039063,6131954,6131954,1663433,27.1273,1920,1080,raygs,triangles,1,off,0.1,on,-4
1781756706756529572,10087.1,461.107,2.16869,2.01994,1.9977,0.13472,0.2256,0.058368,0.735232,0.843776,0.025924,6131954,6131954,1663433,27.1273,1920,1080,raygs,triangles,1,off,0.1,on,-4
1781756706758639258,10089.2,461.305,2.16776,2.02518,2.00618,0.127072,0.223744,0.06144,0.748544,0.845376,0.055007,6131954,6131954,1663433,27.1273,1920,1080,raygs,triangles,1,off,0.1,on,-4
1781756706760824255,10091.4,461.385,2.16739,2.01626,1.99168,0.13456,0.2248,0.057344,0.730496,0.84448,0.041761,6131954,6131954,1663433,27.1273,1920,1080,raygs,triangles,1,off,0.1,on,-4
1781756706762862241,10093.4,461.713,2.16585,2.02624,2.0039,0.13936,0.224992,0.057344,0.738464,0.843744,0.040312,6131954,6131954,1663433,27.1273,1920,1080,raygs,triangles,1,off,0.1,on,-4
1781756706765245782,10095.8,462.19,2.16361,2.33491,2.31645,0.32928,0.221792,0.058368,0.863232,0.843776,0.043226,6131954,6131954,1663433,27.1273,1920,1080,raygs,triangles,1,off,0.1,on,-4
1781756706767275007,10097.8,460.912,2.16961,2.01466,1.99216,0.135936,0.225568,0.057792,0.729088,0.843776,0.040865,6131954,6131954,1663433,27.1273,1920,1080,raygs,triangles,1,off,0.1,on,-4
1781756706769339426,10099.9,460.966,2.16936,2.01837,1.99494,0.135072,0.227648,0.057344,0.731136,0.843744,0.043545,6131954,6131954,1663433,27.1273,1920,1080,raygs,triangles,1,off,0.1,on,-4
1781756706771407754,10101.9,461.238,2.16808,2.01578,1.99395,0.135072,0.225632,0.058208,0.730432,0.844608,0.051488,6131954,6131954,1663433,27.1273,1920,1080,raygs,triangles,1,off,0.1,on,-4
1781756706773483067,10104,460.932,2.16952,2.0207,1.99827,0.134848,0.226112,0.058368,0.735232,0.843712,0.028016,6131954,6131954,1663433,27.1273,1920,1080,raygs,triangles,1,off,0.1,on,-4
1781756706775361198,10105.9,460.317,2.17241,2.03277,2.01434,0.127456,0.22288,0.058368,0.760832,0.8448,0.049595,6131954,6131954,1663433,27.1273,1920,1080,raygs,triangles,1,off,0.1,on,-4
1781756706777475093,10108,462.594,2.16172,2.01866,1.9961,0.134848,0.225312,0.058368,0.73216,0.845408,0.02123,6131954,6131954,1663433,27.1273,1920,1080,raygs,triangles,1,off,0.1,on,-4
1781756706779532554,10110.1,462.399,2.16263,2.02877,2.00707,0.137792,0.225056,0.058368,0.741376,0.84448,0.036232,6131954,6131954,1663433,27.1273,1920,1080,raygs,triangles,1,off,0.1,on,-4
1781756706781864999,10112.4,462.939,2.16011,2.32608,2.30694,0.317376,0.22112,0.058368,0.866304,0.843776,0.022686,6131954,6131954,1663433,27.1273,1920,1080,raygs,triangles,1,off,0.1,on,-4
1781756706783918055,10114.4,462.013,2.16444,2.01133,1.98787,0.13472,0.224928,0.057344,0.727296,0.843584,0.027702,6131954,6131954,1663433,27.1273,1920,1080,raygs,triangles,1,off,0.1,on,-4
1781756706785957355,10116.5,461.795,2.16546,2.01414,1.99181,0.13456,0.225984,0.057344,0.72944,0.84448,0.028585,6131954,6131954,1663433,27.1273,1920,1080,raygs,triangles,1,off,0.1,on,-4
1781756706787996723,10118.5,461.733,2.16575,2.0177,1.9935,0.13392,0.226528,0.057344,0.733184,0.842528,0.029582,6131954,6131954,1663433,27.1273,1920,1080,raygs,triangles,1,off,0.1,on,-4
1781756706790050390,10120.6,461.795,2.16546,2.01952,1.9968,0.134688,0.225728,0.058368,0.73424,0.843776,0.031109,6131954,6131954,1663433,27.1273,1920,1080,raygs,triangles,1,off,0.1,on,-4
1781756706792238520,10122.8,461.785,2.16551,2.01904,1.99722,0.13424,0.2256,0.058368,0.734208,0.8448,0.038608,6131954,6131954,1663433,27.1273,1920,1080,raygs,triangles,1,off,0.1,on,-4
1781756706794374595,10124.9,461.785,2.16551,2.01126,1.9905,0.127456,0.223904,0.060416,0.734208,0.844512,0.050282,6131954,6131954,1663433,27.1273,1920,1080,raygs,triangles,1,off,0.1,on,-4
1781756706796433746,10127,462.592,2.16173,2.02352,1.99965,0.137664,0.224608,0.057344,0.73728,0.842752,0.038375,6131954,6131954,1663433,27.1273,1920,1080,raygs,triangles,1,off,0.1,on,-4
1781756706798720831,10129.3,462.571,2.16183,2.33302,2.31392,0.321248,0.221472,0.058368,0.868352,0.84448,0.032008,6131954,6131954,1663433,27.1273,1920,1080,raygs,triangles,1,off,0.1,on,-4
1781756706800837670,10131.4,461.864,2.16514,2.14157,2.12109,0.266976,0.225056,0.057344,0.72704,0.844672,0.022569,6131954,6131954,1663433,27.1273,1920,1080,raygs,triangles,1,off,0.1,on,-4
1781756706803053395,10133.6,461.261,2.16797,2.01187,1.98877,0.134208,0.2256,0.058368,0.726016,0.844576,0.050573,6131954,6131954,1663433,27.1273,1920,1080,raygs,triangles,1,off,0.1,on,-4
1781756706805041255,10135.6,460.605,2.17106,2.01526,1.99408,0.1344,0.22576,0.058368,0.731136,0.844416,0.037437,6131954,6131954,1663433,27.1273,1920,1080,raygs,triangles,1,off,0.1,on,-4
1781756706807088957,10137.6,460.95,2.16943,2.02163,1.99949,0.135104,0.227008,0.058368,0.736256,0.842752,0.041901,6131954,6131954,1663433,27.1273,1920,1080,raygs,triangles,1,off,0.1,on,-4
1781756706809036898,10139.6,462.969,2.15997,2.01978,1.99741,0.134944,0.226112,0.057344,0.735232,0.843776,0.020525,6131954,6131954,1663433,27.1273,1920,1080,raygs,triangles,1,off,0.1,on,-4
1781756706811296029,10141.8,462.521,2.16206,2.12928,2.10963,0.127008,0.222368,0.180224,0.735232,0.8448,0.030264,6131954,6131954,1663433,27.1273,1920,1080,raygs,triangles,1,off,0.1,on,-4
1781756706813366666,10143.9,462.484,2.16224,2.02003,1.99866,0.138592,0.223712,0.058368,0.734208,0.843776,0.045002,6131954,6131954,1663433,27.1273,1920,1080,raygs,triangles,1,off,0.1,on,-4
1781756706815729738,10146.3,462.829,2.16062,2.36758,2.34765,0.358016,0.222208,0.057344,0.86528,0.8448,0.029632,6131954,6131954,1663433,27.1273,1920,1080,raygs,triangles,1,off,0.1,on,-4
1781756706817765873,10148.3,461.671,2.16605,2.01267,1.99184,0.135296,0.225504,0.058368,0.72704,0.845632,0.032514,6131954,6131954,1663433,27.1273,1920,1080,raygs,triangles,1,off,0.1,on,-4
1781756706819814293,10150.3,461.631,2.16623,2.02198,1.99853,0.135104,0.226208,0.058208,0.735232,0.843776,0.02819,6131954,6131954,1663433,27.1273,1920,1080,raygs,triangles,1,off,0.1,on,-4
1781756706821859307,10152.4,461.692,2.16595,2.02128,1.99859,0.134912,0.225696,0.058368,0.735232,0.844384,0.027984,6131954,6131954,1663433,27.1273,1920,1080,raygs,triangles,1,off,0.1,on,-4
1781756706824023121,10154.6,461.676,2.16602,2.01811,1.99482,0.13472,0.226752,0.057344,0.732352,0.843648,0.048336,6131954,6131954,1663433,27.1273,1920,1080,raygs,triangles,1,off,0.1,on,-4
1781756706826070225,10156.6,461.714,2.16584,2.02029,1.99773,0.134432,0.22608,0.058368,0.735232,0.843616,0.027536,6131954,6131954,1663433,27.1273,1920,1080,raygs,triangles,1,off,0.1,on,-4
1781756706828265757,10158.8,461.65,2.16614,2.12314,1.9848,0.126784,0.222688,0.058368,0.733184,0.843776,0.050134,6131954,6131954,1663433,27.1273,1920,1080,raygs,triangles,1,off,0.1,on,-4
1781756706830450690,10161,462.494,2.16219,2.02218,1.99997,0.134304,0.225248,0.058336,0.73728,0.8448,0.036306,6131954,6131954,1663433,27.1273,1920,1080,raygs,triangles,1,off,0.1,on,-4
1781756706832730847,10163.3,461.903,2.16496,2.21158,2.18874,0.13936,0.223936,0.058016,0.923648,0.843776,0.040317,6131954,6131954,1663433,27.1273,1920,1080,raygs,triangles,1,off,0.1,on,-4
1781756706834741267,10165.3,485.603,2.0593,2.01107,1.98877,0.134464,0.224704,0.05776,0.72704,0.8448,0.038363,6131954,6131954,1663433,27.1273,1920,1080,raygs,triangles,1,off,0.1,on,-4
1781756706836821368,10167.4,480.415,2.08153,2.04272,2.02013,0.13536,0.226304,0.058368,0.755712,0.844384,0.03977,6131954,6131954,1663433,27.1273,1920,1080,raygs,triangles,1,off,0.1,on,-4
1781756706838860022,10169.4,474.66,2.10677,2.01965,1.99734,0.13584,0.225152,0.058368,0.734208,0.843776,0.038226,6131954,6131954,1663433,27.1273,1920,1080,raygs,triangles,1,off,0.1,on,-4
1781756706840822616,10171.4,473.81,2.11055,2.01894,1.99747,0.134112,0.225024,0.058304,0.735232,0.8448,0.041393,6131954,6131954,1663433,27.1273,1920,1080,raygs,triangles,1,off,0.1,on,-4
1781756706842858492,10173.4,474.837,2.10599,2.01683,1.99536,0.13408,0.226592,0.058144,0.73216,0.844384,0.029694,6131954,6131954,1663433,27.1273,1920,1080,raygs,triangles,1,off,0.1,on,-4
1781756706844967414,10175.5,475.388,2.10355,2.12582,2.10621,0.12704,0.344864,0.058368,0.73216,0.843776,0.02926,6131954,6131954,1663433,27.1273,1920,1080,raygs,triangles,1,off,0.1,on,-4
1781756706847205201,10177.7,475.656,2.10236,2.01997,1.99667,0.135264,0.225952,0.057344,0.734528,0.843584,0.033045,6131954,6131954,1663433,27.1273,1920,1080,raygs,triangles,1,off,0.1,on,-4
1781756706849384462,10179.9,474.758,2.10633,2.16202,2.13942,0.150208,0.221792,0.057344,0.86528,0.8448,0.02806,6131954,6131954,1663433,27.1273,1920,1080,raygs,triangles,1,off,0.1,on,-4
1781756706851422599,10182,474.186,2.10888,2.01411,1.99142,0.135456,0.22608,0.058048,0.729088,0.842752,0.028299,6131954,6131954,1663433,27.1273,1920,1080,raygs,triangles,1,off,0.1,on,-4
1781756706853496781,10184,474.284,2.10844,2.03952,2.01728,0.134496,0.224768,0.057344,0.755936,0.844736,0.028718,6131954,6131954,1663433,27.1273,1920,1080,raygs,triangles,1,off,0.1,on,-4
1781756706855565179,10186.1,474.634,2.10689,2.01814,1.99542,0.134624,0.224448,0.057344,0.735232,0.843776,0.03087,6131954,6131954,1663433,27.1273,1920,1080,raygs,triangles,1,off,0.1,on,-4
1781756706857604313,10188.1,474.516,2.10741,2.01997,1.99664,0.134592,0.22672,0.057344,0.734208,0.843776,0.031939,6131954,6131954,1663433,27.1273,1920,1080,raygs,triangles,1,off,0.1,on,-4
1781756706859641649,10190.2,475.449,2.10327,2.01914,1.99571,0.134304,0.226272,0.057344,0.734208,0.843584,0.028398,6131954,6131954,1663433,27.1273,1920,1080,raygs,triangles,1,off,0.1,on,-4
1781756706861800146,10192.3,475.973,2.10096,2.13037,2.11088,0.12704,0.348384,0.057472,0.733184,0.8448,0.029572,6131954,6131954,1663433,27.1273,1920,1080,raygs,triangles,1,off,0.1,on,-4
1781756706864025044,10194.6,475.529,2.10292,2.01818,1.99629,0.134944,0.226016,0.058368,0.733184,0.843776,0.030372,6131954,6131954,1663433,27.1273,1920,1080,raygs,triangles,1,off,0.1,on,-4
1781756706866210021,10196.7,474.899,2.10571,2.15866,2.13738,0.147776,0.222176,0.058368,0.86528,0.843776,0.031077,6131954,6131954,1663433,27.1273,1920,1080,raygs,triangles,1,off,0.1,on,-4
1781756706868267114,10198.8,474.234,2.10866,2.01472,1.99264,0.136064,0.225344,0.058368,0.729088,0.843776,0.028581,6131954,6131954,1663433,27.1273,1920,1080,raygs,triangles,1,off,0.1,on,-4
1781756706870332464,10200.9,474.278,2.10847,2.04346,2.02099,0.135072,0.224992,0.058368,0.758784,0.843776,0.028215,6131954,6131954,1663433,27.1273,1920,1080,raygs,triangles,1,off,0.1,on,-4
1781756706872532199,10203.1,474.657,2.10679,2.02038,1.99728,0.134528,0.225344,0.0584,0.735232,0.843776,0.049385,6131954,6131954,1663433,27.1273,1920,1080,raygs,triangles,1,off,0.1,on,-4
1781756706874549671,10205.1,474.075,2.10937,2.02432,2.0031,0.13472,0.226848,0.057344,0.739392,0.8448,0.03813,6131954,6131954,1663433,27.1273,1920,1080,raygs,triangles,1,off,0.1,on,-4
1781756706876569376,10207.1,474.948,2.10549,2.01926,1.99731,0.134432,0.226816,0.058432,0.733184,0.844448,0.030244,6131954,6131954,1663433,27.1273,1920,1080,raygs,triangles,1,off,0.1,on,-4
1781756706878710609,10209.2,475.151,2.10459,2.13261,2.11056,0.127008,0.344128,0.059392,0.735232,0.8448,0.060012,6131954,6131954,1663433,27.1273,1920,1080,raygs,triangles,1,off,0.1,on,-4
1781756706880991282,10211.5,475.409,2.10345,2.14854,2.12528,0.134688,0.35424,0.057344,0.734208,0.8448,0.019805,6131954,6131954,1663433,27.1273,1920,1080,raygs,triangles,1,off,0.1,on,-4
1781756706883179096,10213.7,474.362,2.1081,2.15955,2.1383,0.1488,0.223104,0.058368,0.864256,0.843776,0.029506,6131954,6131954,1663433,27.1273,1920,1080,raygs,triangles,1,off,0.1,on,-4
1781756706885279830,10215.8,473.767,2.11074,2.01168,1.98963,0.135072,0.225376,0.058368,0.72704,0.843776,0.053963,6131954,6131954,1663433,27.1273,1920,1080,raygs,triangles,1,off,0.1,on,-4
1781756706887286109,10217.8,473.891,2.11019,2.03702,2.01539,0.135136,0.224448,0.057344,0.753664,0.8448,0.018375,6131954,6131954,1663433,27.1273,1920,1080,raygs,triangles,1,off,0.1,on,-4
1781756706889323986,10219.9,474.52,2.10739,2.01651,1.99584,0.134784,0.22576,0.058368,0.73216,0.844768,0.028481,6131954,6131954,1663433,27.1273,1920,1080,raygs,triangles,1,off,0.1,on,-4
1781756706891527671,10222.1,474.522,2.10739,2.02173,2.00038,0.133824,0.226368,0.058112,0.73728,0.8448,0.051625,6131954,6131954,1663433,27.1273,1920,1080,raygs,triangles,1,off,0.1,on,-4
1781756706893552486,10224.1,475.203,2.10436,2.01661,1.99549,0.134848,0.225312,0.058368,0.73216,0.8448,0.027585,6131954,6131954,1663433,27.1273,1920,1080,raygs,triangles,1,off,0.1,on,-4
1781756706895722425,10226.3,475.106,2.1048,2.12963,2.10954,0.127744,0.343872,0.06144,0.73216,0.84432,0.05098,6131954,6131954,1663433,27.1273,1920,1080,raygs,triangles,1,off,0.1,on,-4
1781756706897902579,10228.4,474.81,2.1061,2.01741,1.9951,0.134656,0.225984,0.058368,0.731552,0.844544,0.036546,6131954,6131954,1663433,27.1273,1920,1080,raygs,triangles,1,off,0.1,on,-4
1781756706900147243,10230.7,474.424,2.10782,2.2128,2.19088,0.138528,0.224512,0.058368,0.924672,0.8448,0.037189,6131954,6131954,1663433,27.1273,1920,1080,raygs,triangles,1,off,0.1,on,-4
1781756706902186712,10232.7,474.198,2.10882,2.01533,1.99395,0.13664,0.22608,0.058368,0.729088,0.843776,0.035659,6131954,6131954,1663433,27.1273,1920,1080,raygs,triangles,1,off,0.1,on,-4
1781756706904180763,10234.7,473.02,2.11408,2.01965,1.99584,0.134848,0.224736,0.059392,0.73216,0.844704,0.052549,6131954,6131954,1663433,27.1273,1920,1080,raygs,triangles,1,off,0.1,on,-4
1781756706906178166,10236.7,473.523,2.11183,2.01974,1.99741,0.134912,0.22512,0.058368,0.734208,0.8448,0.018734,6131954,6131954,1663433,27.1273,1920,1080,raygs,triangles,1,off,0.1,on,-4
1781756706908360766,10238.9,473.491,2.11197,2.01706,1.99501,0.134592,0.225856,0.0576,0.733184,0.843776,0.045371,6131954,6131954,1663433,27.1273,1920,1080,raygs,triangles,1,off,0.1,on,-4
1781756706910385419,10240.9,474.225,2.1087,2.01997,1.99779,0.13408,0.22576,0.058368,0.735232,0.844352,0.024039,6131954,6131954,1663433,27.1273,1920,1080,raygs,triangles,1,off,0.1,on,-4
1781756706912422147,10243,474.339,2.1082,2.12858,2.108,0.127008,0.341696,0.06144,0.734208,0.843648,0.034749,6131954,6131954,1663433,27.1273,1920,1080,raygs,triangles,1,off,0.1,on,-4
1781756706914786725,10245.3,474.426,2.10781,2.22768,2.20544,0.135008,0.438176,0.058368,0.730112,0.843776,0.030479,6131954,6131954,1663433,27.1273,1920,1080,raygs,triangles,1,off,0.1,on,-4
1781756706916822643,10247.4,473.227,2.11315,2.01738,1.99539,0.1392,0.224608,0.05808,0.729088,0.844416,0.029276,6131954,6131954,1663433,27.1273,1920,1080,raygs,triangles,1,off,0.1,on,-4
1781756706918873792,10249.4,473.301,2.11282,2.01466,1.99238,0.135968,0.225184,0.057344,0.729088,0.8448,0.027914,6131954,6131954,1663433,27.1273,1920,1080,raygs,triangles,1,off,0.1,on,-4
1781756706920932038,10251.5,473.869,2.11029,2.01072,1.98698,0.132032,0.223712,0.058368,0.730112,0.842752,0.030468,6131954,6131954,1663433,27.1273,1920,1080,raygs,triangles,1,off,0.1,on,-4
1781756706922970873,10253.5,474.139,2.10909,2.01642,1.99357,0.134656,0.225632,0.058368,0.731136,0.843776,0.034588,6131954,6131954,1663433,27.1273,1920,1080,raygs,triangles,1,off,0.1,on,-4
1781756706924995466,10255.5,474.219,2.10873,2.02122,1.99747,0.134336,0.226784,0.057344,0.735232,0.843776,0.028413,6131954,6131954,1663433,27.1273,1920,1080,raygs,triangles,1,off,0.1,on,-4
1781756706927163831,10257.7,475.175,2.10449,2.0183,1.99568,0.134496,0.224832,0.057344,0.735232,0.843776,0.030311,6131954,6131954,1663433,27.1273,1920,1080,raygs,triangles,1,off,0.1,on,-4
1781756706929225255,10259.8,475.171,2.10451,2.02176,2.00061,0.138176,0.22496,0.058368,0.73456,0.844544,0.033951,6131954,6131954,1663433,27.1273,1920,1080,raygs,triangles,1,off,0.1,on,-4
1781756706931530192,10262.1,475.813,2.10167,2.24733,2.22723,0.126976,0.223296,0.06144,0.969728,0.845792,0.040724,6131954,6131954,1663433,27.1273,1920,1080,raygs,triangles,1,off,0.1,on,-4
1781756706933626083,10264.2,474.432,2.10779,2.12941,2.11056,0.254816,0.223392,0.058368,0.73024,0.843744,0.01761,6131954,6131954,1663433,27.1273,1920,1080,raygs,triangles,1,off,0.1,on,-4
1781756706935712336,10266.2,474.269,2.10851,2.01254,1.98957,0.134912,0.225408,0.057344,0.728128,0.843776,0.031859,6131954,6131954,1663433,27.1273,1920,1080,raygs,triangles,1,off,0.1,on,-4
1781756706937739252,10268.3,473.58,2.11158,2.02058,1.99869,0.13984,0.225504,0.058368,0.730368,0.844608,0.029032,6131954,6131954,1663433,27.1273,1920,1080,raygs,triangles,1,off,0.1,on,-4
1781756706939784679,10270.3,474.538,2.10731,2.01725,1.99389,0.134496,0.225088,0.057344,0.73216,0.8448,0.029969,6131954,6131954,1663433,27.1273,1920,1080,raygs,triangles,1,off,0.1,on,-4
1781756706941834748,10272.4,474.558,2.10722,2.01971,1.99674,0.134912,0.224608,0.057472,0.735232,0.844512,0.028989,6131954,6131954,1663433,27.1273,1920,1080,raygs,triangles,1,off,0.1,on,-4
1781756706943989677,10274.5,475.785,2.10179,2.01744,1.99494,0.134688,0.224928,0.057344,0.734208,0.843776,0.03136,6131954,6131954,1663433,27.1273,1920,1080,raygs,triangles,1,off,0.1,on,-4
1781756706946043669,10276.6,475.324,2.10383,2.02413,2.00272,0.138304,0.225248,0.05808,0.73648,0.844608,0.028275,6131954,6131954,1663433,27.1273,1920,1080,raygs,triangles,1,off,0.1,on,-4
1781756706948346323,10278.9,475.409,2.10345,2.22512,2.20563,0.127296,0.223648,0.061664,0.9472,0.845824,0.056671,6131954,6131954,1663433,27.1273,1920,1080,raygs,triangles,1,off,0.1,on,-4
1781756706950438242,10281,474.405,2.1079,2.13427,2.11318,0.254656,0.225248,0.057344,0.73216,0.843776,0.017174,6131954,6131954,1663433,27.1273,1920,1080,raygs,triangles,1,off,0.1,on,-4
1781756706952554682,10283.1,474.675,2.1067,2.01552,1.9927,0.134784,0.227552,0.057504,0.728064,0.8448,0.057888,6131954,6131954,1663433,27.1273,1920,1080,raygs,triangles,1,off,0.1,on,-4
1781756706954601418,10285.1,474.422,2.10783,2.01475,1.99187,0.134016,0.225952,0.058176,0.729088,0.84464,0.046249,6131954,6131954,1663433,27.1273,1920,1080,raygs,triangles,1,off,0.1,on,-4
1781756706956652971,10287.2,474.982,2.10534,2.02387,2.00058,0.134976,0.226208,0.058368,0.73728,0.843744,0.052245,6131954,6131954,1663433,27.1273,1920,1080,raygs,triangles,1,off,0.1,on,-4
1781756706958641495,10289.2,475.492,2.10309,2.0193,1.99555,0.134432,0.225632,0.057504,0.734208,0.843776,0.018183,6131954,6131954,1663433,27.1273,1920,1080,raygs,triangles,1,off,0.1,on,-4
1781756706960871144,10291.4,476.515,2.09857,2.01702,1.99578,0.134528,0.22592,0.058368,0.733184,0.843776,0.057549,6131954,6131954,1663433,27.1273,1920,1080,raygs,triangles,1,off,0.1,on,-4
1781756706962879201,10293.4,475.76,2.1019,2.02506,2.00266,0.138784,0.224448,0.057344,0.73728,0.8448,0.022101,6131954,6131954,1663433,27.1273,1920,1080,raygs,triangles,1,off,0.1,on,-4
1781756706965305838,10295.8,476.033,2.10069,2.33504,2.31168,0.319136,0.22512,0.058368,0.864256,0.8448,0.062709,6131954,6131954,1663433,27.1273,1920,1080,raygs,triangles,1,off,0.1,on,-4
1781756706967353053,10297.9,474.561,2.10721,2.01418,1.99392,0.135488,0.225536,0.058368,0.729088,0.84544,0.03172,6131954,6131954,1663433,27.1273,1920,1080,raygs,triangles,1,off,0.1,on,-4
1781756706969385890,10299.9,474.184,2.10889,2.01347,1.9921,0.134784,0.225056,0.058368,0.730112,0.843776,0.047566,6131954,6131954,1663433,27.1273,1920,1080,raygs,triangles,1,off,0.1,on,-4
1781756706971366523,10301.9,474.089,2.10931,2.01565,1.99328,0.134912,0.226112,0.057344,0.730112,0.8448,0.018475,6131954,6131954,1663433,27.1273,1920,1080,raygs,triangles,1,off,0.1,on,-4
1781756706973492289,10304,474.707,2.10656,2.02282,2.00045,0.135136,0.226912,0.058368,0.736256,0.843776,0.042558,6131954,6131954,1663433,27.1273,1920,1080,raygs,triangles,1,off,0.1,on,-4
1781756706975503052,10306,475.154,2.10458,2.02093,1.99789,0.135008,0.226528,0.058368,0.734208,0.843776,0.042606,6131954,6131954,1663433,27.1273,1920,1080,raygs,triangles,1,off,0.1,on,-4
1781756706977710434,10308.2,475.798,2.10173,2.01942,1.99744,0.134752,0.226048,0.057632,0.734208,0.8448,0.035319,6131954,6131954,1663433,27.1273,1920,1080,raygs,triangles,1,off,0.1,on,-4
1781756706979727819,10310.3,475.132,2.10468,2.02698,2.00499,0.138528,0.224704,0.058016,0.739328,0.844416,0.01685,6131954,6131954,1663433,27.1273,1920,1080,raygs,triangles,1,off,0.1,on,-4
1781756706982112435,10312.6,475.377,2.10359,2.34525,2.32499,0.32832,0.2272,0.058368,0.866304,0.8448,0.054261,6131954,6131954,1663433,27.1273,1920,1080,raygs,triangles,1,off,0.1,on,-4
1781756706984138767,10314.7,474.178,2.10891,2.01562,1.99216,0.13488,0.225408,0.057344,0.730112,0.844416,0.042141,6131954,6131954,1663433,27.1273,1920,1080,raygs,triangles,1,off,0.1,on,-4
1781756706986189541,10316.7,474.268,2.10851,2.01501,1.99286,0.135328,0.22464,0.058368,0.730112,0.844416,0.041641,6131954,6131954,1663433,27.1273,1920,1080,raygs,triangles,1,off,0.1,on,-4
1781756706988157411,10318.7,474.116,2.10919,2.01667,1.99341,0.135104,0.22592,0.057504,0.730112,0.844768,0.016337,6131954,6131954,1663433,27.1273,1920,1080,raygs,triangles,1,off,0.1,on,-4
1781756706990210867,10320.7,474.908,2.10567,2.01731,1.99373,0.134528,0.225728,0.057536,0.733184,0.842752,0.030661,6131954,6131954,1663433,27.1273,1920,1080,raygs,triangles,1,off,0.1,on,-4
1781756706992255425,10322.8,475.428,2.10337,2.0161,1.99459,0.134784,0.22672,0.05824,0.730112,0.844736,0.027238,6131954,6131954,1663433,27.1273,1920,1080,raygs,triangles,1,off,0.1,on,-4
1781756706994415432,10324.9,476.038,2.10067,2.01901,1.99722,0.135104,0.226208,0.05776,0.733408,0.844736,0.03042,6131954,6131954,1663433,27.1273,1920,1080,raygs,triangles,1,off,0.1,on,-4
1781756706996484818,10327,475.627,2.10249,2.02864,2.00602,0.13872,0.226176,0.058368,0.738304,0.844448,0.028957,6131954,6131954,1663433,27.1273,1920,1080,raygs,triangles,1,off,0.1,on,-4
1781756706998875112,10329.4,475.525,2.10294,2.37485,2.35232,0.360992,0.224928,0.058368,0.864256,0.843776,0.027685,6131954,6131954,1663433,27.1273,1920,1080,raygs,triangles,1,off,0.1,on,-4
1781756707000913839,10331.4,474.912,2.10565,2.01312,1.99171,0.135488,0.226016,0.058368,0.728064,0.843776,0.028855,6131954,6131954,1663433,27.1273,1920,1080,raygs,triangles,1,off,0.1,on,-4
1781756707002955634,10333.5,474.821,2.10606,2.01424,1.99146,0.134528,0.225536,0.058368,0.728352,0.844672,0.027369,6131954,6131954,1663433,27.1273,1920,1080,raygs,triangles,1,off,0.1,on,-4
1781756707004995620,10335.5,474.714,2.10653,2.01565,1.99424,0.134912,0.226336,0.05808,0.731136,0.843776,0.026655,6131954,6131954,1663433,27.1273,1920,1080,raygs,triangles,1,off,0.1,on,-4
1781756707007074379,10337.6,475.059,2.105,2.02192,1.99869,0.13504,0.225248,0.057344,0.736256,0.8448,0.030187,6131954,6131954,1663433,27.1273,1920,1080,raygs,triangles,1,off,0.1,on,-4
1781756707009098744,10339.6,475.866,2.10143,2.01834,1.99738,0.135552,0.2264,0.058368,0.733408,0.843648,0.028191,6131954,6131954,1663433,27.1273,1920,1080,raygs,triangles,1,off,0.1,on,-4
1781756707011262125,10341.8,476.502,2.09863,2.01542,1.99245,0.133664,0.22448,0.057344,0.73216,0.8448,0.030949,6131954,6131954,1663433,27.1273,1920,1080,raygs,triangles,1,off,0.1,on,-4
1781756707013319111,10343.8,476.213,2.0999,2.02592,2.0049,0.138016,0.22608,0.058176,0.73728,0.845344,0.028416,6131954,6131954,1663433,27.1273,1920,1080,raygs,triangles,1,off,0.1,on,-4
1781756707015731567,10346.3,476.138,2.10023,2.37578,2.35411,0.360928,0.2248,0.058208,0.866592,0.843584,0.029777,6131954,6131954,1663433,27.1273,1920,1080,raygs,triangles,1,off,0.1,on,-4
1781756707017746372,10348.3,474.662,2.10676,2.01446,1.99267,0.134816,0.225504,0.058368,0.730208,0.843776,0.028928,6131954,6131954,1663433,27.1273,1920,1080,raygs,triangles,1,off,0.1,on,-4
1781756707019790452,10350.3,475.382,2.10357,2.01328,1.9921,0.135712,0.224992,0.058368,0.728288,0.844736,0.027031,6131954,6131954,1663433,27.1273,1920,1080,raygs,triangles,1,off,0.1,on,-4
1781756707021832080,10352.4,475.411,2.10344,2.0175,1.9959,0.135744,0.22512,0.05824,0.73216,0.84464,0.026605,6131954,6131954,1663433,27.1273,1920,1080,raygs,triangles,1,off,0.1,on,-4
1781756707023897869,10354.4,475.856,2.10148,2.0225,2.00054,0.134592,0.226624,0.058272,0.73728,0.843776,0.02858,6131954,6131954,1663433,27.1273,1920,1080,raygs,triangles,1,off,0.1,on,-4
1781756707025943263,10356.5,476.209,2.09992,2.0207,1.99872,0.134848,0.225792,0.058048,0.736256,0.843776,0.027904,6131954,6131954,1663433,27.1273,1920,1080,raygs,triangles,1,off,0.1,on,-4
1781756707028125922,10358.7,476.972,2.09656,2.01904,1.9968,0.135232,0.226208,0.057344,0.733216,0.8448,0.034105,6131954,6131954,1663433,27.1273,1920,1080,raygs,triangles,1,off,0.1,on,-4
1781756707030188019,10360.7,476.45,2.09886,2.02115,1.9976,0.138368,0.223872,0.057376,0.734208,0.843776,0.031279,6131954,6131954,1663433,27.1273,1920,1080,raygs,triangles,1,off,0.1,on,-4
1781756707032515213,10363,476.207,2.09993,2.3329,2.30982,0.315968,0.226368,0.057472,0.86528,0.844736,0.029932,6131954,6131954,1663433,27.1273,1920,1080,raygs,triangles,1,off,0.1,on,-4
1781756707034561795,10365.1,475.156,2.10457,2.01395,1.99171,0.135296,0.225184,0.058368,0.728064,0.8448,0.030494,6131954,6131954,1663433,27.1273,1920,1080,raygs,triangles,1,off,0.1,on,-4
1781756707036610176,10367.1,475.478,2.10315,2.01622,1.99334,0.134464,0.225952,0.05808,0.730112,0.844736,0.030344,6131954,6131954,1663433,27.1273,1920,1080,raygs,triangles,1,off,0.1,on,-4
1781756707038653919,10369.2,475.389,2.10354,2.01782,1.99443,0.135232,0.2248,0.057344,0.733408,0.843648,0.030408,6131954,6131954,1663433,27.1273,1920,1080,raygs,triangles,1,off,0.1,on,-4
1781756707040759866,10371.3,475.298,2.10394,2.0217,1.99894,0.134848,0.22672,0.058368,0.736256,0.842752,0.064276,6131954,6131954,1663433,27.1273,1920,1080,raygs,triangles,1,off,0.1,on,-4
1781756707042936501,10373.5,476.283,2.09959,2.01936,1.99699,0.13472,0.22592,0.058368,0.734208,0.843776,0.047578,6131954,6131954,1663433,27.1273,1920,1080,raygs,triangles,1,off,0.1,on,-4
1781756707045033525,10375.6,475.727,2.10205,2.1505,2.12717,0.138688,0.225152,0.057344,0.862208,0.843776,0.021428,6131954,6131954,1663433,27.1273,1920,1080,raygs,triangles,1,off,0.1,on,-4
1781756707047150134,10377.7,475.599,2.10261,2.0192,1.99642,0.134368,0.224672,0.057344,0.736256,0.843776,0.032148,6131954,6131954,1663433,27.1273,1920,1080,raygs,triangles,1,off,0.1,on,-4
1781756707049537534,10380.1,475.34,2.10376,2.33955,2.31558,0.322656,0.230208,0.05776,0.861184,0.843776,0.060125,6131954,6131954,1663433,27.1273,1920,1080,raygs,triangles,1,off,0.1,on,-4
1781756707051487819,10382,474.051,2.10948,2.01299,1.99046,0.134304,0.225952,0.058368,0.728064,0.843776,0.018638,6131954,6131954,1663433,27.1273,1920,1080,raygs,triangles,1,off,0.1,on,-4
1781756707053567192,10384.1,474.266,2.10852,2.04301,2.02029,0.134656,0.225728,0.058368,0.758784,0.842752,0.029601,6131954,6131954,1663433,27.1273,1920,1080,raygs,triangles,1,off,0.1,on,-4
1781756707055630693,10386.2,474.629,2.10691,2.01776,1.99626,0.13504,0.22512,0.058368,0.733184,0.844544,0.029941,6131954,6131954,1663433,27.1273,1920,1080,raygs,triangles,1,off,0.1,on,-4
1781756707057653405,10388.2,474.598,2.10705,2.0183,1.99718,0.13504,0.225856,0.058368,0.733184,0.844736,0.027945,6131954,6131954,1663433,27.1273,1920,1080,raygs,triangles,1,off,0.1,on,-4
1781756707059697219,10390.2,475.693,2.1022,2.01859,1.99626,0.135424,0.225504,0.058368,0.733184,0.843776,0.02845,6131954,6131954,1663433,27.1273,1920,1080,raygs,triangles,1,off,0.1,on,-4
1781756707061867898,10392.4,475.841,2.10154,2.13242,2.11075,0.135072,0.225088,0.175104,0.730688,0.8448,0.035223,6131954,6131954,1663433,27.1273,1920,1080,raygs,triangles,1,off,0.1,on,-4
1781756707064157969,10394.7,475.632,2.10247,2.02195,2.00154,0.13456,0.225632,0.058144,0.7376,0.8456,0.031318,6131954,6131954,1663433,27.1273,1920,1080,raygs,triangles,1,off,0.1,on,-4
1781756707066318474,10396.8,474.643,2.10685,2.15898,2.13722,0.146176,0.223616,0.058368,0.86528,0.843776,0.029417,6131954,6131954,1663433,27.1273,1920,1080,raygs,triangles,1,off,0.1,on,-4
1781756707068361317,10398.9,474.192,2.10885,2.01712,1.99344,0.134336,0.225504,0.057664,0.73216,0.843776,0.03012,6131954,6131954,1663433,27.1273,1920,1080,raygs,triangles,1,off,0.1,on,-4
1781756707070479439,10401,474.197,2.10883,2.04525,2.0249,0.13584,0.22608,0.058368,0.759808,0.8448,0.046864,6131954,6131954,1663433,27.1273,1920,1080,raygs,triangles,1,off,0.1,on,-4
1781756707072459977,10403,474.406,2.1079,2.01664,1.99312,0.13488,0.225824,0.057344,0.73248,0.842592,0.018766,6131954,6131954,1663433,27.1273,1920,1080,raygs,triangles,1,off,0.1,on,-4
1781756707074509034,10405,474.617,2.10696,2.02003,1.99706,0.134176,0.225504,0.058368,0.735232,0.843776,0.028435,6131954,6131954,1663433,27.1273,1920,1080,raygs,triangles,1,off,0.1,on,-4
1781756707076554804,10407.1,475.581,2.10269,2.01997,1.99875,0.13504,0.225312,0.058368,0.734208,0.845824,0.029082,6131954,6131954,1663433,27.1273,1920,1080,raygs,triangles,1,off,0.1,on,-4
1781756707078725458,10409.3,475.744,2.10197,2.14179,2.11933,0.135168,0.345728,0.05824,0.73648,0.843712,0.030571,6131954,6131954,1663433,27.1273,1920,1080,raygs,triangles,1,off,0.1,on,-4
1781756707081000335,10411.5,475.569,2.10274,2.01904,1.99635,0.135264,0.225088,0.058368,0.733184,0.844448,0.028552,6131954,6131954,1663433,27.1273,1920,1080,raygs,triangles,1,off,0.1,on,-4
1781756707083170866,10413.7,474.697,2.10661,2.16253,2.14064,0.147648,0.224032,0.058208,0.867328,0.843424,0.028138,6131954,6131954,1663433,27.1273,1920,1080,raygs,triangles,1,off,0.1,on,-4
1781756707085212277,10415.7,474.234,2.10866,2.01322,1.9905,0.13456,0.224832,0.058368,0.729088,0.843648,0.032091,6131954,6131954,1663433,27.1273,1920,1080,raygs,triangles,1,off,0.1,on,-4
1781756707087281448,10417.8,474.16,2.10899,2.04582,2.0232,0.135424,0.226144,0.057344,0.760832,0.843456,0.027141,6131954,6131954,1663433,27.1273,1920,1080,raygs,triangles,1,off,0.1,on,-4
1781756707089324274,10419.9,474.667,2.10674,2.01706,1.99523,0.135328,0.224352,0.057568,0.734208,0.843776,0.027355,6131954,6131954,1663433,27.1273,1920,1080,raygs,triangles,1,off,0.1,on,-4
1781756707091378981,10421.9,474.522,2.10738,2.02394,2.00173,0.135264,0.225408,0.058368,0.738304,0.844384,0.028089,6131954,6131954,1663433,27.1273,1920,1080,raygs,triangles,1,off,0.1,on,-4
1781756707093467545,10424,475.941,2.1011,2.02195,2.00051,0.135104,0.226016,0.057728,0.736256,0.845408,0.034196,6131954,6131954,1663433,27.1273,1920,1080,raygs,triangles,1,off,0.1,on,-4
1781756707095625303,10426.2,475.774,2.10184,2.13558,2.1128,0.13504,0.343456,0.058368,0.73216,0.843776,0.033058,6131954,6131954,1663433,27.1273,1920,1080,raygs,triangles,1,off,0.1,on,-4
1781756707097826150,10428.4,475.402,2.10348,2.01523,1.99382,0.134496,0.227072,0.058368,0.730112,0.843776,0.030158,6131954,6131954,1663433,27.1273,1920,1080,raygs,triangles,1,off,0.1,on,-4
1781756707100114984,10430.6,474.492,2.10752,2.19088,2.16899,0.135072,0.225856,0.058368,0.90624,0.843456,0.043422,6131954,6131954,1663433,27.1273,1920,1080,raygs,triangles,1,off,0.1,on,-4
1781756707102078901,10432.6,473.83,2.11046,2.01674,1.9936,0.135008,0.226336,0.057344,0.731136,0.843776,0.02006,6131954,6131954,1663433,27.1273,1920,1080,raygs,triangles,1,off,0.1,on,-4
1781756707104168609,10434.7,474.001,2.1097,2.03453,2.01168,0.135392,0.224832,0.058368,0.748544,0.844544,0.030948,6131954,6131954,1663433,27.1273,1920,1080,raygs,triangles,1,off,0.1,on,-4
1781756707106260733,10436.8,474.458,2.10767,2.01834,1.99536,0.134528,0.225792,0.057344,0.733184,0.844512,0.044528,6131954,6131954,1663433,27.1273,1920,1080,raygs,triangles,1,off,0.1,on,-4
1781756707108296577,10438.8,474.16,2.10899,2.01734,1.99501,0.135616,0.225344,0.058464,0.731136,0.844448,0.032673,6131954,6131954,1663433,27.1273,1920,1080,raygs,triangles,1,off,0.1,on,-4
1781756707110293396,10440.8,475.496,2.10307,2.01744,1.99558,0.134656,0.225856,0.0584,0.733184,0.843488,0.019353,6131954,6131954,1663433,27.1273,1920,1080,raygs,triangles,1,off,0.1,on,-4
1781756707112463055,10443,475.588,2.10266,2.13498,2.1128,0.135488,0.343008,0.058368,0.733184,0.842752,0.032525,6131954,6131954,1663433,27.1273,1920,1080,raygs,triangles,1,off,0.1,on,-4
1781756707114705777,10445.2,475.174,2.10449,2.01325,1.98954,0.13472,0.225984,0.057344,0.72704,0.844448,0.033147,6131954,6131954,1663433,27.1273,1920,1080,raygs,triangles,1,off,0.1,on,-4
1781756707116950752,10447.5,474.064,2.10942,2.26045,2.2376,0.134272,0.224192,0.057344,0.976992,0.8448,0.031385,6131954,6131954,1663433,27.1273,1920,1080,raygs,triangles,1,off,0.1,on,-4
1781756707118989864,10449.5,473.472,2.11206,2.01466,1.99235,0.134944,0.22608,0.057728,0.729088,0.844512,0.03141,6131954,6131954,1663433,27.1273,1920,1080,raygs,triangles,1,off,0.1,on,-4
1781756707121028082,10451.6,473.493,2.11197,2.01712,1.99453,0.13536,0.226912,0.057344,0.730112,0.8448,0.027903,6131954,6131954,1663433,27.1273,1920,1080,raygs,triangles,1,off,0.1,on,-4
1781756707123100664,10453.6,473.964,2.10987,2.01606,1.99309,0.134304,0.226528,0.057728,0.731136,0.843392,0.031217,6131954,6131954,1663433,27.1273,1920,1080,raygs,triangles,1,off,0.1,on,-4
1781756707125128787,10455.7,473.997,2.10972,2.01821,1.99494,0.134432,0.224896,0.057632,0.734208,0.843776,0.028908,6131954,6131954,1663433,27.1273,1920,1080,raygs,triangles,1,off,0.1,on,-4
1781756707127170244,10457.7,475.284,2.104,2.01939,1.99638,0.134944,0.226112,0.057344,0.734208,0.843776,0.028698,6131954,6131954,1663433,27.1273,1920,1080,raygs,triangles,1,off,0.1,on,-4
1781756707129356452,10459.9,475.249,2.10416,2.14112,2.11846,0.134432,0.346656,0.057344,0.735232,0.8448,0.033183,6131954,6131954,1663433,27.1273,1920,1080,raygs,triangles,1,off,0.1,on,-4
1781756707131729262,10462.3,474.742,2.10641,2.24173,2.2176,0.134368,0.450688,0.057632,0.730112,0.8448,0.028782,6131954,6131954,1663433,27.1273,1920,1080,raygs,triangles,1,off,0.1,on,-4
1781756707133775739,10464.3,473.516,2.11186,2.03072,2.01245,0.132576,0.222016,0.058368,0.754688,0.8448,0.02818,6131954,6131954,1663433,27.1273,1920,1080,raygs,triangles,1,off,0.1,on,-4
1781756707135861019,10466.4,473.637,2.11132,2.01491,1.99158,0.136192,0.225184,0.058368,0.728064,0.843776,0.032563,6131954,6131954,1663433,27.1273,1920,1080,raygs,triangles,1,off,0.1,on,-4
1781756707137880489,10468.4,473.381,2.11246,2.01654,1.99402,0.14096,0.222848,0.057344,0.728064,0.8448,0.028714,6131954,6131954,1663433,27.1273,1920,1080,raygs,triangles,1,off,0.1,on,-4
1781756707139912692,10470.4,473.9,2.11015,2.01709,1.99411,0.134304,0.22448,0.058368,0.733184,0.843776,0.027384,6131954,6131954,1663433,27.1273,1920,1080,raygs,triangles,1,off,0.1,on,-4
1781756707141960633,10472.5,473.961,2.10988,2.02234,2.00026,0.135456,0.225696,0.058368,0.73728,0.843456,0.027751,6131954,6131954,1663433,27.1273,1920,1080,raygs,triangles,1,off,0.1,on,-4
1781756707144134103,10474.7,475.385,2.10356,2.02128,1.99949,0.13648,0.224736,0.058176,0.73552,0.844576,0.028251,6131954,6131954,1663433,27.1273,1920,1080,raygs,triangles,1,off,0.1,on,-4
1781756707146180901,10476.7,474.753,2.10636,2.02128,1.99885,0.138496,0.223872,0.057472,0.735232,0.843776,0.030416,6131954,6131954,1663433,27.1273,1920,1080,raygs,triangles,1,off,0.1,on,-4
1781756707148458687,10479,474.763,2.10631,2.25667,2.23453,0.135296,0.224288,0.058368,0.970752,0.845824,0.02813,6131954,6131954,1663433,27.1273,1920,1080,raygs,triangles,1,off,0.1,on,-4
1781756707150610610,10481.1,473.833,2.11045,2.13222,2.11382,0.257728,0.224288,0.058368,0.729088,0.844352,0.028398,6131954,6131954,1663433,27.1273,1920,1080,raygs,triangles,1,off,0.1,on,-4
1781756707152654509,10483.2,473.575,2.1116,2.01309,1.9896,0.135424,0.225856,0.057536,0.72704,0.843744,0.029033,6131954,6131954,1663433,27.1273,1920,1080,raygs,triangles,1,off,0.1,on,-4
1781756707154692775,10485.2,473.574,2.1116,2.01344,1.99206,0.135776,0.226112,0.058368,0.726016,0.845792,0.026998,6131954,6131954,1663433,27.1273,1920,1080,raygs,triangles,1,off,0.1,on,-4
1781756707156750239,10487.3,474.135,2.10911,2.0207,1.99824,0.134848,0.226176,0.057344,0.735232,0.84464,0.029282,6131954,6131954,1663433,27.1273,1920,1080,raygs,triangles,1,off,0.1,on,-4
1781756707158792850,10489.3,474.1,2.10926,2.01904,1.99658,0.135264,0.225984,0.058368,0.733184,0.843776,0.027851,6131954,6131954,1663433,27.1273,1920,1080,raygs,triangles,1,off,0.1,on,-4
1781756707160962366,10491.5,475.217,2.1043,2.0191,1.99619,0.13632,0.225184,0.057728,0.734208,0.842752,0.027686,6131954,6131954,1663433,27.1273,1920,1080,raygs,triangles,1,off,0.1,on,-4
1781756707163009956,10493.5,474.743,2.1064,2.02637,2.00298,0.138496,0.224032,0.057344,0.739328,0.843776,0.029619,6131954,6131954,1663433,27.1273,1920,1080,raygs,triangles,1,off,0.1,on,-4
1781756707165440076,10496,474.753,2.10636,2.36179,2.34122,0.352128,0.222304,0.057728,0.86528,0.843776,0.030869,6131954,6131954,1663433,27.1273,1920,1080,raygs,triangles,1,off,0.1,on,-4
1781756707167491577,10498,473.299,2.11283,2.02749,2.01037,0.12832,0.223616,0.058368,0.754688,0.845376,0.030304,6131954,6131954,1663433,27.1273,1920,1080,raygs,triangles,1,off,0.1,on,-4
1781756707169536092,10500.1,473.451,2.11215,2.01226,1.98883,0.134912,0.225568,0.057536,0.72704,0.843776,0.029973,6131954,6131954,1663433,27.1273,1920,1080,raygs,triangles,1,off,0.1,on,-4
1781756707171591634,10502.1,473.968,2.10985,2.01392,1.99293,0.135296,0.225376,0.058368,0.730112,0.843776,0.039316,6131954,6131954,1663433,27.1273,1920,1080,raygs,triangles,1,off,0.1,on,-4
1781756707173619486,10504.2,474.073,2.10938,2.0201,1.99846,0.134272,0.225792,0.058368,0.736256,0.843776,0.021072,6131954,6131954,1663433,27.1273,1920,1080,raygs,triangles,1,off,0.1,on,-4
1781756707175661582,10506.2,474.46,2.10766,2.02109,1.99872,0.134656,0.225664,0.057344,0.736256,0.8448,0.033006,6131954,6131954,1663433,27.1273,1920,1080,raygs,triangles,1,off,0.1,on,-4
1781756707177883777,10508.4,475.748,2.10195,2.01728,1.9959,0.135008,0.224544,0.058368,0.733184,0.8448,0.045924,6131954,6131954,1663433,27.1273,1920,1080,raygs,triangles,1,off,0.1,on,-4
1781756707179925876,10510.5,474.743,2.1064,2.0255,2.00336,0.138656,0.22528,0.057344,0.73728,0.8448,0.03758,6131954,6131954,1663433,27.1273,1920,1080,raygs,triangles,1,off,0.1,on,-4
1781756707182241181,10512.8,474.9,2.10571,2.33818,2.31856,0.325344,0.221312,0.057792,0.869376,0.844736,0.018712,6131954,6131954,1663433,27.1273,1920,1080,raygs,triangles,1,off,0.1,on,-4
1781756707184336720,10514.9,473.962,2.10987,2.02054,1.99978,0.127552,0.223264,0.057664,0.746496,0.8448,0.043905,6131954,6131954,1663433,27.1273,1920,1080,raygs,triangles,1,off,0.1,on,-4
1781756707186492375,10517,473.639,2.11131,2.01472,1.99187,0.135552,0.226752,0.057728,0.728064,0.843776,0.026897,6131954,6131954,1663433,27.1273,1920,1080,raygs,triangles,1,off,0.1,on,-4
1781756707188506171,10519,473.277,2.11293,2.02058,1.99827,0.138944,0.224,0.058368,0.73216,0.8448,0.02113,6131954,6131954,1663433,27.1273,1920,1080,raygs,triangles,1,off,0.1,on,-4
1781756707190597972,10521.1,473.853,2.11036,2.0185,1.9961,0.134688,0.224992,0.058368,0.734272,0.843776,0.041119,6131954,6131954,1663433,27.1273,1920,1080,raygs,triangles,1,off,0.1,on,-4
1781756707192629408,10523.2,474.52,2.10739,2.01712,1.99645,0.13536,0.225312,0.057792,0.734208,0.843776,0.028636,6131954,6131954,1663433,27.1273,1920,1080,raygs,triangles,1,off,0.1,on,-4
1781756707194749612,10525.3,475.068,2.10496,2.01952,1.99443,0.134656,0.22432,0.057344,0.734336,0.843776,0.018277,6131954,6131954,1663433,27.1273,1920,1080,raygs,triangles,1,off,0.1,on,-4
1781756707196821643,10527.4,474.8,2.10615,2.02397,2.0009,0.138144,0.224352,0.058368,0.73728,0.842752,0.043261,6131954,6131954,1663433,27.1273,1920,1080,raygs,triangles,1,off,0.1,on,-4
1781756707199181991,10529.7,474.892,2.10574,2.34707,2.32685,0.335232,0.222144,0.058368,0.867328,0.843776,0.020341,6131954,6131954,1663433,27.1273,1920,1080,raygs,triangles,1,off,0.1,on,-4
1781756707201288620,10531.8,473.466,2.11208,2.02774,2.00922,0.128608,0.222848,0.058368,0.754688,0.844704,0.049365,6131954,6131954,1663433,27.1273,1920,1080,raygs,triangles,1,off,0.1,on,-4
1781756707203298052,10533.8,473.238,2.1131,2.01165,1.98816,0.135008,0.224992,0.057344,0.728064,0.842752,0.019376,6131954,6131954,1663433,27.1273,1920,1080,raygs,triangles,1,off,0.1,on,-4
1781756707205377225,10535.9,473.394,2.11241,2.02042,1.99782,0.13456,0.2256,0.057632,0.736256,0.843776,0.047059,6131954,6131954,1663433,27.1273,1920,1080,raygs,triangles,1,off,0.1,on,-4
1781756707207435088,10538,473.73,2.11091,2.02134,1.99898,0.135456,0.22512,0.057344,0.736256,0.8448,0.030944,6131954,6131954,1663433,27.1273,1920,1080,raygs,triangles,1,off,0.1,on,-4
1781756707209409174,10539.9,474.532,2.10734,2.01674,1.9951,0.1352,0.22592,0.058048,0.73216,0.843776,0.017924,6131954,6131954,1663433,27.1273,1920,1080,raygs,triangles,1,off,0.1,on,-4
1781756707211575499,10542.1,475.318,2.10386,2.0216,1.99914,0.13472,0.22704,0.057344,0.735232,0.8448,0.027174,6131954,6131954,1663433,27.1273,1920,1080,raygs,triangles,1,off,0.1,on,-4
1781756707213643601,10544.2,474.811,2.1061,2.02317,2.00154,0.138336,0.223904,0.05824,0.736256,0.8448,0.043504,6131954,6131954,1663433,27.1273,1920,1080,raygs,triangles,1,off,0.1,on,-4
1781756707215990795,10546.5,474.804,2.10613,2.33798,2.31766,0.331328,0.222944,0.057344,0.862272,0.843776,0.021927,6131954,6131954,1663433,27.1273,1920,1080,raygs,triangles,1,off,0.1,on,-4
1781756707218047622,10548.6,473.694,2.11107,2.0223,2.00234,0.129312,0.2224,0.058368,0.74752,0.844736,0.029937,6131954,6131954,1663433,27.1273,1920,1080,raygs,triangles,1,off,0.1,on,-4
1781756707220371781,10550.9,473.681,2.11112,2.01645,1.9943,0.134592,0.225408,0.058368,0.73216,0.843776,0.039768,6131954,6131954,1663433,27.1273,1920,1080,raygs,triangles,1,off,0.1,on,-4
1781756707222279893,10552.8,472.743,2.11531,2.02112,1.99994,0.13936,0.22352,0.058368,0.735232,0.843456,0.029908,6131954,6131954,1663433,27.1273,1920,1080,raygs,triangles,1,off,0.1,on,-4
1781756707224378632,10554.9,473.718,2.11096,2.02211,1.99904,0.13424,0.225376,0.057344,0.73728,0.8448,0.045505,6131954,6131954,1663433,27.1273,1920,1080,raygs,triangles,1,off,0.1,on,-4
1781756707226387984,10556.9,474.11,2.10922,2.01965,1.99683,0.134848,0.22496,0.057344,0.735232,0.844448,0.026703,6131954,6131954,1663433,27.1273,1920,1080,raygs,triangles,1,off,0.1,on,-4
1781756707228508787,10559,475.142,2.10463,2.13702,2.11709,0.255264,0.224448,0.058368,0.735232,0.843776,0.020991,6131954,6131954,1663433,27.1273,1920,1080,raygs,triangles,1,off,0.1,on,-4
1781756707230755509,10561.3,474.597,2.10705,2.02282,2.00083,0.134912,0.226816,0.057344,0.73728,0.84448,0.031095,6131954,6131954,1663433,27.1273,1920,1080,raygs,triangles,1,off,0.1,on,-4
1781756707232981421,10563.5,474.01,2.10966,2.16179,2.1407,0.151008,0.222272,0.058368,0.86528,0.843776,0.031201,6131954,6131954,1663433,27.1273,1920,1080,raygs,triangles,1,off,0.1,on,-4
1781756707234972714,10565.5,473.495,2.11196,2.00227,1.98342,0.127712,0.224512,0.058368,0.728064,0.844768,0.02776,6131954,6131954,1663433,27.1273,1920,1080,raygs,triangles,1,off,0.1,on,-4
1781756707237091172,10567.6,473.675,2.11115,2.04445,2.02272,0.135072,0.225696,0.058368,0.758784,0.8448,0.035087,6131954,6131954,1663433,27.1273,1920,1080,raygs,triangles,1,off,0.1,on,-4
1781756707239147512,10569.7,473.164,2.11343,2.02474,2.00208,0.135008,0.2256,0.058368,0.738304,0.8448,0.036725,6131954,6131954,1663433,27.1273,1920,1080,raygs,triangles,1,off,0.1,on,-4
1781756707241158047,10571.7,473.608,2.11145,2.01597,1.99226,0.13424,0.22576,0.057344,0.731136,0.843776,0.020044,6131954,6131954,1663433,27.1273,1920,1080,raygs,triangles,1,off,0.1,on,-4
1781756707243263918,10573.8,474.527,2.10736,2.01805,1.99654,0.13424,0.225792,0.058368,0.734592,0.843552,0.046613,6131954,6131954,1663433,27.1273,1920,1080,raygs,triangles,1,off,0.1,on,-4
1781756707245394061,10575.9,474.977,2.10536,2.13795,2.11597,0.134656,0.346624,0.057792,0.73216,0.844736,0.025552,6131954,6131954,1663433,27.1273,1920,1080,raygs,triangles,1,off,0.1,on,-4
1781756707247573641,10578.1,474.658,2.10678,2.01939,1.99731,0.135584,0.225376,0.058368,0.734208,0.843776,0.025137,6131954,6131954,1663433,27.1273,1920,1080,raygs,triangles,1,off,0.1,on,-4
1781756707249870676,10580.4,474.135,2.1091,2.20902,2.18842,0.139776,0.222848,0.058368,0.923648,0.843776,0.036857,6131954,6131954,1663433,27.1273,1920,1080,raygs,triangles,1,off,0.1,on,-4
1781756707251905671,10582.4,473.294,2.11285,2.01181,1.98963,0.131104,0.225216,0.058368,0.730144,0.8448,0.044695,6131954,6131954,1663433,27.1273,1920,1080,raygs,triangles,1,off,0.1,on,-4
1781756707253933665,10584.5,473.26,2.113,2.04378,2.02042,0.13536,0.225152,0.058368,0.75776,0.843776,0.017878,6131954,6131954,1663433,27.1273,1920,1080,raygs,triangles,1,off,0.1,on,-4
1781756707255978454,10586.5,473.351,2.1126,2.02,1.99648,0.1352,0.2248,0.057344,0.734336,0.8448,0.029594,6131954,6131954,1663433,27.1273,1920,1080,raygs,triangles,1,off,0.1,on,-4
1781756707258126471,10588.7,473.866,2.1103,2.0183,1.99661,0.134784,0.22448,0.058368,0.734208,0.844768,0.043468,6131954,6131954,1663433,27.1273,1920,1080,raygs,triangles,1,off,0.1,on,-4
1781756707260336009,10590.9,474.671,2.10672,2.1464,2.1216,0.134592,0.352704,0.057344,0.734208,0.842752,0.018076,6131954,6131954,1663433,27.1273,1920,1080,raygs,triangles,1,off,0.1,on,-4
1781756707262405528,10592.9,474.049,2.10948,2.01645,1.99386,0.137792,0.22448,0.057696,0.730112,0.843776,0.037132,6131954,6131954,1663433,27.1273,1920,1080,raygs,triangles,1,off,0.1,on,-4
1781756707264625402,10595.2,474.165,2.10897,2.26128,2.23971,0.134816,0.225056,0.058368,0.976896,0.844576,0.019838,6131954,6131954,1663433,27.1273,1920,1080,raygs,triangles,1,off,0.1,on,-4
1781756707266795008,10597.3,473.422,2.11228,2.13107,2.11123,0.256512,0.224512,0.058368,0.728064,0.843776,0.027883,6131954,6131954,1663433,27.1273,1920,1080,raygs,triangles,1,off,0.1,on,-4
1781756707268820024,10599.4,472.879,2.1147,2.00656,1.98595,0.128384,0.226336,0.057344,0.730112,0.843776,0.027313,6131954,6131954,1663433,27.1273,1920,1080,raygs,triangles,1,off,0.1,on,-4
1781756707270897220,10601.4,472.965,2.11432,2.04758,2.02582,0.135136,0.225696,0.058368,0.760832,0.845792,0.028587,6131954,6131954,1663433,27.1273,1920,1080,raygs,triangles,1,off,0.1,on,-4
1781756707272952240,10603.5,473.359,2.11256,2.01891,1.9968,0.137184,0.223264,0.058368,0.734208,0.843776,0.027293,6131954,6131954,1663433,27.1273,1920,1080,raygs,triangles,1,off,0.1,on,-4
1781756707275002311,10605.5,473.308,2.11279,2.0193,1.996,0.134368,0.225472,0.058176,0.733184,0.8448,0.027976,6131954,6131954,1663433,27.1273,1920,1080,raygs,triangles,1,off,0.1,on,-4
1781756707277067276,10607.6,474.138,2.10909,2.01789,1.99552,0.134656,0.225536,0.057344,0.733184,0.8448,0.030222,6131954,6131954,1663433,27.1273,1920,1080,raygs,triangles,1,off,0.1,on,-4
1781756707279388153,10609.9,474.423,2.10782,2.13389,2.1113,0.135392,0.224352,0.17456,0.732384,0.844608,0.04727,6131954,6131954,1663433,27.1273,1920,1080,raygs,triangles,1,off,0.1,on,-4
1781756707281456951,10612,473.376,2.11248,2.01203,1.9887,0.134496,0.226048,0.057344,0.728064,0.842752,0.024246,6131954,6131954,1663433,27.1273,1920,1080,raygs,triangles,1,off,0.1,on,-4
1781756707283642102,10614.2,473.246,2.11307,2.16653,2.14518,0.152672,0.22304,0.058368,0.866304,0.8448,0.029601,6131954,6131954,1663433,27.1273,1920,1080,raygs,triangles,1,off,0.1,on,-4
1781756707285684913,10616.2,472.811,2.11501,2.0072,1.98416,0.127488,0.225472,0.058368,0.728064,0.844768,0.032758,6131954,6131954,1663433,27.1273,1920,1080,raygs,triangles,1,off,0.1,on,-4
1781756707287773734,10618.3,472.777,2.11516,2.01773,1.99357,0.134816,0.225728,0.059136,0.730112,0.843776,0.05086,6131954,6131954,1663433,27.1273,1920,1080,raygs,triangles,1,off,0.1,on,-4
1781756707289825694,10620.4,473.125,2.11361,2.01565,1.9936,0.134912,0.225408,0.058368,0.731136,0.843776,0.057185,6131954,6131954,1663433,27.1273,1920,1080,raygs,triangles,1,off,0.1,on,-4
1781756707291793784,10622.3,473.095,2.11374,2.01949,1.99626,0.134656,0.226304,0.057344,0.7336,0.844352,0.017909,6131954,6131954,1663433,27.1273,1920,1080,raygs,triangles,1,off,0.1,on,-4
1781756707293844517,10624.4,474.815,2.10608,2.01824,1.9959,0.135456,0.226144,0.057344,0.733184,0.843776,0.028684,6131954,6131954,1663433,27.1273,1920,1080,raygs,triangles,1,off,0.1,on,-4
1781756707296002476,10626.5,474.792,2.10619,2.13632,2.11206,0.134752,0.341984,0.057344,0.733184,0.8448,0.029184,6131954,6131954,1663433,27.1273,1920,1080,raygs,triangles,1,off,0.1,on,-4
1781756707298398267,10628.9,474.387,2.10798,2.23619,1.9896,0.135296,0.22512,0.057344,0.72704,0.8448,0.030367,6131954,6131954,1663433,27.1273,1920,1080,raygs,triangles,1,off,0.1,on,-4
1781756707300444788,10631,473.123,2.11361,2.0215,1.9999,0.139776,0.224704,0.058368,0.732416,0.84464,0.028191,6131954,6131954,1663433,27.1273,1920,1080,raygs,triangles,1,off,0.1,on,-4
1781756707302489649,10633,473.114,2.11366,2.00758,1.98822,0.127872,0.224224,0.06144,0.730112,0.844576,0.02902,6131954,6131954,1663433,27.1273,1920,1080,raygs,triangles,1,off,0.1,on,-4
1781756707304544495,10635.1,473.033,2.11402,2.01571,1.99392,0.1352,0.225472,0.058368,0.731136,0.843744,0.031102,6131954,6131954,1663433,27.1273,1920,1080,raygs,triangles,1,off,0.1,on,-4
1781756707306639478,10637.2,473.669,2.11118,2.02,1.99824,0.1352,0.226688,0.058368,0.734208,0.843776,0.059084,6131954,6131954,1663433,27.1273,1920,1080,raygs,triangles,1,off,0.1,on,-4
1781756707308802114,10639.3,473.509,2.11189,2.01946,1.99712,0.135296,0.224448,0.058368,0.734208,0.8448,0.040126,6131954,6131954,1663433,27.1273,1920,1080,raygs,triangles,1,off,0.1,on,-4
1781756707310916177,10641.4,474.007,2.10967,2.02026,1.99824,0.135456,0.226432,0.058368,0.733184,0.8448,0.037398,6131954,6131954,1663433,27.1273,1920,1080,raygs,triangles,1,off,0.1,on,-4
1781756707312955530,10643.5,473.987,2.10976,2.02342,2.00246,0.138624,0.225312,0.058368,0.735424,0.844736,0.038973,6131954,6131954,1663433,27.1273,1920,1080,raygs,triangles,1,off,0.1,on,-4
1781756707315187992,10645.7,474.403,2.10791,2.18621,2.16432,0.134464,0.22448,0.058432,0.903168,0.843776,0.041667,6131954,6131954,1663433,27.1273,1920,1080,raygs,triangles,1,off,0.1,on,-4
1781756707317277035,10647.8,473.562,2.11166,2.16442,2.14435,0.28368,0.227904,0.058272,0.729088,0.845408,0.020563,6131954,6131954,1663433,27.1273,1920,1080,raygs,triangles,1,off,0.1,on,-4
1781756707319339352,10649.9,473.678,2.11114,2.00646,1.9855,0.12784,0.224384,0.059392,0.730112,0.843776,0.059816,6131954,6131954,1663433,27.1273,1920,1080,raygs,triangles,1,off,0.1,on,-4
1781756707321342500,10651.9,473.5,2.11193,2.01626,1.99312,0.136576,0.223424,0.057344,0.731136,0.84464,0.019769,6131954,6131954,1663433,27.1273,1920,1080,raygs,triangles,1,off,0.1,on,-4
1781756707323419797,10654,473.916,2.11008,2.01728,1.99434,0.134496,0.225536,0.057344,0.733184,0.843776,0.056571,6131954,6131954,1663433,27.1273,1920,1080,raygs,triangles,1,off,0.1,on,-4
1781756707325506953,10656,473.973,2.10983,2.01766,1.99469,0.135392,0.22672,0.057664,0.731136,0.843776,0.038178,6131954,6131954,1663433,27.1273,1920,1080,raygs,triangles,1,off,0.1,on,-4
1781756707327602515,10658.1,474.949,2.10549,2.02038,1.9968,0.13456,0.225856,0.057344,0.73424,0.8448,0.020849,6131954,6131954,1663433,27.1273,1920,1080,raygs,triangles,1,off,0.1,on,-4
1781756707329847658,10660.4,474.897,2.10572,2.16214,2.14074,0.138368,0.224704,0.058368,0.873472,0.845824,0.067738,6131954,6131954,1663433,27.1273,1920,1080,raygs,triangles,1,off,0.1,on,-4
1781756707332131148,10662.7,474.109,2.10922,2.32995,2.31014,0.32224,0.221536,0.058368,0.864256,0.843744,0.023613,6131954,6131954,1663433,27.1273,1920,1080,raygs,triangles,1,off,0.1,on,-4
1781756707334191157,10664.7,473.247,2.11306,2.0137,1.99101,0.134304,0.225504,0.058368,0.729088,0.843744,0.030137,6131954,6131954,1663433,27.1273,1920,1080,raygs,triangles,1,off,0.1,on,-4
1781756707336215392,10666.7,473.352,2.11259,2.00698,1.98739,0.127264,0.223776,0.06144,0.731136,0.843776,0.037565,6131954,6131954,1663433,27.1273,1920,1080,raygs,triangles,1,off,0.1,on,-4
1781756707338241060,10668.8,473.108,2.11368,2.01357,1.99155,0.134912,0.226432,0.058368,0.729088,0.842752,0.02976,6131954,6131954,1663433,27.1273,1920,1080,raygs,triangles,1,off,0.1,on,-4
1781756707340279456,10670.8,473.645,2.11128,2.0201,1.99725,0.134624,0.226688,0.058112,0.733184,0.84464,0.027792,6131954,6131954,1663433,27.1273,1920,1080,raygs,triangles,1,off,0.1,on,-4
1781756707342322823,10672.9,473.77,2.11073,2.01808,1.9967,0.134848,0.226848,0.058368,0.73216,0.84448,0.027626,6131954,6131954,1663433,27.1273,1920,1080,raygs,triangles,1,off,0.1,on,-4
1781756707344490510,10675,474.943,2.10552,2.0191,1.99603,0.135296,0.225664,0.058368,0.733184,0.84352,0.029146,6131954,6131954,1663433,27.1273,1920,1080,raygs,triangles,1,off,0.1,on,-4
1781756707346641351,10677.2,474.466,2.10763,2.02675,2.00445,0.137856,0.2248,0.057664,0.739328,0.8448,0.042307,6131954,6131954,1663433,27.1273,1920,1080,raygs,triangles,1,off,0.1,on,-4
1781756707348927371,10679.5,475.238,2.10421,2.3536,2.33376,0.345888,0.223264,0.0576,0.863232,0.843776,0.020062,6131954,6131954,1663433,27.1273,1920,1080,raygs,triangles,1,off,0.1,on,-4
1781756707350980823,10681.5,473.722,2.11094,2.01338,1.99037,0.13472,0.225664,0.058144,0.728064,0.843776,0.029396,6131954,6131954,1663433,27.1273,1920,1080,raygs,triangles,1,off,0.1,on,-4
1781756707353017164,10683.5,473.971,2.10983,2.00771,1.98771,0.127008,0.224352,0.06144,0.730112,0.8448,0.028997,6131954,6131954,1663433,27.1273,1920,1080,raygs,triangles,1,off,0.1,on,-4
1781756707355067797,10685.6,473.842,2.11041,2.01574,1.99286,0.134048,0.225472,0.058368,0.730272,0.844704,0.030924,6131954,6131954,1663433,27.1273,1920,1080,raygs,triangles,1,off,0.1,on,-4
1781756707357089830,10687.6,474.02,2.10962,2.01798,1.99731,0.134176,0.226784,0.058368,0.734208,0.843776,0.029163,6131954,6131954,1663433,27.1273,1920,1080,raygs,triangles,1,off,0.1,on,-4
1781756707359150848,10689.7,474.89,2.10575,2.01891,1.99619,0.134112,0.22672,0.057376,0.733184,0.8448,0.028184,6131954,6131954,1663433,27.1273,1920,1080,raygs,triangles,1,off,0.1,on,-4
1781756707361315929,10691.8,475.498,2.10306,2.01914,1.99565,0.134784,0.225696,0.057344,0.733184,0.84464,0.028591,6131954,6131954,1663433,27.1273,1920,1080,raygs,triangles,1,off,0.1,on,-4
1781756707363374100,10693.9,474.827,2.10603,2.0249,2.00234,0.13808,0.225056,0.057344,0.73728,0.844576,0.034092,6131954,6131954,1663433,27.1273,1920,1080,raygs,triangles,1,off,0.1,on,-4
1781756707365892610,10696.4,475.058,2.10501,2.36336,2.34224,0.350528,0.222176,0.057344,0.867712,0.84448,0.043802,6131954,6131954,1663433,27.1273,1920,1080,raygs,triangles,1,off,0.1,on,-4
1781756707367822059,10698.4,473.358,2.11257,2.01603,1.9927,0.135392,0.225664,0.05776,0.730112,0.843776,0.0183,6131954,6131954,1663433,27.1273,1920,1080,raygs,triangles,1,off,0.1,on,-4
1781756707369864802,10700.4,473.712,2.11099,2.02275,2.00326,0.127744,0.223808,0.060416,0.74752,0.843776,0.028895,6131954,6131954,1663433,27.1273,1920,1080,raygs,triangles,1,off,0.1,on,-4
1781756707371983049,10702.5,473.909,2.11011,2.01395,1.99299,0.134656,0.224992,0.058368,0.730304,0.844672,0.044351,6131954,6131954,1663433,27.1273,1920,1080,raygs,triangles,1,off,0.1,on,-4
1781756707373992168,10704.5,473.932,2.11001,2.01958,1.99834,0.134752,0.226208,0.058368,0.735232,0.843776,0.055945,6131954,6131954,1663433,27.1273,1920,1080,raygs,triangles,1,off,0.1,on,-4
1781756707375985857,10706.5,474.611,2.10699,2.02,1.99696,0.1352,0.226208,0.057728,0.733184,0.84464,0.023781,6131954,6131954,1663433,27.1273,1920,1080,raygs,triangles,1,off,0.1,on,-4
1781756707378219687,10708.8,475.692,2.1022,2.01878,1.9967,0.135008,0.225344,0.058368,0.733184,0.8448,0.065521,6131954,6131954,1663433,27.1273,1920,1080,raygs,triangles,1,off,0.1,on,-4
1781756707380254248,10710.8,475.002,2.10525,2.02573,2.00336,0.13872,0.224192,0.058368,0.738304,0.843776,0.055289,6131954,6131954,1663433,27.1273,1920,1080,raygs,triangles,1,off,0.1,on,-4
1781756707382582394,10713.1,474.98,2.10535,2.34573,2.32656,0.334112,0.222976,0.058368,0.867328,0.843776,0.027064,6131954,6131954,1663433,27.1273,1920,1080,raygs,triangles,1,off,0.1,on,-4
1781756707384640993,10715.2,473.846,2.11039,2.01133,1.98947,0.134752,0.224736,0.057536,0.72704,0.845408,0.031705,6131954,6131954,1663433,27.1273,1920,1080,raygs,triangles,1,off,0.1,on,-4
1781756707386664436,10717.2,474.268,2.10851,2.00784,1.98653,0.127008,0.224352,0.06128,0.730112,0.843776,0.030353,6131954,6131954,1663433,27.1273,1920,1080,raygs,triangles,1,off,0.1,on,-4
1781756707388697719,10719.2,474.928,2.10558,2.016,1.99421,0.134976,0.225504,0.05824,0.73216,0.843328,0.034058,6131954,6131954,1663433,27.1273,1920,1080,raygs,triangles,1,off,0.1,on,-4
1781756707390735029,10721.3,475.021,2.10517,2.01635,1.99363,0.134944,0.225696,0.057344,0.731136,0.844512,0.0279,6131954,6131954,1663433,27.1273,1920,1080,raygs,triangles,1,off,0.1,on,-4
1781756707392787579,10723.3,475.72,2.10208,2.02163,1.99946,0.134784,0.2272,0.058368,0.734304,0.8448,0.029279,6131954,6131954,1663433,27.1273,1920,1080,raygs,triangles,1,off,0.1,on,-4
1781756707394954222,10725.5,476.16,2.10013,2.02112,1.99773,0.135136,0.227264,0.057344,0.734208,0.843776,0.029512,6131954,6131954,1663433,27.1273,1920,1080,raygs,triangles,1,off,0.1,on,-4
1781756707397022341,10727.6,475.615,2.10254,2.02627,2.00288,0.138496,0.224032,0.057344,0.738304,0.844704,0.038838,6131954,6131954,1663433,27.1273,1920,1080,raygs,triangles,1,off,0.1,on,-4
1781756707399356433,10729.9,475.668,2.1023,2.32947,2.31002,0.322784,0.221856,0.058368,0.862208,0.8448,0.025854,6131954,6131954,1663433,27.1273,1920,1080,raygs,triangles,1,off,0.1,on,-4
1781756707401408935,10731.9,474.594,2.10706,2.01069,1.98915,0.135104,0.224864,0.058368,0.72704,0.843776,0.029499,6131954,6131954,1663433,27.1273,1920,1080,raygs,triangles,1,off,0.1,on,-4
1781756707403439532,10734,474.662,2.10676,2.00784,1.98822,0.127072,0.223712,0.06144,0.730272,0.845728,0.029297,6131954,6131954,1663433,27.1273,1920,1080,raygs,triangles,1,off,0.1,on,-4
1781756707405550819,10736.1,474.777,2.10625,2.0175,1.99517,0.134752,0.22512,0.058304,0.733216,0.843776,0.035949,6131954,6131954,1663433,27.1273,1920,1080,raygs,triangles,1,off,0.1,on,-4
1781756707407537194,10738.1,475.594,2.10263,2.02442,2.00218,0.135488,0.22624,0.058368,0.738304,0.843776,0.028433,6131954,6131954,1663433,27.1273,1920,1080,raygs,triangles,1,off,0.1,on,-4
1781756707409647366,10740.2,475.902,2.10127,2.01706,1.9967,0.135296,0.226208,0.058176,0.732256,0.844768,0.062604,6131954,6131954,1663433,27.1273,1920,1080,raygs,triangles,1,off,0.1,on,-4
1781756707411712461,10742.2,476.162,2.10013,2.01504,1.99075,0.134336,0.225184,0.057344,0.730112,0.843776,0.016843,6131954,6131954,1663433,27.1273,1920,1080,raygs,triangles,1,off,0.1,on,-4
1781756707413843649,10744.4,476.151,2.10018,2.02182,1.99888,0.138048,0.223456,0.057344,0.736256,0.843776,0.074327,6131954,6131954,1663433,27.1273,1920,1080,raygs,triangles,1,off,0.1,on,-4
1781756707416250558,10746.8,475.947,2.10107,2.3265,2.30666,0.318816,0.223584,0.058272,0.861184,0.8448,0.037948,6131954,6131954,1663433,27.1273,1920,1080,raygs,triangles,1,off,0.1,on,-4
1781756707418220025,10748.8,474.608,2.107,2.01398,1.99283,0.135328,0.226272,0.058368,0.729088,0.843776,0.019944,6131954,6131954,1663433,27.1273,1920,1080,raygs,triangles,1,off,0.1,on,-4
1781756707420286065,10750.8,474.626,2.10692,2.02109,2.00109,0.127936,0.223712,0.061344,0.743424,0.844672,0.068248,6131954,6131954,1663433,27.1273,1920,1080,raygs,triangles,1,off,0.1,on,-4
1781756707422271294,10752.8,474.599,2.10704,2.02122,1.99862,0.134336,0.226112,0.058368,0.735232,0.844576,0.021683,6131954,6131954,1663433,27.1273,1920,1080,raygs,triangles,1,off,0.1,on,-4
1781756707424375662,10754.9,475.155,2.10458,2.02429,2.00314,0.134336,0.226176,0.058368,0.739456,0.8448,0.056473,6131954,6131954,1663433,27.1273,1920,1080,raygs,triangles,1,off,0.1,on,-4
1781756707426599410,10757.1,476.312,2.09946,2.16118,2.13693,0.13504,0.363488,0.057344,0.73728,0.843776,0.057888,6131954,6131954,1663433,27.1273,1920,1080,raygs,triangles,1,off,0.1,on,-4
1781756707428835862,10759.4,475.599,2.10261,2.13392,2.11053,0.134432,0.34272,0.05744,0.73216,0.843776,0.037314,6131954,6131954,1663433,27.1273,1920,1080,raygs,triangles,1,off,0.1,on,-4
1781756707430912320,10761.4,474.882,2.10579,2.02173,2.00032,0.134848,0.225024,0.058368,0.738304,0.843776,0.018289,6131954,6131954,1663433,27.1273,1920,1080,raygs,triangles,1,off,0.1,on,-4
1781756707433136580,10763.7,474.824,2.10604,2.21315,2.1903,0.138848,0.223616,0.058368,0.92672,0.842752,0.032777,6131954,6131954,1663433,27.1273,1920,1080,raygs,triangles,1,off,0.1,on,-4
1781756707435213303,10765.7,474.273,2.10849,2.012,1.99075,0.134272,0.224224,0.058368,0.729088,0.8448,0.034879,6131954,6131954,1663433,27.1273,1920,1080,raygs,triangles,1,off,0.1,on,-4
1781756707437307634,10767.8,474.703,2.10658,2.03894,2.01891,0.12752,0.223296,0.06144,0.76288,0.843776,0.062782,6131954,6131954,1663433,27.1273,1920,1080,raygs,triangles,1,off,0.1,on,-4
1781756707439278226,10769.8,474.771,2.10628,2.01552,1.99258,0.134752,0.225536,0.058368,0.731392,0.842528,0.017909,6131954,6131954,1663433,27.1273,1920,1080,raygs,triangles,1,off,0.1,on,-4
1781756707441327436,10771.9,474.978,2.10536,2.02208,2.00054,0.134176,0.22592,0.058368,0.73728,0.8448,0.027457,6131954,6131954,1663433,27.1273,1920,1080,raygs,triangles,1,off,0.1,on,-4
1781756707443371591,10773.9,475.683,2.10224,2.02,1.9976,0.134624,0.2256,0.057344,0.735232,0.8448,0.027106,6131954,6131954,1663433,27.1273,1920,1080,raygs,triangles,1,off,0.1,on,-4
1781756707445538919,10776.1,475.797,2.10174,2.13613,2.11363,0.134592,0.341664,0.057344,0.735232,0.8448,0.029188,6131954,6131954,1663433,27.1273,1920,1080,raygs,triangles,1,off,0.1,on,-4
1781756707447819208,10778.3,475.428,2.10337,2.01978,1.99725,0.134944,0.226208,0.057344,0.735232,0.84352,0.0314,6131954,6131954,1663433,27.1273,1920,1080,raygs,triangles,1,off,0.1,on,-4
1781756707449996116,10780.5,474.37,2.10806,2.16538,2.14304,0.15216,0.222432,0.057344,0.866304,0.8448,0.031499,6131954,6131954,1663433,27.1273,1920,1080,raygs,triangles,1,off,0.1,on,-4
1781756707452059854,10782.6,473.963,2.10987,2.01168,1.98944,0.13504,0.225952,0.057632,0.72704,0.843776,0.034175,6131954,6131954,1663433,27.1273,1920,1080,raygs,triangles,1,off,0.1,on,-4
1781756707454153136,10784.7,474.128,2.10913,2.03757,2.01802,0.128192,0.223776,0.060416,0.760832,0.8448,0.056249,6131954,6131954,1663433,27.1273,1920,1080,raygs,triangles,1,off,0.1,on,-4
1781756707456145118,10786.7,474.249,2.1086,2.01965,1.99654,0.13584,0.224384,0.057344,0.735232,0.843744,0.019473,6131954,6131954,1663433,27.1273,1920,1080,raygs,triangles,1,off,0.1,on,-4
1781756707458292033,10788.8,475.031,2.10513,2.0224,1.99904,0.13552,0.226144,0.058368,0.735232,0.843776,0.047243,6131954,6131954,1663433,27.1273,1920,1080,raygs,triangles,1,off,0.1,on,-4
1781756707460305288,10790.8,475.663,2.10233,2.01952,1.99603,0.134848,0.225792,0.057408,0.734208,0.843776,0.048572,6131954,6131954,1663433,27.1273,1920,1080,raygs,triangles,1,off,0.1,on,-4
1781756707462412553,10792.9,475.758,2.10191,2.13741,2.11616,0.13504,0.34416,0.057344,0.734208,0.845408,0.018729,6131954,6131954,1663433,27.1273,1920,1080,raygs,triangles,1,off,0.1,on,-4
1781756707464679906,10795.2,475.428,2.10337,2.01866,1.99523,0.134848,0.225632,0.057792,0.734208,0.842752,0.054286,6131954,6131954,1663433,27.1273,1920,1080,raygs,triangles,1,off,0.1,on,-4
1781756707466950413,10797.5,474.57,2.10717,2.20874,2.18758,0.13984,0.224832,0.058368,0.918912,0.845632,0.036443,6131954,6131954,1663433,27.1273,1920,1080,raygs,triangles,1,off,0.1,on,-4
1781756707468988322,10799.5,473.712,2.11099,2.01626,1.99203,0.134496,0.225536,0.057344,0.731136,0.84352,0.01813,6131954,6131954,1663433,27.1273,1920,1080,raygs,triangles,1,off,0.1,on,-4
1781756707471061339,10801.6,473.658,2.11123,2.04774,2.02746,0.128096,0.223072,0.060416,0.77312,0.842752,0.055607,6131954,6131954,1663433,27.1273,1920,1080,raygs,triangles,1,off,0.1,on,-4
1781756707473123999,10803.7,474.101,2.10926,2.02106,1.99872,0.135232,0.225088,0.058368,0.73728,0.842752,0.031617,6131954,6131954,1663433,27.1273,1920,1080,raygs,triangles,1,off,0.1,on,-4
1781756707475156920,10805.7,474.363,2.10809,2.02048,1.99734,0.135648,0.225344,0.058368,0.734208,0.843776,0.02878,6131954,6131954,1663433,27.1273,1920,1080,raygs,triangles,1,off,0.1,on,-4
1781756707477211027,10807.7,475.375,2.1036,2.02266,2.00115,0.13536,0.225504,0.058368,0.73728,0.84464,0.038009,6131954,6131954,1663433,27.1273,1920,1080,raygs,triangles,1,off,0.1,on,-4
1781756707479366708,10809.9,475.312,2.10388,2.1407,2.11939,0.134016,0.349376,0.058368,0.73216,0.845472,0.041937,6131954,6131954,1663433,27.1273,1920,1080,raygs,triangles,1,off,0.1,on,-4
1781756707481514345,10812,474.918,2.10563,2.01526,1.99299,0.134528,0.226208,0.057344,0.731136,0.843776,0.018517,6131954,6131954,1663433,27.1273,1920,1080,raygs,triangles,1,off,0.1,on,-4
1781756707483705357,10814.2,474.579,2.10713,2.16237,2.14045,0.148544,0.222752,0.058368,0.867328,0.843456,0.03043,6131954,6131954,1663433,27.1273,1920,1080,raygs,triangles,1,off,0.1,on,-4
1781756707485763872,10816.3,473.863,2.11031,2.0113,1.9889,0.134976,0.224736,0.058368,0.72704,0.843776,0.02854,6131954,6131954,1663433,27.1273,1920,1080,raygs,triangles,1,off,0.1,on,-4
1781756707487793712,10818.3,473.959,2.10989,2.02637,2.00563,0.127552,0.223008,0.062592,0.747968,0.844512,0.027588,6131954,6131954,1663433,27.1273,1920,1080,raygs,triangles,1,off,0.1,on,-4
1781756707489847274,10820.4,474.405,2.1079,2.01882,1.99747,0.135008,0.227136,0.058368,0.733184,0.843776,0.03068,6131954,6131954,1663433,27.1273,1920,1080,raygs,triangles,1,off,0.1,on,-4
1781756707491888275,10822.4,474.475,2.10759,2.02022,1.99718,0.134368,0.225536,0.058368,0.734208,0.844704,0.028058,6131954,6131954,1663433,27.1273,1920,1080,raygs,triangles,1,off,0.1,on,-4
1781756707493939840,10824.5,476.209,2.09992,2.02253,2.00208,0.134816,0.226208,0.058368,0.738304,0.844384,0.027064,6131954,6131954,1663433,27.1273,1920,1080,raygs,triangles,1,off,0.1,on,-4
1781756707496110144,10826.6,475.705,2.10214,2.13875,2.11779,0.135168,0.346176,0.058368,0.73328,0.8448,0.029464,6131954,6131954,1663433,27.1273,1920,1080,raygs,triangles,1,off,0.1,on,-4
1781756707498360444,10828.9,475.264,2.10409,2.01789,1.99725,0.13472,0.22656,0.058368,0.733184,0.844416,0.029812,6131954,6131954,1663433,27.1273,1920,1080,raygs,triangles,1,off,0.1,on,-4
1781756707500548111,10831.1,474.773,2.10627,2.16054,2.13827,0.146208,0.222624,0.057344,0.867328,0.844768,0.033061,6131954,6131954,1663433,27.1273,1920,1080,raygs,triangles,1,off,0.1,on,-4
1781756707502581710,10833.1,474.059,2.10944,2.0168,1.99523,0.13504,0.225888,0.058368,0.73216,0.843776,0.028909,6131954,6131954,1663433,27.1273,1920,1080,raygs,triangles,1,off,0.1,on,-4
1781756707504631560,10835.2,474.034,2.10955,2.0105,1.98838,0.126688,0.22432,0.062464,0.730112,0.8448,0.027479,6131954,6131954,1663433,27.1273,1920,1080,raygs,triangles,1,off,0.1,on,-4
1781756707506819516,10837.4,474.617,2.10696,2.14806,2.12742,0.134816,0.35568,0.058368,0.733184,0.845376,0.031695,6131954,6131954,1663433,27.1273,1920,1080,raygs,triangles,1,off,0.1,on,-4
1781756707508846179,10839.4,474.001,2.1097,2.02186,1.9991,0.134848,0.225856,0.057344,0.73728,0.843776,0.02841,6131954,6131954,1663433,27.1273,1920,1080,raygs,triangles,1,off,0.1,on,-4
1781756707511012447,10841.5,475.226,2.10426,2.02074,1.99898,0.134816,0.226112,0.058016,0.736256,0.843776,0.02973,6131954,6131954,1663433,27.1273,1920,1080,raygs,triangles,1,off,0.1,on,-4
1781756707513055348,10843.6,474.736,2.10643,2.02272,2.00166,0.138912,0.22432,0.05824,0.735392,0.8448,0.028505,6131954,6131954,1663433,27.1273,1920,1080,raygs,triangles,1,off,0.1,on,-4
1781756707515337807,10845.9,474.717,2.10652,2.25763,2.23642,0.135232,0.225216,0.058368,0.9728,0.8448,0.02749,6131954,6131954,1663433,27.1273,1920,1080,raygs,triangles,1,off,0.1,on,-4
1781756707517499862,10848,473.752,2.11081,2.13312,2.11315,0.25648,0.224384,0.058368,0.72912,0.8448,0.031438,6131954,6131954,1663433,27.1273,1920,1080,raygs,triangles,1,off,0.1,on,-4
1781756707519574131,10850.1,473.306,2.1128,2.0137,1.99078,0.135008,0.2256,0.058368,0.72832,0.843488,0.029768,6131954,6131954,1663433,27.1273,1920,1080,raygs,triangles,1,off,0.1,on,-4
1781756707521580942,10852.1,473.286,2.11289,2.01011,1.98794,0.128352,0.224256,0.060416,0.73216,0.842752,0.028453,6131954,6131954,1663433,27.1273,1920,1080,raygs,triangles,1,off,0.1,on,-4
1781756707523635612,10854.2,473.851,2.11037,2.01818,1.99478,0.134496,0.225984,0.057344,0.733184,0.843776,0.030085,6131954,6131954,1663433,27.1273,1920,1080,raygs,triangles,1,off,0.1,on,-4
1781756707525677953,10856.2,473.873,2.11027,2.01846,1.99706,0.135712,0.226272,0.058368,0.73216,0.844544,0.028194,6131954,6131954,1663433,27.1273,1920,1080,raygs,triangles,1,off,0.1,on,-4
1781756707527844817,10858.4,474.99,2.10531,2.02006,1.99677,0.135232,0.225248,0.057344,0.734336,0.844608,0.027318,6131954,6131954,1663433,27.1273,1920,1080,raygs,triangles,1,off,0.1,on,-4
1781756707529971053,10860.5,474.506,2.10745,2.02829,2.00666,0.138368,0.225792,0.058368,0.739328,0.8448,0.063778,6131954,6131954,1663433,27.1273,1920,1080,raygs,triangles,1,off,0.1,on,-4
1781756707532330231,10862.9,474.229,2.10869,2.3409,2.32192,0.330464,0.22096,0.058368,0.867328,0.8448,0.045971,6131954,6131954,1663433,27.1273,1920,1080,raygs,triangles,1,off,0.1,on,-4
1781756707534312846,10864.8,473.302,2.11281,2.01638,1.99363,0.13488,0.22656,0.057472,0.730112,0.844608,0.022117,6131954,6131954,1663433,27.1273,1920,1080,raygs,triangles,1,off,0.1,on,-4
1781756707536416885,10866.9,473.282,2.11291,2.01971,1.99574,0.134912,0.225504,0.058368,0.733184,0.843776,0.029397,6131954,6131954,1663433,27.1273,1920,1080,raygs,triangles,1,off,0.1,on,-4
1781756707538499231,10869,473.337,2.11266,2.00614,1.98595,0.126464,0.223008,0.06144,0.729216,0.845824,0.043727,6131954,6131954,1663433,27.1273,1920,1080,raygs,triangles,1,off,0.1,on,-4
1781756707540501538,10871,473.209,2.11323,2.02022,1.99824,0.135392,0.2264,0.058368,0.734592,0.843488,0.028843,6131954,6131954,1663433,27.1273,1920,1080,raygs,triangles,1,off,0.1,on,-4
1781756707542473043,10873,473.713,2.11098,2.02006,1.99734,0.134208,0.2256,0.058368,0.7344,0.844768,0.016798,6131954,6131954,1663433,27.1273,1920,1080,raygs,triangles,1,off,0.1,on,-4
1781756707544644441,10875.2,475.37,2.10362,2.01738,1.9952,0.134592,0.226272,0.058368,0.73152,0.844448,0.029586,6131954,6131954,1663433,27.1273,1920,1080,raygs,triangles,1,off,0.1,on,-4
1781756707546738838,10877.3,474.525,2.10737,2.0239,2.0015,0.138048,0.225056,0.058368,0.736256,0.843776,0.065081,6131954,6131954,1663433,27.1273,1920,1080,raygs,triangles,1,off,0.1,on,-4
1781756707549071761,10879.6,474.5,2.10748,2.36333,2.34336,0.354816,0.222144,0.057344,0.86528,0.843776,0.022028,6131954,6131954,1663433,27.1273,1920,1080,raygs,triangles,1,off,0.1,on,-4
1781756707551299871,10881.8,473.267,2.11297,2.01379,1.99181,0.135136,0.224896,0.058336,0.729088,0.844352,0.049353,6131954,6131954,1663433,27.1273,1920,1080,raygs,triangles,1,off,0.1,on,-4
1781756707553182261,10883.7,472.707,2.11548,2.01472,1.99354,0.135296,0.226144,0.058336,0.729088,0.844672,0.018629,6131954,6131954,1663433,27.1273,1920,1080,raygs,triangles,1,off,0.1,on,-4
1781756707555237106,10885.8,473.986,2.10977,2.02771,2.00682,0.126496,0.22144,0.058368,0.756736,0.843776,0.029184,6131954,6131954,1663433,27.1273,1920,1080,raygs,triangles,1,off,0.1,on,-4
1781756707557278697,10887.8,474.679,2.10669,2.01792,1.9936,0.134144,0.22512,0.057344,0.73344,0.843552,0.033892,6131954,6131954,1663433,27.1273,1920,1080,raygs,triangles,1,off,0.1,on,-4
1781756707559321304,10889.9,474.814,2.10609,2.02285,2.00006,0.134944,0.224672,0.058368,0.738304,0.843776,0.028209,6131954,6131954,1663433,27.1273,1920,1080,raygs,triangles,1,off,0.1,on,-4
1781756707561472388,10892,475.519,2.10297,2.01581,1.99293,0.134048,0.223552,0.058368,0.733184,0.843776,0.027482,6131954,6131954,1663433,27.1273,1920,1080,raygs,triangles,1,off,0.1,on,-4
1781756707563543578,10894.1,475.169,2.10451,2.02323,2.00256,0.138752,0.224384,0.058368,0.73728,0.843776,0.032511,6131954,6131954,1663433,27.1273,1920,1080,raygs,triangles,1,off,0.1,on,-4
1781756707565871725,10896.4,475.217,2.1043,2.32563,2.30608,0.315904,0.221728,0.058368,0.866304,0.843776,0.022776,6131954,6131954,1663433,27.1273,1920,1080,raygs,triangles,1,off,0.1,on,-4
1781756707567918233,10898.4,473.967,2.10985,2.01434,1.99149,0.134656,0.225632,0.057344,0.729088,0.844768,0.027963,6131954,6131954,1663433,27.1273,1920,1080,raygs,triangles,1,off,0.1,on,-4
1781756707569962939,10900.5,474.026,2.10959,2.01568,1.99341,0.135072,0.226944,0.057504,0.729088,0.8448,0.030872,6131954,6131954,1663433,27.1273,1920,1080,raygs,triangles,1,off,0.1,on,-4
1781756707572009693,10902.5,473.974,2.10982,2.01568,1.99318,0.136,0.227168,0.058368,0.728064,0.843584,0.028773,6131954,6131954,1663433,27.1273,1920,1080,raygs,triangles,1,off,0.1,on,-4
1781756707574052039,10904.6,474.472,2.1076,2.01443,1.99462,0.127552,0.224608,0.060608,0.736256,0.8456,0.028698,6131954,6131954,1663433,27.1273,1920,1080,raygs,triangles,1,off,0.1,on,-4
1781756707576101854,10906.6,475.353,2.1037,2.0183,1.99722,0.134688,0.226176,0.058368,0.733184,0.8448,0.031083,6131954,6131954,1663433,27.1273,1920,1080,raygs,triangles,1,off,0.1,on,-4
1781756707578351462,10908.9,475.798,2.10173,2.01824,1.99389,0.134816,0.225792,0.057344,0.73216,0.843776,0.058773,6131954,6131954,1663433,27.1273,1920,1080,raygs,triangles,1,off,0.1,on,-4
1781756707580389823,10910.9,475.078,2.10492,2.02742,2.00573,0.138496,0.225056,0.05808,0.739328,0.844768,0.060308,6131954,6131954,1663433,27.1273,1920,1080,raygs,triangles,1,off,0.1,on,-4
1781756707582678163,10913.2,475.307,2.1039,2.32432,2.30448,0.316608,0.221472,0.058368,0.862208,0.845824,0.017932,6131954,6131954,1663433,27.1273,1920,1080,raygs,triangles,1,off,0.1,on,-4
1781756707584731042,10915.3,474.189,2.10886,2.01283,1.98925,0.1352,0.224864,0.057344,0.729088,0.842752,0.029266,6131954,6131954,1663433,27.1273,1920,1080,raygs,triangles,1,off,0.1,on,-4
1781756707586977263,10917.5,474.521,2.10739,2.14317,2.11997,0.134784,0.354912,0.058432,0.728064,0.843776,0.047056,6131954,6131954,1663433,27.1273,1920,1080,raygs,triangles,1,off,0.1,on,-4
1781756707588939743,10919.5,473.674,2.11116,2.01818,1.996,0.135328,0.225344,0.058368,0.73216,0.8448,0.018368,6131954,6131954,1663433,27.1273,1920,1080,raygs,triangles,1,off,0.1,on,-4
1781756707591031928,10921.6,474.273,2.10849,2.02032,1.99898,0.127264,0.223872,0.06064,0.743424,0.843776,0.065321,6131954,6131954,1663433,27.1273,1920,1080,raygs,triangles,1,off,0.1,on,-4
1781756707593125433,10923.7,474.881,2.10579,2.01808,1.9961,0.135328,0.225024,0.057696,0.734592,0.843456,0.039427,6131954,6131954,1663433,27.1273,1920,1080,raygs,triangles,1,off,0.1,on,-4
1781756707595182800,10925.7,475.48,2.10314,2.01882,1.99648,0.135008,0.225312,0.058176,0.734208,0.843776,0.017431,6131954,6131954,1663433,27.1273,1920,1080,raygs,triangles,1,off,0.1,on,-4
1781756707597252550,10927.8,475.403,2.10348,2.02186,1.99834,0.138688,0.22544,0.057344,0.733184,0.84368,0.034801,6131954,6131954,1663433,27.1273,1920,1080,raygs,triangles,1,off,0.1,on,-4
1781756707599706450,10930.2,475.363,2.10366,2.3455,2.32502,0.335776,0.222848,0.057344,0.866304,0.842752,0.040172,6131954,6131954,1663433,27.1273,1920,1080,raygs,triangles,1,off,0.1,on,-4
1781756707601713160,10932.2,473.973,2.10982,2.01107,1.98842,0.135424,0.223904,0.058272,0.72704,0.843776,0.027721,6131954,6131954,1663433,27.1273,1920,1080,raygs,triangles,1,off,0.1,on,-4
1781756707603692808,10934.2,474.118,2.10918,2.0121,1.98909,0.134464,0.22544,0.058368,0.72704,0.843776,0.02265,6131954,6131954,1663433,27.1273,1920,1080,raygs,triangles,1,off,0.1,on,-4
1781756707605782118,10936.3,474.293,2.1084,2.01824,1.99501,0.134432,0.22544,0.058368,0.73216,0.844608,0.027454,6131954,6131954,1663433,27.1273,1920,1080,raygs,triangles,1,off,0.1,on,-4
1781756707607780689,10938.3,474.613,2.10698,2.01235,1.9927,0.127168,0.224064,0.06144,0.73552,0.844512,0.027819,6131954,6131954,1663433,27.1273,1920,1080,raygs,triangles,1,off,0.1,on,-4
1781756707609832292,10940.4,475.107,2.10479,2.01594,1.99568,0.134912,0.226464,0.058368,0.73216,0.843776,0.030253,6131954,6131954,1663433,27.1273,1920,1080,raygs,triangles,1,off,0.1,on,-4
1781756707611979540,10942.5,475.73,2.10203,2.01632,1.99302,0.134592,0.22432,0.058368,0.731136,0.844608,0.027897,6131954,6131954,1663433,27.1273,1920,1080,raygs,triangles,1,off,0.1,on,-4
1781756707614076827,10944.6,475.32,2.10385,2.02762,2.00499,0.138848,0.22496,0.057344,0.738304,0.845536,0.061804,6131954,6131954,1663433,27.1273,1920,1080,raygs,triangles,1,off,0.1,on,-4
1781756707616397716,10946.9,475.17,2.10451,2.34384,2.32314,0.334112,0.222528,0.057344,0.865664,0.843488,0.02308,6131954,6131954,1663433,27.1273,1920,1080,raygs,triangles,1,off,0.1,on,-4
1781756707618429442,10949,474.113,2.1092,2.01286,1.99114,0.134496,0.226432,0.058368,0.728064,0.843776,0.027528,6131954,6131954,1663433,27.1273,1920,1080,raygs,triangles,1,off,0.1,on,-4
1781756707620559502,10951.1,474.209,2.10878,2.02448,2.00243,0.135552,0.225408,0.058368,0.739328,0.843776,0.061057,6131954,6131954,1663433,27.1273,1920,1080,raygs,triangles,1,off,0.1,on,-4
1781756707622541985,10953.1,473.879,2.11024,2.02016,1.99741,0.13504,0.22528,0.058208,0.735232,0.843648,0.018425,6131954,6131954,1663433,27.1273,1920,1080,raygs,triangles,1,off,0.1,on,-4
1781756707624594995,10955.1,474.633,2.10689,2.01789,1.99885,0.126912,0.225248,0.060416,0.741536,0.844736,0.028603,6131954,6131954,1663433,27.1273,1920,1080,raygs,triangles,1,off,0.1,on,-4
1781756707626625317,10957.2,475.322,2.10384,2.02048,1.99907,0.134624,0.226048,0.058368,0.735232,0.8448,0.030396,6131954,6131954,1663433,27.1273,1920,1080,raygs,triangles,1,off,0.1,on,-4
1781756707628790530,10959.3,475.886,2.10134,2.13594,2.11507,0.135392,0.343392,0.058304,0.733184,0.8448,0.028671,6131954,6131954,1663433,27.1273,1920,1080,raygs,triangles,1,off,0.1,on,-4
1781756707631137041,10961.7,475.356,2.10369,2.02275,1.99926,0.134432,0.226528,0.057344,0.737184,0.843776,0.0576,6131954,6131954,1663433,27.1273,1920,1080,raygs,triangles,1,off,0.1,on,-4
1781756707633248813,10963.8,474.315,2.1083,2.16176,2.13942,0.150656,0.223392,0.057344,0.864256,0.843776,0.021329,6131954,6131954,1663433,27.1273,1920,1080,raygs,triangles,1,off,0.1,on,-4
1781756707635289897,10965.8,474.604,2.10702,2.01414,1.99123,0.135488,0.225728,0.058368,0.728064,0.843584,0.027966,6131954,6131954,1663433,27.1273,1920,1080,raygs,triangles,1,off,0.1,on,-4
1781756707637371497,10967.9,474.51,2.10743,2.04502,2.02218,0.134592,0.224512,0.058368,0.760032,0.844672,0.031375,6131954,6131954,1663433,27.1273,1920,1080,raygs,triangles,1,off,0.1,on,-4
1781756707639413958,10969.9,474.852,2.10592,2.01901,1.99706,0.1352,0.225504,0.058368,0.734208,0.843776,0.028211,6131954,6131954,1663433,27.1273,1920,1080,raygs,triangles,1,off,0.1,on,-4
1781756707641446469,10972,474.912,2.10565,2.01059,1.98963,0.126784,0.224448,0.06144,0.733184,0.843776,0.028124,6131954,6131954,1663433,27.1273,1920,1080,raygs,triangles,1,off,0.1,on,-4
1781756707643501355,10974,475.831,2.10159,2.01914,1.99757,0.134304,0.225984,0.057696,0.735232,0.844352,0.02886,6131954,6131954,1663433,27.1273,1920,1080,raygs,triangles,1,off,0.1,on,-4
1781756707645650641,10976.2,476.202,2.09995,2.13837,2.11613,0.134752,0.347072,0.057344,0.73216,0.8448,0.026855,6131954,6131954,1663433,27.1273,1920,1080,raygs,triangles,1,off,0.1,on,-4
1781756707647894330,10978.4,475.919,2.1012,2.02112,2.00083,0.135264,0.2264,0.058368,0.735232,0.845568,0.025927,6131954,6131954,1663433,27.1273,1920,1080,raygs,triangles,1,off,0.1,on,-4
1781756707650087230,10980.6,475.069,2.10496,2.16195,2.14019,0.14736,0.222368,0.058368,0.867328,0.844768,0.026903,6131954,6131954,1663433,27.1273,1920,1080,raygs,triangles,1,off,0.1,on,-4
1781756707652225717,10982.8,474.557,2.10723,2.0137,1.9913,0.13504,0.225664,0.057728,0.728064,0.8448,0.064259,6131954,6131954,1663433,27.1273,1920,1080,raygs,triangles,1,off,0.1,on,-4
1781756707654237779,10984.8,474.163,2.10898,2.04358,2.02192,0.135264,0.225728,0.058368,0.75776,0.8448,0.02047,6131954,6131954,1663433,27.1273,1920,1080,raygs,triangles,1,off,0.1,on,-4
1781756707656298099,10986.8,474.668,2.10674,2.01834,1.99507,0.13456,0.224896,0.057632,0.734208,0.843776,0.031372,6131954,6131954,1663433,27.1273,1920,1080,raygs,triangles,1,off,0.1,on,-4
1781756707658317452,10988.8,474.979,2.10536,2.01162,1.98998,0.126816,0.223584,0.060416,0.735488,0.84368,0.030261,6131954,6131954,1663433,27.1273,1920,1080,raygs,triangles,1,off,0.1,on,-4
1781756707660353955,10990.9,476.19,2.1,2.02013,1.99722,0.135296,0.225568,0.057344,0.734208,0.8448,0.030274,6131954,6131954,1663433,27.1273,1920,1080,raygs,triangles,1,off,0.1,on,-4
1781756707662522402,10993.1,476.031,2.1007,2.13763,2.11338,0.134272,0.345824,0.057344,0.73216,0.843776,0.028822,6131954,6131954,1663433,27.1273,1920,1080,raygs,triangles,1,off,0.1,on,-4
1781756707664774758,10995.3,475.741,2.10199,2.02054,1.99936,0.134976,0.225984,0.058368,0.735232,0.8448,0.029311,6131954,6131954,1663433,27.1273,1920,1080,raygs,triangles,1,off,0.1,on,-4
1781756707667025389,10997.6,475.109,2.10478,2.16122,2.13805,0.14944,0.223232,0.057728,0.864256,0.843392,0.040315,6131954,6131954,1663433,27.1273,1920,1080,raygs,triangles,1,off,0.1,on,-4
1781756707669109961,10999.6,474.2,2.10882,2.01574,1.99232,0.135008,0.22608,0.057344,0.730112,0.843776,0.030383,6131954,6131954,1663433,27.1273,1920,1080,raygs,triangles,1,off,0.1,on,-4
1781756707671281682,11001.8,473.762,2.11076,2.17744,2.15894,0.266016,0.224128,0.058368,0.765952,0.84448,0.032226,6131954,6131954,1663433,27.1273,1920,1080,raygs,triangles,1,off,0.1,on,-4
1781756707673267638,11003.8,473.865,2.11031,2.01782,1.99549,0.135232,0.2256,0.057696,0.733184,0.843776,0.016746,6131954,6131954,1663433,27.1273,1920,1080,raygs,triangles,1,off,0.1,on,-4
1781756707675350183,11005.9,474.204,2.1088,2.01997,1.99862,0.126848,0.222336,0.060192,0.744448,0.8448,0.053669,6131954,6131954,1663433,27.1273,1920,1080,raygs,triangles,1,off,0.1,on,-4
1781756707677387986,11007.9,475.141,2.10464,2.0183,1.99539,0.134816,0.225856,0.05776,0.733184,0.843776,0.042589,6131954,6131954,1663433,27.1273,1920,1080,raygs,triangles,1,off,0.1,on,-4
1781756707679541736,11010.1,475.915,2.10122,2.13779,2.11517,0.134208,0.34464,0.058368,0.734208,0.843744,0.041629,6131954,6131954,1663433,27.1273,1920,1080,raygs,triangles,1,off,0.1,on,-4
1781756707681751006,11012.3,474.862,2.10588,2.01616,1.99344,0.134592,0.226016,0.057344,0.731136,0.844352,0.019654,6131954,6131954,1663433,27.1273,1920,1080,raygs,triangles,1,off,0.1,on,-4
1781756707683929065,11014.5,474.232,2.10867,2.16438,2.14326,0.150528,0.2224,0.058208,0.867328,0.8448,0.027897,6131954,6131954,1663433,27.1273,1920,1080,raygs,triangles,1,off,0.1,on,-4
1781756707686015106,11016.5,473.741,2.11086,2.0121,1.98934,0.135456,0.22496,0.057344,0.72704,0.844544,0.055959,6131954,6131954,1663433,27.1273,1920,1080,raygs,triangles,1,off,0.1,on,-4
1781756707687999054,11018.5,473.616,2.11141,2.02362,1.99994,0.135136,0.2264,0.059392,0.734208,0.8448,0.01959,6131954,6131954,1663433,27.1273,1920,1080,raygs,triangles,1,off,0.1,on,-4
1781756707690056764,11020.6,474.289,2.10842,2.01821,1.99674,0.135552,0.225728,0.057792,0.733184,0.84448,0.027285,6131954,6131954,1663433,27.1273,1920,1080,raygs,triangles,1,off,0.1,on,-4
1781756707692089498,11022.6,474.367,2.10807,2.00957,1.9911,0.126784,0.225216,0.06144,0.734208,0.843456,0.027967,6131954,6131954,1663433,27.1273,1920,1080,raygs,triangles,1,off,0.1,on,-4
1781756707694139715,11024.7,475.37,2.10362,2.01987,1.99606,0.135072,0.224736,0.057344,0.734208,0.844704,0.028784,6131954,6131954,1663433,27.1273,1920,1080,raygs,triangles,1,off,0.1,on,-4
1781756707696325330,11026.9,475.299,2.10394,2.14851,2.12666,0.134624,0.35472,0.058304,0.734208,0.8448,0.031003,6131954,6131954,1663433,27.1273,1920,1080,raygs,triangles,1,off,0.1,on,-4
1781756707698569014,11029.1,474.818,2.10607,2.01469,1.99267,0.135008,0.227456,0.058368,0.728064,0.843776,0.028544,6131954,6131954,1663433,27.1273,1920,1080,raygs,triangles,1,off,0.1,on,-4
1781756707700764811,11031.3,474.088,2.10931,2.16272,2.14042,0.149824,0.223072,0.057344,0.86544,0.844736,0.026989,6131954,6131954,1663433,27.1273,1920,1080,raygs,triangles,1,off,0.1,on,-4
1781756707702823395,11033.4,473.494,2.11196,2.01443,1.99174,0.134848,0.225664,0.058368,0.729088,0.843776,0.029188,6131954,6131954,1663433,27.1273,1920,1080,raygs,triangles,1,off,0.1,on,-4
1781756707704856734,11035.4,473.462,2.1121,2.01357,1.99101,0.135232,0.22544,0.057472,0.729088,0.843776,0.030975,6131954,6131954,1663433,27.1273,1920,1080,raygs,triangles,1,off,0.1,on,-4
1781756707706888741,11037.4,474.283,2.10844,2.01562,1.99408,0.13488,0.224224,0.058368,0.733184,0.843424,0.028519,6131954,6131954,1663433,27.1273,1920,1080,raygs,triangles,1,off,0.1,on,-4
1781756707708922523,11039.5,474.302,2.10836,2.01328,1.99168,0.1264,0.225024,0.060224,0.736256,0.843776,0.028927,6131954,6131954,1663433,27.1273,1920,1080,raygs,triangles,1,off,0.1,on,-4
1781756707710972243,11041.5,475.285,2.104,2.01709,1.99549,0.135328,0.22688,0.058432,0.731136,0.843712,0.029136,6131954,6131954,1663433,27.1273,1920,1080,raygs,triangles,1,off,0.1,on,-4
1781756707713129081,11043.7,475.28,2.10402,2.13613,2.11379,0.13472,0.344768,0.058368,0.731136,0.8448,0.027744,6131954,6131954,1663433,27.1273,1920,1080,raygs,triangles,1,off,0.1,on,-4
1781756707715521227,11046.1,475.582,2.10269,2.24202,1.99123,0.134976,0.225024,0.057344,0.730112,0.843776,0.027171,6131954,6131954,1663433,27.1273,1920,1080,raygs,triangles,1,off,0.1,on,-4
1781756707717575410,11048.1,474.02,2.10962,2.01766,1.9961,0.14,0.22384,0.058368,0.730112,0.843776,0.029003,6131954,6131954,1663433,27.1273,1920,1080,raygs,triangles,1,off,0.1,on,-4
1781756707719629735,11050.2,474.101,2.10926,2.01552,1.99187,0.134784,0.226752,0.057344,0.728256,0.844736,0.029884,6131954,6131954,1663433,27.1273,1920,1080,raygs,triangles,1,off,0.1,on,-4
1781756707721733553,11052.3,474.281,2.10845,2.01619,1.99443,0.13856,0.223616,0.058368,0.729088,0.8448,0.060504,6131954,6131954,1663433,27.1273,1920,1080,raygs,triangles,1,off,0.1,on,-4
1781756707723713679,11054.2,474.15,2.10904,2.01642,1.9937,0.134912,0.225856,0.058368,0.731136,0.843424,0.018059,6131954,6131954,1663433,27.1273,1920,1080,raygs,triangles,1,off,0.1,on,-4
1781756707725775213,11056.3,474.529,2.10735,2.01594,1.9959,0.127136,0.223616,0.060416,0.739328,0.845408,0.028686,6131954,6131954,1663433,27.1273,1920,1080,raygs,triangles,1,off,0.1,on,-4
1781756707728009543,11058.5,475.91,2.10124,2.01888,1.99763,0.135264,0.22496,0.058208,0.734464,0.844736,0.034413,6131954,6131954,1663433,27.1273,1920,1080,raygs,triangles,1,off,0.1,on,-4
1781756707730017892,11060.5,475.026,2.10515,2.02691,2.00381,0.139008,0.225376,0.057344,0.737632,0.844448,0.049991,6131954,6131954,1663433,27.1273,1920,1080,raygs,triangles,1,off,0.1,on,-4
1781756707732241766,11062.8,475.027,2.10514,2.19482,2.17219,0.13488,0.225856,0.057344,0.909312,0.8448,0.033149,6131954,6131954,1663433,27.1273,1920,1080,raygs,triangles,1,off,0.1,on,-4
1781756707734476097,11065,474.434,2.10777,2.16419,2.14547,0.285792,0.227552,0.058368,0.729088,0.844672,0.031477,6131954,6131954,1663433,27.1273,1920,1080,raygs,triangles,1,off,0.1,on,-4
1781756707736543813,11067.1,473.603,2.11147,2.0144,1.99363,0.134688,0.226592,0.058368,0.730208,0.843776,0.039541,6131954,6131954,1663433,27.1273,1920,1080,raygs,triangles,1,off,0.1,on,-4
1781756707738493939,11069,473.466,2.11208,2.02051,1.99818,0.13568,0.225664,0.058272,0.734208,0.844352,0.023226,6131954,6131954,1663433,27.1273,1920,1080,raygs,triangles,1,off,0.1,on,-4
1781756707740586729,11071.1,474.224,2.10871,2.01664,1.99574,0.13488,0.225376,0.058368,0.732416,0.844704,0.036319,6131954,6131954,1663433,27.1273,1920,1080,raygs,triangles,1,off,0.1,on,-4
1781756707742580432,11073.1,474.198,2.10882,2.01107,1.99242,0.12688,0.225088,0.06144,0.734208,0.8448,0.029141,6131954,6131954,1663433,27.1273,1920,1080,raygs,triangles,1,off,0.1,on,-4
1781756707744856476,11075.4,475.477,2.10315,2.14576,2.12237,0.134336,0.353696,0.057344,0.732192,0.8448,0.030332,6131954,6131954,1663433,27.1273,1920,1080,raygs,triangles,1,off,0.1,on,-4
1781756707746918200,11077.4,474.526,2.10737,2.02243,2.00112,0.138656,0.22512,0.058336,0.735232,0.843776,0.034582,6131954,6131954,1663433,27.1273,1920,1080,raygs,triangles,1,off,0.1,on,-4
1781756707749279824,11079.8,474.805,2.10613,2.3511,2.33197,0.340352,0.22352,0.058368,0.866304,0.843424,0.023399,6131954,6131954,1663433,27.1273,1920,1080,raygs,triangles,1,off,0.1,on,-4
1781756707751316040,11081.8,473.361,2.11255,2.01296,1.99194,0.135296,0.225408,0.058368,0.728064,0.8448,0.028155,6131954,6131954,1663433,27.1273,1920,1080,raygs,triangles,1,off,0.1,on,-4
1781756707753411879,11083.9,473.466,2.11208,2.01642,1.99405,0.13568,0.225312,0.058368,0.730112,0.844576,0.050136,6131954,6131954,1663433,27.1273,1920,1080,raygs,triangles,1,off,0.1,on,-4
1781756707755397703,11085.9,473.298,2.11283,2.01424,1.99245,0.134496,0.224672,0.058368,0.730112,0.8448,0.027826,6131954,6131954,1663433,27.1273,1920,1080,raygs,triangles,1,off,0.1,on,-4
1781756707757446502,11088,473.911,2.1101,2.01859,1.9983,0.134848,0.228128,0.058368,0.733184,0.843776,0.030078,6131954,6131954,1663433,27.1273,1920,1080,raygs,triangles,1,off,0.1,on,-4
1781756707759490286,11090,475.063,2.10498,2.01059,1.98995,0.127008,0.224544,0.060416,0.734208,0.843776,0.029155,6131954,6131954,1663433,27.1273,1920,1080,raygs,triangles,1,off,0.1,on,-4
1781756707761638138,11092.2,475.273,2.10405,2.01997,1.99686,0.135136,0.2264,0.058368,0.734208,0.842752,0.028381,6131954,6131954,1663433,27.1273,1920,1080,raygs,triangles,1,off,0.1,on,-4
1781756707763701962,11094.2,474.939,2.10553,2.02624,2.0041,0.13936,0.224288,0.05776,0.738304,0.844384,0.027233,6131954,6131954,1663433,27.1273,1920,1080,raygs,triangles,1,off,0.1,on,-4
1781756707766091525,11096.6,474.954,2.10547,2.36525,2.34557,0.35744,0.221728,0.057344,0.86528,0.843776,0.032303,6131954,6131954,1663433,27.1273,1920,1080,raygs,triangles,1,off,0.1,on,-4
1781756707768135410,11098.7,473.592,2.11152,2.0183,1.99565,0.134848,0.225472,0.058368,0.733184,0.843776,0.027838,6131954,6131954,1663433,27.1273,1920,1080,raygs,triangles,1,off,0.1,on,-4
1781756707770200343,11100.7,473.607,2.11146,2.0135,1.99222,0.135104,0.225888,0.058368,0.728064,0.8448,0.034753,6131954,6131954,1663433,27.1273,1920,1080,raygs,triangles,1,off,0.1,on,-4
1781756707772233864,11102.8,473.534,2.11178,2.01549,1.99203,0.134752,0.225056,0.057344,0.730112,0.844768,0.031515,6131954,6131954,1663433,27.1273,1920,1080,raygs,triangles,1,off,0.1,on,-4
1781756707774276063,11104.8,473.939,2.10997,2.01693,1.99424,0.135168,0.22624,0.057344,0.73216,0.843328,0.031677,6131954,6131954,1663433,27.1273,1920,1080,raygs,triangles,1,off,0.1,on,-4
1781756707776328089,11106.9,474.711,2.10654,2.01229,1.99142,0.126432,0.224544,0.060416,0.736256,0.843776,0.029833,6131954,6131954,1663433,27.1273,1920,1080,raygs,triangles,1,off,0.1,on,-4
1781756707778463862,11109,475.224,2.10427,2.0184,1.99526,0.134592,0.225728,0.057984,0.733184,0.843776,0.028609,6131954,6131954,1663433,27.1273,1920,1080,raygs,triangles,1,off,0.1,on,-4
1781756707780616769,11111.1,475.277,2.10404,2.02358,1.99914,0.13904,0.224768,0.057344,0.734208,0.843776,0.071542,6131954,6131954,1663433,27.1273,1920,1080,raygs,triangles,1,off,0.1,on,-4
1781756707782915048,11113.4,474.832,2.10601,2.37296,2.35389,0.362208,0.222496,0.058368,0.866304,0.844512,0.018265,6131954,6131954,1663433,27.1273,1920,1080,raygs,triangles,1,off,0.1,on,-4
1781756707784959114,11115.5,473.813,2.11054,2.0136,1.99206,0.134912,0.224896,0.058368,0.730112,0.843776,0.028612,6131954,6131954,1663433,27.1273,1920,1080,raygs,triangles,1,off,0.1,on,-4
1781756707787067665,11117.6,473.782,2.11068,2.01635,1.99363,0.134624,0.225728,0.058368,0.731136,0.843776,0.059598,6131954,6131954,1663433,27.1273,1920,1080,raygs,triangles,1,off,0.1,on,-4
1781756707789121722,11119.7,473.56,2.11167,2.0207,1.99677,0.13488,0.225536,0.057344,0.735232,0.843776,0.051146,6131954,6131954,1663433,27.1273,1920,1080,raygs,triangles,1,off,0.1,on,-4
1781756707791101725,11121.6,473.971,2.10983,2.01878,1.99488,0.133952,0.22544,0.057344,0.733632,0.844512,0.017796,6131954,6131954,1663433,27.1273,1920,1080,raygs,triangles,1,off,0.1,on,-4
1781756707793143825,11123.7,475.016,2.10519,2.0159,1.99424,0.127584,0.22416,0.060416,0.738304,0.843776,0.030258,6131954,6131954,1663433,27.1273,1920,1080,raygs,triangles,1,off,0.1,on,-4
1781756707795317777,11125.8,475.64,2.10243,2.01709,1.9945,0.134304,0.226912,0.058368,0.731136,0.843776,0.035891,6131954,6131954,1663433,27.1273,1920,1080,raygs,triangles,1,off,0.1,on,-4
1781756707797411897,11127.9,475.377,2.10359,2.02493,2.00266,0.1384,0.224832,0.058368,0.736256,0.8448,0.066278,6131954,6131954,1663433,27.1273,1920,1080,raygs,triangles,1,off,0.1,on,-4
1781756707799803594,11130.3,475.713,2.10211,2.32954,2.31046,0.319808,0.221856,0.057728,0.866304,0.844768,0.039119,6131954,6131954,1663433,27.1273,1920,1080,raygs,triangles,1,off,0.1,on,-4
1781756707801761846,11132.3,474.146,2.10905,2.0144,1.99203,0.13472,0.22608,0.057344,0.729088,0.8448,0.018853,6131954,6131954,1663433,27.1273,1920,1080,raygs,triangles,1,off,0.1,on,-4
1781756707803891307,11134.4,474.567,2.10718,2.01526,1.99318,0.134528,0.2264,0.058368,0.730112,0.843776,0.042975,6131954,6131954,1663433,27.1273,1920,1080,raygs,triangles,1,off,0.1,on,-4
1781756707805851572,11136.4,474.274,2.10849,2.01664,1.9943,0.135296,0.225728,0.057344,0.731136,0.8448,0.02324,6131954,6131954,1663433,27.1273,1920,1080,raygs,triangles,1,off,0.1,on,-4
1781756707807910255,11138.4,474.936,2.10555,2.02202,2.00147,0.135136,0.226176,0.058368,0.736256,0.845536,0.030737,6131954,6131954,1663433,27.1273,1920,1080,raygs,triangles,1,off,0.1,on,-4
1781756707809947760,11140.5,475.68,2.10225,2.00973,1.98797,0.12592,0.223968,0.06144,0.73216,0.84448,0.033326,6131954,6131954,1663433,27.1273,1920,1080,raygs,triangles,1,off,0.1,on,-4
1781756707812186306,11142.7,476.147,2.10019,2.0183,1.99491,0.134464,0.22544,0.057344,0.73216,0.845504,0.05009,6131954,6131954,1663433,27.1273,1920,1080,raygs,triangles,1,off,0.1,on,-4
1781756707814325052,11144.9,475.519,2.10296,2.024,2.00096,0.139168,0.222368,0.057344,0.73728,0.8448,0.044245,6131954,6131954,1663433,27.1273,1920,1080,raygs,triangles,1,off,0.1,on,-4
1781756707816542313,11147.1,474.918,2.10562,2.33795,2.31891,0.329536,0.22224,0.058368,0.864256,0.844512,0.019708,6131954,6131954,1663433,27.1273,1920,1080,raygs,triangles,1,off,0.1,on,-4
1781756707818577343,11149.1,474.297,2.10838,2.01581,1.99299,0.135104,0.225472,0.058368,0.730272,0.843776,0.029015,6131954,6131954,1663433,27.1273,1920,1080,raygs,triangles,1,off,0.1,on,-4
1781756707820629118,11151.2,474.331,2.10823,2.01725,1.99699,0.134464,0.2272,0.058368,0.733184,0.843776,0.030363,6131954,6131954,1663433,27.1273,1920,1080,raygs,triangles,1,off,0.1,on,-4
1781756707822739366,11153.3,474.333,2.10823,2.02019,1.99786,0.135008,0.22656,0.058368,0.734208,0.843712,0.062076,6131954,6131954,1663433,27.1273,1920,1080,raygs,triangles,1,off,0.1,on,-4
1781756707824703151,11155.2,474.667,2.10674,2.01952,1.99722,0.134688,0.225472,0.058368,0.734208,0.84448,0.017606,6131954,6131954,1663433,27.1273,1920,1080,raygs,triangles,1,off,0.1,on,-4
1781756707826844075,11157.4,475.683,2.10224,2.01686,1.99693,0.126944,0.223328,0.060416,0.7416,0.84464,0.067973,6131954,6131954,1663433,27.1273,1920,1080,raygs,triangles,1,off,0.1,on,-4
1781756707828940413,11159.5,475.904,2.10127,2.13872,2.11466,0.135136,0.344192,0.057344,0.734208,0.843776,0.019273,6131954,6131954,1663433,27.1273,1920,1080,raygs,triangles,1,off,0.1,on,-4
1781756707831150483,11161.7,475.767,2.10187,2.0184,1.99638,0.134592,0.22544,0.058368,0.734208,0.843776,0.030008,6131954,6131954,1663433,27.1273,1920,1080,raygs,triangles,1,off,0.1,on,-4
1781756707833371720,11163.9,475.048,2.10505,2.20886,2.18874,0.138688,0.225696,0.058368,0.9216,0.844384,0.032347,6131954,6131954,1663433,27.1273,1920,1080,raygs,triangles,1,off,0.1,on,-4
1781756707835423134,11166,474.328,2.10825,2.01482,1.99174,0.136128,0.224736,0.058016,0.729088,0.843776,0.030376,6131954,6131954,1663433,27.1273,1920,1080,raygs,triangles,1,off,0.1,on,-4
1781756707837484717,11168,474.294,2.1084,2.0423,2.02106,0.134976,0.225984,0.058368,0.757952,0.843776,0.029155,6131954,6131954,1663433,27.1273,1920,1080,raygs,triangles,1,off,0.1,on,-4
1781756707839570395,11170.1,474.278,2.10847,2.01914,1.99539,0.13456,0.22448,0.057344,0.735232,0.843776,0.050137,6131954,6131954,1663433,27.1273,1920,1080,raygs,triangles,1,off,0.1,on,-4
1781756707841577496,11172.1,474.554,2.10724,2.02106,1.99696,0.134176,0.226432,0.057344,0.735232,0.843776,0.027612,6131954,6131954,1663433,27.1273,1920,1080,raygs,triangles,1,off,0.1,on,-4
1781756707843731295,11174.3,475.983,2.10092,2.01466,1.9943,0.126912,0.224608,0.060704,0.73728,0.8448,0.043319,6131954,6131954,1663433,27.1273,1920,1080,raygs,triangles,1,off,0.1,on,-4
1781756707845773630,11176.3,475.574,2.10272,2.13728,2.11357,0.134688,0.343232,0.058688,0.733184,0.843776,0.018894,6131954,6131954,1663433,27.1273,1920,1080,raygs,triangles,1,off,0.1,on,-4
1781756707848005070,11178.5,475.665,2.10232,2.02147,2.0001,0.135168,0.224512,0.058368,0.73728,0.844768,0.030332,6131954,6131954,1663433,27.1273,1920,1080,raygs,triangles,1,off,0.1,on,-4
1781756707850227926,11180.8,475.151,2.1046,2.21005,2.18912,0.13888,0.223776,0.058368,0.923648,0.844448,0.035146,6131954,6131954,1663433,27.1273,1920,1080,raygs,triangles,1,off,0.1,on,-4
1781756707852264051,11182.8,474.227,2.10869,2.01363,1.99056,0.134944,0.225408,0.057344,0.729088,0.843776,0.02836,6131954,6131954,1663433,27.1273,1920,1080,raygs,triangles,1,off,0.1,on,-4
1781756707854336226,11184.9,474.381,2.10801,2.04173,2.01981,0.135392,0.225216,0.05776,0.756736,0.844704,0.028486,6131954,6131954,1663433,27.1273,1920,1080,raygs,triangles,1,off,0.1,on,-4
1781756707856377166,11186.9,474.945,2.10551,2.01811,1.99731,0.135328,0.224608,0.058368,0.734208,0.8448,0.030734,6131954,6131954,1663433,27.1273,1920,1080,raygs,triangles,1,off,0.1,on,-4
1781756707858409019,11188.9,474.824,2.10605,2.01763,1.99619,0.133824,0.225952,0.057792,0.735232,0.843392,0.027682,6131954,6131954,1663433,27.1273,1920,1080,raygs,triangles,1,off,0.1,on,-4
1781756707860524074,11191.1,475.607,2.10258,2.00915,1.98941,0.126368,0.22464,0.060416,0.734208,0.843776,0.058103,6131954,6131954,1663433,27.1273,1920,1080,raygs,triangles,1,off,0.1,on,-4
1781756707862669637,11193.2,476.059,2.10058,2.1385,2.11482,0.1344,0.345408,0.057344,0.733184,0.84448,0.046792,6131954,6131954,1663433,27.1273,1920,1080,raygs,triangles,1,off,0.1,on,-4
1781756707864849825,11195.4,475.783,2.1018,2.01837,1.9951,0.13456,0.22512,0.05744,0.734208,0.843776,0.02185,6131954,6131954,1663433,27.1273,1920,1080,raygs,triangles,1,off,0.1,on,-4
1781756707867136560,11197.7,474.872,2.10583,2.19142,2.16899,0.13968,0.223168,0.058176,0.904192,0.843776,0.065035,6131954,6131954,1663433,27.1273,1920,1080,raygs,triangles,1,off,0.1,on,-4
1781756707869239961,11199.8,474.176,2.10892,2.01613,1.9935,0.135392,0.226784,0.058368,0.729184,0.843776,0.071954,6131954,6131954,1663433,27.1273,1920,1080,raygs,triangles,1,off,0.1,on,-4
1781756707871230621,11201.8,473.747,2.11083,2.04381,2.0217,0.135456,0.225312,0.058368,0.758784,0.843776,0.049511,6131954,6131954,1663433,27.1273,1920,1080,raygs,triangles,1,off,0.1,on,-4
1781756707873235416,11203.8,474.828,2.10603,2.0191,1.99728,0.135232,0.224832,0.058208,0.735232,0.843776,0.025102,6131954,6131954,1663433,27.1273,1920,1080,raygs,triangles,1,off,0.1,on,-4
1781756707875348269,11205.9,474.966,2.10541,2.01933,1.99706,0.134496,0.22672,0.05808,0.733184,0.844576,0.032343,6131954,6131954,1663433,27.1273,1920,1080,raygs,triangles,1,off,0.1,on,-4
1781756707877425826,11208,475.964,2.101,2.01226,1.99114,0.127424,0.224064,0.06064,0.735232,0.843776,0.047969,6131954,6131954,1663433,27.1273,1920,1080,raygs,triangles,1,off,0.1,on,-4
1781756707879455793,11210,475.749,2.10195,2.1335,2.11219,0.135328,0.342528,0.058304,0.731328,0.844704,0.018017,6131954,6131954,1663433,27.1273,1920,1080,raygs,triangles,1,off,0.1,on,-4
1781756707881693476,11212.2,475.976,2.10095,2.01779,1.99478,0.133984,0.226496,0.058368,0.732544,0.843392,0.030765,6131954,6131954,1663433,27.1273,1920,1080,raygs,triangles,1,off,0.1,on,-4
1781756707883914929,11214.4,475.056,2.10502,2.18803,2.16595,0.13936,0.224192,0.058368,0.900576,0.843456,0.033987,6131954,6131954,1663433,27.1273,1920,1080,raygs,triangles,1,off,0.1,on,-4
1781756707886186566,11216.7,474.413,2.10787,2.0185,1.99494,0.139072,0.225408,0.057664,0.728064,0.844736,0.046646,6131954,6131954,1663433,27.1273,1920,1080,raygs,triangles,1,off,0.1,on,-4
1781756707888157968,11218.7,473.538,2.11176,2.03747,2.0127,0.135264,0.225728,0.058368,0.749568,0.843776,0.019838,6131954,6131954,1663433,27.1273,1920,1080,raygs,triangles,1,off,0.1,on,-4
1781756707890223438,11220.8,474.1,2.10926,2.01712,1.9951,0.134368,0.225696,0.058112,0.73216,0.844768,0.052857,6131954,6131954,1663433,27.1273,1920,1080,raygs,triangles,1,off,0.1,on,-4
1781756707892249022,11222.8,474.284,2.10844,2.01862,1.99498,0.134944,0.224704,0.057344,0.734208,0.843776,0.02972,6131954,6131954,1663433,27.1273,1920,1080,raygs,triangles,1,off,0.1,on,-4
1781756707894451217,11225,475.654,2.10237,2.01146,1.99126,0.127648,0.223584,0.060416,0.735232,0.844384,0.063585,6131954,6131954,1663433,27.1273,1920,1080,raygs,triangles,1,off,0.1,on,-4
1781756707896510417,11227,475.029,2.10513,2.01952,1.99789,0.138368,0.224576,0.058368,0.73216,0.844416,0.053799,6131954,6131954,1663433,27.1273,1920,1080,raygs,triangles,1,off,0.1,on,-4
1781756707898676387,11229.2,475.071,2.10495,2.19226,2.17075,0.1344,0.22592,0.057344,0.909312,0.843776,0.044362,6131954,6131954,1663433,27.1273,1920,1080,raygs,triangles,1,off,0.1,on,-4
1781756707900920890,11231.5,474.575,2.10715,2.1841,2.16381,0.303552,0.227328,0.057344,0.730112,0.845472,0.050172,6131954,6131954,1663433,27.1273,1920,1080,raygs,triangles,1,off,0.1,on,-4
1781756707902964740,11233.5,473.781,2.11068,2.01181,1.98883,0.134144,0.225504,0.057344,0.728064,0.843776,0.052085,6131954,6131954,1663433,27.1273,1920,1080,raygs,triangles,1,off,0.1,on,-4
1781756707904935703,11235.5,473.805,2.11057,2.01373,1.99235,0.13536,0.22576,0.059392,0.728064,0.843776,0.017957,6131954,6131954,1663433,27.1273,1920,1080,raygs,triangles,1,off,0.1,on,-4
1781756707907047373,11237.6,474.409,2.10789,2.0192,1.99718,0.135424,0.225568,0.058208,0.733184,0.8448,0.063607,6131954,6131954,1663433,27.1273,1920,1080,raygs,triangles,1,off,0.1,on,-4
1781756707909032717,11239.6,474.585,2.1071,2.01936,1.99674,0.13456,0.224832,0.058336,0.735232,0.843776,0.021581,6131954,6131954,1663433,27.1273,1920,1080,raygs,triangles,1,off,0.1,on,-4
1781756707911189832,11241.7,475.819,2.10164,2.01501,1.9943,0.127104,0.222816,0.06048,0.738304,0.8456,0.048527,6131954,6131954,1663433,27.1273,1920,1080,raygs,triangles,1,off,0.1,on,-4
1781756707913258359,11243.8,475.317,2.10386,2.13584,2.1127,0.135424,0.22512,0.175104,0.733504,0.843552,0.019858,6131954,6131954,1663433,27.1273,1920,1080,raygs,triangles,1,off,0.1,on,-4
1781756707915856707,11246.4,475.397,2.1035,2.17344,2.15178,0.135456,0.2248,0.057344,0.888832,0.845344,0.051716,6131954,6131954,1663433,27.1273,1920,1080,raygs,triangles,1,off,0.1,on,-4
1781756707917667577,11248.2,472.732,2.11536,2.02813,2.00531,0.15152,0.221728,0.058368,0.729088,0.844608,0.021156,6131954,6131954,1663433,27.1273,1920,1080,raygs,triangles,1,off,0.1,on,-4
1781756707919696827,11250.2,473.997,2.10972,2.01152,1.99088,0.135904,0.225248,0.058368,0.72704,0.84432,0.029326,6131954,6131954,1663433,27.1273,1920,1080,raygs,triangles,1,off,0.1,on,-4
1781756707921729469,11252.3,474.173,2.10893,2.0089,1.98854,0.132256,0.224352,0.058368,0.729088,0.84448,0.028325,6131954,6131954,1663433,27.1273,1920,1080,raygs,triangles,1,off,0.1,on,-4
1781756707923773344,11254.3,474.645,2.10684,2.02048,1.99779,0.134656,0.226784,0.057344,0.734208,0.8448,0.030887,6131954,6131954,1663433,27.1273,1920,1080,raygs,triangles,1,off,0.1,on,-4
1781756707925821387,11256.4,474.754,2.10636,2.0192,1.99773,0.134624,0.226752,0.058368,0.734208,0.843776,0.028591,6131954,6131954,1663433,27.1273,1920,1080,raygs,triangles,1,off,0.1,on,-4
1781756707928030573,11258.6,476.161,2.10013,2.01088,1.98989,0.126688,0.224096,0.060416,0.734208,0.84448,0.057298,6131954,6131954,1663433,27.1273,1920,1080,raygs,triangles,1,off,0.1,on,-4
1781756707930026563,11260.6,475.249,2.10416,2.02272,2.00045,0.138944,0.225152,0.057344,0.734208,0.8448,0.018111,6131954,6131954,1663433,27.1273,1920,1080,raygs,triangles,1,off,0.1,on,-4
1781756707932295027,11262.8,475.653,2.10237,2.17827,2.15462,0.13488,0.226624,0.057344,0.891296,0.84448,0.06948,6131954,6131954,1663433,27.1273,1920,1080,raygs,triangles,1,off,0.1,on,-4
1781756707934454096,11265,474.583,2.10712,2.17667,2.15622,0.295968,0.229664,0.057728,0.728064,0.8448,0.021191,6131954,6131954,1663433,27.1273,1920,1080,raygs,triangles,1,off,0.1,on,-4
1781756707936550838,11267.1,474.073,2.10938,2.01981,1.99715,0.135008,0.230912,0.058368,0.729088,0.843776,0.063664,6131954,6131954,1663433,27.1273,1920,1080,raygs,triangles,1,off,0.1,on,-4
1781756707938549329,11269.1,473.934,2.11,2.02042,1.99747,0.13968,0.224544,0.058336,0.73216,0.842752,0.018363,6131954,6131954,1663433,27.1273,1920,1080,raygs,triangles,1,off,0.1,on,-4
1781756707940606134,11271.1,474.804,2.10613,2.01754,1.99546,0.134016,0.22624,0.05824,0.733184,0.843776,0.035309,6131954,6131954,1663433,27.1273,1920,1080,raygs,triangles,1,off,0.1,on,-4
1781756707942661167,11273.2,475.066,2.10497,2.01754,1.99565,0.135168,0.225152,0.058368,0.734208,0.842752,0.031283,6131954,6131954,1663433,27.1273,1920,1080,raygs,triangles,1,off,0.1,on,-4
1781756707944873520,11275.4,475.785,2.10179,2.0113,1.99014,0.127488,0.223264,0.060416,0.734208,0.844768,0.049188,6131954,6131954,1663433,27.1273,1920,1080,raygs,triangles,1,off,0.1,on,-4
1781756707946823489,11277.4,475.128,2.10469,2.02102,1.99792,0.13808,0.223488,0.057344,0.735232,0.843776,0.018937,6131954,6131954,1663433,27.1273,1920,1080,raygs,triangles,1,off,0.1,on,-4
1781756707949177665,11279.7,475.484,2.10312,2.20717,2.184,0.134976,0.2248,0.057728,0.92304,0.843456,0.051554,6131954,6131954,1663433,27.1273,1920,1080,raygs,triangles,1,off,0.1,on,-4
1781756707951335725,11281.9,474.511,2.10743,2.16013,2.14035,0.283488,0.227808,0.058336,0.72704,0.84368,0.032295,6131954,6131954,1663433,27.1273,1920,1080,raygs,triangles,1,off,0.1,on,-4
1781756707953298421,11283.8,473.811,2.11054,2.01376,1.99011,0.135072,0.224992,0.057344,0.72704,0.845664,0.021504,6131954,6131954,1663433,27.1273,1920,1080,raygs,triangles,1,off,0.1,on,-4
1781756707955537499,11286.1,474.465,2.10764,2.01405,1.99075,0.1352,0.225152,0.057536,0.730112,0.842752,0.058603,6131954,6131954,1663433,27.1273,1920,1080,raygs,triangles,1,off,0.1,on,-4
1781756707957532469,11288.1,474.003,2.10969,2.02176,2.00054,0.138976,0.224256,0.058304,0.735232,0.843776,0.026826,6131954,6131954,1663433,27.1273,1920,1080,raygs,triangles,1,off,0.1,on,-4
1781756707959573261,11290.1,474.73,2.10646,2.0184,1.99533,0.134624,0.224384,0.058368,0.734208,0.843744,0.02992,6131954,6131954,1663433,27.1273,1920,1080,raygs,triangles,1,off,0.1,on,-4
1781756707961808185,11292.3,475.49,2.10309,2.13718,2.11514,0.127424,0.22336,0.060416,0.86016,0.843776,0.04388,6131954,6131954,1663433,27.1273,1920,1080,raygs,triangles,1,off,0.1,on,-4
1781756707963815057,11294.3,474.77,2.10628,2.02394,2.00285,0.13504,0.226336,0.058368,0.739328,0.843776,0.04256,6131954,6131954,1663433,27.1273,1920,1080,raygs,triangles,1,off,0.1,on,-4
1781756707966213904,11296.7,474.927,2.10559,2.18659,2.16509,0.133856,0.395808,0.058368,0.732416,0.84464,0.05993,6131954,6131954,1663433,27.1273,1920,1080,raygs,triangles,1,off,0.1,on,-4
1781756707968191968,11298.7,473.778,2.11069,2.02736,2.00499,0.150624,0.223136,0.058368,0.729088,0.843776,0.021541,6131954,6131954,1663433,27.1273,1920,1080,raygs,triangles,1,off,0.1,on,-4
1781756707970247545,11300.8,473.815,2.11053,2.01421,1.99277,0.135552,0.225088,0.058368,0.729088,0.844672,0.028998,6131954,6131954,1663433,27.1273,1920,1080,raygs,triangles,1,off,0.1,on,-4
1781756707972294281,11302.8,474.262,2.10854,2.01494,1.99325,0.134592,0.225376,0.05856,0.730112,0.844608,0.028086,6131954,6131954,1663433,27.1273,1920,1080,raygs,triangles,1,off,0.1,on,-4
1781756707974336910,11304.9,474.24,2.10864,2.02032,1.99654,0.13456,0.225664,0.058368,0.733184,0.844768,0.030744,6131954,6131954,1663433,27.1273,1920,1080,raygs,triangles,1,off,0.1,on,-4
1781756707976379270,11306.9,474.959,2.10545,2.01885,1.99635,0.134496,0.226528,0.057344,0.734208,0.843776,0.028837,6131954,6131954,1663433,27.1273,1920,1080,raygs,triangles,1,off,0.1,on,-4
1781756707978600365,11309.1,475.694,2.10219,2.01168,1.99373,0.126848,0.224832,0.06144,0.735232,0.845376,0.062027,6131954,6131954,1663433,27.1273,1920,1080,raygs,triangles,1,off,0.1,on,-4
1781756707980696851,11311.2,474.943,2.10551,2.02672,2.00445,0.138816,0.225184,0.058368,0.738304,0.843776,0.03206,6131954,6131954,1663433,27.1273,1920,1080,raygs,triangles,1,off,0.1,on,-4
1781756707982968184,11313.5,474.865,2.10586,2.34189,2.32157,0.3352,0.221696,0.057664,0.864256,0.842752,0.018521,6131954,6131954,1663433,27.1273,1920,1080,raygs,triangles,1,off,0.1,on,-4
1781756707985016765,11315.5,473.964,2.10987,2.0135,1.9919,0.134816,0.227072,0.058368,0.72704,0.844608,0.030728,6131954,6131954,1663433,27.1273,1920,1080,raygs,triangles,1,off,0.1,on,-4
1781756707987091532,11317.6,473.824,2.11049,2.01267,1.99146,0.134688,0.225504,0.0584,0.728064,0.8448,0.056824,6131954,6131954,1663433,27.1273,1920,1080,raygs,triangles,1,off,0.1,on,-4
1781756707989077066,11319.6,474.051,2.10948,2.01981,1.99667,0.136,0.225536,0.057344,0.733184,0.844608,0.017791,6131954,6131954,1663433,27.1273,1920,1080,raygs,triangles,1,off,0.1,on,-4
1781756707991133849,11321.7,474.62,2.10695,2.01955,1.99667,0.13472,0.225248,0.057696,0.735232,0.843776,0.030484,6131954,6131954,1663433,27.1273,1920,1080,raygs,triangles,1,off,0.1,on,-4
1781756707993171700,11323.7,475.143,2.10463,2.01731,1.99501,0.13456,0.22512,0.058368,0.733184,0.843776,0.027871,6131954,6131954,1663433,27.1273,1920,1080,raygs,triangles,1,off,0.1,on,-4
1781756707995413439,11325.9,476.079,2.10049,2.0079,1.98826,0.127168,0.223904,0.061344,0.731136,0.844704,0.063027,6131954,6131954,1663433,27.1273,1920,1080,raygs,triangles,1,off,0.1,on,-4
1781756707997507049,11328,475.574,2.10272,2.02166,1.9999,0.138176,0.22416,0.058368,0.735552,0.843648,0.034614,6131954,6131954,1663433,27.1273,1920,1080,raygs,triangles,1,off,0.1,on,-4
1781756707999755988,11330.3,475.152,2.10459,2.34614,2.32666,0.33536,0.223008,0.058368,0.866304,0.843616,0.018441,6131954,6131954,1663433,27.1273,1920,1080,raygs,triangles,1,off,0.1,on,-4
1781756708001794702,11332.3,474.272,2.10849,2.01238,1.99066,0.135136,0.225472,0.058368,0.72704,0.84464,0.029307,6131954,6131954,1663433,27.1273,1920,1080,raygs,triangles,1,off,0.1,on,-4
1781756708003846753,11334.4,474.487,2.10754,2.016,1.99453,0.135296,0.225408,0.058368,0.731136,0.84432,0.029082,6131954,6131954,1663433,27.1273,1920,1080,raygs,triangles,1,off,0.1,on,-4
1781756708005930036,11336.5,474.626,2.10692,2.01776,1.99382,0.133984,0.225536,0.057344,0.733184,0.843776,0.057657,6131954,6131954,1663433,27.1273,1920,1080,raygs,triangles,1,off,0.1,on,-4
1781756708007950738,11338.5,474.441,2.10774,2.02045,1.9968,0.134592,0.225856,0.057344,0.736256,0.842752,0.027163,6131954,6131954,1663433,27.1273,1920,1080,raygs,triangles,1,off,0.1,on,-4
1781756708009986782,11340.5,475.23,2.10424,2.01837,1.99706,0.134592,0.225088,0.058368,0.734208,0.8448,0.028678,6131954,6131954,1663433,27.1273,1920,1080,raygs,triangles,1,off,0.1,on,-4
1781756708012243423,11342.8,475.92,2.1012,2.00867,1.98867,0.126944,0.22368,0.060416,0.733152,0.84448,0.050319,6131954,6131954,1663433,27.1273,1920,1080,raygs,triangles,1,off,0.1,on,-4
1781756708014325256,11344.9,476.026,2.10073,2.02502,2.00208,0.139168,0.225536,0.058368,0.736256,0.842752,0.036218,6131954,6131954,1663433,27.1273,1920,1080,raygs,triangles,1,off,0.1,on,-4
1781756708016583238,11347.1,475.652,2.10238,2.35776,2.33664,0.306016,0.221216,0.057344,0.907264,0.8448,0.021738,6131954,6131954,1663433,27.1273,1920,1080,raygs,triangles,1,off,0.1,on,-4
1781756708018678238,11349.2,474.778,2.10625,2.00973,1.98813,0.135264,0.223712,0.058368,0.726016,0.844768,0.067982,6131954,6131954,1663433,27.1273,1920,1080,raygs,triangles,1,off,0.1,on,-4
1781756708020666774,11351.2,474.536,2.10732,2.01411,1.99299,0.135424,0.225312,0.058368,0.730112,0.843776,0.020238,6131954,6131954,1663433,27.1273,1920,1080,raygs,triangles,1,off,0.1,on,-4
1781756708022751712,11353.3,475.341,2.10375,2.0209,1.99859,0.135424,0.224704,0.058368,0.735584,0.844512,0.059642,6131954,6131954,1663433,27.1273,1920,1080,raygs,triangles,1,off,0.1,on,-4
1781756708024765214,11355.3,475.278,2.10403,2.02,1.99722,0.134144,0.225664,0.0584,0.734208,0.8448,0.032598,6131954,6131954,1663433,27.1273,1920,1080,raygs,triangles,1,off,0.1,on,-4
1781756708026938139,11357.5,475.755,2.10192,2.01974,1.99622,0.135328,0.226816,0.057344,0.733184,0.843552,0.028837,6131954,6131954,1663433,27.1273,1920,1080,raygs,triangles,1,off,0.1,on,-4
1781756708029093692,11359.6,476.152,2.10017,2.14173,2.12346,0.132,0.224928,0.058336,0.863584,0.844608,0.027766,6131954,6131954,1663433,27.1273,1920,1080,raygs,triangles,1,off,0.1,on,-4
1781756708031176565,11361.7,475.721,2.10207,2.0193,1.9969,0.135488,0.225056,0.057344,0.735232,0.843776,0.071763,6131954,6131954,1663433,27.1273,1920,1080,raygs,triangles,1,off,0.1,on,-4
1781756708033511919,11364,475.332,2.10379,2.36221,2.33907,0.290016,0.236384,0.057696,0.910336,0.84464,0.028179,6131954,6131954,1663433,27.1273,1920,1080,raygs,triangles,1,off,0.1,on,-4
1781756708035557048,11366.1,474.405,2.1079,2.01386,1.99168,0.136192,0.22528,0.058368,0.728064,0.843776,0.028641,6131954,6131954,1663433,27.1273,1920,1080,raygs,triangles,1,off,0.1,on,-4
1781756708037704631,11368.2,474.17,2.10895,2.04403,2.02272,0.134656,0.225088,0.058368,0.759808,0.8448,0.062389,6131954,6131954,1663433,27.1273,1920,1080,raygs,triangles,1,off,0.1,on,-4
1781756708039680919,11370.2,474.292,2.1084,2.02272,1.99862,0.134816,0.226656,0.057344,0.735232,0.844576,0.018798,6131954,6131954,1663433,27.1273,1920,1080,raygs,triangles,1,off,0.1,on,-4
1781756708041726584,11372.3,474.628,2.10691,2.02022,1.99862,0.134784,0.22576,0.058048,0.735232,0.8448,0.030659,6131954,6131954,1663433,27.1273,1920,1080,raygs,triangles,1,off,0.1,on,-4
1781756708043771233,11374.3,477.366,2.09483,2.02013,1.99885,0.134272,0.226176,0.058368,0.736256,0.843776,0.027762,6131954,6131954,1663433,27.1273,1920,1080,raygs,triangles,1,off,0.1,on,-4
1781756708045938845,11376.5,475.885,2.10135,2.12957,2.10922,0.127168,0.224864,0.178176,0.734208,0.8448,0.029582,6131954,6131954,1663433,27.1273,1920,1080,raygs,triangles,1,off,0.1,on,-4
1781756708048118231,11378.6,475.284,2.10401,2.02074,2.00035,0.13488,0.225376,0.058464,0.73728,0.844352,0.029605,6131954,6131954,1663433,27.1273,1920,1080,raygs,triangles,1,off,0.1,on,-4
1781756708050363438,11380.9,474.789,2.1062,2.22278,2.20003,0.151552,0.224128,0.057344,0.922624,0.844384,0.02814,6131954,6131954,1663433,27.1273,1920,1080,raygs,triangles,1,off,0.1,on,-4
1781756708052508669,11383,474.004,2.10969,2.01434,1.99194,0.136704,0.22656,0.05776,0.727136,0.843776,0.067685,6131954,6131954,1663433,27.1273,1920,1080,raygs,triangles,1,off,0.1,on,-4
1781756708054621998,11385.2,473.554,2.11169,2.04352,2.02128,0.135168,0.225184,0.057344,0.758784,0.8448,0.036181,6131954,6131954,1663433,27.1273,1920,1080,raygs,triangles,1,off,0.1,on,-4
1781756708056586423,11387.1,473.931,2.11001,2.02275,2.00118,0.135872,0.226144,0.058112,0.736256,0.8448,0.043093,6131954,6131954,1663433,27.1273,1920,1080,raygs,triangles,1,off,0.1,on,-4
1781756708058581549,11389.1,474.122,2.10916,2.02138,1.99776,0.13472,0.225856,0.05744,0.736256,0.843488,0.02455,6131954,6131954,1663433,27.1273,1920,1080,raygs,triangles,1,off,0.1,on,-4
1781756708060633262,11391.2,475.076,2.10492,2.02365,2.00067,0.134752,0.226624,0.05824,0.73728,0.843776,0.028764,6131954,6131954,1663433,27.1273,1920,1080,raygs,triangles,1,off,0.1,on,-4
1781756708062964950,11393.5,475.242,2.10419,2.12134,2.10198,0.126944,0.341696,0.058368,0.730304,0.844672,0.054652,6131954,6131954,1663433,27.1273,1920,1080,raygs,triangles,1,off,0.1,on,-4
1781756708065102933,11395.6,474.533,2.10733,2.01882,1.99578,0.134016,0.225408,0.057344,0.735232,0.843776,0.038138,6131954,6131954,1663433,27.1273,1920,1080,raygs,triangles,1,off,0.1,on,-4
1781756708067362493,11397.9,474.066,2.10941,2.2113,2.18691,0.139296,0.223776,0.057344,0.921824,0.844672,0.037206,6131954,6131954,1663433,27.1273,1920,1080,raygs,triangles,1,off,0.1,on,-4
1781756708069398837,11399.9,473.361,2.11255,2.01229,1.99059,0.134848,0.224928,0.058368,0.728064,0.844384,0.036104,6131954,6131954,1663433,27.1273,1920,1080,raygs,triangles,1,off,0.1,on,-4
1781756708071468347,11402,473.35,2.1126,2.04576,2.02253,0.134304,0.225344,0.058336,0.761856,0.842688,0.035572,6131954,6131954,1663433,27.1273,1920,1080,raygs,triangles,1,off,0.1,on,-4
1781756708073510492,11404,473.863,2.11031,2.01814,1.99661,0.134368,0.224832,0.058368,0.735264,0.843776,0.036023,6131954,6131954,1663433,27.1273,1920,1080,raygs,triangles,1,off,0.1,on,-4
1781756708075570273,11406.1,473.564,2.11165,2.01946,1.99536,0.134656,0.223328,0.058368,0.735232,0.843776,0.039937,6131954,6131954,1663433,27.1273,1920,1080,raygs,triangles,1,off,0.1,on,-4
1781756708077616615,11408.1,474.67,2.10673,2.01552,1.99414,0.13488,0.225984,0.058368,0.731136,0.843776,0.033006,6131954,6131954,1663433,27.1273,1920,1080,raygs,triangles,1,off,0.1,on,-4
1781756708079780825,11410.3,475.025,2.10515,2.12806,2.10515,0.126496,0.341248,0.059424,0.733184,0.8448,0.049903,6131954,6131954,1663433,27.1273,1920,1080,raygs,triangles,1,off,0.1,on,-4
1781756708081970497,11412.5,474.355,2.10813,2.02032,1.99808,0.135552,0.225984,0.058368,0.73456,0.843616,0.036785,6131954,6131954,1663433,27.1273,1920,1080,raygs,triangles,1,off,0.1,on,-4
1781756708084204770,11414.7,474.471,2.10761,2.19142,2.16832,0.138688,0.223968,0.057696,0.904192,0.843776,0.04215,6131954,6131954,1663433,27.1273,1920,1080,raygs,triangles,1,off,0.1,on,-4
1781756708086277543,11416.8,473.663,2.11121,2.01373,1.99222,0.13504,0.225216,0.058368,0.729088,0.844512,0.041186,6131954,6131954,1663433,27.1273,1920,1080,raygs,triangles,1,off,0.1,on,-4
1781756708088352037,11418.9,473.421,2.11228,2.04624,2.02346,0.134784,0.225984,0.05808,0.760832,0.843776,0.034671,6131954,6131954,1663433,27.1273,1920,1080,raygs,triangles,1,off,0.1,on,-4
1781756708090258419,11420.8,474.123,2.10916,2.02026,1.99814,0.135424,0.225344,0.057344,0.738304,0.841728,0.020528,6131954,6131954,1663433,27.1273,1920,1080,raygs,triangles,1,off,0.1,on,-4
1781756708092302074,11422.8,474.584,2.10711,2.02365,1.99987,0.134752,0.224672,0.058368,0.73728,0.8448,0.034447,6131954,6131954,1663433,27.1273,1920,1080,raygs,triangles,1,off,0.1,on,-4
1781756708094348437,11424.9,475.882,2.10136,2.02144,1.99994,0.135296,0.225216,0.058368,0.736256,0.8448,0.030708,6131954,6131954,1663433,27.1273,1920,1080,raygs,triangles,1,off,0.1,on,-4
1781756708096491906,11427,475.638,2.10244,2.12419,2.1055,0.127136,0.343168,0.058368,0.73216,0.844672,0.030192,6131954,6131954,1663433,27.1273,1920,1080,raygs,triangles,1,off,0.1,on,-4
1781756708098763321,11429.3,475.338,2.10377,2.01702,1.99453,0.135264,0.226112,0.058368,0.730112,0.844672,0.033295,6131954,6131954,1663433,27.1273,1920,1080,raygs,triangles,1,off,0.1,on,-4
1781756708100976004,11431.5,474.449,2.10771,2.23686,2.21571,0.147232,0.223232,0.058368,0.94208,0.8448,0.029001,6131954,6131954,1663433,27.1273,1920,1080,raygs,triangles,1,off,0.1,on,-4
1781756708103030522,11433.6,473.84,2.11042,2.016,1.9944,0.135296,0.229024,0.05808,0.728224,0.843776,0.029097,6131954,6131954,1663433,27.1273,1920,1080,raygs,triangles,1,off,0.1,on,-4
1781756708105074463,11435.6,473.717,2.11097,2.01514,1.99168,0.134432,0.226016,0.059392,0.728064,0.843776,0.02983,6131954,6131954,1663433,27.1273,1920,1080,raygs,triangles,1,off,0.1,on,-4
1781756708107104526,11437.6,474.432,2.10778,2.01779,1.99533,0.136032,0.224992,0.057344,0.73216,0.8448,0.028403,6131954,6131954,1663433,27.1273,1920,1080,raygs,triangles,1,off,0.1,on,-4
1781756708109144471,11439.7,474.691,2.10663,2.02058,1.99923,0.134752,0.226304,0.058144,0.736256,0.843776,0.030194,6131954,6131954,1663433,27.1273,1920,1080,raygs,triangles,1,off,0.1,on,-4
1781756708111204848,11441.7,475.585,2.10267,2.02077,1.99795,0.134944,0.226272,0.057728,0.735232,0.843776,0.032341,6131954,6131954,1663433,27.1273,1920,1080,raygs,triangles,1,off,0.1,on,-4
1781756708113353008,11443.9,475.554,2.10281,2.12669,2.1072,0.127168,0.342656,0.058368,0.734208,0.8448,0.028796,6131954,6131954,1663433,27.1273,1920,1080,raygs,triangles,1,off,0.1,on,-4
1781756708115744640,11446.3,475.218,2.1043,2.23622,2.21315,0.135168,0.445728,0.058368,0.730112,0.843776,0.02964,6131954,6131954,1663433,27.1273,1920,1080,raygs,triangles,1,off,0.1,on,-4
1781756708117784628,11448.3,473.755,2.1108,2.01898,1.99894,0.140288,0.22576,0.058368,0.729088,0.84544,0.028923,6131954,6131954,1663433,27.1273,1920,1080,raygs,triangles,1,off,0.1,on,-4
1781756708119841265,11450.4,473.774,2.11071,2.01635,1.99258,0.13488,0.22544,0.057344,0.731136,0.843776,0.029686,6131954,6131954,1663433,27.1273,1920,1080,raygs,triangles,1,off,0.1,on,-4
1781756708121862933,11452.4,473.569,2.11162,2.01162,1.99024,0.135008,0.224288,0.058368,0.728064,0.844512,0.027552,6131954,6131954,1663433,27.1273,1920,1080,raygs,triangles,1,off,0.1,on,-4
1781756708123918444,11454.4,474.523,2.10738,2.01997,1.99702,0.135168,0.226528,0.058368,0.733184,0.843776,0.028493,6131954,6131954,1663433,27.1273,1920,1080,raygs,triangles,1,off,0.1,on,-4
1781756708125969614,11456.5,474.569,2.10717,2.01923,1.99594,0.1344,0.225248,0.05824,0.734336,0.843712,0.030072,6131954,6131954,1663433,27.1273,1920,1080,raygs,triangles,1,off,0.1,on,-4
1781756708128125718,11458.7,475.325,2.10382,2.02163,2.00096,0.134752,0.227104,0.058368,0.735232,0.845504,0.027571,6131954,6131954,1663433,27.1273,1920,1080,raygs,triangles,1,off,0.1,on,-4
1781756708130153064,11460.7,474.997,2.10528,2.01114,1.99155,0.131424,0.224224,0.058368,0.733184,0.844352,0.027363,6131954,6131954,1663433,27.1273,1920,1080,raygs,triangles,1,off,0.1,on,-4
1781756708132448273,11463,475.108,2.10478,2.25427,2.23242,0.134976,0.224832,0.05808,0.96768,0.846848,0.029574,6131954,6131954,1663433,27.1273,1920,1080,raygs,triangles,1,off,0.1,on,-4
1781756708134604845,11465.1,474.168,2.10896,2.13264,2.11302,0.256032,0.224736,0.057344,0.730112,0.8448,0.027361,6131954,6131954,1663433,27.1273,1920,1080,raygs,triangles,1,off,0.1,on,-4
1781756708136643846,11467.2,473.704,2.11102,2.01613,1.99526,0.135424,0.227392,0.05856,0.729088,0.8448,0.027646,6131954,6131954,1663433,27.1273,1920,1080,raygs,triangles,1,off,0.1,on,-4
1781756708138703432,11469.2,473.735,2.11088,2.01821,1.99472,0.140576,0.225792,0.057536,0.726016,0.8448,0.029469,6131954,6131954,1663433,27.1273,1920,1080,raygs,triangles,1,off,0.1,on,-4
1781756708140773611,11471.3,474.401,2.10792,2.01811,1.99718,0.135328,0.225504,0.058368,0.73216,0.845824,0.029453,6131954,6131954,1663433,27.1273,1920,1080,raygs,triangles,1,off,0.1,on,-4
1781756708142821192,11473.4,474.463,2.10765,2.02221,2.00013,0.134304,0.226688,0.05808,0.736256,0.8448,0.034151,6131954,6131954,1663433,27.1273,1920,1080,raygs,triangles,1,off,0.1,on,-4
1781756708144984710,11475.5,475.28,2.10402,2.01709,1.99494,0.135168,0.224576,0.05824,0.73216,0.8448,0.031821,6131954,6131954,1663433,27.1273,1920,1080,raygs,triangles,1,off,0.1,on,-4
1781756708147046472,11477.6,475.047,2.10505,2.01462,1.99325,0.131872,0.223488,0.058208,0.735232,0.844448,0.038896,6131954,6131954,1663433,27.1273,1920,1080,raygs,triangles,1,off,0.1,on,-4
1781756708149293562,11479.8,474.803,2.10614,2.23184,2.21018,0.135072,0.224864,0.058368,0.946176,0.845696,0.031014,6131954,6131954,1663433,27.1273,1920,1080,raygs,triangles,1,off,0.1,on,-4
1781756708151492322,11482,474.186,2.10888,2.12838,2.10794,0.254848,0.223968,0.058272,0.727168,0.84368,0.037429,6131954,6131954,1663433,27.1273,1920,1080,raygs,triangles,1,off,0.1,on,-4
1781756708153475988,11484,473.523,2.11183,2.01744,1.99594,0.13568,0.227808,0.058368,0.729408,0.844672,0.019176,6131954,6131954,1663433,27.1273,1920,1080,raygs,triangles,1,off,0.1,on,-4
1781756708155512692,11486,474.078,2.10936,2.0169,1.99325,0.135552,0.225664,0.058144,0.730112,0.843776,0.028542,6131954,6131954,1663433,27.1273,1920,1080,raygs,triangles,1,off,0.1,on,-4
1781756708157548520,11488.1,474.554,2.10724,2.01843,1.99494,0.13536,0.225472,0.057344,0.733184,0.843584,0.028738,6131954,6131954,1663433,27.1273,1920,1080,raygs,triangles,1,off,0.1,on,-4
1781756708159591173,11490.1,474.8,2.10615,2.01792,1.99565,0.135136,0.22544,0.058144,0.73216,0.844768,0.031359,6131954,6131954,1663433,27.1273,1920,1080,raygs,triangles,1,off,0.1,on,-4
1781756708161800003,11492.3,475.949,2.10106,2.02035,1.99664,0.13552,0.22512,0.058016,0.734208,0.843776,0.031351,6131954,6131954,1663433,27.1273,1920,1080,raygs,triangles,1,off,0.1,on,-4
1781756708163812648,11494.3,475.292,2.10397,2.01222,1.99238,0.131488,0.224768,0.058144,0.734208,0.843776,0.038579,6131954,6131954,1663433,27.1273,1920,1080,raygs,triangles,1,off,0.1,on,-4
1781756708166151774,11496.7,475.729,2.10204,2.33139,2.31168,0.318432,0.223776,0.058368,0.867328,0.843776,0.02051,6131954,6131954,1663433,27.1273,1920,1080,raygs,triangles,1,off,0.1,on,-4
1781756708168224361,11498.8,474.48,2.10757,2.01386,1.99248,0.134208,0.224992,0.058368,0.730112,0.8448,0.032575,6131954,6131954,1663433,27.1273,1920,1080,raygs,triangles,1,off,0.1,on,-4
1781756708170251397,11500.8,474.268,2.10851,2.01536,1.99309,0.134912,0.226944,0.058368,0.729088,0.843776,0.028218,6131954,6131954,1663433,27.1273,1920,1080,raygs,triangles,1,off,0.1,on,-4
1781756708172291851,11502.8,474.285,2.10844,2.01603,1.99395,0.135328,0.226016,0.057696,0.731136,0.843776,0.028439,6131954,6131954,1663433,27.1273,1920,1080,raygs,triangles,1,off,0.1,on,-4
1781756708174339790,11504.9,474.849,2.10593,2.02125,1.99744,0.134368,0.226592,0.0584,0.734304,0.843776,0.027543,6131954,6131954,1663433,27.1273,1920,1080,raygs,triangles,1,off,0.1,on,-4
1781756708176388332,11506.9,475.263,2.1041,2.01782,1.99651,0.134528,0.226656,0.058368,0.73216,0.8448,0.033232,6131954,6131954,1663433,27.1273,1920,1080,raygs,triangles,1,off,0.1,on,-4
1781756708178579949,11509.1,476.028,2.10072,2.01523,1.99392,0.135424,0.225696,0.05792,0.730112,0.844768,0.032671,6131954,6131954,1663433,27.1273,1920,1080,raygs,triangles,1,off,0.1,on,-4
1781756708180589365,11511.1,475.954,2.10104,2.01507,1.9977,0.132352,0.224736,0.058368,0.737696,0.844544,0.02906,6131954,6131954,1663433,27.1273,1920,1080,raygs,triangles,1,off,0.1,on,-4
1781756708182972931,11513.5,476.255,2.09972,2.33789,2.31779,0.292288,0.224288,0.058368,0.899072,0.843776,0.034295,6131954,6131954,1663433,27.1273,1920,1080,raygs,triangles,1,off,0.1,on,-4
1781756708185028573,11515.6,474.651,2.10681,2.01562,1.99341,0.135264,0.226464,0.057792,0.730112,0.843776,0.027826,6131954,6131954,1663433,27.1273,1920,1080,raygs,triangles,1,off,0.1,on,-4
1781756708187048349,11517.6,474.497,2.10749,2.01309,1.99088,0.135456,0.225056,0.057344,0.728224,0.8448,0.026828,6131954,6131954,1663433,27.1273,1920,1080,raygs,triangles,1,off,0.1,on,-4
1781756708189084155,11519.6,474.979,2.10536,2.0153,1.99392,0.1352,0.227488,0.058368,0.729088,0.843776,0.026042,6131954,6131954,1663433,27.1273,1920,1080,raygs,triangles,1,off,0.1,on,-4
1781756708191142680,11521.7,475.879,2.10137,2.0208,1.99795,0.135168,0.226592,0.058368,0.734208,0.843616,0.028789,6131954,6131954,1663433,27.1273,1920,1080,raygs,triangles,1,off,0.1,on,-4
1781756708193192898,11523.7,476.058,2.10058,2.02125,1.99779,0.134368,0.226048,0.057344,0.736256,0.843776,0.030006,6131954,6131954,1663433,27.1273,1920,1080,raygs,triangles,1,off,0.1,on,-4
1781756708195346521,11525.9,476.813,2.09726,2.01882,1.99766,0.135008,0.227424,0.058368,0.73216,0.844704,0.027032,6131954,6131954,1663433,27.1273,1920,1080,raygs,triangles,1,off,0.1,on,-4
1781756708197377919,11527.9,476.491,2.09867,2.01581,1.99651,0.132288,0.22448,0.057664,0.738304,0.843776,0.028151,6131954,6131954,1663433,27.1273,1920,1080,raygs,triangles,1,off,0.1,on,-4
1781756708199832875,11530.4,476.62,2.09811,2.37254,2.35373,0.36176,0.224736,0.058368,0.863232,0.845632,0.033016,6131954,6131954,1663433,27.1273,1920,1080,raygs,triangles,1,off,0.1,on,-4
1781756708201852849,11532.4,475.031,2.10513,2.01251,1.99002,0.13504,0.225664,0.057504,0.72704,0.844768,0.029453,6131954,6131954,1663433,27.1273,1920,1080,raygs,triangles,1,off,0.1,on,-4
1781756708203906500,11534.4,475.133,2.10468,2.01312,1.99238,0.135072,0.226464,0.058368,0.728064,0.844416,0.031168,6131954,6131954,1663433,27.1273,1920,1080,raygs,triangles,1,off,0.1,on,-4
1781756708205936876,11536.5,475.146,2.10461,2.01597,1.99472,0.134848,0.225568,0.058368,0.731136,0.8448,0.029361,6131954,6131954,1663433,27.1273,1920,1080,raygs,triangles,1,off,0.1,on,-4
1781756708207981339,11538.5,475.604,2.10259,2.02192,1.99962,0.134784,0.226432,0.057344,0.736256,0.8448,0.032809,6131954,6131954,1663433,27.1273,1920,1080,raygs,triangles,1,off,0.1,on,-4
1781756708210044409,11540.6,476.184,2.10003,2.01789,1.99584,0.135104,0.2264,0.058368,0.733216,0.842752,0.035903,6131954,6131954,1663433,27.1273,1920,1080,raygs,triangles,1,off,0.1,on,-4
1781756708212254340,11542.8,476.824,2.09721,2.01722,1.9928,0.134976,0.224544,0.057344,0.73216,0.843776,0.033256,6131954,6131954,1663433,27.1273,1920,1080,raygs,triangles,1,off,0.1,on,-4
1781756708214248262,11544.8,476.377,2.09918,2.01459,1.9951,0.132256,0.224352,0.058368,0.735616,0.844512,0.042266,6131954,6131954,1663433,27.1273,1920,1080,raygs,triangles,1,off,0.1,on,-4
1781756708216814809,11547.3,476.642,2.09801,2.36339,2.34234,0.349536,0.224352,0.057344,0.867328,0.843776,0.04419,6131954,6131954,1663433,27.1273,1920,1080,raygs,triangles,1,off,0.1,on,-4
1781756708218802904,11549.3,473.972,2.10983,2.01142,1.98963,0.134848,0.2256,0.058368,0.726016,0.8448,0.038358,6131954,6131954,1663433,27.1273,1920,1080,raygs,triangles,1,off,0.1,on,-4
1781756708220843873,11551.4,474.209,2.10878,2.01475,1.99283,0.136064,0.224512,0.058368,0.730112,0.843776,0.038268,6131954,6131954,1663433,27.1273,1920,1080,raygs,triangles,1,off,0.1,on,-4
1781756708222875419,11553.4,474.244,2.10862,2.01469,1.99238,0.135008,0.224096,0.058368,0.73216,0.842752,0.036812,6131954,6131954,1663433,27.1273,1920,1080,raygs,triangles,1,off,0.1,on,-4
1781756708224907148,11555.4,474.652,2.10681,2.01622,1.99491,0.134464,0.223168,0.058272,0.734208,0.8448,0.036883,6131954,6131954,1663433,27.1273,1920,1080,raygs,triangles,1,off,0.1,on,-4
1781756708226958718,11557.5,475.574,2.10272,2.01741,1.99478,0.134272,0.224768,0.05776,0.734208,0.843776,0.04206,6131954,6131954,1663433,27.1273,1920,1080,raygs,triangles,1,off,0.1,on,-4
1781756708229125979,11559.7,476.163,2.10012,2.01898,1.9983,0.134816,0.226464,0.058464,0.734208,0.844352,0.029062,6131954,6131954,1663433,27.1273,1920,1080,raygs,triangles,1,off,0.1,on,-4
1781756708231178838,11561.7,475.722,2.10207,2.01654,1.99619,0.130688,0.224032,0.060416,0.73728,0.843776,0.051206,6131954,6131954,1663433,27.1273,1920,1080,raygs,triangles,1,off,0.1,on,-4
1781756708233532337,11564.1,475.679,2.10226,2.3448,2.32544,0.330976,0.224992,0.058368,0.867328,0.843776,0.036698,6131954,6131954,1663433,27.1273,1920,1080,raygs,triangles,1,off,0.1,on,-4
1781756708235569604,11566.1,474.482,2.10756,2.01072,1.98851,0.135104,0.22432,0.058368,0.728064,0.842656,0.03695,6131954,6131954,1663433,27.1273,1920,1080,raygs,triangles,1,off,0.1,on,-4
1781756708237613831,11568.1,474.472,2.1076,2.01126,1.99082,0.134656,0.225952,0.058368,0.728064,0.843776,0.038216,6131954,6131954,1663433,27.1273,1920,1080,raygs,triangles,1,off,0.1,on,-4
1781756708239654690,11570.2,474.558,2.10723,2.01949,1.99792,0.134656,0.226208,0.058368,0.735232,0.843456,0.036429,6131954,6131954,1663433,27.1273,1920,1080,raygs,triangles,1,off,0.1,on,-4
1781756708241703045,11572.2,474.966,2.10541,2.01997,1.99622,0.135104,0.225056,0.057344,0.734208,0.844512,0.036366,6131954,6131954,1663433,27.1273,1920,1080,raygs,triangles,1,off,0.1,on,-4
1781756708243770750,11574.3,476.258,2.0997,2.01891,1.99635,0.135488,0.225664,0.057344,0.733184,0.844672,0.041482,6131954,6131954,1663433,27.1273,1920,1080,raygs,triangles,1,off,0.1,on,-4
1781756708245915071,11576.4,476.162,2.10012,2.01907,1.99584,0.134848,0.225504,0.057344,0.733472,0.844672,0.026818,6131954,6131954,1663433,27.1273,1920,1080,raygs,triangles,1,off,0.1,on,-4
1781756708247972018,11578.5,475.925,2.10117,2.01619,1.99264,0.130336,0.22288,0.060416,0.735232,0.843776,0.050157,6131954,6131954,1663433,27.1273,1920,1080,raygs,triangles,1,off,0.1,on,-4
1781756708250316720,11580.8,475.677,2.10227,2.32778,2.30906,0.315968,0.224608,0.058368,0.865312,0.8448,0.036527,6131954,6131954,1663433,27.1273,1920,1080,raygs,triangles,1,off,0.1,on,-4
1781756708252371751,11582.9,474.677,2.10669,2.01395,1.99238,0.135264,0.224864,0.058368,0.729088,0.8448,0.038892,6131954,6131954,1663433,27.1273,1920,1080,raygs,triangles,1,off,0.1,on,-4
1781756708254453187,11585,474.698,2.1066,2.01696,1.99504,0.135072,0.22832,0.057568,0.730336,0.843744,0.039837,6131954,6131954,1663433,27.1273,1920,1080,raygs,triangles,1,off,0.1,on,-4
1781756708256471305,11587,474.847,2.10594,2.02032,1.996,0.134368,0.226592,0.057344,0.734208,0.843488,0.040072,6131954,6131954,1663433,27.1273,1920,1080,raygs,triangles,1,off,0.1,on,-4
1781756708258519357,11589,474.845,2.10595,2.01974,1.99757,0.134848,0.22464,0.057344,0.736256,0.84448,0.037037,6131954,6131954,1663433,27.1273,1920,1080,raygs,triangles,1,off,0.1,on,-4
1781756708260671760,11591.2,475.909,2.10124,2.14659,2.12406,0.135392,0.354592,0.057344,0.73216,0.844576,0.041033,6131954,6131954,1663433,27.1273,1920,1080,raygs,triangles,1,off,0.1,on,-4
1781756708262836738,11593.4,475.936,2.10112,2.13254,1.99274,0.134048,0.224704,0.057952,0.731488,0.844544,0.02628,6131954,6131954,1663433,27.1273,1920,1080,raygs,triangles,1,off,0.1,on,-4
1781756708265032203,11595.6,475.356,2.10369,2.01562,1.99494,0.127712,0.224736,0.059392,0.739328,0.843776,0.045537,6131954,6131954,1663433,27.1273,1920,1080,raygs,triangles,1,off,0.1,on,-4
1781756708267216740,11597.7,474.994,2.10529,2.21382,2.19027,0.139552,0.223904,0.057344,0.925696,0.843776,0.041921,6131954,6131954,1663433,27.1273,1920,1080,raygs,triangles,1,off,0.1,on,-4
1781756708269225928,11599.8,474.606,2.10701,2.01181,1.98886,0.13456,0.223648,0.057696,0.729216,0.843744,0.032575,6131954,6131954,1663433,27.1273,1920,1080,raygs,triangles,1,off,0.1,on,-4
1781756708271280379,11601.8,474.677,2.1067,2.04339,2.01914,0.13504,0.224352,0.057344,0.758784,0.843616,0.029544,6131954,6131954,1663433,27.1273,1920,1080,raygs,triangles,1,off,0.1,on,-4
1781756708273341111,11603.9,475.043,2.10507,2.01971,1.99728,0.13488,0.225024,0.058368,0.736256,0.842752,0.033568,6131954,6131954,1663433,27.1273,1920,1080,raygs,triangles,1,off,0.1,on,-4
1781756708275384920,11605.9,475.015,2.10519,2.02224,1.99885,0.134336,0.225152,0.058304,0.73728,0.843776,0.029618,6131954,6131954,1663433,27.1273,1920,1080,raygs,triangles,1,off,0.1,on,-4
1781756708277627479,11608.2,475.806,2.1017,2.01856,1.99619,0.134752,0.22624,0.057344,0.733184,0.844672,0.061429,6131954,6131954,1663433,27.1273,1920,1080,raygs,triangles,1,off,0.1,on,-4
1781756708279711416,11610.2,475.192,2.10441,2.1399,2.11674,0.135264,0.35024,0.058368,0.730112,0.842752,0.026457,6131954,6131954,1663433,27.1273,1920,1080,raygs,triangles,1,off,0.1,on,-4
1781756708281953445,11612.5,475.287,2.10399,2.02154,2.00202,0.12752,0.223808,0.06144,0.745472,0.843776,0.049365,6131954,6131954,1663433,27.1273,1920,1080,raygs,triangles,1,off,0.1,on,-4
1781756708284129803,11614.7,474.522,2.10738,2.16195,2.1399,0.150144,0.222272,0.058368,0.865408,0.843712,0.036055,6131954,6131954,1663433,27.1273,1920,1080,raygs,triangles,1,off,0.1,on,-4
1781756708286102813,11616.6,473.909,2.11011,2.01264,1.98957,0.133952,0.225408,0.057344,0.729088,0.843776,0.032877,6131954,6131954,1663433,27.1273,1920,1080,raygs,triangles,1,off,0.1,on,-4
1781756708288116769,11618.6,474.202,2.1088,2.04038,2.01978,0.134464,0.225408,0.058368,0.756736,0.8448,0.020712,6131954,6131954,1663433,27.1273,1920,1080,raygs,triangles,1,off,0.1,on,-4
1781756708290167572,11620.7,475.023,2.10516,2.01536,1.99264,0.134624,0.223712,0.058368,0.73216,0.843776,0.03037,6131954,6131954,1663433,27.1273,1920,1080,raygs,triangles,1,off,0.1,on,-4
1781756708292210036,11622.7,474.908,2.10567,2.01789,1.99446,0.135168,0.226016,0.057344,0.73216,0.843776,0.03245,6131954,6131954,1663433,27.1273,1920,1080,raygs,triangles,1,off,0.1,on,-4
1781756708294251720,11624.8,475.951,2.10106,2.02045,1.99917,0.134816,0.226048,0.058368,0.735232,0.844704,0.02836,6131954,6131954,1663433,27.1273,1920,1080,raygs,triangles,1,off,0.1,on,-4
1781756708296423486,11627,476.191,2.1,2.13562,2.11334,0.1352,0.344864,0.057344,0.73216,0.843776,0.034489,6131954,6131954,1663433,27.1273,1920,1080,raygs,triangles,1,off,0.1,on,-4
1781756708298646966,11629.2,475.639,2.10243,2.02054,1.99715,0.13472,0.227104,0.057344,0.734208,0.843776,0.028157,6131954,6131954,1663433,27.1273,1920,1080,raygs,triangles,1,off,0.1,on,-4
1781756708300863288,11631.4,474.94,2.10553,2.16371,2.14218,0.147232,0.223424,0.058368,0.868352,0.8448,0.031017,6131954,6131954,1663433,27.1273,1920,1080,raygs,triangles,1,off,0.1,on,-4
1781756708302896131,11633.4,474.297,2.10839,2.01363,1.99123,0.134944,0.225056,0.058368,0.729088,0.843776,0.031275,6131954,6131954,1663433,27.1273,1920,1080,raygs,triangles,1,off,0.1,on,-4
1781756708304958281,11635.5,474.364,2.10809,2.04586,2.02416,0.134752,0.226528,0.0576,0.761856,0.843424,0.028581,6131954,6131954,1663433,27.1273,1920,1080,raygs,triangles,1,off,0.1,on,-4
1781756708306995735,11637.5,474.789,2.1062,2.01907,1.9967,0.135456,0.22592,0.058368,0.734208,0.842752,0.026677,6131954,6131954,1663433,27.1273,1920,1080,raygs,triangles,1,off,0.1,on,-4
1781756708309040070,11639.6,474.771,2.10628,2.01821,1.99616,0.13648,0.225344,0.058336,0.732224,0.843776,0.026742,6131954,6131954,1663433,27.1273,1920,1080,raygs,triangles,1,off,0.1,on,-4
1781756708311088079,11641.6,476.042,2.10066,2.01843,1.99584,0.13568,0.22672,0.057504,0.73216,0.843776,0.026833,6131954,6131954,1663433,27.1273,1920,1080,raygs,triangles,1,off,0.1,on,-4
1781756708313253548,11643.8,476.036,2.10068,2.136,2.11254,0.135456,0.344544,0.057632,0.73216,0.842752,0.028781,6131954,6131954,1663433,27.1273,1920,1080,raygs,triangles,1,off,0.1,on,-4
1781756708315439814,11646,475.417,2.10342,2.01782,1.99523,0.13504,0.225792,0.057344,0.732352,0.844704,0.027068,6131954,6131954,1663433,27.1273,1920,1080,raygs,triangles,1,off,0.1,on,-4
1781756708317718615,11648.2,474.842,2.10596,2.19018,2.16803,0.13424,0.225344,0.058432,0.90624,0.843776,0.030068,6131954,6131954,1663433,27.1273,1920,1080,raygs,triangles,1,off,0.1,on,-4
1781756708319760744,11650.3,474.103,2.10925,2.01376,1.99194,0.135104,0.224992,0.058368,0.729088,0.844384,0.029046,6131954,6131954,1663433,27.1273,1920,1080,raygs,triangles,1,off,0.1,on,-4
1781756708321797396,11652.3,474.176,2.10892,2.03616,2.01344,0.135264,0.224416,0.059392,0.749568,0.8448,0.03143,6131954,6131954,1663433,27.1273,1920,1080,raygs,triangles,1,off,0.1,on,-4
1781756708323838638,11654.4,474.496,2.1075,2.01606,1.99456,0.136384,0.225184,0.05808,0.733184,0.841728,0.027578,6131954,6131954,1663433,27.1273,1920,1080,raygs,triangles,1,off,0.1,on,-4
1781756708325886605,11656.4,474.492,2.10752,2.02118,1.99882,0.136352,0.226112,0.0576,0.733184,0.845568,0.028329,6131954,6131954,1663433,27.1273,1920,1080,raygs,triangles,1,off,0.1,on,-4
1781756708327931869,11658.5,476.018,2.10076,2.02048,1.99702,0.13568,0.225824,0.057536,0.734208,0.843776,0.027257,6131954,6131954,1663433,27.1273,1920,1080,raygs,triangles,1,off,0.1,on,-4
1781756708330229607,11660.8,475.987,2.1009,2.13808,2.11574,0.135488,0.343488,0.05776,0.734208,0.8448,0.064334,6131954,6131954,1663433,27.1273,1920,1080,raygs,triangles,1,off,0.1,on,-4
1781756708332331473,11662.9,475.01,2.10522,2.01277,1.98973,0.135104,0.22528,0.057344,0.728256,0.843744,0.021085,6131954,6131954,1663433,27.1273,1920,1080,raygs,triangles,1,off,0.1,on,-4
1781756708334556832,11665.1,474.772,2.10627,2.21469,2.1945,0.160896,0.223328,0.058208,0.908288,0.843776,0.030852,6131954,6131954,1663433,27.1273,1920,1080,raygs,triangles,1,off,0.1,on,-4
1781756708336597619,11667.1,474.073,2.10938,2.01338,1.99114,0.13552,0.225408,0.058368,0.728064,0.843776,0.032379,6131954,6131954,1663433,27.1273,1920,1080,raygs,triangles,1,off,0.1,on,-4
1781756708338663267,11669.2,474.176,2.10892,2.01504,1.99136,0.134304,0.225856,0.058368,0.729088,0.843744,0.038608,6131954,6131954,1663433,27.1273,1920,1080,raygs,triangles,1,off,0.1,on,-4
1781756708340672368,11671.2,474.676,2.1067,2.02064,1.99926,0.134784,0.225056,0.058368,0.735232,0.845824,0.020996,6131954,6131954,1663433,27.1273,1920,1080,raygs,triangles,1,off,0.1,on,-4
1781756708342751128,11673.3,474.582,2.10712,2.02003,1.99773,0.134528,0.225728,0.05856,0.734208,0.844704,0.035446,6131954,6131954,1663433,27.1273,1920,1080,raygs,triangles,1,off,0.1,on,-4
1781756708344817316,11675.3,476.545,2.09844,2.02192,2.00032,0.134016,0.22576,0.058368,0.736672,0.845504,0.039565,6131954,6131954,1663433,27.1273,1920,1080,raygs,triangles,1,off,0.1,on,-4
1781756708347158943,11677.7,476.105,2.10038,2.13891,2.11597,0.134304,0.344288,0.058368,0.735232,0.843776,0.050113,6131954,6131954,1663433,27.1273,1920,1080,raygs,triangles,1,off,0.1,on,-4
1781756708349469969,11680,474.97,2.10539,2.19981,2.14051,0.13472,0.37184,0.05904,0.730112,0.8448,0.041917,6131954,6131954,1663433,27.1273,1920,1080,raygs,triangles,1,off,0.1,on,-4
1781756708351506540,11682,473.904,2.11013,2.0209,1.9983,0.142208,0.224864,0.057344,0.729088,0.8448,0.043809,6131954,6131954,1663433,27.1273,1920,1080,raygs,triangles,1,off,0.1,on,-4
1781756708353679164,11684.2,473.791,2.11064,2.1521,2.12976,0.13616,0.225696,0.05824,0.864256,0.845408,0.038538,6131954,6131954,1663433,27.1273,1920,1080,raygs,triangles,1,off,0.1,on,-4
1781756708355711275,11686.2,473.478,2.11203,2.0175,1.99395,0.13776,0.225984,0.057344,0.729088,0.843776,0.037712,6131954,6131954,1663433,27.1273,1920,1080,raygs,triangles,1,off,0.1,on,-4
1781756708357758972,11688.3,473.98,2.1098,2.02128,2,0.13504,0.225504,0.058368,0.737312,0.843776,0.039247,6131954,6131954,1663433,27.1273,1920,1080,raygs,triangles,1,off,0.1,on,-4
1781756708359802115,11690.3,474.039,2.10953,2.01933,1.99658,0.134496,0.225728,0.058368,0.733184,0.8448,0.037277,6131954,6131954,1663433,27.1273,1920,1080,raygs,triangles,1,off,0.1,on,-4
1781756708361980091,11692.5,475.171,2.1045,2.01811,1.99645,0.134336,0.22576,0.058368,0.734208,0.843776,0.038644,6131954,6131954,1663433,27.1273,1920,1080,raygs,triangles,1,off,0.1,on,-4
1781756708364034115,11694.6,474.655,2.1068,2.02598,2.00362,0.138304,0.224864,0.057344,0.738304,0.8448,0.041807,6131954,6131954,1663433,27.1273,1920,1080,raygs,triangles,1,off,0.1,on,-4
1781756708366306108,11696.8,474.607,2.10701,2.35133,2.33155,0.33952,0.221824,0.058048,0.866336,0.845824,0.021118,6131954,6131954,1663433,27.1273,1920,1080,raygs,triangles,1,off,0.1,on,-4
1781756708368317014,11698.8,473.802,2.11059,2.01469,1.992,0.135296,0.225472,0.058368,0.729088,0.843776,0.029712,6131954,6131954,1663433,27.1273,1920,1080,raygs,triangles,1,off,0.1,on,-4
1781756708370363241,11700.9,473.968,2.10985,2.01462,1.99328,0.1344,0.224896,0.058368,0.731136,0.84448,0.03011,6131954,6131954,1663433,27.1273,1920,1080,raygs,triangles,1,off,0.1,on,-4
1781756708372395958,11702.9,474.054,2.10946,2.01699,1.99488,0.135232,0.225344,0.058368,0.731136,0.8448,0.028607,6131954,6131954,1663433,27.1273,1920,1080,raygs,triangles,1,off,0.1,on,-4
1781756708374458176,11705,474.483,2.10756,2.02019,1.99734,0.134656,0.225472,0.058208,0.735232,0.843776,0.028787,6131954,6131954,1663433,27.1273,1920,1080,raygs,triangles,1,off,0.1,on,-4
1781756708376484711,11707,474.452,2.1077,2.01846,1.99578,0.134816,0.226048,0.057344,0.733184,0.844384,0.028854,6131954,6131954,1663433,27.1273,1920,1080,raygs,triangles,1,off,0.1,on,-4
1781756708378643399,11709.2,475.655,2.10237,2.01757,1.99469,0.134784,0.2256,0.058368,0.73216,0.843776,0.02745,6131954,6131954,1663433,27.1273,1920,1080,raygs,triangles,1,off,0.1,on,-4
1781756708380698153,11711.2,475.267,2.10408,2.02538,2.00237,0.138496,0.224448,0.058368,0.73728,0.843776,0.030421,6131954,6131954,1663433,27.1273,1920,1080,raygs,triangles,1,off,0.1,on,-4
1781756708383077263,11713.6,475.355,2.10369,2.34301,2.3231,0.33328,0.222272,0.058368,0.864512,0.844672,0.029235,6131954,6131954,1663433,27.1273,1920,1080,raygs,triangles,1,off,0.1,on,-4
1781756708385119535,11715.7,474.046,2.1095,2.02726,2.00883,0.128096,0.22288,0.058368,0.754688,0.8448,0.028445,6131954,6131954,1663433,27.1273,1920,1080,raygs,triangles,1,off,0.1,on,-4
1781756708387166528,11717.7,474.051,2.10948,2.01763,1.99466,0.13792,0.225504,0.057344,0.730112,0.843776,0.029347,6131954,6131954,1663433,27.1273,1920,1080,raygs,triangles,1,off,0.1,on,-4
1781756708389206272,11719.7,474.416,2.10786,2.01475,1.99174,0.134976,0.22656,0.058368,0.729088,0.842752,0.032073,6131954,6131954,1663433,27.1273,1920,1080,raygs,triangles,1,off,0.1,on,-4
1781756708391304926,11721.8,474.912,2.10565,2.0183,1.99581,0.134912,0.224544,0.058368,0.734208,0.843776,0.039356,6131954,6131954,1663433,27.1273,1920,1080,raygs,triangles,1,off,0.1,on,-4
1781756708393306547,11723.8,475.194,2.1044,2.02125,1.99869,0.134368,0.22592,0.058368,0.735232,0.8448,0.021376,6131954,6131954,1663433,27.1273,1920,1080,raygs,triangles,1,off,0.1,on,-4
1781756708395465208,11726,475.834,2.10157,2.01578,1.99459,0.135072,0.224192,0.058368,0.73216,0.8448,0.028694,6131954,6131954,1663433,27.1273,1920,1080,raygs,triangles,1,off,0.1,on,-4
1781756708397522817,11728.1,475.353,2.1037,2.02358,2.0008,0.138784,0.223616,0.057344,0.73728,0.843776,0.03447,6131954,6131954,1663433,27.1273,1920,1080,raygs,triangles,1,off,0.1,on,-4
1781756708399906373,11730.4,475.303,2.10392,2.35325,2.33354,0.34352,0.222592,0.057344,0.86528,0.8448,0.028767,6131954,6131954,1663433,27.1273,1920,1080,raygs,triangles,1,off,0.1,on,-4
1781756708401954268,11732.5,474.153,2.10902,2.02666,2.00621,0.127488,0.222112,0.058144,0.753664,0.8448,0.028705,6131954,6131954,1663433,27.1273,1920,1080,raygs,triangles,1,off,0.1,on,-4
1781756708404027125,11734.6,474.094,2.10928,2.01466,1.99123,0.134976,0.22496,0.058432,0.729088,0.843776,0.03077,6131954,6131954,1663433,27.1273,1920,1080,raygs,triangles,1,off,0.1,on,-4
1781756708406045225,11736.6,475.199,2.10438,2.01456,1.99325,0.134848,0.22512,0.058368,0.731136,0.843776,0.027681,6131954,6131954,1663433,27.1273,1920,1080,raygs,triangles,1,off,0.1,on,-4
1781756708408108727,11738.6,475.041,2.10508,2.01904,1.99606,0.134208,0.225504,0.057344,0.734208,0.8448,0.030066,6131954,6131954,1663433,27.1273,1920,1080,raygs,triangles,1,off,0.1,on,-4
1781756708410198897,11740.7,475.681,2.10225,2.02064,1.99933,0.134816,0.226112,0.058368,0.735232,0.8448,0.044674,6131954,6131954,1663433,27.1273,1920,1080,raygs,triangles,1,off,0.1,on,-4
1781756708412306398,11742.8,475.986,2.1009,2.01722,1.99494,0.134944,0.224672,0.057344,0.735232,0.842752,0.018861,6131954,6131954,1663433,27.1273,1920,1080,raygs,triangles,1,off,0.1,on,-4
1781756708414379142,11744.9,475.473,2.10317,2.02288,1.99955,0.138048,0.225152,0.058368,0.734208,0.843776,0.043304,6131954,6131954,1663433,27.1273,1920,1080,raygs,triangles,1,off,0.1,on,-4
1781756708416773544,11747.3,475.193,2.10441,2.332,2.31312,0.320192,0.221472,0.058304,0.868352,0.8448,0.02342,6131954,6131954,1663433,27.1273,1920,1080,raygs,triangles,1,off,0.1,on,-4
1781756708418818016,11749.3,473.902,2.11014,2.0257,2.00646,0.12848,0.222816,0.057728,0.75264,0.8448,0.045143,6131954,6131954,1663433,27.1273,1920,1080,raygs,triangles,1,off,0.1,on,-4
1781756708420806225,11751.3,473.899,2.11015,2.01366,1.99194,0.133952,0.227936,0.058208,0.728064,0.843776,0.017737,6131954,6131954,1663433,27.1273,1920,1080,raygs,triangles,1,off,0.1,on,-4
1781756708422875628,11753.4,474.103,2.10925,2.02016,1.99654,0.135328,0.225888,0.057344,0.734208,0.843776,0.029069,6131954,6131954,1663433,27.1273,1920,1080,raygs,triangles,1,off,0.1,on,-4
1781756708425028507,11755.6,474.448,2.10771,2.15072,2.1255,0.134816,0.352544,0.057344,0.73728,0.84352,0.027651,6131954,6131954,1663433,27.1273,1920,1080,raygs,triangles,1,off,0.1,on,-4
1781756708427067106,11757.6,474.757,2.10634,2.01952,1.99747,0.13472,0.226176,0.058592,0.734208,0.843776,0.027228,6131954,6131954,1663433,27.1273,1920,1080,raygs,triangles,1,off,0.1,on,-4
1781756708429240945,11759.8,475.444,2.1033,2.13571,2.11213,0.135168,0.341792,0.058304,0.733184,0.84368,0.027666,6131954,6131954,1663433,27.1273,1920,1080,raygs,triangles,1,off,0.1,on,-4
1781756708431497602,11762,474.924,2.1056,2.01898,1.99597,0.134336,0.225248,0.057568,0.73504,0.843776,0.030637,6131954,6131954,1663433,27.1273,1920,1080,raygs,triangles,1,off,0.1,on,-4
1781756708433676865,11764.2,474.16,2.10899,2.16662,2.14384,0.151744,0.223648,0.058368,0.866304,0.843776,0.026938,6131954,6131954,1663433,27.1273,1920,1080,raygs,triangles,1,off,0.1,on,-4
1781756708435697962,11766.2,473.631,2.11135,2.00426,1.98486,0.128672,0.226848,0.057344,0.727232,0.844768,0.026638,6131954,6131954,1663433,27.1273,1920,1080,raygs,triangles,1,off,0.1,on,-4
1781756708437740017,11768.3,473.725,2.11093,2.01155,1.9896,0.135936,0.22544,0.058368,0.726336,0.84352,0.028416,6131954,6131954,1663433,27.1273,1920,1080,raygs,triangles,1,off,0.1,on,-4
1781756708439784743,11770.3,473.74,2.11086,2.01926,1.99763,0.135488,0.225792,0.058368,0.735232,0.842752,0.027739,6131954,6131954,1663433,27.1273,1920,1080,raygs,triangles,1,off,0.1,on,-4
1781756708441843846,11772.4,474.192,2.10885,2.01725,1.99565,0.13552,0.225088,0.05808,0.733184,0.843776,0.028356,6131954,6131954,1663433,27.1273,1920,1080,raygs,triangles,1,off,0.1,on,-4
1781756708443897602,11774.4,474.676,2.1067,2.02051,1.99878,0.13568,0.225728,0.058368,0.736256,0.842752,0.02821,6131954,6131954,1663433,27.1273,1920,1080,raygs,triangles,1,off,0.1,on,-4
1781756708446057549,11776.6,475.5,2.10305,2.01616,1.99504,0.134432,0.225248,0.058368,0.732192,0.8448,0.02938,6131954,6131954,1663433,27.1273,1920,1080,raygs,triangles,1,off,0.1,on,-4
1781756708448102893,11778.6,475.071,2.10495,2.02426,2.00144,0.1384,0.224736,0.057344,0.736256,0.844704,0.028362,6131954,6131954,1663433,27.1273,1920,1080,raygs,triangles,1,off,0.1,on,-4
1781756708450495094,11781,475.035,2.10511,2.36397,2.3441,0.352256,0.223296,0.05744,0.867328,0.843776,0.029486,6131954,6131954,1663433,27.1273,1920,1080,raygs,triangles,1,off,0.1,on,-4
1781756708452524389,11783.1,473.728,2.11092,2.01328,1.99133,0.134592,0.225344,0.058368,0.728256,0.844768,0.026408,6131954,6131954,1663433,27.1273,1920,1080,raygs,triangles,1,off,0.1,on,-4
1781756708454589628,11785.1,473.814,2.11053,2.03453,2.01654,0.127168,0.224192,0.06144,0.758208,0.845536,0.028654,6131954,6131954,1663433,27.1273,1920,1080,raygs,triangles,1,off,0.1,on,-4
1781756708456634073,11787.2,473.721,2.11095,2.01827,1.99501,0.136544,0.226208,0.057344,0.73216,0.842752,0.029567,6131954,6131954,1663433,27.1273,1920,1080,raygs,triangles,1,off,0.1,on,-4
1781756708458717095,11789.2,474.701,2.10659,2.02125,1.99923,0.135392,0.226464,0.058368,0.736256,0.842752,0.03002,6131954,6131954,1663433,27.1273,1920,1080,raygs,triangles,1,off,0.1,on,-4
1781756708460731292,11791.3,474.747,2.10638,2.0159,1.99379,0.134176,0.225312,0.058368,0.73216,0.843776,0.027983,6131954,6131954,1663433,27.1273,1920,1080,raygs,triangles,1,off,0.1,on,-4
1781756708462908453,11793.4,475.557,2.1028,2.13738,2.11405,0.134816,0.34704,0.057408,0.730112,0.844672,0.027542,6131954,6131954,1663433,27.1273,1920,1080,raygs,triangles,1,off,0.1,on,-4
1781756708465156064,11795.7,475.033,2.10512,2.02314,2.00051,0.134784,0.2256,0.057344,0.739008,0.843776,0.026884,6131954,6131954,1663433,27.1273,1920,1080,raygs,triangles,1,off,0.1,on,-4
1781756708467368563,11797.9,474.357,2.10812,2.16595,2.14275,0.15008,0.224224,0.057344,0.867328,0.843776,0.03165,6131954,6131954,1663433,27.1273,1920,1080,raygs,triangles,1,off,0.1,on,-4
1781756708469396547,11799.9,473.592,2.11152,2.01277,1.99174,0.135136,0.227008,0.05808,0.72704,0.84448,0.027439,6131954,6131954,1663433,27.1273,1920,1080,raygs,triangles,1,off,0.1,on,-4
1781756708471451075,11802,473.805,2.11057,2.03648,2.01555,0.127136,0.224288,0.060544,0.758784,0.8448,0.027782,6131954,6131954,1663433,27.1273,1920,1080,raygs,triangles,1,off,0.1,on,-4
1781756708473515907,11804,473.959,2.10989,2.01834,1.99677,0.135552,0.224928,0.057632,0.735232,0.843424,0.030368,6131954,6131954,1663433,27.1273,1920,1080,raygs,triangles,1,off,0.1,on,-4
1781756708475567394,11806.1,474.976,2.10537,2.02,1.99734,0.135168,0.226048,0.058336,0.733184,0.844608,0.029054,6131954,6131954,1663433,27.1273,1920,1080,raygs,triangles,1,off,0.1,on,-4
1781756708477609163,11808.1,475.952,2.10105,2.01827,1.99514,0.134688,0.22528,0.058368,0.733184,0.843616,0.029593,6131954,6131954,1663433,27.1273,1920,1080,raygs,triangles,1,off,0.1,on,-4
1781756708479772141,11810.3,476.06,2.10058,2.14099,2.11914,0.134336,0.345536,0.059232,0.735232,0.8448,0.028674,6131954,6131954,1663433,27.1273,1920,1080,raygs,triangles,1,off,0.1,on,-4
1781756708481996311,11812.5,475.946,2.10108,2.02067,1.9991,0.13584,0.22608,0.058176,0.735232,0.843776,0.028758,6131954,6131954,1663433,27.1273,1920,1080,raygs,triangles,1,off,0.1,on,-4
1781756708484219084,11814.7,475.249,2.10416,2.19347,2.17098,0.139712,0.223808,0.057728,0.904192,0.845536,0.034607,6131954,6131954,1663433,27.1273,1920,1080,raygs,triangles,1,off,0.1,on,-4
1781756708486270916,11816.8,474.556,2.10723,2.01376,1.9911,0.135104,0.224768,0.058368,0.728064,0.8448,0.03187,6131954,6131954,1663433,27.1273,1920,1080,raygs,triangles,1,off,0.1,on,-4
1781756708488334039,11818.9,474.52,2.10739,2.03693,2.01658,0.126496,0.22304,0.06144,0.76208,0.84352,0.030657,6131954,6131954,1663433,27.1273,1920,1080,raygs,triangles,1,off,0.1,on,-4
1781756708490453693,11821,474.962,2.10543,2.01981,1.99674,0.135008,0.225568,0.058176,0.733184,0.8448,0.042991,6131954,6131954,1663433,27.1273,1920,1080,raygs,triangles,1,off,0.1,on,-4
1781756708492606523,11823.1,474.611,2.10699,2.14563,2.12461,0.134848,0.353216,0.058368,0.733568,0.844608,0.040851,6131954,6131954,1663433,27.1273,1920,1080,raygs,triangles,1,off,0.1,on,-4
1781756708494740878,11825.3,475.089,2.10487,2.02109,1.99789,0.136288,0.225312,0.057344,0.734208,0.844736,0.021043,6131954,6131954,1663433,27.1273,1920,1080,raygs,triangles,1,off,0.1,on,-4
1781756708496770872,11827.3,474.585,2.10711,2.02026,1.99638,0.138528,0.224576,0.057344,0.731136,0.8448,0.029805,6131954,6131954,1663433,27.1273,1920,1080,raygs,triangles,1,off,0.1,on,-4
1781756708499050600,11829.6,474.664,2.10675,2.26454,2.24349,0.136032,0.225344,0.057344,0.979968,0.8448,0.027781,6131954,6131954,1663433,27.1273,1920,1080,raygs,triangles,1,off,0.1,on,-4
1781756708501220144,11831.8,473.745,2.11084,2.13462,2.1119,0.25584,0.224,0.057344,0.730112,0.844608,0.035015,6131954,6131954,1663433,27.1273,1920,1080,raygs,triangles,1,off,0.1,on,-4
1781756708503280003,11833.8,473.324,2.11272,2.01622,1.99274,0.135168,0.226656,0.058048,0.729088,0.843776,0.028904,6131954,6131954,1663433,27.1273,1920,1080,raygs,triangles,1,off,0.1,on,-4
1781756708505300008,11835.8,473.184,2.11334,2.02445,2.0024,0.126752,0.225312,0.063136,0.743424,0.843776,0.027704,6131954,6131954,1663433,27.1273,1920,1080,raygs,triangles,1,off,0.1,on,-4
1781756708507345426,11837.9,473.73,2.11091,2.01914,1.9967,0.135648,0.226368,0.057568,0.732576,0.844544,0.028706,6131954,6131954,1663433,27.1273,1920,1080,raygs,triangles,1,off,0.1,on,-4
1781756708509391097,11839.9,473.792,2.11063,2.02294,2.00048,0.13504,0.226016,0.057344,0.73728,0.8448,0.027437,6131954,6131954,1663433,27.1273,1920,1080,raygs,triangles,1,off,0.1,on,-4
1781756708511467358,11842,475.021,2.10517,2.0193,1.9975,0.136544,0.225728,0.058272,0.734208,0.842752,0.028933,6131954,6131954,1663433,27.1273,1920,1080,raygs,triangles,1,off,0.1,on,-4
1781756708513610316,11844.1,474.857,2.1059,2.13478,2.11302,0.135296,0.226208,0.17488,0.73216,0.84448,0.027057,6131954,6131954,1663433,27.1273,1920,1080,raygs,triangles,1,off,0.1,on,-4
1781756708515993359,11846.5,474.539,2.10731,2.24336,2.22138,0.134464,0.224256,0.058368,0.959488,0.8448,0.025701,6131954,6131954,1663433,27.1273,1920,1080,raygs,triangles,1,off,0.1,on,-4
1781756708518045409,11848.6,473.233,2.11313,2.01757,1.99491,0.139008,0.22464,0.058368,0.729408,0.843488,0.030916,6131954,6131954,1663433,27.1273,1920,1080,raygs,triangles,1,off,0.1,on,-4
1781756708520086125,11850.6,473.445,2.11218,2.01408,1.99242,0.135776,0.225408,0.058368,0.729088,0.843776,0.026994,6131954,6131954,1663433,27.1273,1920,1080,raygs,triangles,1,off,0.1,on,-4
1781756708522140640,11852.7,473.292,2.11286,2.00752,1.9864,0.126784,0.224288,0.060416,0.731136,0.843776,0.030072,6131954,6131954,1663433,27.1273,1920,1080,raygs,triangles,1,off,0.1,on,-4
1781756708524170856,11854.7,473.608,2.11145,2.01885,1.99654,0.13504,0.226176,0.057344,0.734208,0.843776,0.029233,6131954,6131954,1663433,27.1273,1920,1080,raygs,triangles,1,off,0.1,on,-4
1781756708526333374,11856.9,473.762,2.11076,2.02483,2.00134,0.135776,0.225184,0.058368,0.738304,0.843712,0.042514,6131954,6131954,1663433,27.1273,1920,1080,raygs,triangles,1,off,0.1,on,-4
1781756708528406352,11858.9,474.52,2.10739,2.01955,1.99779,0.13472,0.226144,0.057344,0.734208,0.845376,0.01884,6131954,6131954,1663433,27.1273,1920,1080,raygs,triangles,1,off,0.1,on,-4
1781756708530458783,11861,474.41,2.10788,2.0241,2.00214,0.138528,0.225184,0.058368,0.734624,0.84544,0.029311,6131954,6131954,1663433,27.1273,1920,1080,raygs,triangles,1,off,0.1,on,-4
1781756708532763393,11863.3,474.458,2.10767,2.2527,2.2311,0.135456,0.226208,0.058144,0.966656,0.84464,0.054598,6131954,6131954,1663433,27.1273,1920,1080,raygs,triangles,1,off,0.1,on,-4
1781756708534891585,11865.4,473.476,2.11204,2.13168,2.11254,0.25712,0.224128,0.057344,0.729152,0.8448,0.020958,6131954,6131954,1663433,27.1273,1920,1080,raygs,triangles,1,off,0.1,on,-4
1781756708536945327,11867.5,473.197,2.11328,2.01347,1.99011,0.134784,0.225536,0.05824,0.728064,0.843488,0.029604,6131954,6131954,1663433,27.1273,1920,1080,raygs,triangles,1,off,0.1,on,-4
1781756708538976421,11869.5,473.37,2.11251,2.00032,1.97946,0.124704,0.221472,0.060416,0.729088,0.843776,0.028536,6131954,6131954,1663433,27.1273,1920,1080,raygs,triangles,1,off,0.1,on,-4
1781756708541053316,11871.6,473.605,2.11146,2.01699,1.99629,0.134848,0.225472,0.058368,0.733184,0.844416,0.05176,6131954,6131954,1663433,27.1273,1920,1080,raygs,triangles,1,off,0.1,on,-4
1781756708543105430,11873.6,473.636,2.11132,2.01728,1.99501,0.134976,0.224704,0.058368,0.733184,0.843776,0.056195,6131954,6131954,1663433,27.1273,1920,1080,raygs,triangles,1,off,0.1,on,-4
1781756708545233150,11875.8,474.951,2.10548,2.01952,1.99674,0.134816,0.224736,0.058176,0.735232,0.843776,0.019219,6131954,6131954,1663433,27.1273,1920,1080,raygs,triangles,1,off,0.1,on,-4
1781756708547330680,11877.9,474.573,2.10716,2.02086,2.00026,0.138112,0.223136,0.058336,0.735232,0.84544,0.066588,6131954,6131954,1663433,27.1273,1920,1080,raygs,triangles,1,off,0.1,on,-4
1781756708549549165,11880.1,474.185,2.10888,2.20371,2.18102,0.134912,0.224416,0.058368,0.919552,0.843776,0.030231,6131954,6131954,1663433,27.1273,1920,1080,raygs,triangles,1,off,0.1,on,-4
1781756708551727577,11882.3,473.674,2.11116,2.16154,2.14106,0.282848,0.228,0.057344,0.728064,0.8448,0.041862,6131954,6131954,1663433,27.1273,1920,1080,raygs,triangles,1,off,0.1,on,-4
1781756708553760727,11884.3,473.5,2.11193,2.01654,1.99312,0.134784,0.225056,0.058368,0.731136,0.843776,0.034112,6131954,6131954,1663433,27.1273,1920,1080,raygs,triangles,1,off,0.1,on,-4
1781756708555817150,11886.3,473.539,2.11176,2.01005,1.98976,0.128288,0.224576,0.060416,0.73216,0.84432,0.04447,6131954,6131954,1663433,27.1273,1920,1080,raygs,triangles,1,off,0.1,on,-4
1781756708557812744,11888.3,473.975,2.10982,2.01773,1.99475,0.133952,0.225472,0.058368,0.733184,0.843776,0.02031,6131954,6131954,1663433,27.1273,1920,1080,raygs,triangles,1,off,0.1,on,-4
1781756708559851404,11890.4,474.896,2.10573,2.0176,1.99562,0.135008,0.224288,0.058368,0.733184,0.844768,0.028457,6131954,6131954,1663433,27.1273,1920,1080,raygs,triangles,1,off,0.1,on,-4
1781756708562022640,11892.6,475.445,2.10329,2.01587,1.9937,0.134112,0.2256,0.058048,0.73216,0.843776,0.031555,6131954,6131954,1663433,27.1273,1920,1080,raygs,triangles,1,off,0.1,on,-4
1781756708564123034,11894.7,474.858,2.10589,2.0248,2.00323,0.138176,0.224832,0.058048,0.7384,0.843776,0.044447,6131954,6131954,1663433,27.1273,1920,1080,raygs,triangles,1,off,0.1,on,-4
1781756708566483165,11897,474.717,2.10652,2.41098,2.3911,0.399168,0.22256,0.058368,0.866304,0.844704,0.019104,6131954,6131954,1663433,27.1273,1920,1080,raygs,triangles,1,off,0.1,on,-4
1781756708568533129,11899.1,473.454,2.11214,2.01642,1.99622,0.135712,0.224544,0.058368,0.733184,0.844416,0.031093,6131954,6131954,1663433,27.1273,1920,1080,raygs,triangles,1,off,0.1,on,-4
1781756708570573743,11901.1,473.604,2.11147,2.01651,1.99386,0.134752,0.225824,0.058368,0.731136,0.843776,0.028414,6131954,6131954,1663433,27.1273,1920,1080,raygs,triangles,1,off,0.1,on,-4
1781756708572611331,11903.1,473.685,2.11111,2.00746,1.98579,0.126752,0.22464,0.060512,0.730112,0.843776,0.029449,6131954,6131954,1663433,27.1273,1920,1080,raygs,triangles,1,off,0.1,on,-4
1781756708574657877,11905.2,474.015,2.10964,2.0168,1.99469,0.13504,0.225152,0.057536,0.733184,0.843776,0.029086,6131954,6131954,1663433,27.1273,1920,1080,raygs,triangles,1,off,0.1,on,-4
1781756708576699868,11907.2,474.011,2.10966,2.0168,1.99475,0.134464,0.225984,0.057344,0.733184,0.843776,0.033806,6131954,6131954,1663433,27.1273,1920,1080,raygs,triangles,1,off,0.1,on,-4
1781756708578853912,11909.4,475.329,2.10381,2.0216,1.99926,0.135744,0.226144,0.057344,0.735232,0.8448,0.026884,6131954,6131954,1663433,27.1273,1920,1080,raygs,triangles,1,off,0.1,on,-4
1781756708580918456,11911.4,474.943,2.10552,2.02739,2.00672,0.139488,0.22576,0.058368,0.739328,0.843776,0.027528,6131954,6131954,1663433,27.1273,1920,1080,raygs,triangles,1,off,0.1,on,-4
1781756708583332260,11913.9,474.858,2.10589,2.37251,2.35245,0.362752,0.222272,0.058368,0.866304,0.842752,0.030218,6131954,6131954,1663433,27.1273,1920,1080,raygs,triangles,1,off,0.1,on,-4
1781756708585367826,11915.9,473.465,2.11209,2.0136,1.99107,0.134944,0.224896,0.058368,0.729088,0.843776,0.028945,6131954,6131954,1663433,27.1273,1920,1080,raygs,triangles,1,off,0.1,on,-4
1781756708587401508,11917.9,473.672,2.11117,2.01702,1.99469,0.134784,0.227648,0.058368,0.729088,0.8448,0.027683,6131954,6131954,1663433,27.1273,1920,1080,raygs,triangles,1,off,0.1,on,-4
1781756708589437084,11920,473.672,2.11117,2.00976,1.98902,0.126944,0.22368,0.060416,0.733184,0.8448,0.027952,6131954,6131954,1663433,27.1273,1920,1080,raygs,triangles,1,off,0.1,on,-4
1781756708591483959,11922,474.207,2.10879,2.0231,2.00029,0.135424,0.226304,0.058368,0.73568,0.844512,0.028165,6131954,6131954,1663433,27.1273,1920,1080,raygs,triangles,1,off,0.1,on,-4
1781756708593530712,11924.1,474.953,2.10547,2.02016,1.99827,0.134336,0.225536,0.058368,0.735232,0.8448,0.027028,6131954,6131954,1663433,27.1273,1920,1080,raygs,triangles,1,off,0.1,on,-4
1781756708595711853,11926.2,475.588,2.10266,2.02083,1.99974,0.134976,0.227488,0.058368,0.734208,0.844704,0.026968,6131954,6131954,1663433,27.1273,1920,1080,raygs,triangles,1,off,0.1,on,-4
1781756708597752027,11928.3,475,2.10526,2.02554,2.00352,0.138688,0.224352,0.05824,0.738464,0.843776,0.030774,6131954,6131954,1663433,27.1273,1920,1080,raygs,triangles,1,off,0.1,on,-4
1781756708600145726,11930.7,475.057,2.10501,2.36768,2.34624,0.35792,0.222944,0.057344,0.864256,0.843776,0.030544,6131954,6131954,1663433,27.1273,1920,1080,raygs,triangles,1,off,0.1,on,-4
1781756708602203002,11932.7,473.85,2.11037,2.01683,1.99443,0.135104,0.226112,0.058304,0.731136,0.843776,0.038111,6131954,6131954,1663433,27.1273,1920,1080,raygs,triangles,1,off,0.1,on,-4
1781756708604232691,11934.8,473.737,2.11087,2.01216,1.98883,0.134496,0.224128,0.058368,0.728064,0.843776,0.027367,6131954,6131954,1663433,27.1273,1920,1080,raygs,triangles,1,off,0.1,on,-4
1781756708606273859,11936.8,473.821,2.1105,2.00986,1.99104,0.127072,0.223776,0.061184,0.734208,0.8448,0.029257,6131954,6131954,1663433,27.1273,1920,1080,raygs,triangles,1,off,0.1,on,-4
1781756708608349615,11938.9,474.211,2.10877,2.01898,1.99568,0.135328,0.226048,0.057344,0.734208,0.842752,0.030177,6131954,6131954,1663433,27.1273,1920,1080,raygs,triangles,1,off,0.1,on,-4
1781756708610394018,11940.9,474.832,2.10601,2.02061,1.9975,0.135808,0.226336,0.057664,0.733184,0.844512,0.029038,6131954,6131954,1663433,27.1273,1920,1080,raygs,triangles,1,off,0.1,on,-4
1781756708612559844,11943.1,475.474,2.10316,2.01958,1.99786,0.134784,0.224928,0.058112,0.735232,0.8448,0.028104,6131954,6131954,1663433,27.1273,1920,1080,raygs,triangles,1,off,0.1,on,-4
1781756708614643621,11945.2,475.033,2.10512,2.0223,2.00074,0.138496,0.224864,0.058368,0.735232,0.843776,0.041502,6131954,6131954,1663433,27.1273,1920,1080,raygs,triangles,1,off,0.1,on,-4
1781756708616963011,11947.5,475.006,2.10524,2.34074,2.31939,0.331008,0.223008,0.057344,0.864256,0.843776,0.019178,6131954,6131954,1663433,27.1273,1920,1080,raygs,triangles,1,off,0.1,on,-4
1781756708619010800,11949.5,474.31,2.10833,2.01264,1.99059,0.134976,0.225568,0.058208,0.728064,0.843776,0.032454,6131954,6131954,1663433,27.1273,1920,1080,raygs,triangles,1,off,0.1,on,-4
1781756708621070790,11951.6,474.597,2.10705,2.01488,1.99178,0.134144,0.226944,0.058176,0.728064,0.844448,0.028451,6131954,6131954,1663433,27.1273,1920,1080,raygs,triangles,1,off,0.1,on,-4
1781756708623056092,11953.6,474.957,2.10546,2.00976,1.99024,0.126976,0.22384,0.06144,0.734208,0.843776,0.027207,6131954,6131954,1663433,27.1273,1920,1080,raygs,triangles,1,off,0.1,on,-4
1781756708625120145,11955.7,475.127,2.1047,2.02042,1.99779,0.13488,0.225536,0.057344,0.736256,0.843776,0.029843,6131954,6131954,1663433,27.1273,1920,1080,raygs,triangles,1,off,0.1,on,-4
1781756708627161407,11957.7,475.885,2.10135,2.01917,1.99789,0.134656,0.226784,0.058368,0.733376,0.844704,0.027672,6131954,6131954,1663433,27.1273,1920,1080,raygs,triangles,1,off,0.1,on,-4
1781756708629334361,11959.9,476.427,2.09896,2.01808,1.9961,0.135296,0.225312,0.057344,0.733568,0.844576,0.031856,6131954,6131954,1663433,27.1273,1920,1080,raygs,triangles,1,off,0.1,on,-4
1781756708631372990,11961.9,475.893,2.10131,2.02493,2.00314,0.139072,0.223616,0.058368,0.738304,0.843776,0.027295,6131954,6131954,1663433,27.1273,1920,1080,raygs,triangles,1,off,0.1,on,-4
1781756708633740255,11964.3,475.916,2.10121,2.32733,2.30938,0.318624,0.2216,0.058368,0.867328,0.843456,0.02928,6131954,6131954,1663433,27.1273,1920,1080,raygs,triangles,1,off,0.1,on,-4
1781756708635771240,11966.3,474.701,2.10659,2.01181,1.98902,0.134176,0.225664,0.057344,0.728064,0.843776,0.030769,6131954,6131954,1663433,27.1273,1920,1080,raygs,triangles,1,off,0.1,on,-4
1781756708637829141,11968.4,474.764,2.10631,2.01162,1.98982,0.135008,0.225632,0.058368,0.72704,0.843776,0.030381,6131954,6131954,1663433,27.1273,1920,1080,raygs,triangles,1,off,0.1,on,-4
1781756708639855032,11970.4,474.849,2.10593,2.01178,1.99213,0.12688,0.2248,0.060416,0.735232,0.8448,0.027177,6131954,6131954,1663433,27.1273,1920,1080,raygs,triangles,1,off,0.1,on,-4
1781756708641900928,11972.4,475.174,2.10449,2.01651,1.99526,0.134752,0.226144,0.058368,0.73232,0.84368,0.030125,6131954,6131954,1663433,27.1273,1920,1080,raygs,triangles,1,off,0.1,on,-4
1781756708643951309,11974.5,476.498,2.09864,2.02192,2.0008,0.134944,0.225856,0.058368,0.73728,0.844352,0.02766,6131954,6131954,1663433,27.1273,1920,1080,raygs,triangles,1,off,0.1,on,-4
1781756708646117319,11976.6,476.552,2.09841,2.15101,1.99693,0.135136,0.22544,0.05632,0.736256,0.843776,0.02722,6131954,6131954,1663433,27.1273,1920,1080,raygs,triangles,1,off,0.1,on,-4
1781756708648374830,11978.9,476.075,2.10051,2.024,2.00029,0.135104,0.225504,0.057344,0.737952,0.844384,0.028108,6131954,6131954,1663433,27.1273,1920,1080,raygs,triangles,1,off,0.1,on,-4
1781756708650563292,11981.1,475.361,2.10367,2.1696,2.14592,0.151648,0.223776,0.057344,0.869376,0.843776,0.026833,6131954,6131954,1663433,27.1273,1920,1080,raygs,triangles,1,off,0.1,on,-4
1781756708652602503,11983.1,474.749,2.10638,2.01533,1.9912,0.135648,0.225536,0.057344,0.729088,0.843584,0.029933,6131954,6131954,1663433,27.1273,1920,1080,raygs,triangles,1,off,0.1,on,-4
1781756708654669429,11985.2,475.247,2.10417,2.02234,2.00045,0.134528,0.224896,0.057344,0.739328,0.844352,0.028592,6131954,6131954,1663433,27.1273,1920,1080,raygs,triangles,1,off,0.1,on,-4
1781756708656690588,11987.2,475.275,2.10405,2.01296,1.99219,0.1272,0.224544,0.06144,0.735232,0.843776,0.02812,6131954,6131954,1663433,27.1273,1920,1080,raygs,triangles,1,off,0.1,on,-4
1781756708658741936,11989.3,475.461,2.10322,2.02035,1.99878,0.135424,0.225824,0.058368,0.735648,0.84352,0.028064,6131954,6131954,1663433,27.1273,1920,1080,raygs,triangles,1,off,0.1,on,-4
1781756708660778639,11991.3,476.302,2.09951,2.01571,1.99341,0.134976,0.225152,0.057344,0.73216,0.843776,0.026656,6131954,6131954,1663433,27.1273,1920,1080,raygs,triangles,1,off,0.1,on,-4
1781756708662960026,11993.5,476.712,2.0977,2.14032,2.11632,0.134656,0.343264,0.058368,0.736256,0.843776,0.026486,6131954,6131954,1663433,27.1273,1920,1080,raygs,triangles,1,off,0.1,on,-4
1781756708665204463,11995.7,476.204,2.09994,2.02176,1.99843,0.1344,0.225888,0.057344,0.73728,0.84352,0.028828,6131954,6131954,1663433,27.1273,1920,1080,raygs,triangles,1,off,0.1,on,-4
1781756708667393354,11997.9,475.422,2.1034,2.16806,2.14717,0.150464,0.223136,0.058368,0.8704,0.8448,0.025575,6131954,6131954,1663433,27.1273,1920,1080,raygs,triangles,1,off,0.1,on,-4
1781756708669449350,12000,474.96,2.10544,2.01606,1.99392,0.13536,0.22528,0.057344,0.731136,0.8448,0.030686,6131954,6131954,1663433,27.1273,1920,1080,raygs,triangles,1,off,0.1,on,-4
1781756708671527744,12002.1,474.835,2.10599,2.04774,2.02618,0.137312,0.226112,0.058144,0.760832,0.843776,0.027418,6131954,6131954,1663433,27.1273,1920,1080,raygs,triangles,1,off,0.1,on,-4
