timestamp_ns,measurement_elapsed_ms,fps,frame_time_ms,frame_e2e_ms,total_ms,rank_ms,sort_ms,inverse_ms,projection_ms,rendering_ms,present_ms,total_splats,loaded_splats,visible_splats,visible_ratio,width,height,model_type,draw_method,msaa,vsync,mip_bias,mip_modulation,log_p_min
1781754692069608689,0,822.515,1.21578,1.14842,1.13395,0.030592,0.088832,0.01536,0.188416,0.810752,0.015753,1244819,1244819,415283,33.3609,1920,1080,raygs,triangles,1,off,0,on,-4
1781754692070833945,1.22526,822.695,1.21552,1.15085,1.13846,0.02992,0.0896,0.016384,0.191808,0.810752,0.061979,1244819,1244819,415283,33.3609,1920,1080,raygs,triangles,1,off,0,on,-4
1781754692072008466,2.39978,822.288,1.21612,1.14598,1.13174,0.030176,0.088832,0.01536,0.187392,0.809984,0.045756,1244819,1244819,415283,33.3609,1920,1080,raygs,triangles,1,off,0,on,-4
1781754692073150620,3.54193,822.31,1.21609,1.16179,1.14845,0.029632,0.089664,0.016416,0.202752,0.809984,0.015628,1244819,1244819,415283,33.3609,1920,1080,raygs,triangles,1,off,0,on,-4
1781754692074414841,4.80615,824.166,1.21335,1.14771,1.13507,0.029728,0.089536,0.016384,0.18944,0.809984,0.041379,1244819,1244819,415283,33.3609,1920,1080,raygs,triangles,1,off,0,on,-4
1781754692075661685,6.053,825.309,1.21167,1.14678,1.13466,0.029984,0.089536,0.015712,0.18944,0.809984,0.057757,1244819,1244819,415283,33.3609,1920,1080,raygs,triangles,1,off,0,on,-4
1781754692076833664,7.22497,824.665,1.21261,1.14723,1.13456,0.0304,0.089216,0.016384,0.18768,0.81088,0.058821,1244819,1244819,415283,33.3609,1920,1080,raygs,triangles,1,off,0,on,-4
1781754692077963601,8.35491,824.549,1.21278,1.14912,1.13475,0.03024,0.088672,0.01536,0.189824,0.810656,0.017741,1244819,1244819,415283,33.3609,1920,1080,raygs,triangles,1,off,0,on,-4
1781754692079170601,9.56191,825.065,1.21203,1.14765,1.1361,0.029792,0.089472,0.016384,0.18944,0.811008,0.05829,1244819,1244819,415283,33.3609,1920,1080,raygs,triangles,1,off,0,on,-4
1781754692080373551,10.7649,824.901,1.21227,1.14835,1.13546,0.030496,0.089472,0.01536,0.18944,0.810688,0.028797,1244819,1244819,415283,33.3609,1920,1080,raygs,triangles,1,off,0,on,-4
1781754692081528028,11.9193,825.858,1.21086,1.14922,1.13728,0.030336,0.089152,0.016384,0.190624,0.810784,0.042707,1244819,1244819,415283,33.3609,1920,1080,raygs,triangles,1,off,0,on,-4
1781754692082690096,13.0814,826.706,1.20962,1.14848,1.13402,0.029632,0.0896,0.01536,0.18944,0.809984,0.041961,1244819,1244819,415283,33.3609,1920,1080,raygs,triangles,1,off,0,on,-4
1781754692084060446,14.4518,826.606,1.20977,1.38195,1.37008,0.029536,0.089216,0.01632,0.424032,0.810976,0.016376,1244819,1244819,415283,33.3609,1920,1080,raygs,triangles,1,off,0,on,-4
1781754692085438565,15.8299,824.424,1.21297,1.28947,1.2752,0.030272,0.089856,0.01536,0.329728,0.809984,0.067365,1244819,1244819,415283,33.3609,1920,1080,raygs,triangles,1,off,0,on,-4
1781754692086554441,16.9458,822.662,1.21557,1.14848,1.13766,0.030656,0.090176,0.016384,0.18944,0.811008,0.020873,1244819,1244819,415283,33.3609,1920,1080,raygs,triangles,1,off,0,on,-4
1781754692087781143,18.1725,822.668,1.21556,1.14758,1.13526,0.029728,0.089728,0.016384,0.18944,0.809984,0.056009,1244819,1244819,415283,33.3609,1920,1080,raygs,triangles,1,off,0,on,-4
1781754692088962496,19.3538,822.241,1.21619,1.148,1.1335,0.030144,0.088544,0.01536,0.188608,0.810848,0.064597,1244819,1244819,415283,33.3609,1920,1080,raygs,triangles,1,off,0,on,-4
1781754692090106067,20.4974,822.072,1.21644,1.14829,1.13392,0.030432,0.089728,0.01536,0.188416,0.809984,0.042228,1244819,1244819,415283,33.3609,1920,1080,raygs,triangles,1,off,0,on,-4
1781754692091280904,21.6722,824.472,1.2129,1.14733,1.13424,0.030496,0.088864,0.016384,0.188512,0.809984,0.043355,1244819,1244819,415283,33.3609,1920,1080,raygs,triangles,1,off,0,on,-4
1781754692092586822,22.9781,827.65,1.20824,1.14771,1.13558,0.029888,0.089888,0.016384,0.18944,0.809984,0.029722,1244819,1244819,415283,33.3609,1920,1080,raygs,triangles,1,off,0,on,-4
1781754692093760010,24.1513,825.565,1.21129,1.14922,1.13494,0.03136,0.088992,0.01536,0.188416,0.810816,0.047038,1244819,1244819,415283,33.3609,1920,1080,raygs,triangles,1,off,0,on,-4
1781754692094937775,25.3291,825.461,1.21144,1.14765,1.1337,0.0304,0.089344,0.015552,0.188416,0.809984,0.056821,1244819,1244819,415283,33.3609,1920,1080,raygs,triangles,1,off,0,on,-4
1781754692096119817,26.5111,825.68,1.21112,1.14771,1.13533,0.03008,0.089696,0.016128,0.188416,0.811008,0.030189,1244819,1244819,415283,33.3609,1920,1080,raygs,triangles,1,off,0,on,-4
1781754692097279404,27.6707,825.211,1.21181,1.1488,1.1353,0.029952,0.089344,0.015712,0.18944,0.810848,0.044819,1244819,1244819,415283,33.3609,1920,1080,raygs,triangles,1,off,0,on,-4
1781754692098436815,28.8281,826.022,1.21062,1.15008,1.13782,0.030624,0.08928,0.016384,0.19056,0.810976,0.039665,1244819,1244819,415283,33.3609,1920,1080,raygs,triangles,1,off,0,on,-4
1781754692099680984,30.0723,827.351,1.20868,1.1495,1.13594,0.029632,0.089472,0.016384,0.18944,0.811008,0.040824,1244819,1244819,415283,33.3609,1920,1080,raygs,triangles,1,off,0,on,-4
1781754692101008944,31.4003,825.972,1.21069,1.34432,1.3304,0.030912,0.088992,0.015488,0.385024,0.809984,0.032957,1244819,1244819,415283,33.3609,1920,1080,raygs,triangles,1,off,0,on,-4
1781754692102329535,32.7208,826.21,1.21035,1.30266,1.2912,0.03024,0.23936,0.016032,0.19456,0.811008,0.029299,1244819,1244819,415283,33.3609,1920,1080,raygs,triangles,1,off,0,on,-4
1781754692103480626,33.8719,823.687,1.21405,1.15184,1.1375,0.029888,0.089568,0.015552,0.192512,0.809984,0.039041,1244819,1244819,415283,33.3609,1920,1080,raygs,triangles,1,off,0,on,-4
1781754692104670321,35.0616,823.499,1.21433,1.15165,1.13722,0.029728,0.089888,0.01536,0.191488,0.810752,0.056488,1244819,1244819,415283,33.3609,1920,1080,raygs,triangles,1,off,0,on,-4
1781754692105834330,36.2256,823.217,1.21475,1.148,1.13578,0.030592,0.089376,0.016384,0.188416,0.811008,0.042856,1244819,1244819,415283,33.3609,1920,1080,raygs,triangles,1,off,0,on,-4
1781754692107027701,37.419,823.392,1.21449,1.1504,1.1384,0.030112,0.089312,0.016384,0.191584,0.811008,0.061806,1244819,1244819,415283,33.3609,1920,1080,raygs,triangles,1,off,0,on,-4
1781754692108208840,38.6002,825.341,1.21162,1.15318,1.14086,0.030528,0.089696,0.01632,0.193536,0.810784,0.051586,1244819,1244819,415283,33.3609,1920,1080,raygs,triangles,1,off,0,on,-4
1781754692109523221,39.9145,827.161,1.20895,1.15258,1.14083,0.029632,0.089248,0.016384,0.19456,0.811008,0.057863,1244819,1244819,415283,33.3609,1920,1080,raygs,triangles,1,off,0,on,-4
1781754692110649797,41.0411,826.689,1.20965,1.15267,1.14032,0.03072,0.089696,0.016384,0.192512,0.811008,0.016519,1244819,1244819,415283,33.3609,1920,1080,raygs,triangles,1,off,0,on,-4
1781754692111879595,42.2709,826.735,1.20958,1.15117,1.13978,0.030368,0.08976,0.016384,0.192512,0.810752,0.05515,1244819,1244819,415283,33.3609,1920,1080,raygs,triangles,1,off,0,on,-4
1781754692113112681,43.504,826.447,1.21,1.15133,1.13901,0.030432,0.089696,0.016384,0.192512,0.809984,0.032035,1244819,1244819,415283,33.3609,1920,1080,raygs,triangles,1,off,0,on,-4
1781754692114210639,44.602,825.624,1.2112,1.14186,1.12995,0.030176,0.090016,0.016352,0.18272,0.810688,0.045783,1244819,1244819,415283,33.3609,1920,1080,raygs,triangles,1,off,0,on,-4
1781754692115369194,45.7605,828.617,1.20683,1.1415,1.12736,0.030432,0.089312,0.01536,0.182272,0.809984,0.04319,1244819,1244819,415283,33.3609,1920,1080,raygs,triangles,1,off,0,on,-4
1781754692116507338,46.8986,828.227,1.2074,1.14109,1.12694,0.029408,0.089792,0.01536,0.181568,0.810816,0.016739,1244819,1244819,415283,33.3609,1920,1080,raygs,triangles,1,off,0,on,-4
1781754692117942144,48.3335,828.939,1.20636,1.37245,1.3601,0.030496,0.08976,0.01616,0.412672,0.811008,0.052924,1244819,1244819,415283,33.3609,1920,1080,raygs,triangles,1,off,0,on,-4
1781754692119192568,49.5839,825.675,1.21113,1.27171,1.25821,0.030976,0.089408,0.01552,0.31232,0.809984,0.016601,1244819,1244819,415283,33.3609,1920,1080,raygs,triangles,1,off,0,on,-4
1781754692120395531,50.7868,825.733,1.21105,1.14038,1.12675,0.029728,0.090432,0.01536,0.181248,0.809984,0.050817,1244819,1244819,415283,33.3609,1920,1080,raygs,triangles,1,off,0,on,-4
1781754692121527156,51.9185,824.503,1.21285,1.14147,1.12813,0.03024,0.089472,0.01616,0.182272,0.809984,0.015437,1244819,1244819,415283,33.3609,1920,1080,raygs,triangles,1,off,0,on,-4
1781754692122756426,53.1477,824.958,1.21218,1.13936,1.12749,0.029632,0.089312,0.016288,0.181248,0.811008,0.039899,1244819,1244819,415283,33.3609,1920,1080,raygs,triangles,1,off,0,on,-4
1781754692123865296,54.2566,824.719,1.21253,1.1392,1.12602,0.029568,0.089856,0.01536,0.181248,0.809984,0.018116,1244819,1244819,415283,33.3609,1920,1080,raygs,triangles,1,off,0,on,-4
1781754692125084350,55.4757,827.555,1.20838,1.14298,1.1305,0.03024,0.089664,0.016288,0.183296,0.811008,0.05361,1244819,1244819,415283,33.3609,1920,1080,raygs,triangles,1,off,0,on,-4
1781754692126367849,56.7592,828.667,1.20676,1.14134,1.12944,0.029632,0.089312,0.016384,0.183296,0.810816,0.028703,1244819,1244819,415283,33.3609,1920,1080,raygs,triangles,1,off,0,on,-4
1781754692127485846,57.8772,827.349,1.20868,1.14234,1.13056,0.03056,0.08976,0.016384,0.182272,0.811584,0.016737,1244819,1244819,415283,33.3609,1920,1080,raygs,triangles,1,off,0,on,-4
1781754692128674593,59.0659,828.547,1.20693,1.1425,1.12944,0.030816,0.089216,0.01536,0.182272,0.811776,0.046535,1244819,1244819,415283,33.3609,1920,1080,raygs,triangles,1,off,0,on,-4
1781754692129902392,60.2937,828.036,1.20768,1.14061,1.12829,0.02992,0.089728,0.016384,0.182272,0.809984,0.034829,1244819,1244819,415283,33.3609,1920,1080,raygs,triangles,1,off,0,on,-4
1781754692130979652,61.371,827.38,1.20863,1.14042,1.12902,0.029728,0.089632,0.016384,0.182272,0.811008,0.016952,1244819,1244819,415283,33.3609,1920,1080,raygs,triangles,1,off,0,on,-4
1781754692132197511,62.5888,830.337,1.20433,1.14058,1.12848,0.030592,0.089248,0.016384,0.182272,0.809984,0.057241,1244819,1244819,415283,33.3609,1920,1080,raygs,triangles,1,off,0,on,-4
1781754692133524838,63.9161,829.729,1.20521,1.14512,1.13296,0.030336,0.089888,0.016384,0.185344,0.811008,0.016946,1244819,1244819,415283,33.3609,1920,1080,raygs,triangles,1,off,0,on,-4
1781754692134827761,65.2191,827.662,1.20822,1.14746,1.13456,0.035488,0.08928,0.016512,0.183296,0.809984,0.030469,1244819,1244819,415283,33.3609,1920,1080,raygs,triangles,1,off,0,on,-4
1781754692136028631,66.4199,826.581,1.2098,1.14352,1.13142,0.031808,0.089536,0.015648,0.1824,0.812032,0.05132,1244819,1244819,415283,33.3609,1920,1080,raygs,triangles,1,off,0,on,-4
1781754692137158567,67.5499,826.252,1.21028,1.13968,1.12685,0.030016,0.089216,0.01536,0.181248,0.811008,0.016781,1244819,1244819,415283,33.3609,1920,1080,raygs,triangles,1,off,0,on,-4
1781754692138355758,68.7471,826.505,1.20991,1.14048,1.12845,0.030208,0.0896,0.016384,0.181344,0.810912,0.049921,1244819,1244819,415283,33.3609,1920,1080,raygs,triangles,1,off,0,on,-4
1781754692139489000,69.8803,825.854,1.21087,1.14093,1.12867,0.030144,0.089152,0.016096,0.182272,0.811008,0.015955,1244819,1244819,415283,33.3609,1920,1080,raygs,triangles,1,off,0,on,-4
1781754692140702329,71.0936,829.193,1.20599,1.14253,1.12813,0.029824,0.089632,0.015392,0.183296,0.809984,0.051939,1244819,1244819,415283,33.3609,1920,1080,raygs,triangles,1,off,0,on,-4
1781754692141896490,72.2878,830.605,1.20394,1.14102,1.1289,0.029312,0.089312,0.016384,0.183296,0.810592,0.030507,1244819,1244819,415283,33.3609,1920,1080,raygs,triangles,1,off,0,on,-4
1781754692143114543,73.5059,830.25,1.20446,1.25773,1.24618,0.030336,0.089408,0.016416,0.299008,0.811008,0.017142,1244819,1244819,415283,33.3609,1920,1080,raygs,triangles,1,off,0,on,-4
1781754692144308752,74.7001,829.926,1.20493,1.14266,1.13014,0.032,0.089184,0.01552,0.182464,0.810976,0.051367,1244819,1244819,415283,33.3609,1920,1080,raygs,triangles,1,off,0,on,-4
1781754692145509435,75.9007,829.884,1.20499,1.14266,1.1311,0.029952,0.090656,0.016384,0.182272,0.81184,0.02959,1244819,1244819,415283,33.3609,1920,1080,raygs,triangles,1,off,0,on,-4
1781754692146666011,77.0573,829.418,1.20566,1.14134,1.12794,0.030656,0.088992,0.01536,0.182272,0.810656,0.029743,1244819,1244819,415283,33.3609,1920,1080,raygs,triangles,1,off,0,on,-4
1781754692147778248,78.1696,830.504,1.20409,1.14102,1.12794,0.030336,0.08896,0.01536,0.181248,0.812032,0.016956,1244819,1244819,415283,33.3609,1920,1080,raygs,triangles,1,off,0,on,-4
1781754692148969377,79.3607,831.779,1.20224,1.14134,1.12867,0.029632,0.089312,0.01632,0.182528,0.81088,0.047534,1244819,1244819,415283,33.3609,1920,1080,raygs,triangles,1,off,0,on,-4
1781754692150326648,80.718,831.807,1.2022,1.14131,1.12995,0.030656,0.089632,0.016384,0.182272,0.811008,0.01946,1244819,1244819,415283,33.3609,1920,1080,raygs,triangles,1,off,0,on,-4
1781754692151679177,82.0705,829.159,1.20604,1.14813,1.1361,0.035712,0.089696,0.016384,0.183296,0.811008,0.058315,1244819,1244819,415283,33.3609,1920,1080,raygs,triangles,1,off,0,on,-4
1781754692152821377,83.2127,827.538,1.2084,1.14147,1.1281,0.031424,0.089312,0.016384,0.180224,0.810752,0.039175,1244819,1244819,415283,33.3609,1920,1080,raygs,triangles,1,off,0,on,-4
1781754692153990263,84.3816,828.204,1.20743,1.14115,1.13002,0.030496,0.089248,0.01632,0.183296,0.810656,0.044193,1244819,1244819,415283,33.3609,1920,1080,raygs,triangles,1,off,0,on,-4
1781754692155166601,85.5579,828.034,1.20768,1.14166,1.1304,0.029984,0.089728,0.016384,0.183296,0.811008,0.042982,1244819,1244819,415283,33.3609,1920,1080,raygs,triangles,1,off,0,on,-4
1781754692156323854,86.7152,827.831,1.20798,1.14045,1.12957,0.030432,0.089312,0.016384,0.182656,0.810784,0.043873,1244819,1244819,415283,33.3609,1920,1080,raygs,triangles,1,off,0,on,-4
1781754692157513271,87.9046,830.41,1.20422,1.14125,1.12848,0.029568,0.089248,0.016384,0.182336,0.810944,0.032021,1244819,1244819,415283,33.3609,1920,1080,raygs,triangles,1,off,0,on,-4
1781754692158656015,89.0473,832.439,1.20129,1.14189,1.12758,0.030176,0.088768,0.01536,0.182272,0.811008,0.044489,1244819,1244819,415283,33.3609,1920,1080,raygs,triangles,1,off,0,on,-4
1781754692159943187,90.3345,832.318,1.20146,1.25792,1.24486,0.030496,0.088992,0.016384,0.299008,0.809984,0.043197,1244819,1244819,415283,33.3609,1920,1080,raygs,triangles,1,off,0,on,-4
1781754692161109751,91.5011,831.432,1.20274,1.14512,1.13149,0.03136,0.089632,0.016384,0.183296,0.810816,0.041066,1244819,1244819,415283,33.3609,1920,1080,raygs,triangles,1,off,0,on,-4
1781754692162287973,92.6793,831.676,1.20239,1.14291,1.13098,0.030208,0.09104,0.016384,0.1824,0.810944,0.042958,1244819,1244819,415283,33.3609,1920,1080,raygs,triangles,1,off,0,on,-4
1781754692163467300,93.8586,831.207,1.20307,1.14221,1.12835,0.03024,0.089152,0.01568,0.183296,0.809984,0.029476,1244819,1244819,415283,33.3609,1920,1080,raygs,triangles,1,off,0,on,-4
1781754692164615634,95.0069,831.127,1.20319,1.1407,1.12874,0.030336,0.089664,0.016384,0.181536,0.810816,0.044905,1244819,1244819,415283,33.3609,1920,1080,raygs,triangles,1,off,0,on,-4
1781754692165749761,96.1411,833.057,1.2004,1.14147,1.12954,0.030112,0.089664,0.016384,0.1824,0.810976,0.016805,1244819,1244819,415283,33.3609,1920,1080,raygs,triangles,1,off,0,on,-4
1781754692167151037,97.5423,833.388,1.19992,1.14218,1.12906,0.030464,0.088928,0.016384,0.182272,0.811008,0.056536,1244819,1244819,415283,33.3609,1920,1080,raygs,triangles,1,off,0,on,-4
1781754692168433785,98.8251,830.797,1.20366,1.14774,1.13632,0.034976,0.089952,0.016384,0.183296,0.811712,0.043573,1244819,1244819,415283,33.3609,1920,1080,raygs,triangles,1,off,0,on,-4
1781754692169584020,99.9753,829.765,1.20516,1.14374,1.13062,0.03104,0.089696,0.016384,0.182496,0.811008,0.039966,1244819,1244819,415283,33.3609,1920,1080,raygs,triangles,1,off,0,on,-4
1781754692170754160,101.145,829.848,1.20504,1.13958,1.12832,0.029952,0.089728,0.016384,0.181248,0.811008,0.045707,1244819,1244819,415283,33.3609,1920,1080,raygs,triangles,1,off,0,on,-4
1781754692171966260,102.358,829.662,1.20531,1.1425,1.12758,0.029632,0.089312,0.01536,0.182272,0.811008,0.030384,1244819,1244819,415283,33.3609,1920,1080,raygs,triangles,1,off,0,on,-4
1781754692173101970,103.493,830.158,1.20459,1.14006,1.1271,0.030304,0.08816,0.016384,0.182272,0.809984,0.047304,1244819,1244819,415283,33.3609,1920,1080,raygs,triangles,1,off,0,on,-4
1781754692174263267,104.655,832.26,1.20155,1.13882,1.12582,0.030176,0.088832,0.01568,0.180224,0.810912,0.043755,1244819,1244819,415283,33.3609,1920,1080,raygs,triangles,1,off,0,on,-4
1781754692175589822,105.981,834.026,1.199,1.14115,1.13018,0.02944,0.089408,0.016384,0.183296,0.811648,0.031433,1244819,1244819,415283,33.3609,1920,1080,raygs,triangles,1,off,0,on,-4
1781754692176709116,107.1,831.994,1.20193,1.14307,1.12848,0.030368,0.089472,0.01536,0.183296,0.809984,0.043221,1244819,1244819,415283,33.3609,1920,1080,raygs,triangles,1,off,0,on,-4
1781754692177874415,108.266,832.857,1.20069,1.1423,1.12998,0.030592,0.08992,0.016384,0.182272,0.810816,0.043614,1244819,1244819,415283,33.3609,1920,1080,raygs,triangles,1,off,0,on,-4
1781754692179153989,109.545,832.873,1.20066,1.1407,1.1273,0.030112,0.08944,0.015712,0.181248,0.810784,0.035153,1244819,1244819,415283,33.3609,1920,1080,raygs,triangles,1,off,0,on,-4
1781754692180252319,110.644,831.655,1.20242,1.14173,1.13053,0.030016,0.089824,0.016384,0.18272,0.811584,0.030812,1244819,1244819,415283,33.3609,1920,1080,raygs,triangles,1,off,0,on,-4
1781754692181497444,111.889,832.833,1.20072,1.14102,1.12794,0.030304,0.09008,0.01632,0.181248,0.809984,0.037363,1244819,1244819,415283,33.3609,1920,1080,raygs,triangles,1,off,0,on,-4
1781754692182676362,113.068,833.628,1.19958,1.1432,1.13165,0.030496,0.08944,0.016384,0.18432,0.811008,0.049091,1244819,1244819,415283,33.3609,1920,1080,raygs,triangles,1,off,0,on,-4
1781754692184023833,114.415,833.16,1.20025,1.14058,1.12842,0.029888,0.089696,0.016384,0.182656,0.809792,0.044862,1244819,1244819,415283,33.3609,1920,1080,raygs,triangles,1,off,0,on,-4
1781754692185329359,115.721,831.644,1.20244,1.14765,1.13552,0.035456,0.089376,0.016384,0.183296,0.811008,0.030232,1244819,1244819,415283,33.3609,1920,1080,raygs,triangles,1,off,0,on,-4
1781754692186479556,116.871,830.922,1.20348,1.1431,1.12854,0.0304,0.089248,0.015616,0.182272,0.811008,0.041347,1244819,1244819,415283,33.3609,1920,1080,raygs,triangles,1,off,0,on,-4
1781754692187605478,117.997,830.256,1.20445,1.14045,1.12768,0.030816,0.089312,0.016192,0.181376,0.809984,0.015774,1244819,1244819,415283,33.3609,1920,1080,raygs,triangles,1,off,0,on,-4
1781754692188808826,119.2,830.411,1.20422,1.14048,1.12672,0.029824,0.089248,0.01536,0.181344,0.810944,0.047306,1244819,1244819,415283,33.3609,1920,1080,raygs,triangles,1,off,0,on,-4
1781754692189972488,120.364,829.975,1.20486,1.16346,1.15213,0.030304,0.08992,0.016384,0.2048,0.81072,0.019645,1244819,1244819,415283,33.3609,1920,1080,raygs,triangles,1,off,0,on,-4
1781754692191244652,121.636,832.826,1.20073,1.14269,1.13117,0.030208,0.089728,0.016384,0.18432,0.810528,0.042812,1244819,1244819,415283,33.3609,1920,1080,raygs,triangles,1,off,0,on,-4
1781754692192453825,122.845,832.82,1.20074,1.14266,1.12893,0.029952,0.089312,0.016384,0.182272,0.811008,0.043608,1244819,1244819,415283,33.3609,1920,1080,raygs,triangles,1,off,0,on,-4
1781754692193627018,124.018,832.609,1.20104,1.14237,1.12954,0.030656,0.089216,0.016384,0.182272,0.811008,0.04298,1244819,1244819,415283,33.3609,1920,1080,raygs,triangles,1,off,0,on,-4
1781754692194742378,125.134,832.421,1.20132,1.14118,1.12851,0.030336,0.089536,0.01536,0.182272,0.811008,0.015801,1244819,1244819,415283,33.3609,1920,1080,raygs,triangles,1,off,0,on,-4
1781754692195946960,126.338,833.36,1.19996,1.14038,1.12768,0.030752,0.089248,0.01536,0.181568,0.810752,0.050744,1244819,1244819,415283,33.3609,1920,1080,raygs,triangles,1,off,0,on,-4
1781754692197148742,127.54,832.563,1.20111,1.14134,1.12931,0.03008,0.089472,0.016384,0.182688,0.810688,0.028545,1244819,1244819,415283,33.3609,1920,1080,raygs,triangles,1,off,0,on,-4
1781754692198248338,128.64,832.586,1.20108,1.14054,1.12701,0.029888,0.089376,0.01536,0.181472,0.810912,0.015915,1244819,1244819,415283,33.3609,1920,1080,raygs,triangles,1,off,0,on,-4
1781754692199417926,129.809,834.657,1.1981,1.14115,1.12912,0.030336,0.08912,0.016384,0.182272,0.811008,0.026084,1244819,1244819,415283,33.3609,1920,1080,raygs,triangles,1,off,0,on,-4
1781754692200828493,131.22,834.134,1.19885,1.36438,1.35005,0.030496,0.089024,0.01536,0.40448,0.810688,0.046635,1244819,1244819,415283,33.3609,1920,1080,raygs,triangles,1,off,0,on,-4
1781754692202106745,132.498,831.548,1.20258,1.28099,1.26886,0.035168,0.08976,0.016384,0.316544,0.811008,0.019599,1244819,1244819,415283,33.3609,1920,1080,raygs,triangles,1,off,0,on,-4
1781754692203321587,133.713,830.926,1.20348,1.14006,1.12579,0.029408,0.089792,0.01536,0.180224,0.811008,0.053436,1244819,1244819,415283,33.3609,1920,1080,raygs,triangles,1,off,0,on,-4
1781754692204443841,134.835,829.557,1.20546,1.14189,1.1288,0.030176,0.08992,0.016448,0.181248,0.811008,0.016502,1244819,1244819,415283,33.3609,1920,1080,raygs,triangles,1,off,0,on,-4
1781754692205643845,136.035,830.361,1.20429,1.14045,1.1256,0.029696,0.089376,0.015488,0.180224,0.810816,0.050775,1244819,1244819,415283,33.3609,1920,1080,raygs,triangles,1,off,0,on,-4
1781754692206776858,137.168,832.139,1.20172,1.14954,1.1359,0.030304,0.089664,0.015552,0.18944,0.810944,0.014937,1244819,1244819,415283,33.3609,1920,1080,raygs,triangles,1,off,0,on,-4
1781754692207946809,138.338,833.974,1.19908,1.14118,1.1289,0.029504,0.089728,0.016384,0.182272,0.811008,0.025328,1244819,1244819,415283,33.3609,1920,1080,raygs,triangles,1,off,0,on,-4
1781754692209296544,139.688,834.13,1.19885,1.1399,1.1273,0.030272,0.0896,0.016384,0.180224,0.810816,0.041878,1244819,1244819,415283,33.3609,1920,1080,raygs,triangles,1,off,0,on,-4
1781754692210401701,140.793,831.916,1.20204,1.14054,1.12755,0.03088,0.089056,0.01536,0.181248,0.811008,0.015516,1244819,1244819,415283,33.3609,1920,1080,raygs,triangles,1,off,0,on,-4
1781754692211602246,141.994,833,1.20048,1.14253,1.12864,0.029792,0.089632,0.016192,0.182272,0.810752,0.049739,1244819,1244819,415283,33.3609,1920,1080,raygs,triangles,1,off,0,on,-4
1781754692212796382,143.188,832.193,1.20164,1.14218,1.12954,0.030496,0.089376,0.01536,0.183296,0.811008,0.030095,1244819,1244819,415283,33.3609,1920,1080,raygs,triangles,1,off,0,on,-4
1781754692213927204,144.319,832.219,1.20161,1.14054,1.1273,0.029888,0.089568,0.015584,0.181248,0.811008,0.038587,1244819,1244819,415283,33.3609,1920,1080,raygs,triangles,1,off,0,on,-4
1781754692215070435,145.462,833.078,1.20037,1.13984,1.12829,0.030208,0.089504,0.016384,0.181248,0.810944,0.020987,1244819,1244819,415283,33.3609,1920,1080,raygs,triangles,1,off,0,on,-4
1781754692216263951,146.655,833.867,1.19923,1.14118,1.12797,0.030496,0.089056,0.01616,0.181248,0.811008,0.047376,1244819,1244819,415283,33.3609,1920,1080,raygs,triangles,1,off,0,on,-4
1781754692217657000,148.048,833.844,1.19927,1.35946,1.34691,0.029632,0.089504,0.016384,0.400384,0.811008,0.055212,1244819,1244819,415283,33.3609,1920,1080,raygs,triangles,1,off,0,on,-4
1781754692218924978,149.316,831.695,1.20236,1.28115,1.26893,0.035296,0.09024,0.016384,0.316416,0.810592,0.020104,1244819,1244819,415283,33.3609,1920,1080,raygs,triangles,1,off,0,on,-4
1781754692220121830,150.513,830.239,1.20447,1.14134,1.12755,0.030688,0.090144,0.01536,0.180416,0.810944,0.052447,1244819,1244819,415283,33.3609,1920,1080,raygs,triangles,1,off,0,on,-4
1781754692221304859,151.696,829.609,1.20539,1.14064,1.12813,0.029984,0.089504,0.016384,0.182272,0.809984,0.03402,1244819,1244819,415283,33.3609,1920,1080,raygs,triangles,1,off,0,on,-4
1781754692222419559,152.811,829.343,1.20577,1.14147,1.12944,0.030304,0.08944,0.016384,0.182304,0.811008,0.016333,1244819,1244819,415283,33.3609,1920,1080,raygs,triangles,1,off,0,on,-4
1781754692223605217,153.997,832.407,1.20133,1.14086,1.12986,0.030464,0.089728,0.016384,0.182272,0.811008,0.039172,1244819,1244819,415283,33.3609,1920,1080,raygs,triangles,1,off,0,on,-4
1781754692224777085,155.168,834.289,1.19863,1.14118,1.13021,0.030528,0.090016,0.016384,0.182272,0.811008,0.028379,1244819,1244819,415283,33.3609,1920,1080,raygs,triangles,1,off,0,on,-4
1781754692226027894,156.419,833.839,1.19927,1.14202,1.12902,0.030336,0.089024,0.016384,0.182272,0.811008,0.018461,1244819,1244819,415283,33.3609,1920,1080,raygs,triangles,1,off,0,on,-4
1781754692227202878,157.594,832.914,1.2006,1.1417,1.1305,0.031008,0.089824,0.016384,0.182272,0.811008,0.029279,1244819,1244819,415283,33.3609,1920,1080,raygs,triangles,1,off,0,on,-4
1781754692228376397,158.768,832.958,1.20054,1.14189,1.12909,0.030176,0.089632,0.01632,0.182272,0.810688,0.025828,1244819,1244819,415283,33.3609,1920,1080,raygs,triangles,1,off,0,on,-4
1781754692229534727,159.926,832.728,1.20087,1.14054,1.12861,0.03024,0.0896,0.016384,0.181728,0.810656,0.025068,1244819,1244819,415283,33.3609,1920,1080,raygs,triangles,1,off,0,on,-4
1781754692230696895,161.088,833.151,1.20026,1.14163,1.12915,0.02992,0.089568,0.016384,0.183296,0.809984,0.024298,1244819,1244819,415283,33.3609,1920,1080,raygs,triangles,1,off,0,on,-4
1781754692231863822,162.255,832.904,1.20062,1.14102,1.12899,0.030336,0.090016,0.016384,0.182272,0.809984,0.024283,1244819,1244819,415283,33.3609,1920,1080,raygs,triangles,1,off,0,on,-4
1781754692233035616,163.427,834.354,1.19853,1.14208,1.12982,0.0304,0.08976,0.016384,0.183296,0.809984,0.025319,1244819,1244819,415283,33.3609,1920,1080,raygs,triangles,1,off,0,on,-4
1781754692234427026,164.818,834.23,1.19871,1.36362,1.35075,0.030496,0.089152,0.015616,0.40448,0.811008,0.024522,1244819,1244819,415283,33.3609,1920,1080,raygs,triangles,1,off,0,on,-4
1781754692235727772,166.119,831.801,1.20221,1.28202,1.26858,0.035104,0.090016,0.01536,0.31744,0.810656,0.02429,1244819,1244819,415283,33.3609,1920,1080,raygs,triangles,1,off,0,on,-4
1781754692236898497,167.29,830.426,1.2042,1.14125,1.12752,0.029376,0.09024,0.01648,0.180576,0.810848,0.024564,1244819,1244819,415283,33.3609,1920,1080,raygs,triangles,1,off,0,on,-4
1781754692238074655,168.466,830.149,1.2046,1.14032,1.12742,0.029632,0.089312,0.016224,0.181248,0.811008,0.027903,1244819,1244819,415283,33.3609,1920,1080,raygs,triangles,1,off,0,on,-4
1781754692239236891,169.628,829.746,1.20519,1.13827,1.12499,0.029632,0.088768,0.01536,0.180224,0.811008,0.025536,1244819,1244819,415283,33.3609,1920,1080,raygs,triangles,1,off,0,on,-4
1781754692240436730,170.828,832.453,1.20127,1.14163,1.12957,0.030112,0.089792,0.016384,0.183296,0.809984,0.037854,1244819,1244819,415283,33.3609,1920,1080,raygs,triangles,1,off,0,on,-4
1781754692241605087,171.996,833.327,1.20001,1.14112,1.12995,0.030432,0.089856,0.016384,0.182272,0.811008,0.029611,1244819,1244819,415283,33.3609,1920,1080,raygs,triangles,1,off,0,on,-4
1781754692242861392,173.253,833.048,1.20041,1.14118,1.12742,0.029504,0.089184,0.016384,0.181408,0.810944,0.023628,1244819,1244819,415283,33.3609,1920,1080,raygs,triangles,1,off,0,on,-4
1781754692244003998,174.395,832.116,1.20176,1.14131,1.12858,0.030624,0.089312,0.016384,0.182272,0.809984,0.019017,1244819,1244819,415283,33.3609,1920,1080,raygs,triangles,1,off,0,on,-4
1781754692245179269,175.571,832.968,1.20053,1.14189,1.12755,0.030176,0.088704,0.015488,0.182272,0.810912,0.026566,1244819,1244819,415283,33.3609,1920,1080,raygs,triangles,1,off,0,on,-4
1781754692246346893,176.738,832.478,1.20123,1.14115,1.12733,0.02944,0.08912,0.016384,0.181696,0.810688,0.024139,1244819,1244819,415283,33.3609,1920,1080,raygs,triangles,1,off,0,on,-4
1781754692247637827,178.029,832.511,1.20119,1.14368,1.12976,0.02992,0.089408,0.016384,0.183296,0.810752,0.04264,1244819,1244819,415283,33.3609,1920,1080,raygs,triangles,1,off,0,on,-4
1781754692248867107,179.258,832.752,1.20084,1.14221,1.1303,0.030496,0.089984,0.016384,0.183552,0.809888,0.046208,1244819,1244819,415283,33.3609,1920,1080,raygs,triangles,1,off,0,on,-4
1781754692250137107,180.528,831.495,1.20265,1.14115,1.12957,0.030496,0.089408,0.016384,0.182272,0.811008,0.017055,1244819,1244819,415283,33.3609,1920,1080,raygs,triangles,1,off,0,on,-4
1781754692251507373,181.899,830.159,1.20459,1.14272,1.13075,0.031008,0.089504,0.016288,0.183296,0.810656,0.051726,1244819,1244819,415283,33.3609,1920,1080,raygs,triangles,1,off,0,on,-4
1781754692252671857,183.063,829.475,1.20558,1.14698,1.13338,0.034272,0.08944,0.016384,0.182272,0.811008,0.041663,1244819,1244819,415283,33.3609,1920,1080,raygs,triangles,1,off,0,on,-4
1781754692253842658,184.234,828.558,1.20692,1.13968,1.12614,0.030048,0.089024,0.015712,0.181376,0.809984,0.041778,1244819,1244819,415283,33.3609,1920,1080,raygs,triangles,1,off,0,on,-4
1781754692254963692,185.355,829.324,1.2058,1.14186,1.13062,0.030176,0.089856,0.016384,0.183296,0.810912,0.015353,1244819,1244819,415283,33.3609,1920,1080,raygs,triangles,1,off,0,on,-4
1781754692256171816,186.563,829.788,1.20513,1.14102,1.13018,0.030336,0.090176,0.016384,0.182272,0.811008,0.050131,1244819,1244819,415283,33.3609,1920,1080,raygs,triangles,1,off,0,on,-4
1781754692257302771,187.694,831.666,1.20241,1.14096,1.1272,0.030272,0.089632,0.016384,0.180224,0.810688,0.016227,1244819,1244819,415283,33.3609,1920,1080,raygs,triangles,1,off,0,on,-4
1781754692258545398,188.937,833.537,1.19971,1.14205,1.13008,0.030432,0.089888,0.016384,0.18256,0.810816,0.039785,1244819,1244819,415283,33.3609,1920,1080,raygs,triangles,1,off,0,on,-4
1781754692259757972,190.149,832.525,1.20117,1.26358,1.25056,0.030432,0.089696,0.01616,0.303584,0.810688,0.015921,1244819,1244819,415283,33.3609,1920,1080,raygs,triangles,1,off,0,on,-4
1781754692260963651,191.355,831.604,1.20249,1.14218,1.13107,0.032192,0.089216,0.016384,0.182272,0.811008,0.052429,1244819,1244819,415283,33.3609,1920,1080,raygs,triangles,1,off,0,on,-4
1781754692262095604,192.487,831.578,1.20253,1.14186,1.12986,0.030144,0.091072,0.016384,0.181248,0.811008,0.018523,1244819,1244819,415283,33.3609,1920,1080,raygs,triangles,1,off,0,on,-4
1781754692263318563,193.71,831.827,1.20217,1.14259,1.12973,0.029888,0.089152,0.016384,0.183296,0.811008,0.052848,1244819,1244819,415283,33.3609,1920,1080,raygs,triangles,1,off,0,on,-4
1781754692264466178,194.857,832.423,1.20131,1.14141,1.1287,0.029728,0.089312,0.016384,0.182272,0.811008,0.041728,1244819,1244819,415283,33.3609,1920,1080,raygs,triangles,1,off,0,on,-4
1781754692265599952,195.991,833.224,1.20016,1.14266,1.12886,0.030496,0.089952,0.01536,0.182272,0.810784,0.016055,1244819,1244819,415283,33.3609,1920,1080,raygs,triangles,1,off,0,on,-4
1781754692267018592,197.41,833.495,1.19977,1.14474,1.13232,0.03024,0.089472,0.016384,0.185344,0.81088,0.052154,1244819,1244819,415283,33.3609,1920,1080,raygs,triangles,1,off,0,on,-4
1781754692268310240,198.702,830.331,1.20434,1.14934,1.1353,0.03552,0.090112,0.01536,0.18432,0.809984,0.040414,1244819,1244819,415283,33.3609,1920,1080,raygs,triangles,1,off,0,on,-4
1781754692269474741,199.866,829.098,1.20613,1.14422,1.1305,0.031488,0.089376,0.01536,0.183296,0.810976,0.041095,1244819,1244819,415283,33.3609,1920,1080,raygs,triangles,1,off,0,on,-4
1781754692270607217,200.999,829.633,1.20535,1.14016,1.12528,0.029472,0.089152,0.01552,0.180224,0.810912,0.018422,1244819,1244819,415283,33.3609,1920,1080,raygs,triangles,1,off,0,on,-4
1781754692271779196,202.171,829.218,1.20596,1.14102,1.12704,0.029312,0.089632,0.01536,0.181984,0.810752,0.026745,1244819,1244819,415283,33.3609,1920,1080,raygs,triangles,1,off,0,on,-4
1781754692272964418,203.356,828.868,1.20647,1.14054,1.12797,0.029856,0.088832,0.016384,0.182272,0.810624,0.044423,1244819,1244819,415283,33.3609,1920,1080,raygs,triangles,1,off,0,on,-4
1781754692274161406,204.553,831.762,1.20227,1.14102,1.1273,0.030336,0.08896,0.01536,0.181632,0.811008,0.054639,1244819,1244819,415283,33.3609,1920,1080,raygs,triangles,1,off,0,on,-4
1781754692275340461,205.732,832.779,1.2008,1.14045,1.12739,0.030144,0.089664,0.016384,0.180224,0.810976,0.029576,1244819,1244819,415283,33.3609,1920,1080,raygs,triangles,1,off,0,on,-4
1781754692276602424,206.994,833.143,1.20027,1.25878,1.24605,0.029312,0.089312,0.016384,0.300032,0.811008,0.051526,1244819,1244819,415283,33.3609,1920,1080,raygs,triangles,1,off,0,on,-4
1781754692277728963,208.12,831.686,1.20238,1.14307,1.13091,0.031904,0.089344,0.016384,0.183296,0.809984,0.018936,1244819,1244819,415283,33.3609,1920,1080,raygs,triangles,1,off,0,on,-4
1781754692278918079,209.309,832.201,1.20163,1.14102,1.12915,0.030336,0.090176,0.016384,0.182272,0.809984,0.044549,1244819,1244819,415283,33.3609,1920,1080,raygs,triangles,1,off,0,on,-4
1781754692280127778,210.519,831.845,1.20215,1.14147,1.1271,0.029792,0.089472,0.015584,0.182272,0.809984,0.034318,1244819,1244819,415283,33.3609,1920,1080,raygs,triangles,1,off,0,on,-4
1781754692281267889,211.659,831.341,1.20288,1.14099,1.12781,0.030336,0.08912,0.016192,0.181248,0.810912,0.042338,1244819,1244819,415283,33.3609,1920,1080,raygs,triangles,1,off,0,on,-4
1781754692282584883,212.976,833.401,1.1999,1.1415,1.13034,0.030176,0.089472,0.016384,0.183296,0.811008,0.040118,1244819,1244819,415283,33.3609,1920,1080,raygs,triangles,1,off,0,on,-4
1781754692283919451,214.311,830.873,1.20355,1.14093,1.12704,0.029216,0.089184,0.016256,0.181536,0.810848,0.038407,1244819,1244819,415283,33.3609,1920,1080,raygs,triangles,1,off,0,on,-4
1781754692285215988,215.607,829.317,1.20581,1.14771,1.13578,0.036032,0.09008,0.016384,0.183296,0.809984,0.041275,1244819,1244819,415283,33.3609,1920,1080,raygs,triangles,1,off,0,on,-4
1781754692286373948,216.765,828.216,1.20741,1.14234,1.13053,0.03168,0.089152,0.016384,0.182304,0.811008,0.036477,1244819,1244819,415283,33.3609,1920,1080,raygs,triangles,1,off,0,on,-4
1781754692287537118,217.928,827.88,1.2079,1.14118,1.12806,0.030112,0.089312,0.016384,0.182272,0.809984,0.035887,1244819,1244819,415283,33.3609,1920,1080,raygs,triangles,1,off,0,on,-4
1781754692288704608,219.096,827.826,1.20798,1.14086,1.12787,0.030176,0.089056,0.01536,0.182272,0.811008,0.036803,1244819,1244819,415283,33.3609,1920,1080,raygs,triangles,1,off,0,on,-4
1781754692289867458,220.259,827.957,1.20779,1.13984,1.12742,0.030336,0.089472,0.016384,0.181248,0.809984,0.036237,1244819,1244819,415283,33.3609,1920,1080,raygs,triangles,1,off,0,on,-4
1781754692291032101,221.423,830.588,1.20397,1.14234,1.13037,0.030656,0.089856,0.016384,0.182656,0.810816,0.035224,1244819,1244819,415283,33.3609,1920,1080,raygs,triangles,1,off,0,on,-4
1781754692292213851,222.605,831.943,1.20201,1.14237,1.12992,0.030656,0.0896,0.016384,0.183296,0.809984,0.039998,1244819,1244819,415283,33.3609,1920,1080,raygs,triangles,1,off,0,on,-4
1781754692293492629,223.884,831.918,1.20204,1.25578,1.24262,0.029408,0.089184,0.016384,0.29696,0.810688,0.035879,1244819,1244819,415283,33.3609,1920,1080,raygs,triangles,1,off,0,on,-4
1781754692294653481,225.045,830.974,1.20341,1.14374,1.12896,0.031008,0.089536,0.01536,0.182272,0.810784,0.036376,1244819,1244819,415283,33.3609,1920,1080,raygs,triangles,1,off,0,on,-4
1781754692295819878,226.211,830.344,1.20432,1.14189,1.12883,0.030368,0.089696,0.01536,0.18272,0.810688,0.035241,1244819,1244819,415283,33.3609,1920,1080,raygs,triangles,1,off,0,on,-4
1781754692296986043,227.377,830.539,1.20404,1.13987,1.12765,0.030464,0.08976,0.016384,0.180224,0.810816,0.0355,1244819,1244819,415283,33.3609,1920,1080,raygs,triangles,1,off,0,on,-4
1781754692298155880,228.547,830.646,1.20388,1.14173,1.12986,0.031008,0.089088,0.016384,0.182368,0.811008,0.036022,1244819,1244819,415283,33.3609,1920,1080,raygs,triangles,1,off,0,on,-4
1781754692299383634,229.775,831.455,1.20271,1.14237,1.12765,0.029632,0.089344,0.01536,0.182496,0.810816,0.036831,1244819,1244819,415283,33.3609,1920,1080,raygs,triangles,1,off,0,on,-4
1781754692300598259,230.99,830.986,1.20339,1.14134,1.12963,0.029632,0.089312,0.016384,0.183296,0.811008,0.030557,1244819,1244819,415283,33.3609,1920,1080,raygs,triangles,1,off,0,on,-4
1781754692301897249,232.289,830.748,1.20374,1.1432,1.13027,0.031488,0.08912,0.016384,0.182272,0.811008,0.039571,1244819,1244819,415283,33.3609,1920,1080,raygs,triangles,1,off,0,on,-4
1781754692303074178,233.465,829.111,1.20611,1.14781,1.13437,0.035808,0.089152,0.016384,0.182272,0.810752,0.045969,1244819,1244819,415283,33.3609,1920,1080,raygs,triangles,1,off,0,on,-4
1781754692304239569,234.631,828.928,1.20638,1.14016,1.12778,0.030496,0.089664,0.01536,0.181248,0.811008,0.046978,1244819,1244819,415283,33.3609,1920,1080,raygs,triangles,1,off,0,on,-4
1781754692305473262,235.865,828.945,1.20635,1.13952,1.12605,0.029888,0.089568,0.016384,0.180224,0.809984,0.033565,1244819,1244819,415283,33.3609,1920,1080,raygs,triangles,1,off,0,on,-4
1781754692306568574,236.96,828.155,1.2075,1.14016,1.1273,0.029472,0.089184,0.016384,0.181248,0.811008,0.043429,1244819,1244819,415283,33.3609,1920,1080,raygs,triangles,1,off,0,on,-4
1781754692307733685,238.125,831.662,1.20241,1.14054,1.12902,0.029888,0.089472,0.016384,0.182272,0.811008,0.043332,1244819,1244819,415283,33.3609,1920,1080,raygs,triangles,1,off,0,on,-4
1781754692309018351,239.41,833.121,1.20031,1.14026,1.12902,0.030048,0.089408,0.016384,0.182272,0.810912,0.043494,1244819,1244819,415283,33.3609,1920,1080,raygs,triangles,1,off,0,on,-4
1781754692310217180,240.608,831.784,1.20223,1.14195,1.12989,0.031296,0.089952,0.016384,0.182272,0.809984,0.033339,1244819,1244819,415283,33.3609,1920,1080,raygs,triangles,1,off,0,on,-4
1781754692311396282,241.788,831.614,1.20248,1.13968,1.12854,0.030528,0.089408,0.016384,0.181248,0.810976,0.029563,1244819,1244819,415283,33.3609,1920,1080,raygs,triangles,1,off,0,on,-4
1781754692312546226,242.938,831.413,1.20277,1.14099,1.12698,0.030336,0.08912,0.016288,0.181248,0.809984,0.030567,1244819,1244819,415283,33.3609,1920,1080,raygs,triangles,1,off,0,on,-4
1781754692313699557,244.091,831.94,1.20201,1.14192,1.12874,0.030208,0.088864,0.016384,0.182272,0.811008,0.030115,1244819,1244819,415283,33.3609,1920,1080,raygs,triangles,1,off,0,on,-4
1781754692314852018,245.243,832.165,1.20168,1.13968,1.1257,0.030016,0.089088,0.01536,0.181248,0.809984,0.045027,1244819,1244819,415283,33.3609,1920,1080,raygs,triangles,1,off,0,on,-4
1781754692316018184,246.409,833.339,1.19999,1.14157,1.12877,0.030272,0.089664,0.01536,0.18272,0.810752,0.04418,1244819,1244819,415283,33.3609,1920,1080,raygs,triangles,1,off,0,on,-4
1781754692317405268,247.797,833.096,1.20034,1.3217,1.30845,0.029792,0.088768,0.016384,0.362496,0.811008,0.035427,1244819,1244819,415283,33.3609,1920,1080,raygs,triangles,1,off,0,on,-4
1781754692318680930,249.072,830.524,1.20406,1.28122,1.26854,0.035392,0.090304,0.015424,0.316416,0.811008,0.046088,1244819,1244819,415283,33.3609,1920,1080,raygs,triangles,1,off,0,on,-4
1781754692319979857,250.371,829.375,1.20573,1.14259,1.13069,0.029856,0.090496,0.016384,0.183296,0.810656,0.043377,1244819,1244819,415283,33.3609,1920,1080,raygs,triangles,1,off,0,on,-4
1781754692321139581,251.531,829.443,1.20563,1.14784,1.13421,0.031008,0.0896,0.01536,0.188416,0.809824,0.043476,1244819,1244819,415283,33.3609,1920,1080,raygs,triangles,1,off,0,on,-4
1781754692322313227,252.705,830.197,1.20453,1.14637,1.13424,0.030144,0.089312,0.016384,0.188416,0.809984,0.04198,1244819,1244819,415283,33.3609,1920,1080,raygs,triangles,1,off,0,on,-4
1781754692323522401,253.914,831.464,1.2027,1.1712,1.15846,0.029792,0.089472,0.016384,0.211968,0.810848,0.057287,1244819,1244819,415283,33.3609,1920,1080,raygs,triangles,1,off,0,on,-4
1781754692324691929,255.083,833.153,1.20026,1.14582,1.13456,0.030016,0.089696,0.016384,0.187456,0.811008,0.043879,1244819,1244819,415283,33.3609,1920,1080,raygs,triangles,1,off,0,on,-4
1781754692325976307,256.368,833.068,1.20038,1.14858,1.13568,0.030144,0.089856,0.016384,0.188416,0.81088,0.052854,1244819,1244819,415283,33.3609,1920,1080,raygs,triangles,1,off,0,on,-4
1781754692327110093,257.501,831.829,1.20217,1.15024,1.13651,0.030784,0.08992,0.01536,0.190464,0.809984,0.019677,1244819,1244819,415283,33.3609,1920,1080,raygs,triangles,1,off,0,on,-4
1781754692328333834,258.725,831.728,1.20232,1.14912,1.13702,0.030656,0.0896,0.016384,0.189824,0.81056,0.066854,1244819,1244819,415283,33.3609,1920,1080,raygs,triangles,1,off,0,on,-4
1781754692329544346,259.936,831.447,1.20272,1.14819,1.13648,0.030336,0.089792,0.016384,0.18944,0.810528,0.035163,1244819,1244819,415283,33.3609,1920,1080,raygs,triangles,1,off,0,on,-4
1781754692330664125,261.055,830.653,1.20387,1.14912,1.13606,0.030144,0.090112,0.016384,0.18944,0.809984,0.038838,1244819,1244819,415283,33.3609,1920,1080,raygs,triangles,1,off,0,on,-4
1781754692331873763,262.265,831.93,1.20202,1.14819,1.1351,0.030336,0.089152,0.016192,0.18944,0.809984,0.034034,1244819,1244819,415283,33.3609,1920,1080,raygs,triangles,1,off,0,on,-4
1781754692333025355,263.417,832.144,1.20171,1.14701,1.1351,0.030464,0.089856,0.016384,0.187392,0.811008,0.042141,1244819,1244819,415283,33.3609,1920,1080,raygs,triangles,1,off,0,on,-4
1781754692334417005,264.808,832.634,1.20101,1.36794,1.35379,0.029952,0.089728,0.01536,0.407808,0.810944,0.045175,1244819,1244819,415283,33.3609,1920,1080,raygs,triangles,1,off,0,on,-4
1781754692335723131,266.114,829.826,1.20507,1.28794,1.27597,0.029728,0.089536,0.016384,0.329728,0.810592,0.052836,1244819,1244819,415283,33.3609,1920,1080,raygs,triangles,1,off,0,on,-4
1781754692336860054,267.251,828.762,1.20662,1.14842,1.13555,0.029568,0.090176,0.01632,0.18848,0.811008,0.019831,1244819,1244819,415283,33.3609,1920,1080,raygs,triangles,1,off,0,on,-4
1781754692338054328,268.446,828.646,1.20679,1.14662,1.13494,0.029792,0.089472,0.016384,0.188416,0.81088,0.046044,1244819,1244819,415283,33.3609,1920,1080,raygs,triangles,1,off,0,on,-4
1781754692339240088,269.631,828.31,1.20728,1.14624,1.132,0.030432,0.089856,0.01536,0.186368,0.809984,0.049873,1244819,1244819,415283,33.3609,1920,1080,raygs,triangles,1,off,0,on,-4
1781754692340416921,270.808,830.757,1.20372,1.14717,1.13485,0.03072,0.089632,0.016096,0.187392,0.811008,0.053589,1244819,1244819,415283,33.3609,1920,1080,raygs,triangles,1,off,0,on,-4
1781754692341553195,271.945,832.161,1.20169,1.14736,1.13542,0.029504,0.08912,0.016384,0.18944,0.810976,0.020116,1244819,1244819,415283,33.3609,1920,1080,raygs,triangles,1,off,0,on,-4
1781754692342881211,273.273,832.262,1.20155,1.14848,1.13613,0.030656,0.088992,0.016384,0.18944,0.810656,0.054349,1244819,1244819,415283,33.3609,1920,1080,raygs,triangles,1,off,0,on,-4
1781754692344053781,274.445,830.281,1.20441,1.14778,1.1353,0.030944,0.088736,0.016384,0.188416,0.810816,0.041691,1244819,1244819,415283,33.3609,1920,1080,raygs,triangles,1,off,0,on,-4
1781754692345183326,275.575,830.663,1.20386,1.14934,1.13546,0.029472,0.089152,0.016384,0.18944,0.811008,0.015444,1244819,1244819,415283,33.3609,1920,1080,raygs,triangles,1,off,0,on,-4
1781754692346440415,276.832,830.58,1.20398,1.14781,1.13478,0.030368,0.088608,0.01536,0.18944,0.811008,0.04107,1244819,1244819,415283,33.3609,1920,1080,raygs,triangles,1,off,0,on,-4
1781754692347575516,277.967,830.178,1.20456,1.14749,1.13379,0.03008,0.089952,0.01536,0.188416,0.809984,0.043754,1244819,1244819,415283,33.3609,1920,1080,raygs,triangles,1,off,0,on,-4
1781754692348713165,279.104,830.601,1.20395,1.1495,1.13693,0.029632,0.08944,0.016384,0.190464,0.811008,0.016939,1244819,1244819,415283,33.3609,1920,1080,raygs,triangles,1,off,0,on,-4
1781754692349922515,280.314,831.888,1.20208,1.14883,1.13555,0.030208,0.0896,0.01632,0.18944,0.809984,0.052601,1244819,1244819,415283,33.3609,1920,1080,raygs,triangles,1,off,0,on,-4
1781754692351284838,281.676,831.254,1.203,1.38211,1.36979,0.029792,0.089632,0.016288,0.423072,0.811008,0.016539,1244819,1244819,415283,33.3609,1920,1080,raygs,triangles,1,off,0,on,-4
1781754692352644440,283.036,828.913,1.2064,1.2905,1.27907,0.030624,0.089312,0.016384,0.331104,0.811648,0.052213,1244819,1244819,415283,33.3609,1920,1080,raygs,triangles,1,off,0,on,-4
1781754692353778717,284.17,827.451,1.20853,1.14982,1.13773,0.030112,0.090784,0.016384,0.18944,0.811008,0.016544,1244819,1244819,415283,33.3609,1920,1080,raygs,triangles,1,off,0,on,-4
1781754692354975093,285.366,827.621,1.20828,1.1496,1.13725,0.029728,0.089568,0.016384,0.19088,0.810688,0.045042,1244819,1244819,415283,33.3609,1920,1080,raygs,triangles,1,off,0,on,-4
1781754692356133716,286.525,829.349,1.20577,1.15174,1.1383,0.030176,0.089056,0.015552,0.193536,0.809984,0.021921,1244819,1244819,415283,33.3609,1920,1080,raygs,triangles,1,off,0,on,-4
1781754692357354824,287.746,830.99,1.20338,1.15213,1.13981,0.030176,0.08992,0.016384,0.192512,0.810816,0.065437,1244819,1244819,415283,33.3609,1920,1080,raygs,triangles,1,off,0,on,-4
1781754692358524747,288.916,832.076,1.20181,1.15078,1.1393,0.029856,0.089536,0.016384,0.192512,0.811008,0.044375,1244819,1244819,415283,33.3609,1920,1080,raygs,triangles,1,off,0,on,-4
1781754692359774032,290.165,831.902,1.20206,1.14976,1.13834,0.029856,0.089472,0.016384,0.191712,0.810912,0.015861,1244819,1244819,415283,33.3609,1920,1080,raygs,triangles,1,off,0,on,-4
1781754692361009167,291.4,830.769,1.2037,1.15213,1.14006,0.0312,0.089152,0.016192,0.192512,0.811008,0.067965,1244819,1244819,415283,33.3609,1920,1080,raygs,triangles,1,off,0,on,-4
1781754692362130675,292.522,830.125,1.20464,1.15011,1.13802,0.030368,0.089792,0.016384,0.191488,0.809984,0.016294,1244819,1244819,415283,33.3609,1920,1080,raygs,triangles,1,off,0,on,-4
1781754692363392420,293.784,830.458,1.20416,1.15197,1.13933,0.030048,0.089376,0.016384,0.193536,0.809984,0.04133,1244819,1244819,415283,33.3609,1920,1080,raygs,triangles,1,off,0,on,-4
1781754692364536062,294.927,829.391,1.2057,1.14954,1.13744,0.030272,0.089312,0.016384,0.191488,0.809984,0.057802,1244819,1244819,415283,33.3609,1920,1080,raygs,triangles,1,off,0,on,-4
1781754692365703253,296.095,829.894,1.20497,1.14877,1.13494,0.029888,0.089344,0.016128,0.189632,0.809952,0.052704,1244819,1244819,415283,33.3609,1920,1080,raygs,triangles,1,off,0,on,-4
1781754692367061097,297.452,831.204,1.20307,1.1545,1.14112,0.029472,0.089696,0.01536,0.195584,0.811008,0.019639,1244819,1244819,415283,33.3609,1920,1080,raygs,triangles,1,off,0,on,-4
1781754692368393263,298.785,828.786,1.20658,1.15158,1.14042,0.035936,0.089536,0.016384,0.187776,0.810784,0.060956,1244819,1244819,415283,33.3609,1920,1080,raygs,triangles,1,off,0,on,-4
1781754692369518356,299.91,827.026,1.20915,1.14832,1.13485,0.03152,0.089408,0.01552,0.188416,0.809984,0.018811,1244819,1244819,415283,33.3609,1920,1080,raygs,triangles,1,off,0,on,-4
1781754692370696327,301.088,827.423,1.20857,1.14621,1.13309,0.030432,0.088512,0.015744,0.188416,0.809984,0.025623,1244819,1244819,415283,33.3609,1920,1080,raygs,triangles,1,off,0,on,-4
1781754692371958459,302.35,827.35,1.20868,1.14749,1.13446,0.030656,0.089024,0.01536,0.188416,0.811008,0.089064,1244819,1244819,415283,33.3609,1920,1080,raygs,triangles,1,off,0,on,-4
1781754692373080805,303.472,826.889,1.20935,1.14717,1.13507,0.030336,0.08992,0.016384,0.187424,0.811008,0.041394,1244819,1244819,415283,33.3609,1920,1080,raygs,triangles,1,off,0,on,-4
1781754692374255432,304.647,827.824,1.20799,1.14637,1.13222,0.030208,0.08928,0.01536,0.187392,0.809984,0.051179,1244819,1244819,415283,33.3609,1920,1080,raygs,triangles,1,off,0,on,-4
1781754692375448905,305.84,829.236,1.20593,1.14669,1.13472,0.029856,0.089536,0.016384,0.188416,0.810528,0.054816,1244819,1244819,415283,33.3609,1920,1080,raygs,triangles,1,off,0,on,-4
1781754692376732059,307.123,828.985,1.20629,1.27683,1.26547,0.02992,0.08976,0.016384,0.318464,0.810944,0.046843,1244819,1244819,415283,33.3609,1920,1080,raygs,triangles,1,off,0,on,-4
1781754692377913291,308.305,827.59,1.20833,1.1472,1.13603,0.0304,0.08992,0.016384,0.188416,0.810912,0.030995,1244819,1244819,415283,33.3609,1920,1080,raygs,triangles,1,off,0,on,-4
1781754692379126277,309.518,828.249,1.20737,1.14829,1.13517,0.030432,0.089952,0.016384,0.188416,0.809984,0.033527,1244819,1244819,415283,33.3609,1920,1080,raygs,triangles,1,off,0,on,-4
1781754692380255291,310.647,826.792,1.20949,1.14704,1.13427,0.030208,0.08928,0.01536,0.188416,0.811008,0.042594,1244819,1244819,415283,33.3609,1920,1080,raygs,triangles,1,off,0,on,-4
1781754692381417361,311.809,827.449,1.20853,1.14867,1.13408,0.029792,0.089312,0.01536,0.188896,0.81072,0.041326,1244819,1244819,415283,33.3609,1920,1080,raygs,triangles,1,off,0,on,-4
1781754692382550904,312.942,828.899,1.20642,1.14819,1.13565,0.030368,0.088992,0.015744,0.189536,0.811008,0.01533,1244819,1244819,415283,33.3609,1920,1080,raygs,triangles,1,off,0,on,-4
1781754692383952319,314.344,829.457,1.20561,1.14758,1.13334,0.029728,0.089856,0.01536,0.187392,0.811008,0.053891,1244819,1244819,415283,33.3609,1920,1080,raygs,triangles,1,off,0,on,-4
1781754692385247240,315.639,826.989,1.20921,1.15258,1.14058,0.034624,0.089408,0.016384,0.188416,0.811744,0.041765,1244819,1244819,415283,33.3609,1920,1080,raygs,triangles,1,off,0,on,-4
1781754692386383090,316.774,825.403,1.21153,1.14918,1.13587,0.031328,0.08976,0.016384,0.188416,0.809984,0.018477,1244819,1244819,415283,33.3609,1920,1080,raygs,triangles,1,off,0,on,-4
1781754692387576958,317.968,825.471,1.21143,1.1448,1.13059,0.03008,0.0888,0.01536,0.186368,0.809984,0.046301,1244819,1244819,415283,33.3609,1920,1080,raygs,triangles,1,off,0,on,-4
1781754692388837739,319.229,825.134,1.21192,1.14682,1.13408,0.030528,0.089376,0.015648,0.187648,0.81088,0.036907,1244819,1244819,415283,33.3609,1920,1080,raygs,triangles,1,off,0,on,-4
1781754692389937858,320.329,823.924,1.2137,1.14784,1.13424,0.029984,0.089824,0.01616,0.187392,0.81088,0.04179,1244819,1244819,415283,33.3609,1920,1080,raygs,triangles,1,off,0,on,-4
1781754692391231837,321.623,827.31,1.20874,1.14701,1.13382,0.030208,0.088832,0.016384,0.188416,0.809984,0.033544,1244819,1244819,415283,33.3609,1920,1080,raygs,triangles,1,off,0,on,-4
1781754692392378380,322.77,826.983,1.20921,1.1473,1.13661,0.030496,0.089152,0.01632,0.189696,0.810944,0.016858,1244819,1244819,415283,33.3609,1920,1080,raygs,triangles,1,off,0,on,-4
1781754692393607183,323.998,828.553,1.20692,1.1497,1.13715,0.031264,0.089408,0.016384,0.18944,0.810656,0.055736,1244819,1244819,415283,33.3609,1920,1080,raygs,triangles,1,off,0,on,-4
1781754692394725227,325.117,827.961,1.20779,1.14883,1.13568,0.030368,0.089504,0.016384,0.18944,0.809984,0.015953,1244819,1244819,415283,33.3609,1920,1080,raygs,triangles,1,off,0,on,-4
1781754692395984411,326.376,828.454,1.20707,1.14714,1.13482,0.030368,0.088864,0.016384,0.188416,0.810784,0.040582,1244819,1244819,415283,33.3609,1920,1080,raygs,triangles,1,off,0,on,-4
1781754692397131799,327.523,827.961,1.20779,1.14787,1.13459,0.030304,0.08848,0.016384,0.18944,0.809984,0.060809,1244819,1244819,415283,33.3609,1920,1080,raygs,triangles,1,off,0,on,-4
1781754692398325766,328.717,828.289,1.20731,1.14739,1.13539,0.030592,0.090016,0.016384,0.188416,0.809984,0.032208,1244819,1244819,415283,33.3609,1920,1080,raygs,triangles,1,off,0,on,-4
1781754692399419683,329.811,829.312,1.20582,1.14816,1.13424,0.029312,0.08912,0.016384,0.18944,0.809984,0.01601,1244819,1244819,415283,33.3609,1920,1080,raygs,triangles,1,off,0,on,-4
1781754692400794881,331.186,829.768,1.20516,1.34685,1.33475,0.030592,0.089696,0.016384,0.387072,0.811008,0.026064,1244819,1244819,415283,33.3609,1920,1080,raygs,triangles,1,off,0,on,-4
1781754692402148351,332.54,827.879,1.20791,1.28413,1.27062,0.030272,0.088736,0.016384,0.324608,0.810624,0.054571,1244819,1244819,415283,33.3609,1920,1080,raygs,triangles,1,off,0,on,-4
1781754692403316859,333.708,826.394,1.21008,1.14749,1.13411,0.0304,0.090208,0.016384,0.186368,0.810752,0.043729,1244819,1244819,415283,33.3609,1920,1080,raygs,triangles,1,off,0,on,-4
1781754692404480668,334.872,825.906,1.21079,1.14733,1.1351,0.030624,0.08944,0.015616,0.188416,0.811008,0.052043,1244819,1244819,415283,33.3609,1920,1080,raygs,triangles,1,off,0,on,-4
1781754692405611279,336.003,826.414,1.21005,1.14704,1.13558,0.030496,0.08928,0.016384,0.188416,0.811008,0.01947,1244819,1244819,415283,33.3609,1920,1080,raygs,triangles,1,off,0,on,-4
1781754692406837378,337.229,826.394,1.21008,1.17085,1.15706,0.02944,0.08928,0.016384,0.211968,0.809984,0.045848,1244819,1244819,415283,33.3609,1920,1080,raygs,triangles,1,off,0,on,-4
1781754692407974826,338.366,828.557,1.20692,1.14573,1.13296,0.02992,0.089472,0.016192,0.186368,0.811008,0.018152,1244819,1244819,415283,33.3609,1920,1080,raygs,triangles,1,off,0,on,-4
1781754692409271211,339.663,830.338,1.20433,1.14874,1.13539,0.030464,0.089376,0.016384,0.188416,0.810752,0.026028,1244819,1244819,415283,33.3609,1920,1080,raygs,triangles,1,off,0,on,-4
1781754692410480124,340.871,828.653,1.20678,1.14938,1.1359,0.030496,0.0896,0.01536,0.18944,0.811008,0.047409,1244819,1244819,415283,33.3609,1920,1080,raygs,triangles,1,off,0,on,-4
1781754692411622198,342.014,828.429,1.2071,1.14819,1.13462,0.030336,0.088832,0.01536,0.18944,0.810656,0.01908,1244819,1244819,415283,33.3609,1920,1080,raygs,triangles,1,off,0,on,-4
1781754692412884308,343.276,828.813,1.20654,1.14851,1.13613,0.029664,0.089664,0.016384,0.18944,0.810976,0.040795,1244819,1244819,415283,33.3609,1920,1080,raygs,triangles,1,off,0,on,-4
1781754692414004786,344.396,827.906,1.20787,1.1489,1.13469,0.030016,0.088864,0.01536,0.18944,0.811008,0.038362,1244819,1244819,415283,33.3609,1920,1080,raygs,triangles,1,off,0,on,-4
1781754692415144690,345.536,828.301,1.20729,1.14765,1.13398,0.029792,0.08976,0.015456,0.188416,0.81056,0.02013,1244819,1244819,415283,33.3609,1920,1080,raygs,triangles,1,off,0,on,-4
1781754692416375337,346.767,830.084,1.2047,1.14832,1.13475,0.030496,0.089504,0.01536,0.188416,0.810976,0.067988,1244819,1244819,415283,33.3609,1920,1080,raygs,triangles,1,off,0,on,-4
1781754692417778988,348.17,829.577,1.20543,1.3911,1.37795,0.030592,0.088992,0.016384,0.431104,0.81088,0.053478,1244819,1244819,415283,33.3609,1920,1080,raygs,triangles,1,off,0,on,-4
1781754692419088942,349.48,826.717,1.2096,1.2887,1.27606,0.029568,0.089376,0.016384,0.329728,0.811008,0.056222,1244819,1244819,415283,33.3609,1920,1080,raygs,triangles,1,off,0,on,-4
1781754692420230284,350.622,825.973,1.21069,1.14819,1.13632,0.030368,0.090144,0.016384,0.18944,0.809984,0.01987,1244819,1244819,415283,33.3609,1920,1080,raygs,triangles,1,off,0,on,-4
1781754692421440631,351.832,825.719,1.21107,1.14691,1.13386,0.031136,0.089152,0.016192,0.187392,0.809984,0.053156,1244819,1244819,415283,33.3609,1920,1080,raygs,triangles,1,off,0,on,-4
1781754692422593539,352.985,825.151,1.2119,1.14701,1.13485,0.030176,0.08976,0.016384,0.187712,0.810816,0.035825,1244819,1244819,415283,33.3609,1920,1080,raygs,triangles,1,off,0,on,-4
1781754692423794569,354.186,825.638,1.21118,1.14803,1.13587,0.030176,0.089952,0.016384,0.188416,0.810944,0.064728,1244819,1244819,415283,33.3609,1920,1080,raygs,triangles,1,off,0,on,-4
1781754692424910012,355.301,827.666,1.20822,1.14874,1.13517,0.029856,0.089504,0.016384,0.18944,0.809984,0.015228,1244819,1244819,415283,33.3609,1920,1080,raygs,triangles,1,off,0,on,-4
1781754692426259064,356.65,829.98,1.20485,1.1496,1.13658,0.030752,0.088992,0.01568,0.18944,0.811712,0.067344,1244819,1244819,415283,33.3609,1920,1080,raygs,triangles,1,off,0,on,-4
1781754692427378875,357.77,827.959,1.20779,1.14848,1.13552,0.030624,0.089344,0.016384,0.188416,0.810752,0.019027,1244819,1244819,415283,33.3609,1920,1080,raygs,triangles,1,off,0,on,-4
1781754692428626170,359.017,828.527,1.20696,1.14854,1.1351,0.030336,0.08928,0.01616,0.188416,0.810912,0.06689,1244819,1244819,415283,33.3609,1920,1080,raygs,triangles,1,off,0,on,-4
1781754692429817348,360.209,827.878,1.20791,1.14621,1.13283,0.0304,0.089472,0.015584,0.187392,0.809984,0.033736,1244819,1244819,415283,33.3609,1920,1080,raygs,triangles,1,off,0,on,-4
1781754692430942981,361.334,827.933,1.20783,1.14685,1.13402,0.030016,0.089216,0.01536,0.188416,0.811008,0.042917,1244819,1244819,415283,33.3609,1920,1080,raygs,triangles,1,off,0,on,-4
1781754692432080236,362.472,828.515,1.20698,1.14637,1.13274,0.029536,0.08944,0.016384,0.187392,0.809984,0.017023,1244819,1244819,415283,33.3609,1920,1080,raygs,triangles,1,off,0,on,-4
1781754692433281341,363.673,829.794,1.20512,1.14803,1.13475,0.030528,0.089664,0.01616,0.188416,0.809984,0.050539,1244819,1244819,415283,33.3609,1920,1080,raygs,triangles,1,off,0,on,-4
1781754692434648025,365.039,830.22,1.2045,1.38064,1.36701,0.030336,0.089152,0.015648,0.421888,0.809984,0.019061,1244819,1244819,415283,33.3609,1920,1080,raygs,triangles,1,off,0,on,-4
1781754692435999089,366.39,827.266,1.2088,1.28643,1.27446,0.030336,0.088992,0.016288,0.328032,0.810816,0.04615,1244819,1244819,415283,33.3609,1920,1080,raygs,triangles,1,off,0,on,-4
1781754692437136752,367.528,826.491,1.20994,1.14816,1.13434,0.030336,0.09024,0.015616,0.187392,0.810752,0.022567,1244819,1244819,415283,33.3609,1920,1080,raygs,triangles,1,off,0,on,-4
1781754692438313823,368.705,826.162,1.21042,1.14723,1.13539,0.030432,0.089152,0.016384,0.18944,0.809984,0.026094,1244819,1244819,415283,33.3609,1920,1080,raygs,triangles,1,off,0,on,-4
1781754692439505820,369.897,826.138,1.21045,1.14576,1.13267,0.030592,0.089344,0.01536,0.187392,0.809984,0.046758,1244819,1244819,415283,33.3609,1920,1080,raygs,triangles,1,off,0,on,-4
1781754692440651476,371.043,828.396,1.20715,1.14637,1.132,0.030656,0.088832,0.01536,0.186368,0.810784,0.019479,1244819,1244819,415283,33.3609,1920,1080,raygs,triangles,1,off,0,on,-4
1781754692441831256,372.223,830.295,1.20439,1.14691,1.13283,0.030112,0.088896,0.01536,0.187808,0.810656,0.025304,1244819,1244819,415283,33.3609,1920,1080,raygs,triangles,1,off,0,on,-4
1781754692443153615,373.545,829.666,1.2053,1.14934,1.13738,0.030048,0.08928,0.016384,0.19072,0.810944,0.059584,1244819,1244819,415283,33.3609,1920,1080,raygs,triangles,1,off,0,on,-4
1781754692444337399,374.729,828.243,1.20738,1.1481,1.13706,0.031264,0.089984,0.016384,0.188416,0.811008,0.046395,1244819,1244819,415283,33.3609,1920,1080,raygs,triangles,1,off,0,on,-4
1781754692445491916,375.883,828.987,1.20629,1.14637,1.13322,0.03056,0.088736,0.01536,0.187776,0.810784,0.036933,1244819,1244819,415283,33.3609,1920,1080,raygs,triangles,1,off,0,on,-4
1781754692446690318,377.082,828.653,1.20678,1.14781,1.13382,0.03008,0.089792,0.015552,0.188416,0.809984,0.047286,1244819,1244819,415283,33.3609,1920,1080,raygs,triangles,1,off,0,on,-4
1781754692447807111,378.198,828.271,1.20733,1.14765,1.13498,0.029824,0.089472,0.016384,0.188416,0.81088,0.016194,1244819,1244819,415283,33.3609,1920,1080,raygs,triangles,1,off,0,on,-4
1781754692449034610,379.426,828.933,1.20637,1.14819,1.13418,0.030368,0.089024,0.01536,0.18944,0.809984,0.066261,1244819,1244819,415283,33.3609,1920,1080,raygs,triangles,1,off,0,on,-4
1781754692450146856,380.538,829.958,1.20488,1.14858,1.13693,0.029696,0.089376,0.016384,0.190464,0.811008,0.015747,1244819,1244819,415283,33.3609,1920,1080,raygs,triangles,1,off,0,on,-4
1781754692451603354,381.995,830.571,1.20399,1.3849,1.3736,0.030496,0.089024,0.016384,0.427008,0.810688,0.061069,1244819,1244819,415283,33.3609,1920,1080,raygs,triangles,1,off,0,on,-4
1781754692452922636,383.314,828.003,1.20773,1.28438,1.27299,0.03056,0.089408,0.016384,0.326656,0.809984,0.046529,1244819,1244819,415283,33.3609,1920,1080,raygs,triangles,1,off,0,on,-4
1781754692454102108,384.493,825.682,1.21112,1.14848,1.13568,0.030656,0.089984,0.015616,0.188416,0.811008,0.029918,1244819,1244819,415283,33.3609,1920,1080,raygs,triangles,1,off,0,on,-4
1781754692455260221,385.652,825.431,1.21149,1.1455,1.13245,0.029696,0.089472,0.01616,0.186368,0.810752,0.041903,1244819,1244819,415283,33.3609,1920,1080,raygs,triangles,1,off,0,on,-4
1781754692456394704,386.786,825.351,1.21161,1.14582,1.13238,0.030048,0.089952,0.016416,0.185344,0.810624,0.01573,1244819,1244819,415283,33.3609,1920,1080,raygs,triangles,1,off,0,on,-4
1781754692457594539,387.986,828.067,1.20763,1.14781,1.13546,0.029952,0.089792,0.016384,0.18944,0.809888,0.047278,1244819,1244819,415283,33.3609,1920,1080,raygs,triangles,1,off,0,on,-4
1781754692458907334,389.299,829.365,1.20574,1.14749,1.1361,0.029632,0.089632,0.016384,0.18944,0.811008,0.031765,1244819,1244819,415283,33.3609,1920,1080,raygs,triangles,1,off,0,on,-4
1781754692460227224,390.619,827.379,1.20864,1.14835,1.13632,0.031104,0.089312,0.016384,0.18976,0.80976,0.02868,1244819,1244819,415283,33.3609,1920,1080,raygs,triangles,1,off,0,on,-4
1781754692461366484,391.758,825.795,1.21095,1.15078,1.13638,0.03088,0.089376,0.015616,0.189504,0.811008,0.041151,1244819,1244819,415283,33.3609,1920,1080,raygs,triangles,1,off,0,on,-4
1781754692462567464,392.959,827.335,1.2087,1.14749,1.13571,0.029632,0.089248,0.016384,0.18944,0.811008,0.030129,1244819,1244819,415283,33.3609,1920,1080,raygs,triangles,1,off,0,on,-4
1781754692463707391,394.099,826.164,1.21041,1.14755,1.13334,0.029728,0.089728,0.015488,0.188416,0.809984,0.038874,1244819,1244819,415283,33.3609,1920,1080,raygs,triangles,1,off,0,on,-4
1781754692464854198,395.246,827.941,1.20782,1.14765,1.13402,0.029792,0.089312,0.016384,0.18784,0.810688,0.020183,1244819,1244819,415283,33.3609,1920,1080,raygs,triangles,1,off,0,on,-4
1781754692466079375,396.471,827.974,1.20777,1.14864,1.13549,0.030656,0.089024,0.016384,0.18944,0.809984,0.054445,1244819,1244819,415283,33.3609,1920,1080,raygs,triangles,1,off,0,on,-4
1781754692467406743,397.798,827.882,1.2079,1.14653,1.13443,0.030368,0.089152,0.016384,0.187648,0.81088,0.038676,1244819,1244819,415283,33.3609,1920,1080,raygs,triangles,1,off,0,on,-4
1781754692468722862,399.114,825.649,1.21117,1.15114,1.13901,0.03488,0.089344,0.016384,0.187392,0.811008,0.066996,1244819,1244819,415283,33.3609,1920,1080,raygs,triangles,1,off,0,on,-4
1781754692469887951,400.279,824.96,1.21218,1.14906,1.13792,0.03184,0.090272,0.016384,0.188416,0.811008,0.051405,1244819,1244819,415283,33.3609,1920,1080,raygs,triangles,1,off,0,on,-4
1781754692471010938,401.402,824.708,1.21255,1.14701,1.13296,0.03008,0.089376,0.01536,0.187392,0.810752,0.018862,1244819,1244819,415283,33.3609,1920,1080,raygs,triangles,1,off,0,on,-4
1781754692472249616,402.641,825.252,1.21175,1.14918,1.13574,0.030336,0.089056,0.016128,0.18944,0.810784,0.051519,1244819,1244819,415283,33.3609,1920,1080,raygs,triangles,1,off,0,on,-4
1781754692473365140,403.756,824.001,1.21359,1.14787,1.13613,0.030016,0.08928,0.016384,0.18944,0.811008,0.015213,1244819,1244819,415283,33.3609,1920,1080,raygs,triangles,1,off,0,on,-4
1781754692474605064,404.996,826.609,1.20976,1.14698,1.13354,0.030176,0.088672,0.016384,0.187392,0.810912,0.053542,1244819,1244819,415283,33.3609,1920,1080,raygs,triangles,1,off,0,on,-4
1781754692475872301,406.264,828.044,1.20766,1.1488,1.13526,0.030176,0.089472,0.016384,0.188416,0.810816,0.05593,1244819,1244819,415283,33.3609,1920,1080,raygs,triangles,1,off,0,on,-4
1781754692477007971,407.399,826.909,1.20932,1.14915,1.1343,0.030272,0.089248,0.01536,0.18944,0.809984,0.019513,1244819,1244819,415283,33.3609,1920,1080,raygs,triangles,1,off,0,on,-4
1781754692478217628,408.609,827.013,1.20917,1.14794,1.13638,0.03008,0.089472,0.016384,0.18944,0.811008,0.05618,1244819,1244819,415283,33.3609,1920,1080,raygs,triangles,1,off,0,on,-4
1781754692479468754,409.86,826.513,1.2099,1.14749,1.1345,0.029536,0.089376,0.01616,0.188416,0.811008,0.03398,1244819,1244819,415283,33.3609,1920,1080,raygs,triangles,1,off,0,on,-4
1781754692480686997,411.078,825.895,1.21081,1.1465,1.13245,0.030176,0.088512,0.01536,0.188416,0.809984,0.036125,1244819,1244819,415283,33.3609,1920,1080,raygs,triangles,1,off,0,on,-4
1781754692481812474,412.204,825.097,1.21198,1.14598,1.1328,0.030208,0.088832,0.01536,0.187392,0.811008,0.03455,1244819,1244819,415283,33.3609,1920,1080,raygs,triangles,1,off,0,on,-4
1781754692482969890,413.361,827.105,1.20904,1.14922,1.13677,0.030336,0.089888,0.016384,0.188416,0.811744,0.029481,1244819,1244819,415283,33.3609,1920,1080,raygs,triangles,1,off,0,on,-4
1781754692484328453,414.72,827.639,1.20826,1.38592,1.37181,0.029504,0.08912,0.016128,0.427072,0.809984,0.044698,1244819,1244819,415283,33.3609,1920,1080,raygs,triangles,1,off,0,on,-4
1781754692485633709,416.025,825.347,1.21161,1.28806,1.27597,0.03008,0.089792,0.016384,0.329728,0.809984,0.053082,1244819,1244819,415283,33.3609,1920,1080,raygs,triangles,1,off,0,on,-4
1781754692486818064,417.209,824.805,1.21241,1.14848,1.13635,0.030304,0.090336,0.016288,0.188416,0.811008,0.049137,1244819,1244819,415283,33.3609,1920,1080,raygs,triangles,1,off,0,on,-4
1781754692487978362,418.37,823.982,1.21362,1.14678,1.13533,0.030112,0.089792,0.016384,0.188416,0.810624,0.042253,1244819,1244819,415283,33.3609,1920,1080,raygs,triangles,1,off,0,on,-4
1781754692489136189,419.527,824.027,1.21355,1.14694,1.13261,0.030112,0.088768,0.015584,0.187392,0.810752,0.03701,1244819,1244819,415283,33.3609,1920,1080,raygs,triangles,1,off,0,on,-4
1781754692490306017,420.697,824.652,1.21263,1.16765,1.15539,0.030336,0.089792,0.016384,0.208896,0.809984,0.020237,1244819,1244819,415283,33.3609,1920,1080,raygs,triangles,1,off,0,on,-4
1781754692491541218,421.933,827.109,1.20903,1.14906,1.13517,0.030176,0.089408,0.01616,0.18944,0.809984,0.05773,1244819,1244819,415283,33.3609,1920,1080,raygs,triangles,1,off,0,on,-4
1781754692492770599,423.162,828.047,1.20766,1.14877,1.13635,0.029888,0.089696,0.016384,0.18944,0.810944,0.016712,1244819,1244819,415283,33.3609,1920,1080,raygs,triangles,1,off,0,on,-4
1781754692493981257,424.373,827.08,1.20907,1.14851,1.13654,0.030656,0.08944,0.016384,0.18944,0.810624,0.05063,1244819,1244819,415283,33.3609,1920,1080,raygs,triangles,1,off,0,on,-4
1781754692495111218,425.503,827.138,1.20899,1.14701,1.13488,0.030208,0.089856,0.016384,0.188576,0.809856,0.016413,1244819,1244819,415283,33.3609,1920,1080,raygs,triangles,1,off,0,on,-4
1781754692496309271,426.701,827.21,1.20888,1.14746,1.13408,0.029632,0.089504,0.016384,0.18768,0.81088,0.044539,1244819,1244819,415283,33.3609,1920,1080,raygs,triangles,1,off,0,on,-4
1781754692497455801,427.847,827.416,1.20858,1.1473,1.13565,0.02944,0.08944,0.01632,0.18944,0.811008,0.020124,1244819,1244819,415283,33.3609,1920,1080,raygs,triangles,1,off,0,on,-4
1781754692498678700,429.07,827.002,1.20919,1.14858,1.13626,0.030624,0.089024,0.01616,0.18944,0.811008,0.053134,1244819,1244819,415283,33.3609,1920,1080,raygs,triangles,1,off,0,on,-4
1781754692499807009,430.198,828.506,1.20699,1.14752,1.13462,0.030208,0.089952,0.016384,0.187392,0.810688,0.015181,1244819,1244819,415283,33.3609,1920,1080,raygs,triangles,1,off,0,on,-4
1781754692501251041,431.642,828.398,1.20715,1.38214,1.3696,0.029792,0.089696,0.016192,0.422912,0.811008,0.05196,1244819,1244819,415283,33.3609,1920,1080,raygs,triangles,1,off,0,on,-4
1781754692502524762,432.916,826.202,1.21036,1.2847,1.27283,0.030304,0.089472,0.016384,0.325792,0.81088,0.015335,1244819,1244819,415283,33.3609,1920,1080,raygs,triangles,1,off,0,on,-4
1781754692503739682,434.131,824.97,1.21217,1.14758,1.13552,0.030464,0.090272,0.016384,0.188416,0.809984,0.05261,1244819,1244819,415283,33.3609,1920,1080,raygs,triangles,1,off,0,on,-4
1781754692504867035,435.258,824.225,1.21326,1.14698,1.13382,0.030112,0.088928,0.016384,0.188416,0.809984,0.015614,1244819,1244819,415283,33.3609,1920,1080,raygs,triangles,1,off,0,on,-4
1781754692506066599,436.458,824.313,1.21313,1.14662,1.13382,0.030176,0.089472,0.016192,0.187392,0.810592,0.045948,1244819,1244819,415283,33.3609,1920,1080,raygs,triangles,1,off,0,on,-4
1781754692507214270,437.606,824.342,1.21309,1.14835,1.13421,0.030464,0.08896,0.01536,0.18944,0.809984,0.023602,1244819,1244819,415283,33.3609,1920,1080,raygs,triangles,1,off,0,on,-4
1781754692508442436,438.834,826.967,1.20924,1.148,1.13456,0.030144,0.089696,0.01632,0.188416,0.809984,0.051223,1244819,1244819,415283,33.3609,1920,1080,raygs,triangles,1,off,0,on,-4
1781754692509699488,440.091,828.187,1.20746,1.1488,1.13584,0.030304,0.089632,0.016384,0.1888,0.81072,0.037264,1244819,1244819,415283,33.3609,1920,1080,raygs,triangles,1,off,0,on,-4
1781754692510855160,441.246,827.214,1.20888,1.14637,1.13418,0.030816,0.089792,0.016384,0.186368,0.810816,0.020528,1244819,1244819,415283,33.3609,1920,1080,raygs,triangles,1,off,0,on,-4
1781754692512077625,442.469,827.12,1.20901,1.1503,1.13696,0.0304,0.089888,0.016384,0.18944,0.810848,0.054612,1244819,1244819,415283,33.3609,1920,1080,raygs,triangles,1,off,0,on,-4
1781754692513240135,443.631,826.692,1.20964,1.14733,1.13402,0.030496,0.089728,0.01536,0.188672,0.80976,0.048479,1244819,1244819,415283,33.3609,1920,1080,raygs,triangles,1,off,0,on,-4
1781754692514409687,444.801,826.649,1.2097,1.14733,1.13536,0.029472,0.09008,0.016384,0.188416,0.811008,0.04121,1244819,1244819,415283,33.3609,1920,1080,raygs,triangles,1,off,0,on,-4
1781754692515545798,445.937,826.844,1.20942,1.14877,1.13552,0.030176,0.089824,0.016384,0.188416,0.81072,0.015554,1244819,1244819,415283,33.3609,1920,1080,raygs,triangles,1,off,0,on,-4
1781754692516776854,447.168,828.642,1.20679,1.14765,1.13491,0.029792,0.089344,0.016384,0.188416,0.810976,0.056,1244819,1244819,415283,33.3609,1920,1080,raygs,triangles,1,off,0,on,-4
1781754692518159072,448.55,828.303,1.20729,1.36032,1.34714,0.03008,0.088256,0.016384,0.402432,0.809984,0.027998,1244819,1244819,415283,33.3609,1920,1080,raygs,triangles,1,off,0,on,-4
1781754692519415137,449.806,825.574,1.21128,1.28666,1.27274,0.029536,0.089152,0.01536,0.32768,0.811008,0.015488,1244819,1244819,415283,33.3609,1920,1080,raygs,triangles,1,off,0,on,-4
1781754692520638843,451.03,824.92,1.21224,1.14858,1.13533,0.03072,0.090016,0.016192,0.188416,0.809984,0.066345,1244819,1244819,415283,33.3609,1920,1080,raygs,triangles,1,off,0,on,-4
1781754692521813477,452.205,824.153,1.21337,1.14602,1.13446,0.030208,0.089664,0.016384,0.187392,0.810816,0.05515,1244819,1244819,415283,33.3609,1920,1080,raygs,triangles,1,off,0,on,-4
1781754692523008711,453.4,824.398,1.21301,1.14816,1.13606,0.030304,0.08992,0.016416,0.188416,0.811008,0.032329,1244819,1244819,415283,33.3609,1920,1080,raygs,triangles,1,off,0,on,-4
1781754692524173609,454.565,823.591,1.21419,1.14566,1.13283,0.030432,0.089664,0.01536,0.187392,0.809984,0.051135,1244819,1244819,415283,33.3609,1920,1080,raygs,triangles,1,off,0,on,-4
1781754692525331943,455.723,826.701,1.20963,1.14906,1.13456,0.030176,0.088576,0.01536,0.18944,0.811008,0.042402,1244819,1244819,415283,33.3609,1920,1080,raygs,triangles,1,off,0,on,-4
1781754692526615751,457.007,828.521,1.20697,1.14714,1.13402,0.030368,0.088864,0.016384,0.188416,0.809984,0.052816,1244819,1244819,415283,33.3609,1920,1080,raygs,triangles,1,off,0,on,-4
1781754692527746379,458.138,827.484,1.20848,1.14998,1.1376,0.03104,0.0896,0.016352,0.189792,0.810816,0.020566,1244819,1244819,415283,33.3609,1920,1080,raygs,triangles,1,off,0,on,-4
1781754692528988534,459.38,827.584,1.20834,1.14669,1.13226,0.030304,0.089248,0.01536,0.186368,0.810976,0.057745,1244819,1244819,415283,33.3609,1920,1080,raygs,triangles,1,off,0,on,-4
1781754692530138096,460.529,826.706,1.20962,1.14669,1.1352,0.02976,0.089632,0.016384,0.188416,0.811008,0.042728,1244819,1244819,415283,33.3609,1920,1080,raygs,triangles,1,off,0,on,-4
1781754692531265744,461.657,827.088,1.20906,1.1463,1.13283,0.030496,0.08944,0.01552,0.187392,0.809984,0.015367,1244819,1244819,415283,33.3609,1920,1080,raygs,triangles,1,off,0,on,-4
1781754692532578041,462.969,829.135,1.20608,1.14541,1.13232,0.030112,0.088448,0.016384,0.187392,0.809984,0.043669,1244819,1244819,415283,33.3609,1920,1080,raygs,triangles,1,off,0,on,-4
1781754692533837068,464.228,829.316,1.20581,1.15149,1.13846,0.03056,0.090048,0.016384,0.191488,0.809984,0.016969,1244819,1244819,415283,33.3609,1920,1080,raygs,triangles,1,off,0,on,-4
1781754692535227019,465.618,827.569,1.20836,1.1495,1.13613,0.031648,0.089856,0.016384,0.187392,0.810848,0.062141,1244819,1244819,415283,33.3609,1920,1080,raygs,triangles,1,off,0,on,-4
1781754692536365452,466.757,825.821,1.21092,1.15046,1.13814,0.034848,0.089856,0.016384,0.186368,0.810688,0.023927,1244819,1244819,415283,33.3609,1920,1080,raygs,triangles,1,off,0,on,-4
1781754692537610673,468.002,825.674,1.21113,1.14794,1.13603,0.030304,0.088736,0.016384,0.1896,0.811008,0.069448,1244819,1244819,415283,33.3609,1920,1080,raygs,triangles,1,off,0,on,-4
1781754692538761410,469.153,824.785,1.21244,1.14755,1.13389,0.03024,0.089664,0.015424,0.187776,0.810784,0.067294,1244819,1244819,415283,33.3609,1920,1080,raygs,triangles,1,off,0,on,-4
1781754692539918733,470.31,825.555,1.21131,1.14496,1.13328,0.030208,0.08928,0.016384,0.1864,0.811008,0.051601,1244819,1244819,415283,33.3609,1920,1080,raygs,triangles,1,off,0,on,-4
1781754692541093242,471.485,827.469,1.2085,1.14755,1.13552,0.030016,0.089696,0.016384,0.18944,0.809984,0.040644,1244819,1244819,415283,33.3609,1920,1080,raygs,triangles,1,off,0,on,-4
1781754692542232918,472.624,829.058,1.20619,1.14704,1.13296,0.030272,0.089184,0.01536,0.187392,0.810752,0.016845,1244819,1244819,415283,33.3609,1920,1080,raygs,triangles,1,off,0,on,-4
1781754692543581001,473.972,829.122,1.20609,1.2768,1.26422,0.029952,0.08944,0.016384,0.318464,0.809984,0.054396,1244819,1244819,415283,33.3609,1920,1080,raygs,triangles,1,off,0,on,-4
1781754692544744477,475.136,827.005,1.20918,1.14851,1.13555,0.030688,0.089024,0.01536,0.189472,0.811008,0.046346,1244819,1244819,415283,33.3609,1920,1080,raygs,triangles,1,off,0,on,-4
1781754692545906144,476.297,827.596,1.20832,1.1488,1.13645,0.029952,0.089664,0.016384,0.188832,0.811616,0.050734,1244819,1244819,415283,33.3609,1920,1080,raygs,triangles,1,off,0,on,-4
1781754692547038791,477.43,827.507,1.20845,1.14611,1.13456,0.030336,0.08944,0.016384,0.187392,0.811008,0.021371,1244819,1244819,415283,33.3609,1920,1080,raygs,triangles,1,off,0,on,-4
1781754692548263215,478.655,828.229,1.2074,1.14714,1.13437,0.030304,0.08976,0.015744,0.18768,0.81088,0.064915,1244819,1244819,415283,33.3609,1920,1080,raygs,triangles,1,off,0,on,-4
1781754692549374843,479.766,828.914,1.2064,1.14717,1.13555,0.030368,0.089632,0.016384,0.188416,0.810752,0.015919,1244819,1244819,415283,33.3609,1920,1080,raygs,triangles,1,off,0,on,-4
1781754692550833227,481.225,829.164,1.20603,1.14762,1.1343,0.030336,0.08944,0.016128,0.188416,0.809984,0.053096,1244819,1244819,415283,33.3609,1920,1080,raygs,triangles,1,off,0,on,-4
1781754692552081230,482.473,826.325,1.21018,1.15331,1.14016,0.035904,0.089504,0.016384,0.187392,0.810976,0.015829,1244819,1244819,415283,33.3609,1920,1080,raygs,triangles,1,off,0,on,-4
1781754692553290360,483.682,826.278,1.21025,1.14934,1.13613,0.031488,0.090112,0.015552,0.188416,0.81056,0.050261,1244819,1244819,415283,33.3609,1920,1080,raygs,triangles,1,off,0,on,-4
1781754692554419181,484.81,826.659,1.20969,1.14682,1.13277,0.029984,0.08928,0.01536,0.187392,0.810752,0.018602,1244819,1244819,415283,33.3609,1920,1080,raygs,triangles,1,off,0,on,-4
1781754692555632716,486.024,826.401,1.21007,1.1481,1.13482,0.03024,0.088768,0.016384,0.18944,0.809984,0.046951,1244819,1244819,415283,33.3609,1920,1080,raygs,triangles,1,off,0,on,-4
1781754692556766864,487.158,825.804,1.21094,1.1463,1.13315,0.030496,0.088992,0.016384,0.186368,0.810912,0.019296,1244819,1244819,415283,33.3609,1920,1080,raygs,triangles,1,off,0,on,-4
1781754692557988202,488.38,828.182,1.20746,1.14714,1.13408,0.030048,0.08928,0.016384,0.187392,0.810976,0.062893,1244819,1244819,415283,33.3609,1920,1080,raygs,triangles,1,off,0,on,-4
1781754692559283014,489.674,829.242,1.20592,1.14835,1.13482,0.030144,0.089888,0.01536,0.18944,0.809984,0.047463,1244819,1244819,415283,33.3609,1920,1080,raygs,triangles,1,off,0,on,-4
1781754692560452246,490.844,828,1.20773,1.14906,1.13574,0.0312,0.089024,0.016096,0.18944,0.809984,0.052812,1244819,1244819,415283,33.3609,1920,1080,raygs,triangles,1,off,0,on,-4
1781754692568192487,498.584,751.554,1.33058,1.14701,1.13613,0.030176,0.089536,0.016384,0.18944,0.810592,0.044291,1244819,1244819,415283,33.3609,1920,1080,raygs,triangles,1,off,0,on,-4
1781754692568483700,498.875,758.915,1.31767,1.14707,1.13552,0.03024,0.089792,0.01536,0.18944,0.810688,0.016182,1244819,1244819,415283,33.3609,1920,1080,raygs,triangles,1,off,0,on,-4
1781754692569591591,499.983,767.682,1.30262,1.14326,1.13334,0.033792,0.08784,0.01536,0.186368,0.809984,0.057262,1244819,1244819,415283,33.3609,1920,1080,raygs,triangles,1,off,0,on,-4
1781754692570704095,501.095,768.799,1.30073,1.14669,1.13296,0.02992,0.089536,0.016128,0.187392,0.809984,0.015634,1244819,1244819,415283,33.3609,1920,1080,raygs,triangles,1,off,0,on,-4
1781754692571884383,502.276,769.92,1.29884,1.14765,1.13494,0.029792,0.089632,0.016096,0.188416,0.811008,0.025804,1244819,1244819,415283,33.3609,1920,1080,raygs,triangles,1,off,0,on,-4
1781754692573056112,503.447,770.074,1.29858,1.14528,1.13238,0.029472,0.089472,0.016384,0.186368,0.810688,0.025991,1244819,1244819,415283,33.3609,1920,1080,raygs,triangles,1,off,0,on,-4
1781754692574277247,504.669,769.786,1.29906,1.14781,1.13389,0.029984,0.089184,0.01536,0.188416,0.810944,0.056208,1244819,1244819,415283,33.3609,1920,1080,raygs,triangles,1,off,0,on,-4
1781754692575480248,505.872,769.429,1.29967,1.14691,1.13379,0.030112,0.088896,0.016384,0.187392,0.811008,0.030375,1244819,1244819,415283,33.3609,1920,1080,raygs,triangles,1,off,0,on,-4
1781754692576761952,507.153,769.208,1.30004,1.27334,1.26234,0.03056,0.090016,0.016384,0.315392,0.809984,0.031943,1244819,1244819,415283,33.3609,1920,1080,raygs,triangles,1,off,0,on,-4
1781754692577946994,508.338,768.336,1.30151,1.14874,1.13466,0.031488,0.089344,0.01536,0.18848,0.809984,0.031031,1244819,1244819,415283,33.3609,1920,1080,raygs,triangles,1,off,0,on,-4
1781754692579112165,509.503,767.88,1.30229,1.14986,1.13536,0.029952,0.089632,0.01536,0.18944,0.810976,0.029926,1244819,1244819,415283,33.3609,1920,1080,raygs,triangles,1,off,0,on,-4
1781754692580266201,510.658,770.479,1.29789,1.14819,1.13517,0.030336,0.090048,0.01536,0.188416,0.811008,0.043473,1244819,1244819,415283,33.3609,1920,1080,raygs,triangles,1,off,0,on,-4
1781754692581436573,511.828,772.017,1.29531,1.14653,1.13347,0.030752,0.08912,0.01536,0.187392,0.810848,0.054716,1244819,1244819,415283,33.3609,1920,1080,raygs,triangles,1,off,0,on,-4
1781754692582624161,513.015,772.203,1.295,1.14755,1.13536,0.03008,0.089536,0.01632,0.188416,0.811008,0.049962,1244819,1244819,415283,33.3609,1920,1080,raygs,triangles,1,off,0,on,-4
1781754692583918487,514.31,771.666,1.2959,1.1511,1.13789,0.030208,0.089248,0.01536,0.192512,0.81056,0.020876,1244819,1244819,415283,33.3609,1920,1080,raygs,triangles,1,off,0,on,-4
1781754692585312039,515.703,770.393,1.29804,1.14739,1.13667,0.031584,0.090176,0.016384,0.18784,0.810688,0.05542,1244819,1244819,415283,33.3609,1920,1080,raygs,triangles,1,off,0,on,-4
1781754692586477930,516.869,768.31,1.30156,1.15149,1.13933,0.035648,0.088896,0.016384,0.187392,0.811008,0.045308,1244819,1244819,415283,33.3609,1920,1080,raygs,triangles,1,off,0,on,-4
1781754692587631379,518.023,768.836,1.30067,1.14765,1.13578,0.029792,0.089472,0.016384,0.18944,0.810688,0.041285,1244819,1244819,415283,33.3609,1920,1080,raygs,triangles,1,off,0,on,-4
1781754692588845674,519.237,769.857,1.29894,1.14557,1.13187,0.029792,0.089312,0.015712,0.186368,0.810688,0.036,1244819,1244819,415283,33.3609,1920,1080,raygs,triangles,1,off,0,on,-4
1781754692589995758,520.387,769.422,1.29968,1.14906,1.136,0.030176,0.088992,0.016384,0.18944,0.811008,0.04406,1244819,1244819,415283,33.3609,1920,1080,raygs,triangles,1,off,0,on,-4
1781754692591166271,521.558,770.008,1.29869,1.14787,1.13382,0.030656,0.089408,0.01536,0.188416,0.809984,0.054914,1244819,1244819,415283,33.3609,1920,1080,raygs,triangles,1,off,0,on,-4
1781754692592341682,522.733,769.894,1.29888,1.14755,1.13395,0.029728,0.089472,0.016384,0.187392,0.810976,0.05002,1244819,1244819,415283,33.3609,1920,1080,raygs,triangles,1,off,0,on,-4
1781754692593634542,524.026,769.813,1.29902,1.27683,1.26355,0.029952,0.088768,0.01536,0.318464,0.811008,0.054504,1244819,1244819,415283,33.3609,1920,1080,raygs,triangles,1,off,0,on,-4
1781754692594806382,525.198,768.448,1.30132,1.14774,1.1352,0.029888,0.08944,0.016384,0.18848,0.811008,0.046607,1244819,1244819,415283,33.3609,1920,1080,raygs,triangles,1,off,0,on,-4
1781754692595983974,526.375,768.929,1.30051,1.14765,1.13392,0.029792,0.0896,0.016128,0.188416,0.809984,0.055307,1244819,1244819,415283,33.3609,1920,1080,raygs,triangles,1,off,0,on,-4
1781754692597169013,527.56,770.982,1.29705,1.14723,1.13616,0.030624,0.089728,0.016384,0.188416,0.811008,0.061888,1244819,1244819,415283,33.3609,1920,1080,raygs,triangles,1,off,0,on,-4
1781754692598374259,528.766,771.718,1.29581,1.14768,1.1369,0.030848,0.089216,0.016384,0.18944,0.811008,0.029933,1244819,1244819,415283,33.3609,1920,1080,raygs,triangles,1,off,0,on,-4
1781754692599509920,529.901,771.812,1.29565,1.14806,1.1359,0.03024,0.089984,0.016352,0.188416,0.810912,0.046845,1244819,1244819,415283,33.3609,1920,1080,raygs,triangles,1,off,0,on,-4
1781754692600821198,531.213,772.184,1.29503,1.14762,1.13507,0.0296,0.089536,0.016384,0.188608,0.810944,0.016523,1244819,1244819,415283,33.3609,1920,1080,raygs,triangles,1,off,0,on,-4
1781754692602155824,532.547,770.981,1.29705,1.15277,1.14029,0.034912,0.088864,0.016384,0.18944,0.810688,0.051808,1244819,1244819,415283,33.3609,1920,1080,raygs,triangles,1,off,0,on,-4
1781754692603328176,533.719,769.392,1.29973,1.14589,1.13341,0.03136,0.089184,0.01536,0.18656,0.810944,0.043362,1244819,1244819,415283,33.3609,1920,1080,raygs,triangles,1,off,0,on,-4
1781754692604498525,534.89,769.304,1.29988,1.14858,1.13568,0.03072,0.089152,0.016384,0.18944,0.809984,0.04299,1244819,1244819,415283,33.3609,1920,1080,raygs,triangles,1,off,0,on,-4
1781754692605669062,536.06,770.333,1.29814,1.14739,1.13587,0.03056,0.089952,0.016384,0.188416,0.81056,0.038511,1244819,1244819,415283,33.3609,1920,1080,raygs,triangles,1,off,0,on,-4
1781754692606882221,537.274,770.103,1.29853,1.14512,1.13235,0.030336,0.08928,0.016384,0.186368,0.809984,0.033907,1244819,1244819,415283,33.3609,1920,1080,raygs,triangles,1,off,0,on,-4
1781754692608075625,538.467,770.151,1.29845,1.14717,1.13395,0.030336,0.088832,0.016384,0.187392,0.811008,0.035877,1244819,1244819,415283,33.3609,1920,1080,raygs,triangles,1,off,0,on,-4
1781754692609291074,539.682,769.677,1.29925,1.14771,1.13446,0.030496,0.089504,0.016384,0.187392,0.810688,0.026053,1244819,1244819,415283,33.3609,1920,1080,raygs,triangles,1,off,0,on,-4
1781754692610450522,540.842,769.106,1.30021,1.14842,1.13523,0.031584,0.089152,0.01536,0.188416,0.81072,0.024363,1244819,1244819,415283,33.3609,1920,1080,raygs,triangles,1,off,0,on,-4
1781754692611632848,542.024,770.371,1.29808,1.14874,1.13578,0.030272,0.089696,0.016384,0.18944,0.809984,0.033075,1244819,1244819,415283,33.3609,1920,1080,raygs,triangles,1,off,0,on,-4
1781754692612990766,543.382,771.509,1.29616,1.14755,1.13338,0.029696,0.08992,0.01536,0.188416,0.809984,0.044073,1244819,1244819,415283,33.3609,1920,1080,raygs,triangles,1,off,0,on,-4
1781754692614242944,544.634,771.108,1.29683,1.14765,1.13555,0.029792,0.089792,0.016384,0.188768,0.810816,0.037202,1244819,1244819,415283,33.3609,1920,1080,raygs,triangles,1,off,0,on,-4
1781754692615404019,545.795,770.288,1.29822,1.14714,1.13523,0.031328,0.08912,0.016384,0.188416,0.809984,0.036461,1244819,1244819,415283,33.3609,1920,1080,raygs,triangles,1,off,0,on,-4
1781754692616568736,546.96,771.027,1.29697,1.14755,1.13491,0.029728,0.089376,0.016384,0.18944,0.809984,0.036001,1244819,1244819,415283,33.3609,1920,1080,raygs,triangles,1,off,0,on,-4
1781754692617924047,548.315,770.866,1.29724,1.14768,1.1344,0.030592,0.089152,0.016256,0.188416,0.809984,0.036243,1244819,1244819,415283,33.3609,1920,1080,raygs,triangles,1,off,0,on,-4
1781754692619223467,549.615,768.887,1.30058,1.15168,1.13907,0.034752,0.088512,0.016384,0.188416,0.811008,0.042566,1244819,1244819,415283,33.3609,1920,1080,raygs,triangles,1,off,0,on,-4
1781754692620277884,550.669,767.959,1.30215,1.14832,1.13731,0.031904,0.0896,0.016384,0.188416,0.811008,0.024626,1244819,1244819,415283,33.3609,1920,1080,raygs,triangles,1,off,0,on,-4
1781754692621432418,551.824,768.922,1.30052,1.14826,1.13443,0.029408,0.089504,0.016384,0.188416,0.81072,0.020289,1244819,1244819,415283,33.3609,1920,1080,raygs,triangles,1,off,0,on,-4
1781754692622634811,553.026,770.52,1.29783,1.14922,1.13504,0.030336,0.089088,0.01536,0.18944,0.810816,0.034776,1244819,1244819,415283,33.3609,1920,1080,raygs,triangles,1,off,0,on,-4
1781754692623788588,554.18,770.348,1.29811,1.15504,1.14282,0.030048,0.089792,0.016384,0.195584,0.811008,0.017384,1244819,1244819,415283,33.3609,1920,1080,raygs,triangles,1,off,0,on,-4
1781754692624965606,555.357,770.131,1.29848,1.1479,1.13677,0.030368,0.089568,0.016384,0.18944,0.811008,0.02616,1244819,1244819,415283,33.3609,1920,1080,raygs,triangles,1,off,0,on,-4
1781754692626273591,556.665,769.979,1.29874,1.14851,1.13507,0.029632,0.089632,0.016384,0.18944,0.809984,0.03194,1244819,1244819,415283,33.3609,1920,1080,raygs,triangles,1,off,0,on,-4
1781754692627431630,557.823,769.049,1.30031,1.14787,1.13754,0.0312,0.089856,0.016384,0.18944,0.810656,0.019801,1244819,1244819,415283,33.3609,1920,1080,raygs,triangles,1,off,0,on,-4
1781754692628605200,558.997,768.602,1.30106,1.14749,1.1337,0.029632,0.088608,0.016384,0.188416,0.810656,0.025295,1244819,1244819,415283,33.3609,1920,1080,raygs,triangles,1,off,0,on,-4
1781754692629773023,560.164,771.313,1.29649,1.14598,1.13482,0.030176,0.088992,0.016384,0.188416,0.810848,0.024414,1244819,1244819,415283,33.3609,1920,1080,raygs,triangles,1,off,0,on,-4
1781754692630943500,561.335,772.256,1.29491,1.14595,1.13386,0.0304,0.089696,0.016384,0.187392,0.809984,0.024271,1244819,1244819,415283,33.3609,1920,1080,raygs,triangles,1,off,0,on,-4
1781754692632120527,562.512,772.421,1.29463,1.14982,1.13642,0.029952,0.089632,0.016384,0.18944,0.811008,0.024678,1244819,1244819,415283,33.3609,1920,1080,raygs,triangles,1,off,0,on,-4
1781754692633289786,563.681,771.994,1.29535,1.1489,1.13549,0.030048,0.089408,0.015584,0.18944,0.811008,0.025438,1244819,1244819,415283,33.3609,1920,1080,raygs,triangles,1,off,0,on,-4
1781754692634700494,565.092,772.397,1.29467,1.38182,1.37082,0.030528,0.090112,0.016384,0.422912,0.81088,0.027845,1244819,1244819,415283,33.3609,1920,1080,raygs,triangles,1,off,0,on,-4
1781754692636013577,566.405,769.827,1.29899,1.28586,1.27408,0.02976,0.089312,0.016384,0.32768,0.810944,0.024821,1244819,1244819,415283,33.3609,1920,1080,raygs,triangles,1,off,0,on,-4
1781754692637179228,567.571,768.837,1.30067,1.14794,1.13594,0.03008,0.091072,0.016384,0.188416,0.809984,0.024333,1244819,1244819,415283,33.3609,1920,1080,raygs,triangles,1,off,0,on,-4
1781754692638357036,568.748,770.04,1.29863,1.14842,1.1352,0.03056,0.0896,0.015616,0.18944,0.809984,0.025231,1244819,1244819,415283,33.3609,1920,1080,raygs,triangles,1,off,0,on,-4
1781754692639528808,569.92,850.293,1.17607,1.14733,1.1361,0.030496,0.089792,0.016384,0.188416,0.811008,0.024851,1244819,1244819,415283,33.3609,1920,1080,raygs,triangles,1,off,0,on,-4
1781754692640708747,571.1,840.871,1.18924,1.1495,1.13632,0.030624,0.089632,0.015616,0.190464,0.809984,0.025475,1244819,1244819,415283,33.3609,1920,1080,raygs,triangles,1,off,0,on,-4
1781754692641885646,572.277,830.42,1.20421,1.14592,1.13318,0.030112,0.089472,0.01536,0.187392,0.810848,0.026114,1244819,1244819,415283,33.3609,1920,1080,raygs,triangles,1,off,0,on,-4
1781754692643176162,573.567,829.681,1.20528,1.14781,1.13558,0.029952,0.089824,0.016384,0.18944,0.809984,0.024703,1244819,1244819,415283,33.3609,1920,1080,raygs,triangles,1,off,0,on,-4
1781754692644349633,574.741,827.822,1.20799,1.15008,1.13779,0.031232,0.089728,0.016384,0.18944,0.811008,0.026238,1244819,1244819,415283,33.3609,1920,1080,raygs,triangles,1,off,0,on,-4
1781754692645516982,575.908,827.836,1.20797,1.14883,1.13523,0.02992,0.08928,0.01552,0.189568,0.810944,0.025263,1244819,1244819,415283,33.3609,1920,1080,raygs,triangles,1,off,0,on,-4
1781754692646996292,577.388,827.979,1.20776,1.1473,1.13501,0.030496,0.089184,0.016384,0.188416,0.810528,0.054174,1244819,1244819,415283,33.3609,1920,1080,raygs,triangles,1,off,0,on,-4
1781754692648062571,578.454,824.523,1.21282,1.14861,1.13472,0.029728,0.089184,0.016384,0.188416,0.811008,0.03728,1244819,1244819,415283,33.3609,1920,1080,raygs,triangles,1,off,0,on,-4
1781754692649223133,579.614,826.414,1.21005,1.14906,1.1361,0.030208,0.089312,0.016128,0.18944,0.811008,0.040076,1244819,1244819,415283,33.3609,1920,1080,raygs,triangles,1,off,0,on,-4
1781754692650399105,580.79,827.798,1.20802,1.14717,1.13341,0.030304,0.08896,0.015744,0.188416,0.809984,0.036792,1244819,1244819,415283,33.3609,1920,1080,raygs,triangles,1,off,0,on,-4
1781754692651775447,582.167,827.926,1.20784,1.35962,1.34851,0.030272,0.08944,0.016384,0.401408,0.811008,0.036458,1244819,1244819,415283,33.3609,1920,1080,raygs,triangles,1,off,0,on,-4
1781754692653081627,583.473,825.529,1.21134,1.28806,1.27462,0.029856,0.089344,0.015712,0.328704,0.811008,0.035913,1244819,1244819,415283,33.3609,1920,1080,raygs,triangles,1,off,0,on,-4
1781754692654231534,584.623,823.783,1.21391,1.148,1.1375,0.030176,0.089856,0.016384,0.190464,0.810624,0.042261,1244819,1244819,415283,33.3609,1920,1080,raygs,triangles,1,off,0,on,-4
1781754692655397115,585.788,823.972,1.21363,1.14819,1.13578,0.030336,0.089632,0.016384,0.188416,0.811008,0.035296,1244819,1244819,415283,33.3609,1920,1080,raygs,triangles,1,off,0,on,-4
1781754692656561838,586.953,824.318,1.21312,1.14493,1.13184,0.03008,0.089248,0.01536,0.186368,0.810784,0.037426,1244819,1244819,415283,33.3609,1920,1080,raygs,triangles,1,off,0,on,-4
1781754692657735483,588.127,825.997,1.21066,1.14582,1.13462,0.030016,0.089824,0.016384,0.187392,0.811008,0.035472,1244819,1244819,415283,33.3609,1920,1080,raygs,triangles,1,off,0,on,-4
1781754692659042380,589.434,828.257,1.20735,1.14512,1.13341,0.029312,0.089312,0.016384,0.187392,0.811008,0.036622,1244819,1244819,415283,33.3609,1920,1080,raygs,triangles,1,off,0,on,-4
1781754692660111137,590.502,826.45,1.21,1.14858,1.13616,0.030752,0.0896,0.016384,0.188416,0.811008,0.0279,1244819,1244819,415283,33.3609,1920,1080,raygs,triangles,1,off,0,on,-4
1781754692661243801,591.635,827.792,1.20803,1.14864,1.13491,0.030784,0.089184,0.01536,0.188672,0.810912,0.020407,1244819,1244819,415283,33.3609,1920,1080,raygs,triangles,1,off,0,on,-4
1781754692662414199,592.806,828.634,1.20681,1.14842,1.13498,0.029568,0.0896,0.01536,0.18944,0.811008,0.025851,1244819,1244819,415283,33.3609,1920,1080,raygs,triangles,1,off,0,on,-4
1781754692663583143,593.974,828.407,1.20714,1.14749,1.13616,0.030656,0.089248,0.016224,0.188416,0.811616,0.02611,1244819,1244819,415283,33.3609,1920,1080,raygs,triangles,1,off,0,on,-4
1781754692664754888,595.146,828.42,1.20712,1.14717,1.13354,0.03056,0.089216,0.01536,0.187392,0.811008,0.026829,1244819,1244819,415283,33.3609,1920,1080,raygs,triangles,1,off,0,on,-4
1781754692665937652,596.329,828.432,1.2071,1.14787,1.13456,0.030016,0.088736,0.01536,0.18944,0.811008,0.025383,1244819,1244819,415283,33.3609,1920,1080,raygs,triangles,1,off,0,on,-4
1781754692667108356,597.5,829.699,1.20526,1.15098,1.13856,0.030048,0.089632,0.016384,0.191488,0.811008,0.025685,1244819,1244819,415283,33.3609,1920,1080,raygs,triangles,1,off,0,on,-4
1781754692668527774,598.919,829.66,1.20531,1.39584,1.38317,0.030208,0.088992,0.015712,0.438272,0.809984,0.024805,1244819,1244819,415283,33.3609,1920,1080,raygs,triangles,1,off,0,on,-4
1781754692669830481,600.222,826.913,1.20932,1.27238,1.26022,0.03056,0.21504,0.015424,0.188416,0.810784,0.025945,1244819,1244819,415283,33.3609,1920,1080,raygs,triangles,1,off,0,on,-4
1781754692671000913,601.392,825.571,1.21128,1.14701,1.13299,0.030176,0.089184,0.01536,0.187392,0.81088,0.02524,1244819,1244819,415283,33.3609,1920,1080,raygs,triangles,1,off,0,on,-4
1781754692672170422,602.562,825.934,1.21075,1.14787,1.13405,0.03024,0.090048,0.01536,0.188416,0.809984,0.024293,1244819,1244819,415283,33.3609,1920,1080,raygs,triangles,1,off,0,on,-4
1781754692673355797,603.747,825.615,1.21122,1.14646,1.13331,0.03008,0.088448,0.01536,0.188416,0.811008,0.025422,1244819,1244819,415283,33.3609,1920,1080,raygs,triangles,1,off,0,on,-4
1781754692674520304,604.912,827.15,1.20897,1.15008,1.1368,0.030176,0.088896,0.015648,0.191488,0.810592,0.025774,1244819,1244819,415283,33.3609,1920,1080,raygs,triangles,1,off,0,on,-4
1781754692675803859,606.195,828.992,1.20628,1.14614,1.13258,0.030336,0.089504,0.01536,0.187392,0.809984,0.024093,1244819,1244819,415283,33.3609,1920,1080,raygs,triangles,1,off,0,on,-4
1781754692676976920,607.368,827.82,1.20799,1.14918,1.13603,0.030752,0.089472,0.01536,0.18944,0.811008,0.023746,1244819,1244819,415283,33.3609,1920,1080,raygs,triangles,1,off,0,on,-4
1781754692678149528,608.541,827.645,1.20825,1.14842,1.13459,0.030624,0.088736,0.015648,0.188832,0.810752,0.023806,1244819,1244819,415283,33.3609,1920,1080,raygs,triangles,1,off,0,on,-4
1781754692679333783,609.725,827.695,1.20818,1.14822,1.13453,0.030368,0.089376,0.01536,0.18944,0.809984,0.028015,1244819,1244819,415283,33.3609,1920,1080,raygs,triangles,1,off,0,on,-4
1781754692680503790,610.895,828.038,1.20767,1.14774,1.1351,0.029888,0.088704,0.016384,0.188416,0.811712,0.023846,1244819,1244819,415283,33.3609,1920,1080,raygs,triangles,1,off,0,on,-4
1781754692681669134,612.06,828.31,1.20728,1.14691,1.13517,0.030144,0.089664,0.016384,0.188416,0.81056,0.023429,1244819,1244819,415283,33.3609,1920,1080,raygs,triangles,1,off,0,on,-4
1781754692682852251,613.244,828.757,1.20663,1.1489,1.1377,0.030208,0.089696,0.016384,0.190656,0.810752,0.024441,1244819,1244819,415283,33.3609,1920,1080,raygs,triangles,1,off,0,on,-4
1781754692684238643,614.63,828.699,1.20671,1.35824,1.34458,0.030496,0.089152,0.015584,0.39936,0.809984,0.024364,1244819,1244819,415283,33.3609,1920,1080,raygs,triangles,1,off,0,on,-4
1781754692685557350,615.949,826.151,1.21043,1.29027,1.27731,0.03008,0.08928,0.016384,0.330752,0.810816,0.026757,1244819,1244819,415283,33.3609,1920,1080,raygs,triangles,1,off,0,on,-4
1781754692686766331,617.158,827.154,1.20896,1.14803,1.13491,0.030208,0.09088,0.016384,0.186784,0.810656,0.038465,1244819,1244819,415283,33.3609,1920,1080,raygs,triangles,1,off,0,on,-4
1781754692687936121,618.327,827.622,1.20828,1.14669,1.13514,0.029856,0.089472,0.016384,0.188416,0.811008,0.025804,1244819,1244819,415283,33.3609,1920,1080,raygs,triangles,1,off,0,on,-4
1781754692689075950,619.467,827.521,1.20843,1.14723,1.13456,0.0304,0.089728,0.016384,0.187392,0.810656,0.017095,1244819,1244819,415283,33.3609,1920,1080,raygs,triangles,1,off,0,on,-4
1781754692690279918,620.671,827.619,1.20829,1.15008,1.13773,0.030208,0.088608,0.016384,0.19152,0.811008,0.035751,1244819,1244819,415283,33.3609,1920,1080,raygs,triangles,1,off,0,on,-4
1781754692691430165,621.821,829.504,1.20554,1.14797,1.13661,0.030496,0.089472,0.016384,0.188416,0.81184,0.018619,1244819,1244819,415283,33.3609,1920,1080,raygs,triangles,1,off,0,on,-4
1781754692692743725,623.135,830.67,1.20385,1.14922,1.13706,0.030336,0.089024,0.016384,0.190464,0.810848,0.033903,1244819,1244819,415283,33.3609,1920,1080,raygs,triangles,1,off,0,on,-4
1781754692693903245,624.295,827.953,1.2078,1.14832,1.1345,0.030432,0.08928,0.01536,0.188416,0.811008,0.020472,1244819,1244819,415283,33.3609,1920,1080,raygs,triangles,1,off,0,on,-4
1781754692695093397,625.485,827.901,1.20787,1.1497,1.13542,0.030816,0.089152,0.01536,0.18944,0.810656,0.031864,1244819,1244819,415283,33.3609,1920,1080,raygs,triangles,1,off,0,on,-4
1781754692696368339,626.76,828.068,1.20763,1.14672,1.13264,0.029888,0.090016,0.01536,0.187392,0.809984,0.018068,1244819,1244819,415283,33.3609,1920,1080,raygs,triangles,1,off,0,on,-4
1781754692697539116,627.93,826.762,1.20954,1.14816,1.13718,0.030976,0.08928,0.016384,0.1896,0.810944,0.024583,1244819,1244819,415283,33.3609,1920,1080,raygs,triangles,1,off,0,on,-4
1781754692698711140,629.102,826.678,1.20966,1.14614,1.13354,0.030336,0.089728,0.01536,0.187392,0.81072,0.0253,1244819,1244819,415283,33.3609,1920,1080,raygs,triangles,1,off,0,on,-4
1781754692699883008,630.274,828.118,1.20756,1.14787,1.13466,0.030016,0.088832,0.01536,0.190464,0.809984,0.02448,1244819,1244819,415283,33.3609,1920,1080,raygs,triangles,1,off,0,on,-4
1781754692701231574,631.623,828.155,1.2075,1.14646,1.13216,0.029664,0.089984,0.01536,0.186368,0.810784,0.024149,1244819,1244819,415283,33.3609,1920,1080,raygs,triangles,1,off,0,on,-4
1781754692702558958,632.95,826.161,1.21042,1.15101,1.13802,0.0352,0.088864,0.016416,0.186816,0.81072,0.035926,1244819,1244819,415283,33.3609,1920,1080,raygs,triangles,1,off,0,on,-4
1781754692703697882,634.089,824.571,1.21275,1.14787,1.13536,0.03104,0.089536,0.016384,0.188416,0.809984,0.016703,1244819,1244819,415283,33.3609,1920,1080,raygs,triangles,1,off,0,on,-4
1781754692704871458,635.263,824.736,1.21251,1.14646,1.13472,0.029632,0.089632,0.016384,0.188416,0.810656,0.024764,1244819,1244819,415283,33.3609,1920,1080,raygs,triangles,1,off,0,on,-4
1781754692706041811,636.433,824.873,1.21231,1.14762,1.13606,0.02976,0.089472,0.016384,0.18944,0.811008,0.024987,1244819,1244819,415283,33.3609,1920,1080,raygs,triangles,1,off,0,on,-4
1781754692707306023,637.697,824.723,1.21253,1.14922,1.13603,0.030592,0.089792,0.016224,0.18944,0.809984,0.042329,1244819,1244819,415283,33.3609,1920,1080,raygs,triangles,1,off,0,on,-4
1781754692708448815,638.84,826.509,1.20991,1.14675,1.13542,0.030528,0.089312,0.016384,0.188416,0.810784,0.029339,1244819,1244819,415283,33.3609,1920,1080,raygs,triangles,1,off,0,on,-4
1781754692709677684,640.069,828.501,1.207,1.14778,1.13568,0.029952,0.088896,0.016384,0.18944,0.811008,0.015326,1244819,1244819,415283,33.3609,1920,1080,raygs,triangles,1,off,0,on,-4
1781754692710857413,641.249,827.655,1.20823,1.14842,1.13424,0.031584,0.089152,0.01536,0.187392,0.810752,0.02553,1244819,1244819,415283,33.3609,1920,1080,raygs,triangles,1,off,0,on,-4
1781754692712028887,642.42,827.632,1.20827,1.1463,1.1336,0.030496,0.08944,0.01536,0.187392,0.810912,0.025758,1244819,1244819,415283,33.3609,1920,1080,raygs,triangles,1,off,0,on,-4
1781754692713259365,643.651,827.653,1.20824,1.14835,1.13485,0.029504,0.089408,0.016384,0.189568,0.809984,0.043496,1244819,1244819,415283,33.3609,1920,1080,raygs,triangles,1,off,0,on,-4
1781754692714382050,644.773,827.19,1.20891,1.14752,1.1351,0.029696,0.08944,0.016384,0.188832,0.810752,0.015933,1244819,1244819,415283,33.3609,1920,1080,raygs,triangles,1,off,0,on,-4
1781754692715559271,645.951,827.588,1.20833,1.14835,1.1337,0.029472,0.089664,0.01552,0.188416,0.810624,0.026618,1244819,1244819,415283,33.3609,1920,1080,raygs,triangles,1,off,0,on,-4
1781754692716736185,647.127,828.975,1.20631,1.14707,1.13494,0.030208,0.088928,0.016384,0.188416,0.811008,0.026608,1244819,1244819,415283,33.3609,1920,1080,raygs,triangles,1,off,0,on,-4
1781754692718140203,648.532,828.955,1.20634,1.38781,1.37478,0.030304,0.089056,0.016384,0.428032,0.811008,0.025542,1244819,1244819,415283,33.3609,1920,1080,raygs,triangles,1,off,0,on,-4
1781754692719452251,649.844,826.158,1.21042,1.2863,1.27421,0.030208,0.088768,0.016384,0.32784,0.811008,0.024874,1244819,1244819,415283,33.3609,1920,1080,raygs,triangles,1,off,0,on,-4
1781754692720647103,651.038,828.516,1.20698,1.1481,1.1337,0.03024,0.089984,0.01536,0.187392,0.81072,0.032338,1244819,1244819,415283,33.3609,1920,1080,raygs,triangles,1,off,0,on,-4
1781754692721789945,652.181,826.878,1.20937,1.14598,1.13328,0.030176,0.089056,0.015648,0.188416,0.809984,0.019884,1244819,1244819,415283,33.3609,1920,1080,raygs,triangles,1,off,0,on,-4
1781754692722967041,653.358,826.946,1.20927,1.14835,1.13571,0.030496,0.089792,0.01536,0.18944,0.810624,0.025275,1244819,1244819,415283,33.3609,1920,1080,raygs,triangles,1,off,0,on,-4
1781754692724211496,654.603,826.887,1.20935,1.14842,1.13645,0.030592,0.08912,0.016288,0.18944,0.811008,0.043468,1244819,1244819,415283,33.3609,1920,1080,raygs,triangles,1,off,0,on,-4
1781754692725318241,655.71,828.585,1.20688,1.14819,1.13613,0.030368,0.088928,0.016384,0.18944,0.811008,0.017395,1244819,1244819,415283,33.3609,1920,1080,raygs,triangles,1,off,0,on,-4
1781754692726604706,656.996,830.657,1.20387,1.14746,1.13542,0.030368,0.089152,0.016384,0.188512,0.811008,0.025594,1244819,1244819,415283,33.3609,1920,1080,raygs,triangles,1,off,0,on,-4
1781754692727772979,658.164,829.076,1.20616,1.14896,1.13773,0.031104,0.089792,0.016384,0.18944,0.811008,0.024261,1244819,1244819,415283,33.3609,1920,1080,raygs,triangles,1,off,0,on,-4
1781754692728944718,659.336,829.049,1.2062,1.14819,1.13616,0.030368,0.08896,0.016384,0.18944,0.811008,0.02505,1244819,1244819,415283,33.3609,1920,1080,raygs,triangles,1,off,0,on,-4
1781754692730122296,660.514,829.266,1.20589,1.14778,1.13581,0.03008,0.08976,0.016384,0.18864,0.810944,0.024406,1244819,1244819,415283,33.3609,1920,1080,raygs,triangles,1,off,0,on,-4
1781754692731293976,661.685,828.972,1.20631,1.14701,1.13338,0.030176,0.089376,0.015616,0.187392,0.810816,0.024211,1244819,1244819,415283,33.3609,1920,1080,raygs,triangles,1,off,0,on,-4
1781754692732465369,662.857,830.726,1.20377,1.14835,1.13581,0.03024,0.089536,0.015584,0.190464,0.809984,0.024309,1244819,1244819,415283,33.3609,1920,1080,raygs,triangles,1,off,0,on,-4
1781754692733633150,664.024,829.39,1.20571,1.14752,1.13552,0.030688,0.089024,0.016384,0.18944,0.809984,0.024092,1244819,1244819,415283,33.3609,1920,1080,raygs,triangles,1,off,0,on,-4
1781754692735043383,665.435,829.099,1.20613,1.3815,1.36835,0.030176,0.088896,0.01536,0.422912,0.811008,0.023869,1244819,1244819,415283,33.3609,1920,1080,raygs,triangles,1,off,0,on,-4
1781754692736350789,666.742,826.212,1.21034,1.28611,1.2736,0.030016,0.089536,0.016384,0.32768,0.809984,0.024827,1244819,1244819,415283,33.3609,1920,1080,raygs,triangles,1,off,0,on,-4
1781754692737523360,667.915,824.781,1.21244,1.14701,1.13318,0.030432,0.089824,0.015552,0.187392,0.809984,0.023908,1244819,1244819,415283,33.3609,1920,1080,raygs,triangles,1,off,0,on,-4
1781754692738694595,669.086,824.839,1.21236,1.14755,1.13501,0.029728,0.089568,0.016352,0.188416,0.810944,0.023429,1244819,1244819,415283,33.3609,1920,1080,raygs,triangles,1,off,0,on,-4
1781754692739868734,670.26,824.916,1.21224,1.14714,1.13366,0.030336,0.088928,0.01536,0.188416,0.810624,0.023951,1244819,1244819,415283,33.3609,1920,1080,raygs,triangles,1,off,0,on,-4
1781754692741042301,671.434,824.937,1.21221,1.14669,1.1336,0.030592,0.089248,0.01536,0.187392,0.811008,0.02479,1244819,1244819,415283,33.3609,1920,1080,raygs,triangles,1,off,0,on,-4
1781754692742223090,672.614,827.72,1.20814,1.14733,1.13274,0.029472,0.089312,0.015488,0.187872,0.810592,0.025182,1244819,1244819,415283,33.3609,1920,1080,raygs,triangles,1,off,0,on,-4
1781754692743513578,673.905,828.909,1.2064,1.14758,1.13398,0.0296,0.088576,0.016384,0.18944,0.809984,0.023495,1244819,1244819,415283,33.3609,1920,1080,raygs,triangles,1,off,0,on,-4
1781754692744689773,675.081,827.496,1.20847,1.14701,1.13411,0.0312,0.089152,0.016384,0.187392,0.809984,0.024928,1244819,1244819,415283,33.3609,1920,1080,raygs,triangles,1,off,0,on,-4
1781754692745858099,676.249,827.276,1.20879,1.14902,1.13536,0.030176,0.089376,0.01536,0.190464,0.809984,0.023418,1244819,1244819,415283,33.3609,1920,1080,raygs,triangles,1,off,0,on,-4
1781754692747025519,677.417,827.883,1.2079,1.14749,1.13517,0.030368,0.089888,0.01536,0.188768,0.810784,0.023404,1244819,1244819,415283,33.3609,1920,1080,raygs,triangles,1,off,0,on,-4
1781754692748220582,678.612,827.483,1.20848,1.14717,1.13482,0.030048,0.089152,0.016192,0.188416,0.811008,0.033587,1244819,1244819,415283,33.3609,1920,1080,raygs,triangles,1,off,0,on,-4
1781754692749381236,679.773,828.582,1.20688,1.14954,1.1351,0.029664,0.089184,0.015744,0.18976,0.810752,0.023382,1244819,1244819,415283,33.3609,1920,1080,raygs,triangles,1,off,0,on,-4
1781754692750767725,681.159,828.692,1.20672,1.14848,1.13638,0.030368,0.089216,0.016384,0.18944,0.810976,0.024252,1244819,1244819,415283,33.3609,1920,1080,raygs,triangles,1,off,0,on,-4
1781754692752074834,682.466,826.427,1.21003,1.15155,1.13802,0.035744,0.089536,0.016384,0.186368,0.809984,0.025589,1244819,1244819,415283,33.3609,1920,1080,raygs,triangles,1,off,0,on,-4
1781754692753252562,683.644,824.873,1.21231,1.14934,1.1383,0.031808,0.089664,0.016384,0.18944,0.811008,0.024917,1244819,1244819,415283,33.3609,1920,1080,raygs,triangles,1,off,0,on,-4
1781754692754417118,684.808,824.863,1.21232,1.14733,1.13488,0.030496,0.0896,0.01536,0.188416,0.811008,0.024323,1244819,1244819,415283,33.3609,1920,1080,raygs,triangles,1,off,0,on,-4
1781754692755590179,685.981,825.044,1.21206,1.14749,1.13446,0.030304,0.08976,0.01536,0.188416,0.810624,0.025628,1244819,1244819,415283,33.3609,1920,1080,raygs,triangles,1,off,0,on,-4
1781754692756753579,687.145,824.846,1.21235,1.14733,1.13424,0.030208,0.089312,0.015488,0.187392,0.81184,0.023498,1244819,1244819,415283,33.3609,1920,1080,raygs,triangles,1,off,0,on,-4
1781754692757928670,688.32,827.755,1.20809,1.14685,1.13462,0.030016,0.089856,0.016384,0.188416,0.809952,0.024095,1244819,1244819,415283,33.3609,1920,1080,raygs,triangles,1,off,0,on,-4
1781754692759110938,689.502,829.304,1.20583,1.14704,1.13434,0.030624,0.089344,0.016128,0.187392,0.810848,0.02555,1244819,1244819,415283,33.3609,1920,1080,raygs,triangles,1,off,0,on,-4
1781754692760417961,690.809,829.13,1.20608,1.27824,1.26486,0.030336,0.088672,0.01536,0.319488,0.811008,0.025084,1244819,1244819,415283,33.3609,1920,1080,raygs,triangles,1,off,0,on,-4
1781754692761583148,691.974,827.622,1.20828,1.14685,1.13581,0.030496,0.089408,0.016384,0.188576,0.810944,0.024329,1244819,1244819,415283,33.3609,1920,1080,raygs,triangles,1,off,0,on,-4
1781754692762752646,693.144,827.448,1.20853,1.1481,1.13507,0.03024,0.08992,0.015488,0.188416,0.811008,0.023997,1244819,1244819,415283,33.3609,1920,1080,raygs,triangles,1,off,0,on,-4
1781754692763934795,694.326,828.009,1.20772,1.14746,1.13446,0.030208,0.089472,0.016384,0.188416,0.809984,0.025336,1244819,1244819,415283,33.3609,1920,1080,raygs,triangles,1,off,0,on,-4
1781754692765100294,695.492,827.582,1.20834,1.14758,1.13469,0.029728,0.089472,0.016384,0.188416,0.810688,0.023769,1244819,1244819,415283,33.3609,1920,1080,raygs,triangles,1,off,0,on,-4
1781754692766288584,696.68,829.37,1.20573,1.14934,1.13574,0.030496,0.089568,0.015648,0.18944,0.810592,0.025332,1244819,1244819,415283,33.3609,1920,1080,raygs,triangles,1,off,0,on,-4
1781754692767615231,698.007,828.945,1.20635,1.14755,1.13485,0.0296,0.08944,0.016384,0.188416,0.811008,0.024301,1244819,1244819,415283,33.3609,1920,1080,raygs,triangles,1,off,0,on,-4
1781754692768955625,699.347,827.133,1.20899,1.14874,1.13619,0.031904,0.089952,0.016352,0.187392,0.810592,0.024721,1244819,1244819,415283,33.3609,1920,1080,raygs,triangles,1,off,0,on,-4
1781754692770128517,700.52,826.594,1.20978,1.15258,1.14003,0.034752,0.089472,0.016384,0.188416,0.811008,0.024869,1244819,1244819,415283,33.3609,1920,1080,raygs,triangles,1,off,0,on,-4
1781754692771291609,701.683,826.578,1.20981,1.14704,1.1351,0.03024,0.089504,0.016384,0.188416,0.81056,0.025732,1244819,1244819,415283,33.3609,1920,1080,raygs,triangles,1,off,0,on,-4
1781754692772469432,702.861,826.677,1.20966,1.14646,1.13491,0.029632,0.089312,0.016384,0.188672,0.810912,0.026647,1244819,1244819,415283,33.3609,1920,1080,raygs,triangles,1,off,0,on,-4
1781754692773646264,704.038,826.656,1.20969,1.15053,1.13936,0.030656,0.089824,0.016384,0.192512,0.809984,0.0249,1244819,1244819,415283,33.3609,1920,1080,raygs,triangles,1,off,0,on,-4
1781754692774819787,705.211,828.466,1.20705,1.14646,1.13389,0.029632,0.088448,0.016384,0.188416,0.811008,0.02834,1244819,1244819,415283,33.3609,1920,1080,raygs,triangles,1,off,0,on,-4
1781754692776120251,706.512,830.114,1.20465,1.14874,1.13491,0.029888,0.089408,0.016384,0.188416,0.810816,0.02508,1244819,1244819,415283,33.3609,1920,1080,raygs,triangles,1,off,0,on,-4
1781754692777293354,707.685,828.489,1.20702,1.14941,1.13562,0.030496,0.088352,0.016384,0.18944,0.810944,0.027285,1244819,1244819,415283,33.3609,1920,1080,raygs,triangles,1,off,0,on,-4
1781754692778467862,708.859,828.487,1.20702,1.14874,1.13549,0.030112,0.089696,0.016384,0.188416,0.81088,0.025386,1244819,1244819,415283,33.3609,1920,1080,raygs,triangles,1,off,0,on,-4
1781754692779632643,710.024,828.494,1.20701,1.14851,1.13562,0.030656,0.089152,0.016384,0.18944,0.809984,0.025552,1244819,1244819,415283,33.3609,1920,1080,raygs,triangles,1,off,0,on,-4
1781754692780797606,711.189,829.461,1.2056,1.14717,1.13597,0.030368,0.089792,0.016384,0.188416,0.811008,0.026403,1244819,1244819,415283,33.3609,1920,1080,raygs,triangles,1,off,0,on,-4
1781754692782024369,712.416,829.061,1.20618,1.14832,1.13386,0.02944,0.08928,0.015616,0.189536,0.809984,0.041731,1244819,1244819,415283,33.3609,1920,1080,raygs,triangles,1,off,0,on,-4
1781754692783148082,713.539,829.598,1.2054,1.14883,1.13581,0.029952,0.08944,0.016384,0.18944,0.810592,0.01493,1244819,1244819,415283,33.3609,1920,1080,raygs,triangles,1,off,0,on,-4
1781754692784580501,714.972,829.926,1.20493,1.3241,1.31264,0.030112,0.089408,0.016384,0.365984,0.810752,0.038558,1244819,1244819,415283,33.3609,1920,1080,raygs,triangles,1,off,0,on,-4
1781754692785923512,716.315,827.191,1.20891,1.37158,1.36074,0.030496,0.089152,0.239616,0.191488,0.809984,0.022297,1244819,1244819,415283,33.3609,1920,1080,raygs,triangles,1,off,0,on,-4
1781754692787089925,717.481,825.791,1.21096,1.14643,1.13331,0.030656,0.088832,0.01568,0.187392,0.810752,0.022496,1244819,1244819,415283,33.3609,1920,1080,raygs,triangles,1,off,0,on,-4
1781754692788272122,718.663,825.425,1.2115,1.14714,1.13398,0.030368,0.088832,0.016384,0.188416,0.809984,0.026216,1244819,1244819,415283,33.3609,1920,1080,raygs,triangles,1,off,0,on,-4
1781754692789455897,719.847,825.344,1.21162,1.14816,1.13469,0.0304,0.089504,0.01536,0.18944,0.809984,0.026493,1244819,1244819,415283,33.3609,1920,1080,raygs,triangles,1,off,0,on,-4
1781754692790638267,721.03,825.329,1.21164,1.15315,1.1399,0.030176,0.088864,0.016384,0.193536,0.810944,0.025308,1244819,1244819,415283,33.3609,1920,1080,raygs,triangles,1,off,0,on,-4
1781754692791792977,722.184,827.866,1.20792,1.14624,1.13424,0.030432,0.089024,0.016384,0.188416,0.809984,0.02052,1244819,1244819,415283,33.3609,1920,1080,raygs,triangles,1,off,0,on,-4
1781754692793052380,723.444,829.643,1.20534,1.14707,1.13482,0.03024,0.089792,0.01536,0.188416,0.811008,0.017706,1244819,1244819,415283,33.3609,1920,1080,raygs,triangles,1,off,0,on,-4
1781754692794238972,724.63,828.506,1.20699,1.1489,1.13629,0.03104,0.08944,0.016384,0.18944,0.809984,0.026656,1244819,1244819,415283,33.3609,1920,1080,raygs,triangles,1,off,0,on,-4
1781754692795440459,725.832,828.098,1.20759,1.14614,1.13286,0.029984,0.089248,0.016256,0.187392,0.809984,0.036549,1244819,1244819,415283,33.3609,1920,1080,raygs,triangles,1,off,0,on,-4
1781754692796601967,726.993,828.126,1.20755,1.14685,1.13485,0.030048,0.090016,0.016384,0.188416,0.809984,0.022693,1244819,1244819,415283,33.3609,1920,1080,raygs,triangles,1,off,0,on,-4
1781754692797737142,728.128,828.808,1.20655,1.14669,1.13466,0.030272,0.089472,0.016384,0.187776,0.810752,0.017328,1244819,1244819,415283,33.3609,1920,1080,raygs,triangles,1,off,0,on,-4
1781754692798914288,729.306,828.518,1.20697,1.14858,1.1361,0.029728,0.0896,0.016384,0.18944,0.810944,0.024563,1244819,1244819,415283,33.3609,1920,1080,raygs,triangles,1,off,0,on,-4
1781754692800087810,730.479,829.797,1.20511,1.14848,1.13386,0.0296,0.08928,0.015552,0.18944,0.809984,0.024787,1244819,1244819,415283,33.3609,1920,1080,raygs,triangles,1,off,0,on,-4
1781754692801503800,731.895,829.624,1.20537,1.38842,1.37443,0.030976,0.088896,0.01536,0.428416,0.810784,0.024484,1244819,1244819,415283,33.3609,1920,1080,raygs,triangles,1,off,0,on,-4
1781754692802810271,733.202,826.61,1.20976,1.28541,1.27235,0.030336,0.088768,0.015616,0.32688,0.810752,0.024883,1244819,1244819,415283,33.3609,1920,1080,raygs,triangles,1,off,0,on,-4
1781754692803981146,734.372,825.403,1.21153,1.14746,1.13661,0.030656,0.090144,0.016384,0.188416,0.811008,0.024001,1244819,1244819,415283,33.3609,1920,1080,raygs,triangles,1,off,0,on,-4
1781754692805151497,735.543,825.416,1.21151,1.14627,1.13427,0.030496,0.090016,0.016384,0.187392,0.809984,0.025319,1244819,1244819,415283,33.3609,1920,1080,raygs,triangles,1,off,0,on,-4
1781754692806332189,736.723,825.465,1.21144,1.14646,1.13536,0.029632,0.089312,0.016384,0.188416,0.811616,0.025592,1244819,1244819,415283,33.3609,1920,1080,raygs,triangles,1,off,0,on,-4
1781754692807501899,737.893,825.071,1.21202,1.14701,1.13558,0.030176,0.0896,0.016384,0.188416,0.811008,0.024551,1244819,1244819,415283,33.3609,1920,1080,raygs,triangles,1,off,0,on,-4
1781754692808671377,739.063,827.966,1.20778,1.14787,1.13299,0.030048,0.088448,0.01536,0.188416,0.81072,0.023518,1244819,1244819,415283,33.3609,1920,1080,raygs,triangles,1,off,0,on,-4
1781754692809970553,740.362,829.38,1.20572,1.14771,1.1353,0.030048,0.089408,0.016384,0.188704,0.810752,0.024802,1244819,1244819,415283,33.3609,1920,1080,raygs,triangles,1,off,0,on,-4
1781754692811134866,741.526,827.853,1.20794,1.14896,1.13469,0.031104,0.0888,0.01536,0.18944,0.809984,0.023795,1244819,1244819,415283,33.3609,1920,1080,raygs,triangles,1,off,0,on,-4
1781754692812305927,742.697,827.88,1.2079,1.14685,1.13482,0.030304,0.089696,0.016384,0.187808,0.810624,0.023574,1244819,1244819,415283,33.3609,1920,1080,raygs,triangles,1,off,0,on,-4
1781754692813474585,743.866,828.302,1.20729,1.14749,1.13469,0.029664,0.089312,0.016288,0.18944,0.809984,0.023757,1244819,1244819,415283,33.3609,1920,1080,raygs,triangles,1,off,0,on,-4
1781754692814650584,745.042,828.359,1.20721,1.1473,1.13546,0.030496,0.089152,0.016384,0.188416,0.811008,0.024347,1244819,1244819,415283,33.3609,1920,1080,raygs,triangles,1,off,0,on,-4
1781754692815832636,746.224,828.375,1.20718,1.14947,1.13645,0.030592,0.089024,0.01536,0.190464,0.811008,0.025073,1244819,1244819,415283,33.3609,1920,1080,raygs,triangles,1,off,0,on,-4
1781754692817002264,747.394,829.654,1.20532,1.14803,1.13616,0.030176,0.090016,0.016384,0.1896,0.809984,0.025148,1244819,1244819,415283,33.3609,1920,1080,raygs,triangles,1,off,0,on,-4
1781754692818408848,748.8,829.812,1.20509,1.37914,1.36707,0.03024,0.0896,0.016384,0.41984,0.811008,0.02479,1244819,1244819,415283,33.3609,1920,1080,raygs,triangles,1,off,0,on,-4
1781754692819716586,750.108,826.718,1.2096,1.28675,1.2721,0.029664,0.089344,0.015424,0.326656,0.811008,0.024074,1244819,1244819,415283,33.3609,1920,1080,raygs,triangles,1,off,0,on,-4
1781754692820895739,751.287,825.474,1.21143,1.14717,1.13536,0.030304,0.089824,0.016,0.188416,0.810816,0.025759,1244819,1244819,415283,33.3609,1920,1080,raygs,triangles,1,off,0,on,-4
1781754692822061188,752.452,825.388,1.21155,1.14643,1.13475,0.030208,0.08976,0.016384,0.187392,0.811008,0.024516,1244819,1244819,415283,33.3609,1920,1080,raygs,triangles,1,off,0,on,-4
1781754692823232723,753.624,825.565,1.21129,1.14653,1.13411,0.03024,0.08944,0.016384,0.187392,0.810656,0.023926,1244819,1244819,415283,33.3609,1920,1080,raygs,triangles,1,off,0,on,-4
1781754692824401813,754.793,828.003,1.20773,1.14675,1.13382,0.029952,0.08944,0.01632,0.187392,0.81072,0.02372,1244819,1244819,415283,33.3609,1920,1080,raygs,triangles,1,off,0,on,-4
1781754692825583408,755.975,829.869,1.20501,1.14694,1.13414,0.030112,0.089504,0.01536,0.188416,0.810752,0.025091,1244819,1244819,415283,33.3609,1920,1080,raygs,triangles,1,off,0,on,-4
1781754692826871260,757.263,829.507,1.20553,1.14701,1.13424,0.030208,0.088704,0.015744,0.188608,0.810976,0.023814,1244819,1244819,415283,33.3609,1920,1080,raygs,triangles,1,off,0,on,-4
1781754692828043055,758.434,827.838,1.20797,1.14816,1.13552,0.030336,0.089472,0.016384,0.188416,0.810912,0.024843,1244819,1244819,415283,33.3609,1920,1080,raygs,triangles,1,off,0,on,-4
1781754692829224592,759.616,828.153,1.20751,1.14685,1.13277,0.030016,0.088992,0.01536,0.188416,0.809984,0.024993,1244819,1244819,415283,33.3609,1920,1080,raygs,triangles,1,off,0,on,-4
1781754692830398050,760.789,827.573,1.20835,1.1473,1.1351,0.030496,0.089824,0.016384,0.188416,0.809984,0.023855,1244819,1244819,415283,33.3609,1920,1080,raygs,triangles,1,off,0,on,-4
1781754692831564302,761.956,827.653,1.20824,1.14611,1.13504,0.030336,0.089792,0.016384,0.18752,0.811008,0.024069,1244819,1244819,415283,33.3609,1920,1080,raygs,triangles,1,off,0,on,-4
1781754692832736625,763.128,828.166,1.20749,1.14819,1.13501,0.030368,0.088832,0.01536,0.18944,0.811008,0.024749,1244819,1244819,415283,33.3609,1920,1080,raygs,triangles,1,off,0,on,-4
1781754692834121594,764.513,829.619,1.20537,1.1511,1.13853,0.030272,0.089376,0.016384,0.191488,0.811008,0.024068,1244819,1244819,415283,33.3609,1920,1080,raygs,triangles,1,off,0,on,-4
1781754692835439707,765.831,827.465,1.20851,1.15187,1.14006,0.036096,0.090208,0.016384,0.187392,0.809984,0.025212,1244819,1244819,415283,33.3609,1920,1080,raygs,triangles,1,off,0,on,-4
1781754692836636249,767.028,825.126,1.21194,1.14746,1.13555,0.03168,0.089088,0.016384,0.187392,0.811008,0.03477,1244819,1244819,415283,33.3609,1920,1080,raygs,triangles,1,off,0,on,-4
1781754692837774329,768.166,825.455,1.21145,1.14662,1.13318,0.029824,0.088576,0.016384,0.188416,0.809984,0.019683,1244819,1244819,415283,33.3609,1920,1080,raygs,triangles,1,off,0,on,-4
1781754692838981988,769.373,825.327,1.21164,1.14765,1.13341,0.030368,0.08928,0.01536,0.188416,0.809984,0.035021,1244819,1244819,415283,33.3609,1920,1080,raygs,triangles,1,off,0,on,-4
1781754692840128144,770.519,825.565,1.21129,1.14803,1.13693,0.03024,0.089856,0.016384,0.18944,0.811008,0.018756,1244819,1244819,415283,33.3609,1920,1080,raygs,triangles,1,off,0,on,-4
1781754692841307841,771.699,827.414,1.20859,1.14746,1.13421,0.030656,0.089152,0.01536,0.188416,0.810624,0.025189,1244819,1244819,415283,33.3609,1920,1080,raygs,triangles,1,off,0,on,-4
1781754692842765850,773.157,829.241,1.20592,1.14749,1.13533,0.030592,0.089312,0.016384,0.188416,0.810624,0.060223,1244819,1244819,415283,33.3609,1920,1080,raygs,triangles,1,off,0,on,-4
1781754692843922002,774.313,825.157,1.21189,1.2785,1.2648,0.029568,0.089376,0.01536,0.319488,0.811008,0.037103,1244819,1244819,415283,33.3609,1920,1080,raygs,triangles,1,off,0,on,-4
1781754692845079853,775.471,826.024,1.21062,1.14717,1.13408,0.030336,0.08896,0.01536,0.18944,0.809984,0.035995,1244819,1244819,415283,33.3609,1920,1080,raygs,triangles,1,off,0,on,-4
1781754692846258833,776.65,826.239,1.2103,1.14883,1.13645,0.029952,0.090656,0.016384,0.189472,0.809984,0.036104,1244819,1244819,415283,33.3609,1920,1080,raygs,triangles,1,off,0,on,-4
1781754692847439789,777.831,826.304,1.21021,1.14883,1.13635,0.029952,0.089568,0.016384,0.190464,0.809984,0.035788,1244819,1244819,415283,33.3609,1920,1080,raygs,triangles,1,off,0,on,-4
1781754692848636491,779.028,826.137,1.21045,1.14723,1.13328,0.030432,0.08896,0.015488,0.188416,0.809984,0.038665,1244819,1244819,415283,33.3609,1920,1080,raygs,triangles,1,off,0,on,-4
1781754692849808692,780.2,827.251,1.20882,1.14694,1.13482,0.030368,0.08976,0.016288,0.187392,0.811008,0.039877,1244819,1244819,415283,33.3609,1920,1080,raygs,triangles,1,off,0,on,-4
1781754692851151539,781.543,827.221,1.20887,1.14685,1.13472,0.03024,0.089696,0.016384,0.187392,0.811008,0.041593,1244819,1244819,415283,33.3609,1920,1080,raygs,triangles,1,off,0,on,-4
1781754692852474534,782.866,825.217,1.2118,1.14861,1.13456,0.030784,0.08928,0.016384,0.187392,0.81072,0.039243,1244819,1244819,415283,33.3609,1920,1080,raygs,triangles,1,off,0,on,-4
1781754692853630662,784.022,823.573,1.21422,1.15178,1.13942,0.034944,0.089696,0.016384,0.187392,0.811008,0.036993,1244819,1244819,415283,33.3609,1920,1080,raygs,triangles,1,off,0,on,-4
1781754692854804440,785.196,823.753,1.21396,1.14701,1.13482,0.030176,0.088832,0.016384,0.188416,0.811008,0.036698,1244819,1244819,415283,33.3609,1920,1080,raygs,triangles,1,off,0,on,-4
1781754692855977360,786.369,823.98,1.21362,1.1463,1.13277,0.030496,0.089376,0.01552,0.187392,0.809984,0.035861,1244819,1244819,415283,33.3609,1920,1080,raygs,triangles,1,off,0,on,-4
1781754692857309157,787.7,823.806,1.21388,1.14611,1.1336,0.030336,0.089504,0.01536,0.187392,0.811008,0.042696,1244819,1244819,415283,33.3609,1920,1080,raygs,triangles,1,off,0,on,-4
1781754692858370632,788.762,824.824,1.21238,1.14749,1.13427,0.030656,0.088832,0.016384,0.188416,0.809984,0.028562,1244819,1244819,415283,33.3609,1920,1080,raygs,triangles,1,off,0,on,-4
1781754692859602512,789.994,828.196,1.20744,1.14848,1.13546,0.031616,0.089056,0.01536,0.188416,0.811008,0.017019,1244819,1244819,415283,33.3609,1920,1080,raygs,triangles,1,off,0,on,-4
1781754692860776791,791.168,827.264,1.2088,1.14816,1.13584,0.030976,0.089376,0.016384,0.188416,0.810688,0.025747,1244819,1244819,415283,33.3609,1920,1080,raygs,triangles,1,off,0,on,-4
1781754692861945620,792.337,827.338,1.2087,1.14906,1.13571,0.030176,0.088992,0.016096,0.190464,0.809984,0.025385,1244819,1244819,415283,33.3609,1920,1080,raygs,triangles,1,off,0,on,-4
1781754692863175694,793.567,827.411,1.20859,1.1495,1.13597,0.029632,0.089152,0.015712,0.190464,0.811008,0.045286,1244819,1244819,415283,33.3609,1920,1080,raygs,triangles,1,off,0,on,-4
1781754692864291494,794.683,827.078,1.20908,1.14912,1.13702,0.030432,0.089792,0.016384,0.18944,0.810976,0.01591,1244819,1244819,415283,33.3609,1920,1080,raygs,triangles,1,off,0,on,-4
1781754692865469310,795.861,827.382,1.20863,1.14848,1.13523,0.030016,0.089472,0.016352,0.188672,0.81072,0.025837,1244819,1244819,415283,33.3609,1920,1080,raygs,triangles,1,off,0,on,-4
1781754692866636395,797.028,828.538,1.20695,1.14906,1.13664,0.03056,0.089632,0.016192,0.18944,0.810816,0.024695,1244819,1244819,415283,33.3609,1920,1080,raygs,triangles,1,off,0,on,-4
1781754692868061631,798.453,829.081,1.20615,1.39222,1.37901,0.030144,0.089344,0.01536,0.433152,0.811008,0.026947,1244819,1244819,415283,33.3609,1920,1080,raygs,triangles,1,off,0,on,-4
1781754692869373070,799.764,826.145,1.21044,1.28675,1.27418,0.030144,0.089472,0.016096,0.32768,0.810784,0.024749,1244819,1244819,415283,33.3609,1920,1080,raygs,triangles,1,off,0,on,-4
1781754692870539964,800.931,824.394,1.21301,1.14858,1.13648,0.030656,0.090976,0.016384,0.187552,0.810912,0.024268,1244819,1244819,415283,33.3609,1920,1080,raygs,triangles,1,off,0,on,-4
1781754692871710303,802.102,824.103,1.21344,1.14707,1.13437,0.030272,0.089664,0.01536,0.188416,0.810656,0.02464,1244819,1244819,415283,33.3609,1920,1080,raygs,triangles,1,off,0,on,-4
1781754692872881060,803.272,824.238,1.21324,1.14838,1.13434,0.030016,0.089536,0.01536,0.18944,0.809984,0.023251,1244819,1244819,415283,33.3609,1920,1080,raygs,triangles,1,off,0,on,-4
1781754692874061561,804.453,824.643,1.21265,1.14598,1.13357,0.030208,0.089696,0.016384,0.186368,0.810912,0.025938,1244819,1244819,415283,33.3609,1920,1080,raygs,triangles,1,off,0,on,-4
1781754692875239875,805.631,826.958,1.20925,1.14864,1.13594,0.030816,0.089568,0.01536,0.18944,0.810752,0.024526,1244819,1244819,415283,33.3609,1920,1080,raygs,triangles,1,off,0,on,-4
1781754692876520975,806.912,828.405,1.20714,1.14787,1.13565,0.030656,0.089632,0.016384,0.188416,0.81056,0.023764,1244819,1244819,415283,33.3609,1920,1080,raygs,triangles,1,off,0,on,-4
1781754692877696150,808.087,827.429,1.20856,1.15245,1.13901,0.031552,0.089888,0.016288,0.190464,0.810816,0.023138,1244819,1244819,415283,33.3609,1920,1080,raygs,triangles,1,off,0,on,-4
1781754692878873316,809.265,827.098,1.20905,1.14749,1.13533,0.030016,0.089504,0.016384,0.18944,0.809984,0.024017,1244819,1244819,415283,33.3609,1920,1080,raygs,triangles,1,off,0,on,-4
1781754692880050903,810.442,827.032,1.20914,1.14819,1.13395,0.030304,0.088864,0.01536,0.188512,0.810912,0.02625,1244819,1244819,415283,33.3609,1920,1080,raygs,triangles,1,off,0,on,-4
1781754692881220946,811.612,826.997,1.20919,1.14739,1.1345,0.030592,0.088992,0.016384,0.187776,0.810752,0.024582,1244819,1244819,415283,33.3609,1920,1080,raygs,triangles,1,off,0,on,-4
1781754692882408833,812.8,826.956,1.20925,1.14685,1.13491,0.030112,0.089856,0.016384,0.18768,0.81088,0.023828,1244819,1244819,415283,33.3609,1920,1080,raygs,triangles,1,off,0,on,-4
1781754692883575556,813.967,828.33,1.20725,1.14739,1.13354,0.029568,0.089504,0.01536,0.188416,0.810688,0.023581,1244819,1244819,415283,33.3609,1920,1080,raygs,triangles,1,off,0,on,-4
1781754692884977587,815.369,828.399,1.20715,1.38237,1.37104,0.030016,0.089696,0.016384,0.423936,0.811008,0.024752,1244819,1244819,415283,33.3609,1920,1080,raygs,triangles,1,off,0,on,-4
1781754692886290111,816.681,825.293,1.21169,1.28816,1.2751,0.03024,0.088768,0.01536,0.329728,0.811008,0.024977,1244819,1244819,415283,33.3609,1920,1080,raygs,triangles,1,off,0,on,-4
1781754692887462948,817.854,824.01,1.21358,1.14675,1.13453,0.029952,0.089792,0.01648,0.187392,0.810912,0.024936,1244819,1244819,415283,33.3609,1920,1080,raygs,triangles,1,off,0,on,-4
1781754692888638932,819.03,824.025,1.21356,1.1473,1.13568,0.030464,0.089408,0.016384,0.18944,0.809984,0.02516,1244819,1244819,415283,33.3609,1920,1080,raygs,triangles,1,off,0,on,-4
1781754692889803218,820.195,824.125,1.21341,1.14602,1.13491,0.0304,0.089728,0.016384,0.187392,0.811008,0.023856,1244819,1244819,415283,33.3609,1920,1080,raygs,triangles,1,off,0,on,-4
1781754692890974745,821.366,824.457,1.21292,1.14637,1.13453,0.030208,0.089504,0.016384,0.187584,0.810848,0.023138,1244819,1244819,415283,33.3609,1920,1080,raygs,triangles,1,off,0,on,-4
1781754692892149413,822.541,827.139,1.20899,1.14851,1.13542,0.029664,0.08976,0.015584,0.18944,0.810976,0.02363,1244819,1244819,415283,33.3609,1920,1080,raygs,triangles,1,off,0,on,-4
1781754692893443632,823.835,828.642,1.20679,1.14643,1.13482,0.029632,0.089376,0.016384,0.188416,0.811008,0.023958,1244819,1244819,415283,33.3609,1920,1080,raygs,triangles,1,off,0,on,-4
1781754692894610947,825.002,827.087,1.20906,1.14906,1.1361,0.0312,0.088992,0.01536,0.189568,0.810976,0.023456,1244819,1244819,415283,33.3609,1920,1080,raygs,triangles,1,off,0,on,-4
1781754692895795738,826.187,827.294,1.20876,1.1479,1.13562,0.029984,0.089824,0.016384,0.18944,0.809984,0.02476,1244819,1244819,415283,33.3609,1920,1080,raygs,triangles,1,off,0,on,-4
1781754692896975705,827.367,826.575,1.20981,1.14602,1.13456,0.030208,0.089888,0.016384,0.187392,0.810688,0.025805,1244819,1244819,415283,33.3609,1920,1080,raygs,triangles,1,off,0,on,-4
1781754692898158371,828.55,826.415,1.21005,1.14803,1.13491,0.030432,0.089696,0.016384,0.188416,0.809984,0.026067,1244819,1244819,415283,33.3609,1920,1080,raygs,triangles,1,off,0,on,-4
1781754692899324678,829.716,826.673,1.20967,1.1497,1.13811,0.029792,0.08944,0.016384,0.191488,0.811008,0.025418,1244819,1244819,415283,33.3609,1920,1080,raygs,triangles,1,off,0,on,-4
1781754692900490338,830.882,828.286,1.20731,1.14835,1.13549,0.029472,0.089344,0.016384,0.18944,0.810848,0.024784,1244819,1244819,415283,33.3609,1920,1080,raygs,triangles,1,off,0,on,-4
1781754692901894132,832.285,828.171,1.20748,1.38813,1.37373,0.029632,0.089728,0.015584,0.428032,0.810752,0.02445,1244819,1244819,415283,33.3609,1920,1080,raygs,triangles,1,off,0,on,-4
1781754692903217745,833.609,826.015,1.21063,1.28832,1.27472,0.030176,0.088832,0.01536,0.329728,0.810624,0.028839,1244819,1244819,415283,33.3609,1920,1080,raygs,triangles,1,off,0,on,-4
1781754692904383323,834.775,823.954,1.21366,1.14803,1.13482,0.030208,0.090048,0.01616,0.188416,0.809984,0.024188,1244819,1244819,415283,33.3609,1920,1080,raygs,triangles,1,off,0,on,-4
1781754692905558505,835.95,824.234,1.21325,1.14848,1.13574,0.029536,0.089376,0.016384,0.18944,0.811008,0.023473,1244819,1244819,415283,33.3609,1920,1080,raygs,triangles,1,off,0,on,-4
1781754692906728142,837.119,824.181,1.21333,1.14678,1.13555,0.029952,0.089632,0.016384,0.18864,0.810944,0.024172,1244819,1244819,415283,33.3609,1920,1080,raygs,triangles,1,off,0,on,-4
1781754692907964543,838.356,826.379,1.2101,1.14598,1.13453,0.030208,0.089792,0.016384,0.187392,0.810752,0.039587,1244819,1244819,415283,33.3609,1920,1080,raygs,triangles,1,off,0,on,-4
1781754692909245116,839.636,827.547,1.20839,1.14902,1.13632,0.030272,0.089888,0.016384,0.189792,0.809984,0.026904,1244819,1244819,415283,33.3609,1920,1080,raygs,triangles,1,off,0,on,-4
1781754692910377323,840.769,826.321,1.21018,1.14874,1.13482,0.03088,0.090176,0.01536,0.187392,0.811008,0.014825,1244819,1244819,415283,33.3609,1920,1080,raygs,triangles,1,off,0,on,-4
1781754692911551608,841.943,826.257,1.21028,1.14774,1.13443,0.029888,0.088736,0.016384,0.18944,0.809984,0.024634,1244819,1244819,415283,33.3609,1920,1080,raygs,triangles,1,off,0,on,-4
1781754692912763461,843.155,826.602,1.20977,1.1488,1.13619,0.02992,0.089344,0.016384,0.189536,0.811008,0.037089,1244819,1244819,415283,33.3609,1920,1080,raygs,triangles,1,off,0,on,-4
1781754692913905456,844.297,826.212,1.21034,1.14858,1.13645,0.030464,0.090176,0.016384,0.18944,0.809984,0.014867,1244819,1244819,415283,33.3609,1920,1080,raygs,triangles,1,off,0,on,-4
1781754692915094889,845.486,826.303,1.21021,1.14787,1.13638,0.030048,0.089696,0.016384,0.188416,0.81184,0.026534,1244819,1244819,415283,33.3609,1920,1080,raygs,triangles,1,off,0,on,-4
1781754692916278520,846.67,830.579,1.20398,1.14966,1.13574,0.030784,0.089152,0.01536,0.190464,0.809984,0.031799,1244819,1244819,415283,33.3609,1920,1080,raygs,triangles,1,off,0,on,-4
1781754692917630356,848.022,829.522,1.20551,1.3473,1.33427,0.030368,0.089408,0.016384,0.387104,0.811008,0.018605,1244819,1244819,415283,33.3609,1920,1080,raygs,triangles,1,off,0,on,-4
1781754692918937015,849.328,827.096,1.20905,1.28778,1.27386,0.029696,0.08976,0.015744,0.328704,0.809952,0.024698,1244819,1244819,415283,33.3609,1920,1080,raygs,triangles,1,off,0,on,-4
1781754692920110222,850.502,825.477,1.21142,1.14922,1.13674,0.030336,0.090592,0.016384,0.18944,0.809984,0.026,1244819,1244819,415283,33.3609,1920,1080,raygs,triangles,1,off,0,on,-4
1781754692921301645,851.693,825.749,1.21102,1.14874,1.13571,0.030272,0.089632,0.016384,0.188416,0.811008,0.026107,1244819,1244819,415283,33.3609,1920,1080,raygs,triangles,1,off,0,on,-4
1781754692922524983,852.916,825.963,1.21071,1.1464,1.13315,0.0296,0.088768,0.01536,0.188416,0.811008,0.040709,1244819,1244819,415283,33.3609,1920,1080,raygs,triangles,1,off,0,on,-4
1781754692923631603,854.023,825.35,1.21161,1.14787,1.13411,0.030496,0.089856,0.01536,0.188416,0.809984,0.014915,1244819,1244819,415283,33.3609,1920,1080,raygs,triangles,1,off,0,on,-4
1781754692924817225,855.209,827.827,1.20798,1.14669,1.1344,0.030912,0.089728,0.01536,0.188416,0.809984,0.027742,1244819,1244819,415283,33.3609,1920,1080,raygs,triangles,1,off,0,on,-4
1781754692926139354,856.531,829.583,1.20543,1.1464,1.13491,0.0296,0.089408,0.016384,0.188576,0.810944,0.042853,1244819,1244819,415283,33.3609,1920,1080,raygs,triangles,1,off,0,on,-4
1781754692927262780,857.654,827.74,1.20811,1.14826,1.13427,0.0304,0.089632,0.016224,0.187392,0.810624,0.015406,1244819,1244819,415283,33.3609,1920,1080,raygs,triangles,1,off,0,on,-4
1781754692928429954,858.821,828.244,1.20737,1.14685,1.13485,0.030016,0.089408,0.016384,0.188416,0.810624,0.023794,1244819,1244819,415283,33.3609,1920,1080,raygs,triangles,1,off,0,on,-4
1781754692929622335,860.014,828.283,1.20732,1.14813,1.13584,0.030528,0.089632,0.016256,0.18944,0.809984,0.026139,1244819,1244819,415283,33.3609,1920,1080,raygs,triangles,1,off,0,on,-4
1781754692930904377,861.296,829.802,1.20511,1.148,1.13574,0.030208,0.089856,0.016384,0.188416,0.81088,0.025444,1244819,1244819,415283,33.3609,1920,1080,raygs,triangles,1,off,0,on,-4
1781754692932103955,862.495,826.925,1.2093,1.15037,1.13811,0.03152,0.08976,0.016384,0.18944,0.811008,0.038614,1244819,1244819,415283,33.3609,1920,1080,raygs,triangles,1,off,0,on,-4
1781754692933246937,863.638,827.773,1.20806,1.14669,1.1343,0.029888,0.089632,0.016384,0.188416,0.809984,0.019005,1244819,1244819,415283,33.3609,1920,1080,raygs,triangles,1,off,0,on,-4
1781754692934613657,865.005,827.945,1.20781,1.14746,1.13424,0.029632,0.08912,0.016384,0.188416,0.810688,0.026753,1244819,1244819,415283,33.3609,1920,1080,raygs,triangles,1,off,0,on,-4
1781754692935908250,866.3,825.666,1.21114,1.15344,1.14035,0.034816,0.089728,0.016384,0.18944,0.809984,0.024769,1244819,1244819,415283,33.3609,1920,1080,raygs,triangles,1,off,0,on,-4
1781754692937077864,867.469,824.742,1.2125,1.14746,1.13478,0.03168,0.0896,0.01536,0.186368,0.811776,0.024954,1244819,1244819,415283,33.3609,1920,1080,raygs,triangles,1,off,0,on,-4
1781754692938245323,868.637,824.381,1.21303,1.1473,1.13507,0.030464,0.089824,0.016384,0.187392,0.811008,0.024148,1244819,1244819,415283,33.3609,1920,1080,raygs,triangles,1,off,0,on,-4
1781754692939426293,869.818,824.751,1.21249,1.14794,1.13584,0.030592,0.08944,0.016384,0.188416,0.811008,0.023837,1244819,1244819,415283,33.3609,1920,1080,raygs,triangles,1,off,0,on,-4
1781754692940618701,871.01,823.988,1.21361,1.17142,1.15891,0.030048,0.089504,0.016384,0.212992,0.809984,0.023826,1244819,1244819,415283,33.3609,1920,1080,raygs,triangles,1,off,0,on,-4
1781754692941783941,872.175,826.787,1.2095,1.14685,1.1345,0.030048,0.089312,0.015712,0.188416,0.811008,0.02369,1244819,1244819,415283,33.3609,1920,1080,raygs,triangles,1,off,0,on,-4
1781754692943079798,873.471,828.858,1.20648,1.14819,1.13562,0.030432,0.089792,0.016384,0.188416,0.810592,0.024388,1244819,1244819,415283,33.3609,1920,1080,raygs,triangles,1,off,0,on,-4
1781754692944262965,874.654,827.245,1.20883,1.14717,1.13466,0.030976,0.089056,0.016384,0.187392,0.810848,0.024907,1244819,1244819,415283,33.3609,1920,1080,raygs,triangles,1,off,0,on,-4
1781754692945425465,875.817,827.12,1.20901,1.14922,1.1368,0.030336,0.09008,0.016384,0.18944,0.81056,0.024497,1244819,1244819,415283,33.3609,1920,1080,raygs,triangles,1,off,0,on,-4
1781754692946612567,877.004,826.809,1.20947,1.14637,1.13462,0.029472,0.089344,0.016384,0.188416,0.811008,0.026511,1244819,1244819,415283,33.3609,1920,1080,raygs,triangles,1,off,0,on,-4
1781754692947780167,878.171,827.169,1.20894,1.14659,1.13293,0.030176,0.088608,0.015744,0.188416,0.809984,0.024085,1244819,1244819,415283,33.3609,1920,1080,raygs,triangles,1,off,0,on,-4
1781754692948947427,879.339,827.137,1.20899,1.14803,1.13411,0.030336,0.088832,0.01536,0.188768,0.810816,0.023887,1244819,1244819,415283,33.3609,1920,1080,raygs,triangles,1,off,0,on,-4
1781754692950123983,880.515,828.199,1.20744,1.14928,1.13821,0.030464,0.089888,0.016384,0.190464,0.811008,0.024461,1244819,1244819,415283,33.3609,1920,1080,raygs,triangles,1,off,0,on,-4
1781754692951532288,881.924,828.116,1.20756,1.3833,1.36867,0.02992,0.0888,0.01536,0.423936,0.810656,0.023878,1244819,1244819,415283,33.3609,1920,1080,raygs,triangles,1,off,0,on,-4
1781754692952841944,883.233,825.845,1.21088,1.28643,1.27302,0.030336,0.089024,0.01536,0.32768,0.810624,0.023513,1244819,1244819,415283,33.3609,1920,1080,raygs,triangles,1,off,0,on,-4
1781754692954009524,884.401,824.583,1.21273,1.14662,1.13549,0.030336,0.089696,0.016384,0.188416,0.810656,0.023585,1244819,1244819,415283,33.3609,1920,1080,raygs,triangles,1,off,0,on,-4
1781754692955182603,885.574,824.678,1.21259,1.14774,1.13309,0.029888,0.089728,0.015424,0.187392,0.810656,0.024387,1244819,1244819,415283,33.3609,1920,1080,raygs,triangles,1,off,0,on,-4
1781754692956370437,886.762,824.787,1.21243,1.14819,1.13578,0.030336,0.089632,0.016384,0.188416,0.811008,0.024352,1244819,1244819,415283,33.3609,1920,1080,raygs,triangles,1,off,0,on,-4
1781754692957531919,887.923,824.329,1.21311,1.14672,1.13363,0.030368,0.089504,0.016384,0.187392,0.809984,0.023582,1244819,1244819,415283,33.3609,1920,1080,raygs,triangles,1,off,0,on,-4
1781754692958703037,889.094,827.329,1.20871,1.14669,1.13533,0.030304,0.089632,0.016384,0.188416,0.810592,0.023296,1244819,1244819,415283,33.3609,1920,1080,raygs,triangles,1,off,0,on,-4
1781754692960013590,890.405,828.596,1.20686,1.14954,1.13834,0.030368,0.090176,0.016384,0.18944,0.811968,0.026706,1244819,1244819,415283,33.3609,1920,1080,raygs,triangles,1,off,0,on,-4
1781754692961174572,891.566,827.049,1.20912,1.15008,1.13782,0.0312,0.089792,0.016384,0.190464,0.809984,0.023605,1244819,1244819,415283,33.3609,1920,1080,raygs,triangles,1,off,0,on,-4
1781754692962340257,892.732,827.144,1.20898,1.14605,1.13258,0.03024,0.088896,0.016384,0.187392,0.809664,0.023406,1244819,1244819,415283,33.3609,1920,1080,raygs,triangles,1,off,0,on,-4
1781754692963518272,893.91,827.13,1.209,1.14627,1.13302,0.029344,0.089152,0.016128,0.187392,0.811008,0.02483,1244819,1244819,415283,33.3609,1920,1080,raygs,triangles,1,off,0,on,-4
1781754692964688373,895.08,826.823,1.20945,1.14701,1.13296,0.030176,0.088832,0.015552,0.188416,0.809984,0.024408,1244819,1244819,415283,33.3609,1920,1080,raygs,triangles,1,off,0,on,-4
1781754692965870958,896.262,827.129,1.209,1.14646,1.13232,0.030112,0.088448,0.01536,0.188416,0.809984,0.027795,1244819,1244819,415283,33.3609,1920,1080,raygs,triangles,1,off,0,on,-4
1781754692967044533,897.436,828.453,1.20707,1.14982,1.13626,0.029952,0.089472,0.016384,0.190464,0.809984,0.025327,1244819,1244819,415283,33.3609,1920,1080,raygs,triangles,1,off,0,on,-4
1781754692968448051,898.839,828.129,1.20754,1.38118,1.37002,0.03024,0.089408,0.016384,0.423072,0.810912,0.025205,1244819,1244819,415283,33.3609,1920,1080,raygs,triangles,1,off,0,on,-4
1781754692969752841,900.144,825.872,1.21084,1.28525,1.27421,0.030336,0.089824,0.016384,0.326656,0.811008,0.023879,1244819,1244819,415283,33.3609,1920,1080,raygs,triangles,1,off,0,on,-4
1781754692970921580,901.313,824.79,1.21243,1.14982,1.13565,0.02992,0.08992,0.01536,0.190464,0.809984,0.023991,1244819,1244819,415283,33.3609,1920,1080,raygs,triangles,1,off,0,on,-4
1781754692972100298,902.492,824.919,1.21224,1.14525,1.13414,0.02944,0.08928,0.016384,0.188416,0.810624,0.023724,1244819,1244819,415283,33.3609,1920,1080,raygs,triangles,1,off,0,on,-4
1781754692973272638,903.664,824.353,1.21307,1.14598,1.13258,0.030208,0.089024,0.01536,0.187392,0.810592,0.024294,1244819,1244819,415283,33.3609,1920,1080,raygs,triangles,1,off,0,on,-4
1781754692974440665,904.832,824.428,1.21296,1.14621,1.13411,0.029376,0.089376,0.016384,0.188416,0.81056,0.023355,1244819,1244819,415283,33.3609,1920,1080,raygs,triangles,1,off,0,on,-4
1781754692975615411,906.007,827.012,1.20917,1.14646,1.13386,0.029632,0.088416,0.016384,0.188416,0.811008,0.023414,1244819,1244819,415283,33.3609,1920,1080,raygs,triangles,1,off,0,on,-4
1781754692976902067,907.293,828.772,1.2066,1.14598,1.13181,0.03024,0.088832,0.015552,0.186368,0.810816,0.024382,1244819,1244819,415283,33.3609,1920,1080,raygs,triangles,1,off,0,on,-4
1781754692978073534,908.465,827.113,1.20902,1.14842,1.13626,0.03056,0.089312,0.016384,0.188416,0.811584,0.02467,1244819,1244819,415283,33.3609,1920,1080,raygs,triangles,1,off,0,on,-4
1781754692979248275,909.64,827.438,1.20855,1.14733,1.13459,0.030496,0.08896,0.01568,0.188672,0.810784,0.023705,1244819,1244819,415283,33.3609,1920,1080,raygs,triangles,1,off,0,on,-4
1781754692980441231,910.833,827.366,1.20866,1.14819,1.13395,0.030336,0.088992,0.01536,0.188416,0.810848,0.025763,1244819,1244819,415283,33.3609,1920,1080,raygs,triangles,1,off,0,on,-4
1781754692981605219,911.997,827.737,1.20811,1.14624,1.13421,0.030432,0.08912,0.016256,0.187392,0.811008,0.02448,1244819,1244819,415283,33.3609,1920,1080,raygs,triangles,1,off,0,on,-4
1781754692982765813,913.157,829.043,1.20621,1.14739,1.1336,0.03056,0.08928,0.01536,0.188416,0.809984,0.024335,1244819,1244819,415283,33.3609,1920,1080,raygs,triangles,1,off,0,on,-4
1781754692983943918,914.335,829.318,1.20581,1.14835,1.13606,0.030656,0.089472,0.016384,0.189568,0.809984,0.024696,1244819,1244819,415283,33.3609,1920,1080,raygs,triangles,1,off,0,on,-4
1781754692985358184,915.749,828.782,1.20659,1.38755,1.37443,0.030336,0.089696,0.016384,0.428032,0.809984,0.023883,1244819,1244819,415283,33.3609,1920,1080,raygs,triangles,1,off,0,on,-4
1781754692986667119,917.058,826.38,1.2101,1.28848,1.2745,0.030336,0.089088,0.01536,0.329728,0.809984,0.024523,1244819,1244819,415283,33.3609,1920,1080,raygs,triangles,1,off,0,on,-4
1781754692987844372,918.236,824.792,1.21243,1.14806,1.13402,0.030208,0.090048,0.01536,0.188416,0.809984,0.024381,1244819,1244819,415283,33.3609,1920,1080,raygs,triangles,1,off,0,on,-4
1781754692989023400,919.415,824.629,1.21267,1.14733,1.13546,0.029472,0.090048,0.016384,0.188544,0.811008,0.029952,1244819,1244819,415283,33.3609,1920,1080,raygs,triangles,1,off,0,on,-4
1781754692990198865,920.59,824.28,1.21318,1.14646,1.13456,0.029632,0.089472,0.016384,0.188416,0.810656,0.029762,1244819,1244819,415283,33.3609,1920,1080,raygs,triangles,1,off,0,on,-4
1781754692991379572,921.771,826.735,1.20958,1.14758,1.13325,0.029728,0.089536,0.015424,0.187616,0.810944,0.026086,1244819,1244819,415283,33.3609,1920,1080,raygs,triangles,1,off,0,on,-4
1781754692992658689,923.05,828.447,1.20708,1.14787,1.13507,0.029888,0.089376,0.016384,0.188416,0.811008,0.025251,1244819,1244819,415283,33.3609,1920,1080,raygs,triangles,1,off,0,on,-4
1781754692993827724,924.219,827.059,1.2091,1.14922,1.13651,0.031552,0.089472,0.016384,0.188416,0.810688,0.025342,1244819,1244819,415283,33.3609,1920,1080,raygs,triangles,1,off,0,on,-4
1781754692995005643,925.397,827.211,1.20888,1.14653,1.13408,0.029696,0.0896,0.016384,0.188416,0.809984,0.024685,1244819,1244819,415283,33.3609,1920,1080,raygs,triangles,1,off,0,on,-4
1781754692996178205,926.57,827.717,1.20814,1.14954,1.13571,0.030624,0.089568,0.01536,0.18944,0.81072,0.024187,1244819,1244819,415283,33.3609,1920,1080,raygs,triangles,1,off,0,on,-4
1781754692997350122,927.741,827.248,1.20883,1.14874,1.13424,0.029856,0.088576,0.01536,0.18944,0.811008,0.023991,1244819,1244819,415283,33.3609,1920,1080,raygs,triangles,1,off,0,on,-4
1781754692998534234,928.926,827.094,1.20905,1.14701,1.13494,0.030304,0.088832,0.016384,0.188416,0.811008,0.025176,1244819,1244819,415283,33.3609,1920,1080,raygs,triangles,1,off,0,on,-4
1781754692999824116,930.215,828.605,1.20685,1.14944,1.13526,0.030624,0.088832,0.01536,0.190464,0.809984,0.024637,1244819,1244819,415283,33.3609,1920,1080,raygs,triangles,1,off,0,on,-4
1781754693001173407,931.565,826.894,1.20934,1.14835,1.13562,0.03152,0.089152,0.01552,0.188416,0.811008,0.026143,1244819,1244819,415283,33.3609,1920,1080,raygs,triangles,1,off,0,on,-4
1781754693002470841,932.862,824.761,1.21247,1.15053,1.13725,0.034752,0.088736,0.016384,0.186368,0.811008,0.024588,1244819,1244819,415283,33.3609,1920,1080,raygs,triangles,1,off,0,on,-4
1781754693003645853,934.037,823.503,1.21432,1.14755,1.13645,0.031264,0.089376,0.016384,0.188416,0.811008,0.024302,1244819,1244819,415283,33.3609,1920,1080,raygs,triangles,1,off,0,on,-4
1781754693004833481,935.225,825.177,1.21186,1.14675,1.13434,0.029952,0.0896,0.016384,0.188416,0.809984,0.025708,1244819,1244819,415283,33.3609,1920,1080,raygs,triangles,1,off,0,on,-4
1781754693005998361,936.39,824.801,1.21241,1.1479,1.13466,0.030048,0.0888,0.016384,0.188416,0.811008,0.025053,1244819,1244819,415283,33.3609,1920,1080,raygs,triangles,1,off,0,on,-4
1781754693007173170,937.564,824.675,1.2126,1.15283,1.13904,0.029984,0.089312,0.01536,0.193536,0.810848,0.024256,1244819,1244819,415283,33.3609,1920,1080,raygs,triangles,1,off,0,on,-4
1781754693008347776,938.739,827.094,1.20905,1.14672,1.13331,0.029888,0.089696,0.016256,0.187488,0.809984,0.024281,1244819,1244819,415283,33.3609,1920,1080,raygs,triangles,1,off,0,on,-4
1781754693009629965,940.021,828.369,1.20719,1.14624,1.13421,0.029408,0.089248,0.016352,0.188416,0.810784,0.023431,1244819,1244819,415283,33.3609,1920,1080,raygs,triangles,1,off,0,on,-4
1781754693010809554,941.201,827.284,1.20877,1.15005,1.13882,0.031232,0.089792,0.016384,0.190464,0.810944,0.023699,1244819,1244819,415283,33.3609,1920,1080,raygs,triangles,1,off,0,on,-4
1781754693012004872,942.396,826.494,1.20993,1.14701,1.13526,0.030208,0.089728,0.016384,0.188416,0.810528,0.030579,1244819,1244819,415283,33.3609,1920,1080,raygs,triangles,1,off,0,on,-4
1781754693013180828,943.572,826.783,1.20951,1.14694,1.13434,0.030112,0.089024,0.015584,0.188672,0.810944,0.025962,1244819,1244819,415283,33.3609,1920,1080,raygs,triangles,1,off,0,on,-4
1781754693014341189,944.732,826.932,1.20929,1.14842,1.13389,0.029536,0.08912,0.016192,0.188416,0.810624,0.024862,1244819,1244819,415283,33.3609,1920,1080,raygs,triangles,1,off,0,on,-4
1781754693015503047,945.894,826.663,1.20968,1.14851,1.13574,0.030688,0.089408,0.016416,0.188416,0.810816,0.024385,1244819,1244819,415283,33.3609,1920,1080,raygs,triangles,1,off,0,on,-4
1781754693016678079,947.069,828.713,1.20669,1.14701,1.13386,0.030176,0.088896,0.016384,0.188416,0.809984,0.024304,1244819,1244819,415283,33.3609,1920,1080,raygs,triangles,1,off,0,on,-4
1781754693018096206,948.488,828.389,1.20716,1.38614,1.37251,0.030176,0.089472,0.016128,0.425984,0.810752,0.024659,1244819,1244819,415283,33.3609,1920,1080,raygs,triangles,1,off,0,on,-4
1781754693019400243,949.792,825.589,1.21126,1.28525,1.2721,0.030208,0.088704,0.01552,0.32768,0.809984,0.024091,1244819,1244819,415283,33.3609,1920,1080,raygs,triangles,1,off,0,on,-4
1781754693020566322,950.958,824.164,1.21335,1.14646,1.13229,0.03024,0.090336,0.01536,0.186368,0.809984,0.02339,1244819,1244819,415283,33.3609,1920,1080,raygs,triangles,1,off,0,on,-4
1781754693021745234,952.137,824.627,1.21267,1.14755,1.13382,0.029696,0.089536,0.016384,0.187392,0.810816,0.024509,1244819,1244819,415283,33.3609,1920,1080,raygs,triangles,1,off,0,on,-4
1781754693022912634,953.304,824.251,1.21322,1.14717,1.13331,0.030368,0.0888,0.015744,0.188416,0.809984,0.023775,1244819,1244819,415283,33.3609,1920,1080,raygs,triangles,1,off,0,on,-4
1781754693024094474,954.486,824.605,1.2127,1.1545,1.1417,0.029472,0.089472,0.01616,0.195584,0.811008,0.02482,1244819,1244819,415283,33.3609,1920,1080,raygs,triangles,1,off,0,on,-4
1781754693025271714,955.663,827.178,1.20893,1.14723,1.13501,0.03008,0.08928,0.016224,0.188416,0.811008,0.025204,1244819,1244819,415283,33.3609,1920,1080,raygs,triangles,1,off,0,on,-4
1781754693026557347,956.949,828.081,1.20761,1.14643,1.13488,0.029536,0.089536,0.016384,0.18944,0.809984,0.023614,1244819,1244819,415283,33.3609,1920,1080,raygs,triangles,1,off,0,on,-4
1781754693027728140,958.119,826.737,1.20958,1.1489,1.13539,0.03104,0.090496,0.01536,0.187712,0.810784,0.023557,1244819,1244819,415283,33.3609,1920,1080,raygs,triangles,1,off,0,on,-4
1781754693028903643,959.295,827.07,1.20909,1.14605,1.13366,0.030272,0.08944,0.015552,0.187392,0.811008,0.023869,1244819,1244819,415283,33.3609,1920,1080,raygs,triangles,1,off,0,on,-4
1781754693030095200,960.487,827.355,1.20867,1.14877,1.13722,0.02992,0.090464,0.016384,0.190464,0.809984,0.024364,1244819,1244819,415283,33.3609,1920,1080,raygs,triangles,1,off,0,on,-4
1781754693031254204,961.646,826.566,1.20982,1.1473,1.1343,0.030496,0.08912,0.016384,0.187392,0.810912,0.024241,1244819,1244819,415283,33.3609,1920,1080,raygs,triangles,1,off,0,on,-4
1781754693032426254,962.818,826.757,1.20954,1.14893,1.13536,0.030496,0.089056,0.01536,0.190464,0.809984,0.023596,1244819,1244819,415283,33.3609,1920,1080,raygs,triangles,1,off,0,on,-4
1781754693033600226,963.992,828.531,1.20696,1.14982,1.1359,0.030528,0.089568,0.01536,0.190464,0.809984,0.024788,1244819,1244819,415283,33.3609,1920,1080,raygs,triangles,1,off,0,on,-4
1781754693035007713,965.399,828.451,1.20707,1.38224,1.37018,0.030368,0.089504,0.016384,0.422912,0.811008,0.02646,1244819,1244819,415283,33.3609,1920,1080,raygs,triangles,1,off,0,on,-4
1781754693036356845,966.748,825.729,1.21105,1.29069,1.27645,0.030336,0.088992,0.01536,0.330752,0.811008,0.035139,1244819,1244819,415283,33.3609,1920,1080,raygs,triangles,1,off,0,on,-4
1781754693037501728,967.893,823.843,1.21382,1.14803,1.13616,0.03056,0.089888,0.016384,0.188416,0.810912,0.019785,1244819,1244819,415283,33.3609,1920,1080,raygs,triangles,1,off,0,on,-4
1781754693038674945,969.066,823.815,1.21387,1.14637,1.1344,0.030368,0.089248,0.016384,0.187392,0.811008,0.024956,1244819,1244819,415283,33.3609,1920,1080,raygs,triangles,1,off,0,on,-4
1781754693039844264,970.236,824.17,1.21334,1.14707,1.13462,0.03024,0.0896,0.016384,0.188416,0.809984,0.023813,1244819,1244819,415283,33.3609,1920,1080,raygs,triangles,1,off,0,on,-4
1781754693041020421,971.412,824.391,1.21302,1.14717,1.1335,0.030368,0.088768,0.01536,0.188416,0.810592,0.025591,1244819,1244819,415283,33.3609,1920,1080,raygs,triangles,1,off,0,on,-4
1781754693042246500,972.638,826.785,1.2095,1.14934,1.13546,0.029472,0.089152,0.01536,0.190464,0.811008,0.040679,1244819,1244819,415283,33.3609,1920,1080,raygs,triangles,1,off,0,on,-4
1781754693043503272,973.895,827.607,1.2083,1.14662,1.13187,0.029664,0.089472,0.01536,0.187392,0.809984,0.016441,1244819,1244819,415283,33.3609,1920,1080,raygs,triangles,1,off,0,on,-4
1781754693044670636,975.062,826.386,1.21009,1.14794,1.13539,0.031264,0.088672,0.016384,0.188416,0.810656,0.025343,1244819,1244819,415283,33.3609,1920,1080,raygs,triangles,1,off,0,on,-4
1781754693045835561,976.227,826.717,1.2096,1.14582,1.13264,0.030272,0.089728,0.016384,0.186368,0.809888,0.024983,1244819,1244819,415283,33.3609,1920,1080,raygs,triangles,1,off,0,on,-4
1781754693047036176,977.427,826.797,1.20949,1.14768,1.13318,0.029856,0.088832,0.01536,0.188416,0.81072,0.035079,1244819,1244819,415283,33.3609,1920,1080,raygs,triangles,1,off,0,on,-4
1781754693048193413,978.585,826.426,1.21003,1.14755,1.13443,0.030336,0.088288,0.01536,0.18944,0.811008,0.020284,1244819,1244819,415283,33.3609,1920,1080,raygs,triangles,1,off,0,on,-4
1781754693049410024,979.801,826.698,1.20963,1.14922,1.13581,0.030496,0.088768,0.016384,0.18944,0.81072,0.043726,1244819,1244819,415283,33.3609,1920,1080,raygs,triangles,1,off,0,on,-4
1781754693050518715,980.91,827.645,1.20825,1.14787,1.13478,0.030048,0.088992,0.015744,0.18944,0.81056,0.014402,1244819,1244819,415283,33.3609,1920,1080,raygs,triangles,1,off,0,on,-4
1781754693051930975,982.322,828.228,1.2074,1.38166,1.36829,0.030336,0.088896,0.01616,0.421888,0.811008,0.024073,1244819,1244819,415283,33.3609,1920,1080,raygs,triangles,1,off,0,on,-4
1781754693053294001,983.685,825.169,1.21187,1.2871,1.27494,0.029952,0.089312,0.016384,0.328704,0.810592,0.04117,1244819,1244819,415283,33.3609,1920,1080,raygs,triangles,1,off,0,on,-4
1781754693054481976,984.873,823.738,1.21398,1.14832,1.1345,0.029472,0.0904,0.01536,0.188416,0.810848,0.027757,1244819,1244819,415283,33.3609,1920,1080,raygs,triangles,1,off,0,on,-4
1781754693055628932,986.02,823.454,1.2144,1.1481,1.13456,0.03024,0.089696,0.016256,0.187648,0.81072,0.023755,1244819,1244819,415283,33.3609,1920,1080,raygs,triangles,1,off,0,on,-4
1781754693056799280,987.191,823.42,1.21445,1.14669,1.13366,0.029792,0.089408,0.01616,0.18672,0.811584,0.027396,1244819,1244819,415283,33.3609,1920,1080,raygs,triangles,1,off,0,on,-4
1781754693057943560,988.335,823.798,1.21389,1.14682,1.1344,0.030144,0.089472,0.01536,0.188416,0.811008,0.020091,1244819,1244819,415283,33.3609,1920,1080,raygs,triangles,1,off,0,on,-4
1781754693059250829,989.642,826.84,1.20942,1.14733,1.13418,0.030496,0.088896,0.016384,0.188416,0.809984,0.026114,1244819,1244819,415283,33.3609,1920,1080,raygs,triangles,1,off,0,on,-4
1781754693060460089,990.851,826.881,1.20936,1.14637,1.13315,0.03056,0.088832,0.01536,0.187392,0.811008,0.038718,1244819,1244819,415283,33.3609,1920,1080,raygs,triangles,1,off,0,on,-4
1781754693061576312,991.968,826.482,1.20995,1.14864,1.13619,0.02976,0.0896,0.016384,0.190464,0.809984,0.014302,1244819,1244819,415283,33.3609,1920,1080,raygs,triangles,1,off,0,on,-4
1781754693062866599,993.258,827.613,1.20829,1.14851,1.13578,0.029664,0.089312,0.016384,0.190464,0.809952,0.043657,1244819,1244819,415283,33.3609,1920,1080,raygs,triangles,1,off,0,on,-4
1781754693063944720,994.336,825.849,1.21088,1.14883,1.13485,0.029952,0.08928,0.015744,0.189888,0.809984,0.017633,1244819,1244819,415283,33.3609,1920,1080,raygs,triangles,1,off,0,on,-4
1781754693065132746,995.524,826.923,1.2093,1.14787,1.13642,0.029952,0.089632,0.016384,0.18944,0.811008,0.034392,1244819,1244819,415283,33.3609,1920,1080,raygs,triangles,1,off,0,on,-4
1781754693066302038,996.693,828.022,1.2077,1.14954,1.1369,0.03056,0.089504,0.01536,0.190464,0.811008,0.029234,1244819,1244819,415283,33.3609,1920,1080,raygs,triangles,1,off,0,on,-4
1781754693067458878,997.85,828.039,1.20767,1.14685,1.13523,0.030016,0.089536,0.016384,0.188416,0.81088,0.019131,1244819,1244819,415283,33.3609,1920,1080,raygs,triangles,1,off,0,on,-4
1781754693068838705,999.23,828.355,1.20721,1.348,1.33424,0.030496,0.08928,0.01536,0.38912,0.809984,0.027695,1244819,1244819,415283,33.3609,1920,1080,raygs,triangles,1,off,0,on,-4
1781754693070132020,1000.52,826.026,1.21062,1.27382,1.26243,0.030272,0.215712,0.01536,0.190464,0.810624,0.027437,1244819,1244819,415283,33.3609,1920,1080,raygs,triangles,1,off,0,on,-4
1781754693071303736,1001.7,824.632,1.21266,1.14762,1.13546,0.030432,0.089216,0.016384,0.188416,0.811008,0.030045,1244819,1244819,415283,33.3609,1920,1080,raygs,triangles,1,off,0,on,-4
1781754693072480809,1002.87,824.69,1.21258,1.14832,1.13699,0.030496,0.089984,0.016384,0.18944,0.810688,0.02733,1244819,1244819,415283,33.3609,1920,1080,raygs,triangles,1,off,0,on,-4
1781754693073651812,1004.04,825.933,1.21075,1.14598,1.13354,0.030464,0.089344,0.016384,0.187392,0.809952,0.028191,1244819,1244819,415283,33.3609,1920,1080,raygs,triangles,1,off,0,on,-4
1781754693074820227,1005.21,828.013,1.20771,1.14621,1.13334,0.030528,0.0888,0.015616,0.187392,0.811008,0.026049,1244819,1244819,415283,33.3609,1920,1080,raygs,triangles,1,off,0,on,-4
1781754693076113520,1006.5,829.541,1.20549,1.14819,1.1343,0.030336,0.089056,0.015488,0.18944,0.809984,0.027729,1244819,1244819,415283,33.3609,1920,1080,raygs,triangles,1,off,0,on,-4
1781754693077281838,1007.67,827.899,1.20788,1.14896,1.1376,0.031136,0.089632,0.016384,0.18944,0.811008,0.02645,1244819,1244819,415283,33.3609,1920,1080,raygs,triangles,1,off,0,on,-4
1781754693078516234,1008.91,828.438,1.20709,1.14771,1.13389,0.029888,0.0896,0.01616,0.187392,0.810848,0.041383,1244819,1244819,415283,33.3609,1920,1080,raygs,triangles,1,off,0,on,-4
1781754693079757610,1010.15,827.585,1.20834,1.14883,1.13603,0.029952,0.088608,0.016128,0.190464,0.81088,0.016447,1244819,1244819,415283,33.3609,1920,1080,raygs,triangles,1,off,0,on,-4
1781754693080935209,1011.33,826.676,1.20966,1.14848,1.13494,0.030624,0.088512,0.016384,0.18944,0.809984,0.030667,1244819,1244819,415283,33.3609,1920,1080,raygs,triangles,1,off,0,on,-4
1781754693082104482,1012.5,826.766,1.20953,1.14784,1.13683,0.030368,0.089632,0.016384,0.18944,0.811008,0.025393,1244819,1244819,415283,33.3609,1920,1080,raygs,triangles,1,off,0,on,-4
1781754693083290778,1013.68,827.824,1.20799,1.14803,1.13674,0.030208,0.089792,0.016288,0.18944,0.811008,0.02939,1244819,1244819,415283,33.3609,1920,1080,raygs,triangles,1,off,0,on,-4
1781754693084625816,1015.02,828.116,1.20756,1.14717,1.13411,0.030336,0.089344,0.01536,0.188416,0.810656,0.025103,1244819,1244819,415283,33.3609,1920,1080,raygs,triangles,1,off,0,on,-4
1781754693085929015,1016.32,826.369,1.21011,1.15014,1.13907,0.034336,0.089312,0.016384,0.187392,0.811648,0.025907,1244819,1244819,415283,33.3609,1920,1080,raygs,triangles,1,off,0,on,-4
1781754693087088471,1017.48,824.918,1.21224,1.148,1.136,0.031712,0.089504,0.016384,0.188416,0.809984,0.024287,1244819,1244819,415283,33.3609,1920,1080,raygs,triangles,1,off,0,on,-4
1781754693088269144,1018.66,825.027,1.21208,1.14675,1.1343,0.02992,0.0896,0.016384,0.188416,0.809984,0.024472,1244819,1244819,415283,33.3609,1920,1080,raygs,triangles,1,off,0,on,-4
1781754693089435564,1019.83,824.503,1.21285,1.14627,1.13325,0.029472,0.089312,0.016384,0.187392,0.810688,0.024978,1244819,1244819,415283,33.3609,1920,1080,raygs,triangles,1,off,0,on,-4
1781754693090620712,1021.01,824.948,1.2122,1.16118,1.14982,0.030144,0.089536,0.016384,0.202752,0.811008,0.024162,1244819,1244819,415283,33.3609,1920,1080,raygs,triangles,1,off,0,on,-4
1781754693091796431,1022.19,827.619,1.20829,1.14675,1.13411,0.02992,0.089312,0.01536,0.18784,0.81168,0.026662,1244819,1244819,415283,33.3609,1920,1080,raygs,triangles,1,off,0,on,-4
1781754693093083781,1023.48,829.019,1.20625,1.14589,1.13373,0.030144,0.089888,0.016384,0.187392,0.80992,0.02605,1244819,1244819,415283,33.3609,1920,1080,raygs,triangles,1,off,0,on,-4
1781754693094259653,1024.65,827.339,1.20869,1.14746,1.13616,0.031264,0.088928,0.016384,0.18864,0.810944,0.025175,1244819,1244819,415283,33.3609,1920,1080,raygs,triangles,1,off,0,on,-4
1781754693095429012,1025.82,827.547,1.20839,1.14621,1.13338,0.030432,0.089152,0.016416,0.187392,0.809984,0.02468,1244819,1244819,415283,33.3609,1920,1080,raygs,triangles,1,off,0,on,-4
1781754693096597261,1026.99,827.317,1.20873,1.14781,1.13466,0.029952,0.089696,0.015584,0.188416,0.811008,0.025167,1244819,1244819,415283,33.3609,1920,1080,raygs,triangles,1,off,0,on,-4
1781754693097771291,1028.16,827.528,1.20842,1.14819,1.13526,0.029344,0.089312,0.016384,0.18944,0.810784,0.024143,1244819,1244819,415283,33.3609,1920,1080,raygs,triangles,1,off,0,on,-4
1781754693098943273,1029.33,827.826,1.20798,1.14714,1.13414,0.030336,0.088992,0.015712,0.188416,0.810688,0.025974,1244819,1244819,415283,33.3609,1920,1080,raygs,triangles,1,off,0,on,-4
1781754693100120915,1030.51,829.149,1.20606,1.14874,1.13654,0.030912,0.089184,0.016384,0.18944,0.810624,0.024525,1244819,1244819,415283,33.3609,1920,1080,raygs,triangles,1,off,0,on,-4
1781754693101542785,1031.93,828.785,1.20659,1.39165,1.38032,0.030112,0.089664,0.016384,0.433152,0.811008,0.02452,1244819,1244819,415283,33.3609,1920,1080,raygs,triangles,1,off,0,on,-4
1781754693102845904,1033.24,825.966,1.2107,1.28483,1.2704,0.029792,0.088608,0.01536,0.326656,0.809984,0.024872,1244819,1244819,415283,33.3609,1920,1080,raygs,triangles,1,off,0,on,-4
1781754693104026954,1034.42,825.005,1.21211,1.14848,1.13613,0.030656,0.090304,0.015744,0.188416,0.811008,0.025713,1244819,1244819,415283,33.3609,1920,1080,raygs,triangles,1,off,0,on,-4
1781754693105208213,1035.6,824.665,1.21261,1.14768,1.13466,0.030208,0.08864,0.016384,0.18944,0.809984,0.028214,1244819,1244819,415283,33.3609,1920,1080,raygs,triangles,1,off,0,on,-4
1781754693106376084,1036.77,824.656,1.21263,1.14666,1.13427,0.029824,0.089664,0.016384,0.188416,0.809984,0.026143,1244819,1244819,415283,33.3609,1920,1080,raygs,triangles,1,off,0,on,-4
1781754693107580986,1037.97,824.653,1.21263,1.14803,1.13475,0.030176,0.089792,0.016384,0.188416,0.809984,0.041945,1244819,1244819,415283,33.3609,1920,1080,raygs,triangles,1,off,0,on,-4
1781754693108722197,1039.11,826.684,1.20965,1.14778,1.13587,0.029952,0.088992,0.016384,0.189536,0.811008,0.01777,1244819,1244819,415283,33.3609,1920,1080,raygs,triangles,1,off,0,on,-4
1781754693110011290,1040.4,829.22,1.20595,1.14701,1.13469,0.030176,0.090016,0.015424,0.188416,0.810656,0.025485,1244819,1244819,415283,33.3609,1920,1080,raygs,triangles,1,off,0,on,-4
1781754693111186066,1041.58,827.621,1.20828,1.14794,1.13485,0.031008,0.089312,0.016384,0.188416,0.809728,0.02664,1244819,1244819,415283,33.3609,1920,1080,raygs,triangles,1,off,0,on,-4
1781754693112365769,1042.76,827.575,1.20835,1.14867,1.13581,0.030528,0.089472,0.015488,0.18944,0.81088,0.027447,1244819,1244819,415283,33.3609,1920,1080,raygs,triangles,1,off,0,on,-4
1781754693113532726,1043.92,827.276,1.20879,1.14928,1.13555,0.0304,0.089344,0.01536,0.18944,0.811008,0.025262,1244819,1244819,415283,33.3609,1920,1080,raygs,triangles,1,off,0,on,-4
1781754693114768151,1045.16,827.639,1.20826,1.14646,1.13558,0.029664,0.089472,0.016384,0.18944,0.810624,0.041675,1244819,1244819,415283,33.3609,1920,1080,raygs,triangles,1,off,0,on,-4
1781754693115885765,1046.28,827.254,1.20882,1.14726,1.13408,0.030464,0.088832,0.01536,0.18944,0.809984,0.018056,1244819,1244819,415283,33.3609,1920,1080,raygs,triangles,1,off,0,on,-4
1781754693117052796,1047.44,829.155,1.20605,1.14883,1.13741,0.029952,0.0896,0.016384,0.190656,0.810816,0.026497,1244819,1244819,415283,33.3609,1920,1080,raygs,triangles,1,off,0,on,-4
1781754693118442637,1048.83,829.159,1.20604,1.36474,1.35219,0.029792,0.089408,0.016384,0.4056,0.811008,0.026145,1244819,1244819,415283,33.3609,1920,1080,raygs,triangles,1,off,0,on,-4
1781754693119799708,1050.19,826.6,1.20977,1.2896,1.27571,0.030688,0.090048,0.01536,0.328704,0.810912,0.039615,1244819,1244819,415283,33.3609,1920,1080,raygs,triangles,1,off,0,on,-4
1781754693120970322,1051.36,824.656,1.21263,1.14666,1.1345,0.030208,0.090528,0.016384,0.187392,0.809984,0.030434,1244819,1244819,415283,33.3609,1920,1080,raygs,triangles,1,off,0,on,-4
1781754693122101625,1052.49,824.655,1.21263,1.14582,1.13478,0.030368,0.089536,0.016384,0.187808,0.810688,0.01594,1244819,1244819,415283,33.3609,1920,1080,raygs,triangles,1,off,0,on,-4
1781754693123269804,1053.66,825.479,1.21142,1.14739,1.13322,0.029536,0.089152,0.016192,0.187392,0.810944,0.025308,1244819,1244819,415283,33.3609,1920,1080,raygs,triangles,1,off,0,on,-4
1781754693124439006,1054.83,824.726,1.21252,1.14749,1.13491,0.030656,0.0896,0.015456,0.188416,0.810784,0.024969,1244819,1244819,415283,33.3609,1920,1080,raygs,triangles,1,off,0,on,-4
1781754693125624329,1056.02,827.749,1.2081,1.14922,1.13728,0.03072,0.089728,0.016384,0.18944,0.811008,0.027579,1244819,1244819,415283,33.3609,1920,1080,raygs,triangles,1,off,0,on,-4
1781754693126913652,1057.3,829.278,1.20587,1.14858,1.13635,0.030336,0.089184,0.016384,0.18944,0.811008,0.02581,1244819,1244819,415283,33.3609,1920,1080,raygs,triangles,1,off,0,on,-4
1781754693128074712,1058.47,828.26,1.20735,1.14598,1.13562,0.030944,0.089248,0.016384,0.188416,0.810624,0.024244,1244819,1244819,415283,33.3609,1920,1080,raygs,triangles,1,off,0,on,-4
1781754693129247124,1059.64,827.975,1.20777,1.14662,1.13478,0.030112,0.089472,0.016384,0.188832,0.809984,0.024235,1244819,1244819,415283,33.3609,1920,1080,raygs,triangles,1,off,0,on,-4
1781754693130418901,1060.81,827.954,1.2078,1.14701,1.13443,0.030208,0.08944,0.016384,0.188416,0.809984,0.024999,1244819,1244819,415283,33.3609,1920,1080,raygs,triangles,1,off,0,on,-4
1781754693131631754,1062.02,827.59,1.20833,1.14618,1.1336,0.030368,0.089024,0.016192,0.188416,0.8096,0.033296,1244819,1244819,415283,33.3609,1920,1080,raygs,triangles,1,off,0,on,-4
1781754693132763529,1063.15,828.931,1.20637,1.14982,1.13731,0.029824,0.089632,0.016384,0.190464,0.811008,0.01667,1244819,1244819,415283,33.3609,1920,1080,raygs,triangles,1,off,0,on,-4
1781754693133944389,1064.34,829.618,1.20537,1.14758,1.13517,0.02976,0.089728,0.016256,0.188416,0.811008,0.023891,1244819,1244819,415283,33.3609,1920,1080,raygs,triangles,1,off,0,on,-4
1781754693135343885,1065.74,828.859,1.20648,1.3785,1.36528,0.030432,0.088704,0.016384,0.418816,0.810944,0.023879,1244819,1244819,415283,33.3609,1920,1080,raygs,triangles,1,off,0,on,-4
1781754693136649367,1067.04,827.778,1.20805,1.2832,1.26976,0.030176,0.088608,0.016384,0.324608,0.809984,0.023986,1244819,1244819,415283,33.3609,1920,1080,raygs,triangles,1,off,0,on,-4
1781754693137822304,1068.21,825.179,1.21186,1.14826,1.13533,0.030432,0.090112,0.016384,0.188416,0.809984,0.024134,1244819,1244819,415283,33.3609,1920,1080,raygs,triangles,1,off,0,on,-4
1781754693138997183,1069.39,825.537,1.21133,1.14749,1.13549,0.030656,0.089248,0.016384,0.188416,0.810784,0.025745,1244819,1244819,415283,33.3609,1920,1080,raygs,triangles,1,off,0,on,-4
1781754693140173625,1070.56,825.178,1.21186,1.14707,1.13357,0.030176,0.089472,0.015744,0.187392,0.810784,0.02423,1244819,1244819,415283,33.3609,1920,1080,raygs,triangles,1,off,0,on,-4
1781754693141349316,1071.74,824.901,1.21227,1.14736,1.13424,0.030144,0.089312,0.016384,0.188416,0.809984,0.0284,1244819,1244819,415283,33.3609,1920,1080,raygs,triangles,1,off,0,on,-4
1781754693142526733,1072.92,827.206,1.20889,1.1495,1.13642,0.030272,0.089312,0.01536,0.190464,0.811008,0.024276,1244819,1244819,415283,33.3609,1920,1080,raygs,triangles,1,off,0,on,-4
1781754693143805448,1074.2,828.589,1.20687,1.14851,1.13584,0.030336,0.089696,0.01536,0.189536,0.810912,0.023561,1244819,1244819,415283,33.3609,1920,1080,raygs,triangles,1,off,0,on,-4
1781754693144994629,1075.39,827.722,1.20813,1.14992,1.13802,0.030016,0.089312,0.016384,0.190464,0.81184,0.024406,1244819,1244819,415283,33.3609,1920,1080,raygs,triangles,1,off,0,on,-4
1781754693146176217,1076.57,827.243,1.20883,1.14816,1.1359,0.030304,0.089184,0.01616,0.188416,0.81184,0.024166,1244819,1244819,415283,33.3609,1920,1080,raygs,triangles,1,off,0,on,-4
1781754693147405990,1077.8,827.093,1.20905,1.14842,1.13539,0.0304,0.090208,0.01536,0.188416,0.811008,0.041717,1244819,1244819,415283,33.3609,1920,1080,raygs,triangles,1,off,0,on,-4
1781754693148524503,1078.92,826.572,1.20982,1.14867,1.13402,0.029792,0.08944,0.016384,0.188416,0.809984,0.015522,1244819,1244819,415283,33.3609,1920,1080,raygs,triangles,1,off,0,on,-4
1781754693149692826,1080.08,828.363,1.2072,1.15069,1.14029,0.030816,0.090016,0.016384,0.191488,0.811584,0.031075,1244819,1244819,415283,33.3609,1920,1080,raygs,triangles,1,off,0,on,-4
1781754693151047941,1081.44,828.448,1.20708,1.14806,1.13555,0.030208,0.089344,0.015552,0.18944,0.811008,0.026948,1244819,1244819,415283,33.3609,1920,1080,raygs,triangles,1,off,0,on,-4
1781754693152342527,1082.73,827.062,1.2091,1.15299,1.13955,0.035136,0.089056,0.01536,0.18944,0.81056,0.025011,1244819,1244819,415283,33.3609,1920,1080,raygs,triangles,1,off,0,on,-4
1781754693153507416,1083.9,826.343,1.21015,1.1489,1.13802,0.03168,0.090336,0.016384,0.188672,0.810944,0.024095,1244819,1244819,415283,33.3609,1920,1080,raygs,triangles,1,off,0,on,-4
1781754693154676822,1085.07,826.53,1.20988,1.14762,1.13325,0.030176,0.088576,0.01536,0.188416,0.81072,0.024106,1244819,1244819,415283,33.3609,1920,1080,raygs,triangles,1,off,0,on,-4
1781754693155867747,1086.26,826.82,1.20945,1.14746,1.1361,0.030624,0.089472,0.016384,0.187712,0.811904,0.026556,1244819,1244819,415283,33.3609,1920,1080,raygs,triangles,1,off,0,on,-4
1781754693157038963,1087.43,826.256,1.21028,1.14643,1.13376,0.030656,0.089536,0.015552,0.187392,0.810624,0.02464,1244819,1244819,415283,33.3609,1920,1080,raygs,triangles,1,off,0,on,-4
1781754693158214332,1088.61,828.348,1.20722,1.14566,1.1321,0.029856,0.089504,0.016384,0.186368,0.809984,0.029839,1244819,1244819,415283,33.3609,1920,1080,raygs,triangles,1,off,0,on,-4
1781754693159389687,1089.78,829.888,1.20498,1.1473,1.13443,0.030496,0.08912,0.01536,0.188448,0.811008,0.026099,1244819,1244819,415283,33.3609,1920,1080,raygs,triangles,1,off,0,on,-4
1781754693160712938,1091.1,829.54,1.20549,1.27782,1.26525,0.029952,0.08944,0.016384,0.319488,0.809984,0.033891,1244819,1244819,415283,33.3609,1920,1080,raygs,triangles,1,off,0,on,-4
1781754693161851531,1092.24,828.181,1.20747,1.14694,1.13229,0.030112,0.088736,0.01536,0.187392,0.810688,0.02096,1244819,1244819,415283,33.3609,1920,1080,raygs,triangles,1,off,0,on,-4
1781754693163024702,1093.42,828.346,1.20723,1.14819,1.13523,0.029312,0.090336,0.016384,0.188416,0.810784,0.025812,1244819,1244819,415283,33.3609,1920,1080,raygs,triangles,1,off,0,on,-4
1781754693164233878,1094.63,828.415,1.20712,1.14749,1.13632,0.030656,0.08976,0.016384,0.188512,0.811008,0.04237,1244819,1244819,415283,33.3609,1920,1080,raygs,triangles,1,off,0,on,-4
1781754693165388730,1095.78,828.309,1.20728,1.14803,1.13562,0.030176,0.088704,0.016384,0.18944,0.810912,0.017131,1244819,1244819,415283,33.3609,1920,1080,raygs,triangles,1,off,0,on,-4
1781754693166556671,1096.95,829.678,1.20529,1.14723,1.1343,0.0304,0.08912,0.01536,0.188416,0.811008,0.024921,1244819,1244819,415283,33.3609,1920,1080,raygs,triangles,1,off,0,on,-4
1781754693167866860,1098.26,829.691,1.20527,1.1488,1.1345,0.029952,0.089152,0.016192,0.188416,0.810784,0.026234,1244819,1244819,415283,33.3609,1920,1080,raygs,triangles,1,off,0,on,-4
1781754693169295868,1099.69,828.343,1.20723,1.16096,1.14467,0.042048,0.089888,0.01536,0.186368,0.811008,0.024202,1244819,1244819,415283,33.3609,1920,1080,raygs,triangles,1,off,0,on,-4
1781754693170476852,1100.87,825.353,1.2116,1.15261,1.14038,0.035776,0.089504,0.01568,0.188416,0.811008,0.025392,1244819,1244819,415283,33.3609,1920,1080,raygs,triangles,1,off,0,on,-4
1781754693171665425,1102.06,825.098,1.21198,1.14627,1.13293,0.030496,0.089472,0.01552,0.186464,0.810976,0.02467,1244819,1244819,415283,33.3609,1920,1080,raygs,triangles,1,off,0,on,-4
1781754693172825887,1103.22,824.902,1.21226,1.14573,1.13322,0.030112,0.088768,0.01536,0.187392,0.811584,0.025516,1244819,1244819,415283,33.3609,1920,1080,raygs,triangles,1,off,0,on,-4
1781754693174001279,1104.39,825.055,1.21204,1.15581,1.14454,0.03008,0.0896,0.016384,0.197632,0.810848,0.024865,1244819,1244819,415283,33.3609,1920,1080,raygs,triangles,1,off,0,on,-4
1781754693175165149,1105.56,827.847,1.20795,1.14701,1.13293,0.03056,0.088608,0.01536,0.188416,0.809984,0.023507,1244819,1244819,415283,33.3609,1920,1080,raygs,triangles,1,off,0,on,-4
1781754693176469705,1106.86,829.531,1.2055,1.14592,1.13498,0.030144,0.08944,0.016384,0.188416,0.810592,0.023781,1244819,1244819,415283,33.3609,1920,1080,raygs,triangles,1,off,0,on,-4
1781754693177633684,1108.02,828.018,1.2077,1.14896,1.13699,0.031104,0.090112,0.016352,0.188416,0.811008,0.023269,1244819,1244819,415283,33.3609,1920,1080,raygs,triangles,1,off,0,on,-4
1781754693178804867,1109.2,828.498,1.207,1.14749,1.1344,0.029664,0.089312,0.016096,0.188416,0.810912,0.025598,1244819,1244819,415283,33.3609,1920,1080,raygs,triangles,1,off,0,on,-4
1781754693179982159,1110.37,828.183,1.20746,1.14922,1.13754,0.029344,0.090336,0.016384,0.190464,0.811008,0.024824,1244819,1244819,415283,33.3609,1920,1080,raygs,triangles,1,off,0,on,-4
1781754693181156792,1111.55,828.549,1.20693,1.14787,1.13437,0.030016,0.089696,0.016224,0.188448,0.809984,0.025423,1244819,1244819,415283,33.3609,1920,1080,raygs,triangles,1,off,0,on,-4
1781754693182377417,1112.77,828.153,1.20751,1.14851,1.13597,0.03024,0.089824,0.01536,0.189536,0.811008,0.039107,1244819,1244819,415283,33.3609,1920,1080,raygs,triangles,1,off,0,on,-4
1781754693183499086,1113.89,829.106,1.20612,1.14701,1.13526,0.030176,0.08928,0.016384,0.188416,0.811008,0.013971,1244819,1244819,415283,33.3609,1920,1080,raygs,triangles,1,off,0,on,-4
1781754693184914644,1115.31,829.564,1.20545,1.38912,1.37629,0.030624,0.089056,0.016384,0.429216,0.811008,0.026203,1244819,1244819,415283,33.3609,1920,1080,raygs,triangles,1,off,0,on,-4
1781754693186236129,1116.63,826.877,1.20937,1.28541,1.27322,0.030336,0.088832,0.016384,0.326656,0.811008,0.025413,1244819,1244819,415283,33.3609,1920,1080,raygs,triangles,1,off,0,on,-4
1781754693187399296,1117.79,825.122,1.21194,1.14771,1.13616,0.029856,0.090496,0.016384,0.188416,0.811008,0.023852,1244819,1244819,415283,33.3609,1920,1080,raygs,triangles,1,off,0,on,-4
1781754693188573427,1118.96,826.021,1.21062,1.14707,1.13216,0.030784,0.089664,0.01536,0.186368,0.809984,0.024911,1244819,1244819,415283,33.3609,1920,1080,raygs,triangles,1,off,0,on,-4
1781754693189742042,1120.13,825.389,1.21155,1.14563,1.13302,0.029856,0.089536,0.016384,0.186368,0.81088,0.023939,1244819,1244819,415283,33.3609,1920,1080,raygs,triangles,1,off,0,on,-4
1781754693190916154,1121.31,825.279,1.21171,1.14992,1.13677,0.03024,0.089696,0.016384,0.190464,0.809984,0.024847,1244819,1244819,415283,33.3609,1920,1080,raygs,triangles,1,off,0,on,-4
1781754693192095732,1122.49,827.93,1.20783,1.14778,1.13437,0.029952,0.089504,0.01536,0.188672,0.81088,0.02594,1244819,1244819,415283,33.3609,1920,1080,raygs,triangles,1,off,0,on,-4
1781754693193430263,1123.82,829.625,1.20536,1.14701,1.1361,0.030208,0.08944,0.016384,0.18944,0.810624,0.035605,1244819,1244819,415283,33.3609,1920,1080,raygs,triangles,1,off,0,on,-4
1781754693194555262,1124.95,828.091,1.2076,1.14864,1.13702,0.03088,0.089728,0.016384,0.18944,0.810592,0.015188,1244819,1244819,415283,33.3609,1920,1080,raygs,triangles,1,off,0,on,-4
1781754693195735231,1126.13,828.154,1.2075,1.14848,1.13738,0.030816,0.08976,0.016352,0.18944,0.811008,0.025862,1244819,1244819,415283,33.3609,1920,1080,raygs,triangles,1,off,0,on,-4
1781754693196938332,1127.33,827.705,1.20816,1.1495,1.13603,0.030304,0.089664,0.015616,0.18944,0.811008,0.033176,1244819,1244819,415283,33.3609,1920,1080,raygs,triangles,1,off,0,on,-4
1781754693198091229,1128.48,827.557,1.20838,1.15008,1.13642,0.030336,0.089088,0.01536,0.190912,0.81072,0.019727,1244819,1244819,415283,33.3609,1920,1080,raygs,triangles,1,off,0,on,-4
1781754693199261612,1129.65,828.001,1.20773,1.14768,1.13488,0.030368,0.089568,0.015584,0.188416,0.810944,0.024594,1244819,1244819,415283,33.3609,1920,1080,raygs,triangles,1,off,0,on,-4
1781754693200434842,1130.83,829.355,1.20576,1.1488,1.13546,0.02992,0.089504,0.015584,0.18944,0.811008,0.024442,1244819,1244819,415283,33.3609,1920,1080,raygs,triangles,1,off,0,on,-4
1781754693201816252,1132.21,829.185,1.206,1.3528,1.34147,0.030304,0.089536,0.016384,0.39424,0.811008,0.024065,1244819,1244819,415283,33.3609,1920,1080,raygs,triangles,1,off,0,on,-4
1781754693203125051,1133.52,826.759,1.20954,1.288,1.27456,0.03056,0.089248,0.01616,0.32768,0.810912,0.024404,1244819,1244819,415283,33.3609,1920,1080,raygs,triangles,1,off,0,on,-4
1781754693204297929,1134.69,825.213,1.21181,1.14749,1.13322,0.030656,0.090016,0.01536,0.186368,0.810816,0.02404,1244819,1244819,415283,33.3609,1920,1080,raygs,triangles,1,off,0,on,-4
1781754693205468525,1135.86,825.479,1.21142,1.14778,1.13402,0.02992,0.089504,0.016192,0.187392,0.811008,0.023557,1244819,1244819,415283,33.3609,1920,1080,raygs,triangles,1,off,0,on,-4
1781754693206687047,1137.08,825.193,1.21184,1.14669,1.13344,0.029856,0.089824,0.016384,0.187392,0.809984,0.036196,1244819,1244819,415283,33.3609,1920,1080,raygs,triangles,1,off,0,on,-4
1781754693207876466,1138.27,825.002,1.21212,1.14851,1.13398,0.030656,0.088736,0.01536,0.188416,0.810816,0.032578,1244819,1244819,415283,33.3609,1920,1080,raygs,triangles,1,off,0,on,-4
1781754693209032024,1139.42,827.377,1.20864,1.14646,1.13466,0.030656,0.089152,0.016384,0.187744,0.81072,0.0303,1244819,1244819,415283,33.3609,1920,1080,raygs,triangles,1,off,0,on,-4
1781754693210413411,1140.8,829.128,1.20609,1.14803,1.1353,0.030208,0.089504,0.01616,0.188416,0.811008,0.038627,1244819,1244819,415283,33.3609,1920,1080,raygs,triangles,1,off,0,on,-4
1781754693211500031,1141.89,826.336,1.21016,1.14966,1.13626,0.030816,0.08976,0.016256,0.188416,0.811008,0.028687,1244819,1244819,415283,33.3609,1920,1080,raygs,triangles,1,off,0,on,-4
1781754693212627254,1143.02,827.765,1.20807,1.14685,1.13254,0.030016,0.089696,0.015456,0.187392,0.809984,0.015895,1244819,1244819,415283,33.3609,1920,1080,raygs,triangles,1,off,0,on,-4
1781754693213814491,1144.21,828.157,1.2075,1.14832,1.13523,0.030464,0.08896,0.01536,0.18944,0.811008,0.026689,1244819,1244819,415283,33.3609,1920,1080,raygs,triangles,1,off,0,on,-4
1781754693214978954,1145.37,828.034,1.20768,1.14768,1.13565,0.030176,0.089664,0.016384,0.188416,0.811008,0.024705,1244819,1244819,415283,33.3609,1920,1080,raygs,triangles,1,off,0,on,-4
1781754693216147349,1146.54,828.173,1.20748,1.1488,1.13533,0.02992,0.0896,0.016384,0.18944,0.809984,0.025021,1244819,1244819,415283,33.3609,1920,1080,raygs,triangles,1,off,0,on,-4
1781754693217383178,1147.77,829.049,1.2062,1.14922,1.13578,0.030336,0.089632,0.016384,0.18944,0.809984,0.041957,1244819,1244819,415283,33.3609,1920,1080,raygs,triangles,1,off,0,on,-4
1781754693218672719,1149.06,829.117,1.2061,1.32874,1.31578,0.029664,0.08928,0.01616,0.369664,0.811008,0.019361,1244819,1244819,415283,33.3609,1920,1080,raygs,triangles,1,off,0,on,-4
1781754693220024944,1150.42,827.629,1.20827,1.3185,1.30544,0.030176,0.089472,0.18432,0.191488,0.809984,0.025498,1244819,1244819,415283,33.3609,1920,1080,raygs,triangles,1,off,0,on,-4
1781754693221187391,1151.58,826.123,1.21047,1.14819,1.13667,0.0304,0.08944,0.016384,0.18944,0.811008,0.023948,1244819,1244819,415283,33.3609,1920,1080,raygs,triangles,1,off,0,on,-4
1781754693222398306,1152.79,826.013,1.21064,1.14794,1.13587,0.030208,0.089856,0.016384,0.18944,0.809984,0.033191,1244819,1244819,415283,33.3609,1920,1080,raygs,triangles,1,off,0,on,-4
1781754693223539525,1153.93,825.4,1.21153,1.14717,1.13475,0.030336,0.0896,0.016384,0.187712,0.81072,0.018485,1244819,1244819,415283,33.3609,1920,1080,raygs,triangles,1,off,0,on,-4
1781754693224712750,1155.1,827.639,1.20826,1.14771,1.13421,0.029888,0.089536,0.016384,0.187392,0.811008,0.024883,1244819,1244819,415283,33.3609,1920,1080,raygs,triangles,1,off,0,on,-4
1781754693226024359,1156.42,829.207,1.20597,1.14749,1.13491,0.030656,0.089472,0.01536,0.188416,0.811008,0.044132,1244819,1244819,415283,33.3609,1920,1080,raygs,triangles,1,off,0,on,-4
1781754693227178888,1157.57,827.508,1.20845,1.14707,1.13366,0.030176,0.08896,0.016128,0.188416,0.809984,0.016707,1244819,1244819,415283,33.3609,1920,1080,raygs,triangles,1,off,0,on,-4
1781754693228357222,1158.75,827.271,1.20879,1.15091,1.13664,0.03104,0.089696,0.016384,0.1888,0.81072,0.026537,1244819,1244819,415283,33.3609,1920,1080,raygs,triangles,1,off,0,on,-4
1781754693229528116,1159.92,827.998,1.20773,1.14835,1.13478,0.030496,0.08896,0.01536,0.18944,0.810528,0.026319,1244819,1244819,415283,33.3609,1920,1080,raygs,triangles,1,off,0,on,-4
1781754693230739103,1161.13,827.76,1.20808,1.14736,1.13392,0.030528,0.088928,0.016384,0.187392,0.810688,0.039756,1244819,1244819,415283,33.3609,1920,1080,raygs,triangles,1,off,0,on,-4
1781754693231878073,1162.27,827.461,1.20852,1.14803,1.13549,0.03008,0.088576,0.016384,0.18944,0.811008,0.01636,1244819,1244819,415283,33.3609,1920,1080,raygs,triangles,1,off,0,on,-4
1781754693233059748,1163.45,827.759,1.20808,1.14787,1.13536,0.030016,0.089536,0.016384,0.188416,0.811008,0.027451,1244819,1244819,415283,33.3609,1920,1080,raygs,triangles,1,off,0,on,-4
1781754693234417288,1164.81,829.142,1.20607,1.15053,1.13882,0.029632,0.08928,0.016384,0.191488,0.812032,0.02561,1244819,1244819,415283,33.3609,1920,1080,raygs,triangles,1,off,0,on,-4
1781754693235718979,1166.11,826.764,1.20953,1.15062,1.1384,0.034752,0.089888,0.016384,0.187392,0.809984,0.026665,1244819,1244819,415283,33.3609,1920,1080,raygs,triangles,1,off,0,on,-4
1781754693236882346,1167.27,825.438,1.21148,1.14675,1.13389,0.031936,0.088992,0.01552,0.186432,0.811008,0.024902,1244819,1244819,415283,33.3609,1920,1080,raygs,triangles,1,off,0,on,-4
1781754693238049265,1168.44,825.666,1.21114,1.14554,1.13402,0.029728,0.089568,0.01632,0.188416,0.809984,0.02518,1244819,1244819,415283,33.3609,1920,1080,raygs,triangles,1,off,0,on,-4
1781754693239228715,1169.62,825.73,1.21105,1.14774,1.13398,0.02992,0.089504,0.01616,0.188416,0.809984,0.027091,1244819,1244819,415283,33.3609,1920,1080,raygs,triangles,1,off,0,on,-4
1781754693240407458,1170.8,825.327,1.21164,1.14707,1.13459,0.030272,0.08976,0.016384,0.187392,0.810784,0.024649,1244819,1244819,415283,33.3609,1920,1080,raygs,triangles,1,off,0,on,-4
1781754693241790197,1172.18,826.857,1.2094,1.14675,1.13197,0.029856,0.089376,0.01536,0.187392,0.809984,0.050571,1244819,1244819,415283,33.3609,1920,1080,raygs,triangles,1,off,0,on,-4
1781754693243029092,1173.42,827.467,1.20851,1.14934,1.13533,0.031168,0.089664,0.01536,0.188416,0.81072,0.03068,1244819,1244819,415283,33.3609,1920,1080,raygs,triangles,1,off,0,on,-4
1781754693244187709,1174.58,827.04,1.20913,1.14986,1.13814,0.030976,0.089312,0.016384,0.190464,0.811008,0.028167,1244819,1244819,415283,33.3609,1920,1080,raygs,triangles,1,off,0,on,-4
1781754693245396973,1175.79,827.315,1.20873,1.14653,1.13546,0.029952,0.089696,0.016384,0.188416,0.811008,0.034067,1244819,1244819,415283,33.3609,1920,1080,raygs,triangles,1,off,0,on,-4
1781754693246530048,1176.92,826.883,1.20936,1.14707,1.13293,0.0304,0.088768,0.01536,0.188416,0.809984,0.023768,1244819,1244819,415283,33.3609,1920,1080,raygs,triangles,1,off,0,on,-4
1781754693247674552,1178.07,827.439,1.20855,1.14694,1.13501,0.030624,0.089472,0.016384,0.188576,0.809952,0.018292,1244819,1244819,415283,33.3609,1920,1080,raygs,triangles,1,off,0,on,-4
1781754693248903526,1179.29,827.397,1.20861,1.14598,1.13331,0.03056,0.088608,0.015744,0.187392,0.811008,0.038223,1244819,1244819,415283,33.3609,1920,1080,raygs,triangles,1,off,0,on,-4
1781754693250016994,1180.41,828.509,1.20699,1.14758,1.13453,0.0304,0.089344,0.016384,0.188416,0.809984,0.014908,1244819,1244819,415283,33.3609,1920,1080,raygs,triangles,1,off,0,on,-4
1781754693251420340,1181.81,828.654,1.20678,1.36573,1.35363,0.029792,0.089376,0.01632,0.407552,0.810592,0.027494,1244819,1244819,415283,33.3609,1920,1080,raygs,triangles,1,off,0,on,-4
1781754693252723279,1183.11,826.32,1.21019,1.28541,1.27232,0.030336,0.089376,0.01536,0.326656,0.810592,0.024795,1244819,1244819,415283,33.3609,1920,1080,raygs,triangles,1,off,0,on,-4
1781754693253918637,1184.31,824.774,1.21245,1.14656,1.13482,0.030016,0.090016,0.016384,0.187392,0.811008,0.033403,1244819,1244819,415283,33.3609,1920,1080,raygs,triangles,1,off,0,on,-4
1781754693255113122,1185.5,824.636,1.21266,1.1481,1.13706,0.030272,0.089952,0.016384,0.18944,0.811008,0.038298,1244819,1244819,415283,33.3609,1920,1080,raygs,triangles,1,off,0,on,-4
1781754693256306100,1186.7,824.947,1.2122,1.14646,1.13363,0.029632,0.089344,0.016256,0.187392,0.811008,0.028524,1244819,1244819,415283,33.3609,1920,1080,raygs,triangles,1,off,0,on,-4
1781754693257431745,1187.82,824.263,1.2132,1.16253,1.15146,0.030432,0.089888,0.016384,0.203776,0.810976,0.014501,1244819,1244819,415283,33.3609,1920,1080,raygs,triangles,1,off,0,on,-4
1781754693258599021,1188.99,827.316,1.20873,1.14749,1.13286,0.029632,0.088448,0.01536,0.188416,0.811008,0.024143,1244819,1244819,415283,33.3609,1920,1080,raygs,triangles,1,off,0,on,-4
1781754693259901847,1190.29,829.133,1.20608,1.14688,1.1359,0.030592,0.089472,0.016384,0.188448,0.811008,0.024502,1244819,1244819,415283,33.3609,1920,1080,raygs,triangles,1,off,0,on,-4
1781754693261070637,1191.46,827.492,1.20847,1.14979,1.13766,0.030944,0.089888,0.016384,0.190464,0.809984,0.025457,1244819,1244819,415283,33.3609,1920,1080,raygs,triangles,1,off,0,on,-4
1781754693262238693,1192.63,827.431,1.20856,1.14803,1.13418,0.030208,0.088992,0.015552,0.18944,0.809984,0.024552,1244819,1244819,415283,33.3609,1920,1080,raygs,triangles,1,off,0,on,-4
1781754693263416002,1193.81,827.575,1.20835,1.14653,1.13414,0.030752,0.08944,0.015552,0.187392,0.811008,0.024962,1244819,1244819,415283,33.3609,1920,1080,raygs,triangles,1,off,0,on,-4
1781754693264616217,1195.01,827.333,1.2087,1.14803,1.13581,0.030208,0.089792,0.016384,0.18944,0.809984,0.032292,1244819,1244819,415283,33.3609,1920,1080,raygs,triangles,1,off,0,on,-4
1781754693265765493,1196.16,827.625,1.20828,1.14685,1.13478,0.030048,0.089568,0.016096,0.188416,0.810656,0.017556,1244819,1244819,415283,33.3609,1920,1080,raygs,triangles,1,off,0,on,-4
1781754693266935855,1197.33,829.145,1.20606,1.1471,1.13392,0.030272,0.088864,0.016384,0.188416,0.809984,0.024111,1244819,1244819,415283,33.3609,1920,1080,raygs,triangles,1,off,0,on,-4
1781754693268318361,1198.71,828.668,1.20676,1.35795,1.34538,0.030208,0.08944,0.016384,0.39936,0.809984,0.024087,1244819,1244819,415283,33.3609,1920,1080,raygs,triangles,1,off,0,on,-4
1781754693269616564,1200.01,826.67,1.20967,1.28509,1.27264,0.029984,0.089664,0.016384,0.326656,0.809952,0.023251,1244819,1244819,415283,33.3609,1920,1080,raygs,triangles,1,off,0,on,-4
1781754693270794587,1201.19,825.692,1.21111,1.14707,1.13309,0.030912,0.08944,0.01536,0.187392,0.809984,0.023778,1244819,1244819,415283,33.3609,1920,1080,raygs,triangles,1,off,0,on,-4
1781754693271971085,1202.36,825.555,1.21131,1.14717,1.13466,0.030336,0.089536,0.01536,0.188416,0.811008,0.024984,1244819,1244819,415283,33.3609,1920,1080,raygs,triangles,1,off,0,on,-4
1781754693273140869,1203.53,825.294,1.21169,1.14611,1.13338,0.030304,0.089312,0.01536,0.187392,0.811008,0.025297,1244819,1244819,415283,33.3609,1920,1080,raygs,triangles,1,off,0,on,-4
1781754693274316796,1204.71,825.252,1.21175,1.15139,1.13779,0.029472,0.08944,0.016384,0.192512,0.809984,0.024302,1244819,1244819,415283,33.3609,1920,1080,raygs,triangles,1,off,0,on,-4
1781754693275499977,1205.89,827.623,1.20828,1.14992,1.13664,0.029888,0.089632,0.016384,0.190752,0.809984,0.023943,1244819,1244819,415283,33.3609,1920,1080,raygs,triangles,1,off,0,on,-4
1781754693276785237,1207.18,829.125,1.20609,1.14938,1.13725,0.030496,0.08992,0.016384,0.190464,0.809984,0.024659,1244819,1244819,415283,33.3609,1920,1080,raygs,triangles,1,off,0,on,-4
1781754693277975790,1208.37,827.765,1.20807,1.14992,1.13686,0.03104,0.088992,0.016384,0.18944,0.811008,0.025076,1244819,1244819,415283,33.3609,1920,1080,raygs,triangles,1,off,0,on,-4
1781754693279162758,1209.55,827.429,1.20856,1.14899,1.1343,0.029824,0.089824,0.01536,0.188416,0.81088,0.033229,1244819,1244819,415283,33.3609,1920,1080,raygs,triangles,1,off,0,on,-4
1781754693280329665,1210.72,827.692,1.20818,1.14819,1.13555,0.030336,0.089408,0.01536,0.18944,0.811008,0.0201,1244819,1244819,415283,33.3609,1920,1080,raygs,triangles,1,off,0,on,-4
1781754693281481393,1211.87,827.943,1.20781,1.14694,1.13389,0.030144,0.089984,0.016384,0.187392,0.809984,0.024809,1244819,1244819,415283,33.3609,1920,1080,raygs,triangles,1,off,0,on,-4
1781754693282648622,1213.04,827.974,1.20777,1.14627,1.13418,0.030496,0.08912,0.01616,0.187392,0.811008,0.024575,1244819,1244819,415283,33.3609,1920,1080,raygs,triangles,1,off,0,on,-4
1781754693283829070,1214.22,830.832,1.20361,1.14934,1.13658,0.030496,0.089472,0.016384,0.18944,0.810784,0.025109,1244819,1244819,415283,33.3609,1920,1080,raygs,triangles,1,off,0,on,-4
1781754693285262391,1215.65,829.277,1.20587,1.38662,1.3745,0.030496,0.089664,0.016288,0.427424,0.810624,0.027559,1244819,1244819,415283,33.3609,1920,1080,raygs,triangles,1,off,0,on,-4
1781754693286559214,1216.95,826.079,1.21054,1.2895,1.27728,0.030336,0.089824,0.016384,0.329728,0.811008,0.024625,1244819,1244819,415283,33.3609,1920,1080,raygs,triangles,1,off,0,on,-4
1781754693287730987,1218.12,824.773,1.21246,1.14701,1.13488,0.030176,0.08992,0.016384,0.187392,0.811008,0.027915,1244819,1244819,415283,33.3609,1920,1080,raygs,triangles,1,off,0,on,-4
1781754693288911332,1219.3,824.654,1.21263,1.14637,1.13405,0.03056,0.089024,0.016448,0.187392,0.810624,0.030116,1244819,1244819,415283,33.3609,1920,1080,raygs,triangles,1,off,0,on,-4
1781754693290072453,1220.46,824.676,1.2126,1.14851,1.13459,0.030656,0.089152,0.01536,0.188416,0.811008,0.024872,1244819,1244819,415283,33.3609,1920,1080,raygs,triangles,1,off,0,on,-4
1781754693291244885,1221.64,825.231,1.21178,1.14803,1.13667,0.030176,0.089664,0.016384,0.18944,0.811008,0.023826,1244819,1244819,415283,33.3609,1920,1080,raygs,triangles,1,off,0,on,-4
1781754693292418891,1222.81,826.787,1.2095,1.14682,1.13206,0.029984,0.088608,0.01536,0.187392,0.81072,0.023772,1244819,1244819,415283,33.3609,1920,1080,raygs,triangles,1,off,0,on,-4
1781754693293718663,1224.11,828.721,1.20668,1.1473,1.13606,0.030496,0.08976,0.016384,0.18944,0.809984,0.024395,1244819,1244819,415283,33.3609,1920,1080,raygs,triangles,1,off,0,on,-4
1781754693294880799,1225.27,826.977,1.20922,1.1481,1.13584,0.031264,0.090048,0.016384,0.187392,0.810752,0.024097,1244819,1244819,415283,33.3609,1920,1080,raygs,triangles,1,off,0,on,-4
1781754693296050431,1226.44,827.563,1.20837,1.14746,1.13264,0.0296,0.089216,0.01536,0.187776,0.810688,0.023618,1244819,1244819,415283,33.3609,1920,1080,raygs,triangles,1,off,0,on,-4
1781754693297259912,1227.65,827.768,1.20807,1.14966,1.13501,0.02976,0.08944,0.016384,0.18944,0.809984,0.030999,1244819,1244819,415283,33.3609,1920,1080,raygs,triangles,1,off,0,on,-4
1781754693298418269,1228.81,827.02,1.20916,1.14819,1.13606,0.030368,0.088864,0.016384,0.190464,0.809984,0.019423,1244819,1244819,415283,33.3609,1920,1080,raygs,triangles,1,off,0,on,-4
1781754693299582526,1229.97,828.735,1.20666,1.14829,1.1353,0.030432,0.089056,0.016384,0.18944,0.809984,0.024923,1244819,1244819,415283,33.3609,1920,1080,raygs,triangles,1,off,0,on,-4
1781754693300749344,1231.14,828.715,1.20669,1.1488,1.1376,0.029952,0.089728,0.016384,0.190528,0.811008,0.023653,1244819,1244819,415283,33.3609,1920,1080,raygs,triangles,1,off,0,on,-4
1781754693302140844,1232.53,828.752,1.20663,1.36189,1.3503,0.030016,0.089504,0.01632,0.403456,0.811008,0.023894,1244819,1244819,415283,33.3609,1920,1080,raygs,triangles,1,off,0,on,-4
1781754693303446297,1233.84,826.44,1.21001,1.28698,1.27549,0.029856,0.089536,0.016384,0.328704,0.811008,0.023036,1244819,1244819,415283,33.3609,1920,1080,raygs,triangles,1,off,0,on,-4
1781754693304630263,1235.02,825.329,1.21164,1.14934,1.13638,0.030464,0.089984,0.01536,0.188544,0.812032,0.024322,1244819,1244819,415283,33.3609,1920,1080,raygs,triangles,1,off,0,on,-4
1781754693305804930,1236.2,824.871,1.21231,1.14778,1.13581,0.030112,0.089792,0.016384,0.188512,0.811008,0.023861,1244819,1244819,415283,33.3609,1920,1080,raygs,triangles,1,off,0,on,-4
1781754693306992905,1237.38,824.852,1.21234,1.14496,1.13354,0.030176,0.08944,0.016384,0.186656,0.81088,0.025052,1244819,1244819,415283,33.3609,1920,1080,raygs,triangles,1,off,0,on,-4
1781754693308145527,1238.54,826.774,1.20952,1.14669,1.13459,0.030176,0.0896,0.016384,0.188448,0.809984,0.024122,1244819,1244819,415283,33.3609,1920,1080,raygs,triangles,1,off,0,on,-4
1781754693309410196,1239.8,828.333,1.20724,1.14774,1.13581,0.029888,0.08944,0.016384,0.18944,0.810656,0.043887,1244819,1244819,415283,33.3609,1920,1080,raygs,triangles,1,off,0,on,-4
1781754693310646959,1241.04,827.367,1.20865,1.14746,1.13469,0.0296,0.08944,0.016384,0.188416,0.810848,0.029066,1244819,1244819,415283,33.3609,1920,1080,raygs,triangles,1,off,0,on,-4
1781754693311815047,1242.21,826.527,1.20988,1.14902,1.13686,0.0312,0.089152,0.016384,0.18944,0.810688,0.030079,1244819,1244819,415283,33.3609,1920,1080,raygs,triangles,1,off,0,on,-4
1781754693312990811,1243.38,827.017,1.20916,1.14787,1.13354,0.030048,0.089728,0.016384,0.187392,0.809984,0.029704,1244819,1244819,415283,33.3609,1920,1080,raygs,triangles,1,off,0,on,-4
1781754693314150344,1244.54,826.806,1.20947,1.14637,1.13245,0.02944,0.08928,0.01536,0.187392,0.810976,0.021713,1244819,1244819,415283,33.3609,1920,1080,raygs,triangles,1,off,0,on,-4
1781754693315365835,1245.76,829.012,1.20626,1.14778,1.13552,0.029952,0.089792,0.016352,0.18944,0.809984,0.039947,1244819,1244819,415283,33.3609,1920,1080,raygs,triangles,1,off,0,on,-4
1781754693316484633,1246.88,829.544,1.20548,1.14662,1.13517,0.029856,0.089504,0.016384,0.18944,0.809984,0.016979,1244819,1244819,415283,33.3609,1920,1080,raygs,triangles,1,off,0,on,-4
1781754693317855964,1248.25,829.785,1.20513,1.14851,1.13456,0.02944,0.08928,0.01536,0.189472,0.811008,0.029345,1244819,1244819,415283,33.3609,1920,1080,raygs,triangles,1,off,0,on,-4
1781754693319158225,1249.55,827.992,1.20774,1.15274,1.13926,0.03488,0.0896,0.01536,0.188416,0.811008,0.03646,1244819,1244819,415283,33.3609,1920,1080,raygs,triangles,1,off,0,on,-4
1781754693320360890,1250.75,825.979,1.21068,1.14842,1.13587,0.031584,0.089216,0.015648,0.188416,0.811008,0.032986,1244819,1244819,415283,33.3609,1920,1080,raygs,triangles,1,off,0,on,-4
1781754693321482255,1251.87,825.614,1.21122,1.1455,1.13312,0.029696,0.089664,0.016384,0.187392,0.809984,0.016993,1244819,1244819,415283,33.3609,1920,1080,raygs,triangles,1,off,0,on,-4
1781754693322685314,1253.08,826.5,1.20992,1.1489,1.13584,0.030048,0.089888,0.01632,0.188576,0.811008,0.042651,1244819,1244819,415283,33.3609,1920,1080,raygs,triangles,1,off,0,on,-4
1781754693323829506,1254.22,825.601,1.21124,1.14723,1.13309,0.0304,0.08896,0.015584,0.187392,0.810752,0.018191,1244819,1244819,415283,33.3609,1920,1080,raygs,triangles,1,off,0,on,-4
1781754693325064392,1255.46,828.598,1.20686,1.1473,1.13501,0.030464,0.089152,0.016384,0.188416,0.810592,0.046175,1244819,1244819,415283,33.3609,1920,1080,raygs,triangles,1,off,0,on,-4
1781754693326349670,1256.74,829.532,1.2055,1.15024,1.13632,0.029312,0.089312,0.016384,0.190464,0.810848,0.03264,1244819,1244819,415283,33.3609,1920,1080,raygs,triangles,1,off,0,on,-4
1781754693327603747,1258,828.506,1.20699,1.15014,1.13792,0.031264,0.089824,0.016384,0.18944,0.811008,0.017651,1244819,1244819,415283,33.3609,1920,1080,raygs,triangles,1,off,0,on,-4
1781754693328806127,1259.2,827.478,1.20849,1.1489,1.13546,0.03104,0.089504,0.015488,0.18944,0.809984,0.044366,1244819,1244819,415283,33.3609,1920,1080,raygs,triangles,1,off,0,on,-4
1781754693329952578,1260.34,827.575,1.20835,1.14918,1.13558,0.030816,0.089664,0.015552,0.188544,0.811008,0.020533,1244819,1244819,415283,33.3609,1920,1080,raygs,triangles,1,off,0,on,-4
1781754693331175694,1261.57,827.354,1.20867,1.14819,1.13494,0.030336,0.0888,0.016384,0.18944,0.809984,0.047799,1244819,1244819,415283,33.3609,1920,1080,raygs,triangles,1,off,0,on,-4
1781754693332363453,1262.75,826.749,1.20956,1.1489,1.13645,0.03008,0.089632,0.016384,0.18944,0.810912,0.031582,1244819,1244819,415283,33.3609,1920,1080,raygs,triangles,1,off,0,on,-4
1781754693333478803,1263.87,828.211,1.20742,1.14918,1.1368,0.030272,0.089696,0.016384,0.18944,0.811008,0.017357,1244819,1244819,415283,33.3609,1920,1080,raygs,triangles,1,off,0,on,-4
1781754693334832044,1265.22,828.565,1.20691,1.14864,1.13469,0.030432,0.089312,0.01552,0.18944,0.809984,0.035833,1244819,1244819,415283,33.3609,1920,1080,raygs,triangles,1,off,0,on,-4
1781754693336149853,1266.54,826.665,1.20968,1.14813,1.13334,0.031328,0.089248,0.01536,0.187424,0.809984,0.019882,1244819,1244819,415283,33.3609,1920,1080,raygs,triangles,1,off,0,on,-4
1781754693337378175,1267.77,824.885,1.21229,1.1529,1.13971,0.035392,0.089664,0.016384,0.187392,0.81088,0.039303,1244819,1244819,415283,33.3609,1920,1080,raygs,triangles,1,off,0,on,-4
1781754693338501406,1268.89,824.593,1.21272,1.14733,1.13517,0.030496,0.089888,0.01536,0.188416,0.811008,0.017751,1244819,1244819,415283,33.3609,1920,1080,raygs,triangles,1,off,0,on,-4
1781754693339687886,1270.08,824.904,1.21226,1.14717,1.13498,0.030368,0.0888,0.016384,0.188416,0.811008,0.032216,1244819,1244819,415283,33.3609,1920,1080,raygs,triangles,1,off,0,on,-4
1781754693340858778,1271.25,824.825,1.21238,1.16426,1.15005,0.030016,0.088608,0.015616,0.205824,0.809984,0.020949,1244819,1244819,415283,33.3609,1920,1080,raygs,triangles,1,off,0,on,-4
1781754693342038853,1272.43,827.033,1.20914,1.14771,1.136,0.029856,0.089696,0.016352,0.18944,0.810656,0.02706,1244819,1244819,415283,33.3609,1920,1080,raygs,triangles,1,off,0,on,-4
1781754693343352187,1273.74,828.16,1.2075,1.14781,1.13507,0.029984,0.089664,0.016384,0.188416,0.810624,0.038251,1244819,1244819,415283,33.3609,1920,1080,raygs,triangles,1,off,0,on,-4
1781754693344499865,1274.89,826.796,1.20949,1.14947,1.1384,0.030624,0.08976,0.016384,0.189856,0.811776,0.018364,1244819,1244819,415283,33.3609,1920,1080,raygs,triangles,1,off,0,on,-4
1781754693345682091,1276.07,827.103,1.20904,1.14982,1.13738,0.029952,0.089568,0.016384,0.190464,0.811008,0.032516,1244819,1244819,415283,33.3609,1920,1080,raygs,triangles,1,off,0,on,-4
1781754693346881768,1277.27,827.131,1.209,1.14848,1.13523,0.030592,0.0896,0.015616,0.188416,0.811008,0.041788,1244819,1244819,415283,33.3609,1920,1080,raygs,triangles,1,off,0,on,-4
1781754693348011103,1278.4,826.972,1.20923,1.14685,1.13338,0.03056,0.089376,0.015456,0.187392,0.810592,0.016106,1244819,1244819,415283,33.3609,1920,1080,raygs,triangles,1,off,0,on,-4
1781754693349198744,1279.59,827.388,1.20862,1.14765,1.13459,0.030176,0.089632,0.016384,0.188416,0.809984,0.029389,1244819,1244819,415283,33.3609,1920,1080,raygs,triangles,1,off,0,on,-4
1781754693350415235,1280.81,828.639,1.2068,1.14723,1.13261,0.029408,0.088352,0.01536,0.18864,0.810848,0.039722,1244819,1244819,415283,33.3609,1920,1080,raygs,triangles,1,off,0,on,-4
1781754693351763543,1282.15,828.596,1.20686,1.38522,1.37274,0.029696,0.089664,0.016384,0.427008,0.809984,0.016119,1244819,1244819,415283,33.3609,1920,1080,raygs,triangles,1,off,0,on,-4
1781754693353085623,1283.48,826.394,1.21008,1.2847,1.27258,0.029632,0.088288,0.016384,0.32768,0.810592,0.02602,1244819,1244819,415283,33.3609,1920,1080,raygs,triangles,1,off,0,on,-4
1781754693354273900,1284.67,824.672,1.2126,1.14614,1.13389,0.03008,0.090208,0.016224,0.187392,0.809984,0.036136,1244819,1244819,415283,33.3609,1920,1080,raygs,triangles,1,off,0,on,-4
1781754693355420394,1285.81,824.406,1.21299,1.14669,1.13325,0.029856,0.0888,0.016192,0.188416,0.809984,0.019427,1244819,1244819,415283,33.3609,1920,1080,raygs,triangles,1,off,0,on,-4
1781754693356605647,1287,824.177,1.21333,1.14701,1.13555,0.030048,0.089888,0.016384,0.188416,0.810816,0.030084,1244819,1244819,415283,33.3609,1920,1080,raygs,triangles,1,off,0,on,-4
1781754693357786462,1288.18,824.598,1.21271,1.1472,1.13475,0.030368,0.0896,0.016384,0.187392,0.811008,0.032817,1244819,1244819,415283,33.3609,1920,1080,raygs,triangles,1,off,0,on,-4
1781754693358951842,1289.34,827.408,1.20859,1.14614,1.13421,0.030336,0.089088,0.016384,0.187392,0.811008,0.021225,1244819,1244819,415283,33.3609,1920,1080,raygs,triangles,1,off,0,on,-4
1781754693360245492,1290.64,828.938,1.20636,1.14771,1.13347,0.029888,0.089824,0.01536,0.188416,0.809984,0.027596,1244819,1244819,415283,33.3609,1920,1080,raygs,triangles,1,off,0,on,-4
1781754693361433338,1291.82,827.512,1.20844,1.15085,1.13894,0.030976,0.090016,0.016384,0.191584,0.809984,0.038572,1244819,1244819,415283,33.3609,1920,1080,raygs,triangles,1,off,0,on,-4
1781754693362582202,1292.97,827.477,1.20849,1.14906,1.13798,0.030208,0.089728,0.016384,0.189856,0.811808,0.017398,1244819,1244819,415283,33.3609,1920,1080,raygs,triangles,1,off,0,on,-4
1781754693363757022,1294.15,827.508,1.20845,1.14858,1.13606,0.029696,0.089536,0.016384,0.18944,0.811008,0.025591,1244819,1244819,415283,33.3609,1920,1080,raygs,triangles,1,off,0,on,-4
1781754693364943138,1295.33,827.454,1.20853,1.14643,1.13488,0.029632,0.089472,0.016256,0.18864,0.81088,0.038586,1244819,1244819,415283,33.3609,1920,1080,raygs,triangles,1,off,0,on,-4
1781754693366103150,1296.49,827.45,1.20853,1.1473,1.13427,0.030496,0.088992,0.016384,0.188416,0.809984,0.020945,1244819,1244819,415283,33.3609,1920,1080,raygs,triangles,1,off,0,on,-4
1781754693367322833,1297.71,828.943,1.20636,1.14701,1.1336,0.030176,0.089664,0.016384,0.187392,0.809984,0.042125,1244819,1244819,415283,33.3609,1920,1080,raygs,triangles,1,off,0,on,-4
1781754693368672469,1299.06,828.41,1.20713,1.38435,1.37075,0.029952,0.089472,0.016384,0.423936,0.811008,0.017469,1244819,1244819,415283,33.3609,1920,1080,raygs,triangles,1,off,0,on,-4
1781754693369991829,1300.38,825.896,1.21081,1.2857,1.27149,0.030656,0.088832,0.01536,0.326656,0.809984,0.026603,1244819,1244819,415283,33.3609,1920,1080,raygs,triangles,1,off,0,on,-4
1781754693371166549,1301.56,824.918,1.21224,1.14816,1.1343,0.030336,0.089792,0.015776,0.188416,0.809984,0.026146,1244819,1244819,415283,33.3609,1920,1080,raygs,triangles,1,off,0,on,-4
1781754693372395641,1302.79,824.733,1.21251,1.14669,1.13581,0.030368,0.089472,0.016384,0.188864,0.81072,0.039786,1244819,1244819,415283,33.3609,1920,1080,raygs,triangles,1,off,0,on,-4
1781754693373505059,1303.9,824.182,1.21332,1.14707,1.13581,0.030272,0.089728,0.016384,0.188416,0.811008,0.016193,1244819,1244819,415283,33.3609,1920,1080,raygs,triangles,1,off,0,on,-4
1781754693374682753,1305.07,824.685,1.21258,1.14723,1.13331,0.030432,0.08912,0.01536,0.188416,0.809984,0.026031,1244819,1244819,415283,33.3609,1920,1080,raygs,triangles,1,off,0,on,-4
1781754693375919767,1306.31,826.964,1.20924,1.1489,1.13584,0.030464,0.089504,0.016288,0.188704,0.81088,0.045773,1244819,1244819,415283,33.3609,1920,1080,raygs,triangles,1,off,0,on,-4
1781754693377172293,1307.56,827.719,1.20814,1.148,1.13606,0.030048,0.089792,0.016128,0.18944,0.810656,0.025701,1244819,1244819,415283,33.3609,1920,1080,raygs,triangles,1,off,0,on,-4
1781754693378377235,1308.77,827.084,1.20907,1.14922,1.13693,0.03136,0.090176,0.016384,0.188416,0.810592,0.034,1244819,1244819,415283,33.3609,1920,1080,raygs,triangles,1,off,0,on,-4
1781754693379503754,1309.9,826.884,1.20936,1.14982,1.13763,0.030304,0.089472,0.016384,0.190464,0.811008,0.017927,1244819,1244819,415283,33.3609,1920,1080,raygs,triangles,1,off,0,on,-4
1781754693380686324,1311.08,827.478,1.20849,1.14787,1.13482,0.030304,0.088704,0.016384,0.18944,0.809984,0.033992,1244819,1244819,415283,33.3609,1920,1080,raygs,triangles,1,off,0,on,-4
1781754693381875369,1312.27,827.127,1.209,1.1505,1.13734,0.03056,0.088992,0.016384,0.190464,0.810944,0.032954,1244819,1244819,415283,33.3609,1920,1080,raygs,triangles,1,off,0,on,-4
1781754693383078725,1313.47,828.027,1.20769,1.14787,1.13677,0.030528,0.089408,0.016384,0.18944,0.811008,0.037579,1244819,1244819,415283,33.3609,1920,1080,raygs,triangles,1,off,0,on,-4
1781754693384238978,1314.63,828.335,1.20724,1.14621,1.13312,0.0304,0.08896,0.01536,0.187392,0.811008,0.029301,1244819,1244819,415283,33.3609,1920,1080,raygs,triangles,1,off,0,on,-4
1781754693385552307,1315.94,828.534,1.20695,1.33622,1.32365,0.029952,0.089472,0.016384,0.376832,0.811008,0.017175,1244819,1244819,415283,33.3609,1920,1080,raygs,triangles,1,off,0,on,-4
1781754693386870937,1317.26,826.704,1.20962,1.28634,1.27334,0.030272,0.089056,0.01616,0.327936,0.80992,0.027128,1244819,1244819,415283,33.3609,1920,1080,raygs,triangles,1,off,0,on,-4
1781754693388051526,1318.44,825.19,1.21184,1.14675,1.13299,0.02992,0.089728,0.01536,0.187392,0.810592,0.037908,1244819,1244819,415283,33.3609,1920,1080,raygs,triangles,1,off,0,on,-4
1781754693389273256,1319.66,825.428,1.21149,1.1463,1.13546,0.030496,0.089152,0.016384,0.188416,0.811008,0.039459,1244819,1244819,415283,33.3609,1920,1080,raygs,triangles,1,off,0,on,-4
1781754693390394598,1320.79,824.456,1.21292,1.14749,1.13645,0.030176,0.08944,0.016384,0.18944,0.811008,0.021,1244819,1244819,415283,33.3609,1920,1080,raygs,triangles,1,off,0,on,-4
1781754693391616179,1322.01,827.143,1.20898,1.14864,1.13706,0.029696,0.089504,0.016384,0.190464,0.811008,0.051302,1244819,1244819,415283,33.3609,1920,1080,raygs,triangles,1,off,0,on,-4
1781754693392863123,1323.25,828.153,1.20751,1.14742,1.13389,0.029568,0.089536,0.016384,0.188416,0.809984,0.024483,1244819,1244819,415283,33.3609,1920,1080,raygs,triangles,1,off,0,on,-4
1781754693394019712,1324.41,827.523,1.20843,1.14922,1.13536,0.030304,0.089248,0.016224,0.18864,0.810944,0.021115,1244819,1244819,415283,33.3609,1920,1080,raygs,triangles,1,off,0,on,-4
1781754693395203857,1325.6,827.141,1.20898,1.14864,1.1361,0.02976,0.089504,0.016384,0.190464,0.809984,0.03057,1244819,1244819,415283,33.3609,1920,1080,raygs,triangles,1,off,0,on,-4
1781754693396421920,1326.81,827.486,1.20848,1.14787,1.13565,0.030208,0.089632,0.016384,0.18944,0.809984,0.03976,1244819,1244819,415283,33.3609,1920,1080,raygs,triangles,1,off,0,on,-4
1781754693397654290,1328.05,826.703,1.20962,1.14582,1.13261,0.030016,0.088992,0.015616,0.187392,0.810592,0.035304,1244819,1244819,415283,33.3609,1920,1080,raygs,triangles,1,off,0,on,-4
1781754693398846677,1329.24,826.414,1.21005,1.14755,1.13619,0.02976,0.0896,0.016384,0.18944,0.811008,0.017168,1244819,1244819,415283,33.3609,1920,1080,raygs,triangles,1,off,0,on,-4
1781754693400026370,1330.42,827.485,1.20848,1.1495,1.13747,0.031648,0.089632,0.015744,0.190464,0.809984,0.027062,1244819,1244819,415283,33.3609,1920,1080,raygs,triangles,1,off,0,on,-4
1781754693401379746,1331.77,828.563,1.20691,1.14691,1.13347,0.030112,0.088576,0.016384,0.188416,0.809984,0.032766,1244819,1244819,415283,33.3609,1920,1080,raygs,triangles,1,off,0,on,-4
1781754693402692526,1333.08,826.717,1.2096,1.15133,1.13795,0.034528,0.08944,0.015584,0.187392,0.811008,0.034771,1244819,1244819,415283,33.3609,1920,1080,raygs,triangles,1,off,0,on,-4
1781754693403874163,1334.27,824.976,1.21216,1.14835,1.1351,0.03152,0.089728,0.01536,0.187488,0.811008,0.03803,1244819,1244819,415283,33.3609,1920,1080,raygs,triangles,1,off,0,on,-4
1781754693405016886,1335.41,825.451,1.21146,1.14771,1.13539,0.029888,0.089696,0.016384,0.188416,0.811008,0.016177,1244819,1244819,415283,33.3609,1920,1080,raygs,triangles,1,off,0,on,-4
1781754693406220458,1336.61,825.66,1.21115,1.14778,1.13488,0.029856,0.089216,0.015648,0.18944,0.81072,0.044517,1244819,1244819,415283,33.3609,1920,1080,raygs,triangles,1,off,0,on,-4
1781754693407397816,1337.79,825.027,1.21208,1.14787,1.13389,0.030048,0.088864,0.015552,0.18944,0.809984,0.030281,1244819,1244819,415283,33.3609,1920,1080,raygs,triangles,1,off,0,on,-4
1781754693408526601,1338.92,826.859,1.2094,1.14714,1.1351,0.030336,0.089984,0.016384,0.188416,0.809984,0.015925,1244819,1244819,415283,33.3609,1920,1080,raygs,triangles,1,off,0,on,-4
1781754693409846239,1340.24,829.046,1.20621,1.14701,1.136,0.030368,0.089696,0.016384,0.188544,0.811008,0.038103,1244819,1244819,415283,33.3609,1920,1080,raygs,triangles,1,off,0,on,-4
1781754693410981188,1341.37,827.95,1.2078,1.14832,1.13619,0.031136,0.089248,0.016192,0.1888,0.810816,0.017419,1244819,1244819,415283,33.3609,1920,1080,raygs,triangles,1,off,0,on,-4
1781754693412165659,1342.56,827.892,1.20789,1.14794,1.13462,0.03008,0.089472,0.015648,0.188416,0.811008,0.026836,1244819,1244819,415283,33.3609,1920,1080,raygs,triangles,1,off,0,on,-4
1781754693413421411,1343.81,827.631,1.20827,1.14746,1.13341,0.030656,0.088992,0.01536,0.188416,0.809984,0.037367,1244819,1244819,415283,33.3609,1920,1080,raygs,triangles,1,off,0,on,-4
1781754693414504710,1344.9,827.12,1.20901,1.14755,1.13469,0.030368,0.089696,0.01536,0.188416,0.810848,0.016426,1244819,1244819,415283,33.3609,1920,1080,raygs,triangles,1,off,0,on,-4
1781754693415701952,1346.09,827.993,1.20774,1.14762,1.13357,0.029792,0.089856,0.01536,0.187712,0.810848,0.035438,1244819,1244819,415283,33.3609,1920,1080,raygs,triangles,1,off,0,on,-4
1781754693416854057,1347.25,829.282,1.20586,1.14771,1.13597,0.029856,0.08912,0.016384,0.189664,0.810944,0.019651,1244819,1244819,415283,33.3609,1920,1080,raygs,triangles,1,off,0,on,-4
1781754693418273093,1348.66,829.267,1.20588,1.38547,1.37114,0.030496,0.088576,0.01536,0.425984,0.81072,0.026488,1244819,1244819,415283,33.3609,1920,1080,raygs,triangles,1,off,0,on,-4
1781754693419596424,1349.99,826.566,1.20983,1.28758,1.27418,0.030496,0.089568,0.015584,0.32768,0.810848,0.032549,1244819,1244819,415283,33.3609,1920,1080,raygs,triangles,1,off,0,on,-4
1781754693420750648,1351.14,825.164,1.21188,1.14762,1.13306,0.029792,0.090624,0.015456,0.187392,0.809792,0.02101,1244819,1244819,415283,33.3609,1920,1080,raygs,triangles,1,off,0,on,-4
1781754693421926885,1352.32,824.9,1.21227,1.14883,1.13651,0.030464,0.089568,0.016384,0.18944,0.810656,0.030348,1244819,1244819,415283,33.3609,1920,1080,raygs,triangles,1,off,0,on,-4
1781754693423116260,1353.51,824.896,1.21227,1.14778,1.13523,0.029952,0.0896,0.016256,0.188416,0.811008,0.034377,1244819,1244819,415283,33.3609,1920,1080,raygs,triangles,1,off,0,on,-4
1781754693424341016,1354.73,825.264,1.21173,1.17088,1.15885,0.030496,0.090016,0.016384,0.211968,0.809984,0.033919,1244819,1244819,415283,33.3609,1920,1080,raygs,triangles,1,off,0,on,-4
1781754693425468047,1355.86,826.893,1.20935,1.14787,1.13494,0.030048,0.089504,0.016384,0.188416,0.810592,0.017302,1244819,1244819,415283,33.3609,1920,1080,raygs,triangles,1,off,0,on,-4
1781754693426787555,1357.18,828.893,1.20643,1.14781,1.1359,0.030464,0.089632,0.016384,0.188416,0.811008,0.038047,1244819,1244819,415283,33.3609,1920,1080,raygs,triangles,1,off,0,on,-4
1781754693427928267,1358.32,827.43,1.20856,1.15085,1.13773,0.030976,0.088832,0.015424,0.191488,0.811008,0.01758,1244819,1244819,415283,33.3609,1920,1080,raygs,triangles,1,off,0,on,-4
1781754693429119368,1359.51,827.535,1.20841,1.14771,1.13478,0.029856,0.089312,0.016384,0.188416,0.810816,0.034411,1244819,1244819,415283,33.3609,1920,1080,raygs,triangles,1,off,0,on,-4
1781754693430334919,1360.73,827.481,1.20849,1.14726,1.13309,0.03056,0.088768,0.01536,0.188416,0.809984,0.032972,1244819,1244819,415283,33.3609,1920,1080,raygs,triangles,1,off,0,on,-4
1781754693431446533,1361.84,827.1,1.20904,1.14611,1.13318,0.030368,0.089056,0.01536,0.188416,0.809984,0.016022,1244819,1244819,415283,33.3609,1920,1080,raygs,triangles,1,off,0,on,-4
1781754693432626562,1363.02,827.572,1.20835,1.1495,1.13446,0.029632,0.089312,0.015456,0.18944,0.810624,0.026178,1244819,1244819,415283,33.3609,1920,1080,raygs,triangles,1,off,0,on,-4
1781754693433795123,1364.19,828.907,1.20641,1.14598,1.13472,0.030176,0.08976,0.016384,0.187392,0.811008,0.025641,1244819,1244819,415283,33.3609,1920,1080,raygs,triangles,1,off,0,on,-4
1781754693435229608,1365.62,828.95,1.20635,1.38534,1.3735,0.030144,0.089408,0.01536,0.427008,0.811584,0.041554,1244819,1244819,415283,33.3609,1920,1080,raygs,triangles,1,off,0,on,-4
1781754693436512584,1366.9,826.042,1.21059,1.28858,1.27555,0.030432,0.089024,0.016384,0.329728,0.809984,0.018105,1244819,1244819,415283,33.3609,1920,1080,raygs,triangles,1,off,0,on,-4
1781754693437698043,1368.09,824.678,1.2126,1.14688,1.13379,0.030336,0.089728,0.01536,0.187392,0.810976,0.027241,1244819,1244819,415283,33.3609,1920,1080,raygs,triangles,1,off,0,on,-4
1781754693438871750,1369.26,824.575,1.21275,1.1463,1.13459,0.029472,0.089312,0.016384,0.188416,0.811008,0.026587,1244819,1244819,415283,33.3609,1920,1080,raygs,triangles,1,off,0,on,-4
1781754693440038515,1370.43,824.553,1.21278,1.1463,1.13402,0.030528,0.089152,0.016384,0.187392,0.81056,0.026152,1244819,1244819,415283,33.3609,1920,1080,raygs,triangles,1,off,0,on,-4
1781754693441210050,1371.6,824.978,1.21215,1.14464,1.13184,0.029856,0.089344,0.016288,0.185344,0.811008,0.028399,1244819,1244819,415283,33.3609,1920,1080,raygs,triangles,1,off,0,on,-4
1781754693442426831,1372.82,827.229,1.20885,1.14842,1.13578,0.029536,0.088384,0.016384,0.190464,0.811008,0.039069,1244819,1244819,415283,33.3609,1920,1080,raygs,triangles,1,off,0,on,-4
1781754693443671426,1374.06,828.527,1.20696,1.14717,1.13334,0.030336,0.088992,0.015616,0.188416,0.809984,0.016284,1244819,1244819,415283,33.3609,1920,1080,raygs,triangles,1,off,0,on,-4
1781754693444848914,1375.24,827.475,1.2085,1.14858,1.13747,0.030752,0.089888,0.016384,0.18944,0.811008,0.026476,1244819,1244819,415283,33.3609,1920,1080,raygs,triangles,1,off,0,on,-4
1781754693446022333,1376.41,827.963,1.20778,1.1481,1.13667,0.030496,0.08976,0.016384,0.18944,0.810592,0.026191,1244819,1244819,415283,33.3609,1920,1080,raygs,triangles,1,off,0,on,-4
1781754693447253727,1377.65,827.329,1.20871,1.14906,1.13485,0.030176,0.088864,0.01536,0.190464,0.809984,0.042455,1244819,1244819,415283,33.3609,1920,1080,raygs,triangles,1,off,0,on,-4
1781754693448448659,1378.84,826.921,1.20931,1.14781,1.13334,0.029984,0.089888,0.01536,0.187392,0.81072,0.030882,1244819,1244819,415283,33.3609,1920,1080,raygs,triangles,1,off,0,on,-4
1781754693449551095,1379.94,827.312,1.20873,1.1497,1.13658,0.030144,0.0896,0.016384,0.18944,0.811008,0.016028,1244819,1244819,415283,33.3609,1920,1080,raygs,triangles,1,off,0,on,-4
1781754693450726621,1381.12,828.95,1.20635,1.14883,1.13514,0.030016,0.088928,0.015744,0.18944,0.811008,0.032,1244819,1244819,415283,33.3609,1920,1080,raygs,triangles,1,off,0,on,-4
1781754693452162189,1382.55,829.257,1.2059,1.38253,1.36858,0.030432,0.088704,0.01536,0.423264,0.810816,0.037614,1244819,1244819,415283,33.3609,1920,1080,raygs,triangles,1,off,0,on,-4
1781754693453478039,1383.87,825.822,1.21091,1.28688,1.27363,0.029792,0.089792,0.01536,0.32768,0.811008,0.031173,1244819,1244819,415283,33.3609,1920,1080,raygs,triangles,1,off,0,on,-4
1781754693454633780,1385.03,824.481,1.21288,1.14906,1.1359,0.0304,0.09072,0.016384,0.188416,0.809984,0.028957,1244819,1244819,415283,33.3609,1920,1080,raygs,triangles,1,off,0,on,-4
1781754693455782550,1386.17,824.635,1.21266,1.14624,1.13216,0.030368,0.089248,0.01536,0.186368,0.810816,0.018465,1244819,1244819,415283,33.3609,1920,1080,raygs,triangles,1,off,0,on,-4
1781754693456991547,1387.38,825.17,1.21187,1.148,1.13485,0.03024,0.0888,0.016384,0.18944,0.809984,0.044648,1244819,1244819,415283,33.3609,1920,1080,raygs,triangles,1,off,0,on,-4
1781754693458180413,1388.57,824.711,1.21255,1.14685,1.13334,0.030016,0.089568,0.016384,0.187392,0.809984,0.028309,1244819,1244819,415283,33.3609,1920,1080,raygs,triangles,1,off,0,on,-4
1781754693459355976,1389.75,826.331,1.21017,1.14678,1.13504,0.029952,0.089472,0.016384,0.188416,0.810816,0.029196,1244819,1244819,415283,33.3609,1920,1080,raygs,triangles,1,off,0,on,-4
1781754693460653157,1391.04,827.85,1.20795,1.14851,1.13664,0.030656,0.090176,0.016384,0.18944,0.809984,0.032748,1244819,1244819,415283,33.3609,1920,1080,raygs,triangles,1,off,0,on,-4
1781754693461767465,1392.16,826.45,1.20999,1.14909,1.136,0.031296,0.088896,0.01536,0.18944,0.811008,0.015913,1244819,1244819,415283,33.3609,1920,1080,raygs,triangles,1,off,0,on,-4
1781754693462956819,1393.35,827.567,1.20836,1.14778,1.13456,0.030368,0.089536,0.01632,0.188416,0.80992,0.039034,1244819,1244819,415283,33.3609,1920,1080,raygs,triangles,1,off,0,on,-4
1781754693464108421,1394.5,826.951,1.20926,1.14858,1.13555,0.030208,0.089344,0.015552,0.18944,0.811008,0.019538,1244819,1244819,415283,33.3609,1920,1080,raygs,triangles,1,off,0,on,-4
1781754693465338929,1395.73,827.511,1.20844,1.14733,1.13622,0.030496,0.08992,0.016384,0.18944,0.809984,0.041449,1244819,1244819,415283,33.3609,1920,1080,raygs,triangles,1,off,0,on,-4
1781754693466448574,1396.84,827.903,1.20787,1.14717,1.13437,0.030336,0.089152,0.015456,0.18944,0.809984,0.016364,1244819,1244819,415283,33.3609,1920,1080,raygs,triangles,1,off,0,on,-4
1781754693467663647,1398.05,828.385,1.20717,1.14819,1.13613,0.02992,0.089312,0.016384,0.189504,0.811008,0.040133,1244819,1244819,415283,33.3609,1920,1080,raygs,triangles,1,off,0,on,-4
1781754693469062288,1399.45,828.159,1.2075,1.41514,1.40166,0.030048,0.089568,0.016384,0.454656,0.811008,0.016794,1244819,1244819,415283,33.3609,1920,1080,raygs,triangles,1,off,0,on,-4
1781754693470395080,1400.79,825.661,1.21115,1.28675,1.27395,0.029632,0.089184,0.01536,0.329056,0.81072,0.032264,1244819,1244819,415283,33.3609,1920,1080,raygs,triangles,1,off,0,on,-4
1781754693471551583,1401.94,825.024,1.21209,1.14918,1.13469,0.029312,0.090368,0.015584,0.188416,0.811008,0.022013,1244819,1244819,415283,33.3609,1920,1080,raygs,triangles,1,off,0,on,-4
1781754693472767228,1403.16,825.203,1.21182,1.14595,1.13395,0.030528,0.089536,0.016384,0.186496,0.811008,0.040265,1244819,1244819,415283,33.3609,1920,1080,raygs,triangles,1,off,0,on,-4
1781754693473908948,1404.3,824.492,1.21287,1.14707,1.13322,0.030432,0.088736,0.015648,0.187392,0.811008,0.017222,1244819,1244819,415283,33.3609,1920,1080,raygs,triangles,1,off,0,on,-4
1781754693475081732,1405.47,827.094,1.20905,1.14678,1.13462,0.029952,0.088992,0.016384,0.188416,0.81088,0.026994,1244819,1244819,415283,33.3609,1920,1080,raygs,triangles,1,off,0,on,-4
1781754693476378949,1406.77,828.755,1.20663,1.14733,1.13434,0.030208,0.089344,0.016384,0.188416,0.809984,0.034841,1244819,1244819,415283,33.3609,1920,1080,raygs,triangles,1,off,0,on,-4
1781754693477528326,1407.92,827.462,1.20851,1.14784,1.13587,0.030912,0.090048,0.016384,0.187744,0.810784,0.019656,1244819,1244819,415283,33.3609,1920,1080,raygs,triangles,1,off,0,on,-4
1781754693478714577,1409.11,827.418,1.20858,1.14829,1.13478,0.030432,0.089568,0.01536,0.188416,0.811008,0.0264,1244819,1244819,415283,33.3609,1920,1080,raygs,triangles,1,off,0,on,-4
1781754693479912968,1410.3,827.586,1.20833,1.14867,1.13574,0.030848,0.089088,0.01536,0.18944,0.811008,0.039468,1244819,1244819,415283,33.3609,1920,1080,raygs,triangles,1,off,0,on,-4
1781754693481074173,1411.47,827.328,1.20871,1.1473,1.13558,0.029472,0.08928,0.016384,0.18944,0.811008,0.027104,1244819,1244819,415283,33.3609,1920,1080,raygs,triangles,1,off,0,on,-4
1781754693482244554,1412.64,827.195,1.2089,1.14717,1.13206,0.029344,0.089248,0.01536,0.187392,0.81072,0.028223,1244819,1244819,415283,33.3609,1920,1080,raygs,triangles,1,off,0,on,-4
1781754693483402652,1413.79,828.742,1.20665,1.14874,1.13587,0.030496,0.089568,0.016384,0.18944,0.809984,0.025725,1244819,1244819,415283,33.3609,1920,1080,raygs,triangles,1,off,0,on,-4
1781754693484748842,1415.14,828.456,1.20706,1.3151,1.30262,0.030336,0.089472,0.016384,0.35552,0.810912,0.026477,1244819,1244819,415283,33.3609,1920,1080,raygs,triangles,1,off,0,on,-4
1781754693486115802,1416.51,826.791,1.2095,1.34237,1.33126,0.030272,0.089632,0.016352,0.384,0.811008,0.027473,1244819,1244819,415283,33.3609,1920,1080,raygs,triangles,1,off,0,on,-4
1781754693487337200,1417.73,825.267,1.21173,1.14906,1.13622,0.030208,0.090048,0.016384,0.188672,0.810912,0.03965,1244819,1244819,415283,33.3609,1920,1080,raygs,triangles,1,off,0,on,-4
1781754693488447389,1418.84,824.015,1.21357,1.14944,1.13616,0.03056,0.089664,0.016384,0.188672,0.81088,0.015594,1244819,1244819,415283,33.3609,1920,1080,raygs,triangles,1,off,0,on,-4
1781754693489662034,1420.05,824.698,1.21257,1.14906,1.13533,0.030208,0.089472,0.01536,0.18944,0.810848,0.037715,1244819,1244819,415283,33.3609,1920,1080,raygs,triangles,1,off,0,on,-4
1781754693490807292,1421.2,824.221,1.21327,1.1473,1.13402,0.029472,0.0896,0.016384,0.187648,0.810912,0.019819,1244819,1244819,415283,33.3609,1920,1080,raygs,triangles,1,off,0,on,-4
1781754693491991362,1422.38,827.202,1.20889,1.14787,1.1353,0.030016,0.089472,0.016384,0.18944,0.809984,0.033857,1244819,1244819,415283,33.3609,1920,1080,raygs,triangles,1,off,0,on,-4
1781754693493286219,1423.68,828.811,1.20655,1.14918,1.13696,0.030304,0.089824,0.016384,0.18944,0.811008,0.028254,1244819,1244819,415283,33.3609,1920,1080,raygs,triangles,1,off,0,on,-4
1781754693494444267,1424.84,827.316,1.20873,1.15008,1.13846,0.031296,0.08976,0.016384,0.190464,0.81056,0.020665,1244819,1244819,415283,33.3609,1920,1080,raygs,triangles,1,off,0,on,-4
1781754693495619152,1426.01,827.408,1.20859,1.14755,1.13578,0.029728,0.089408,0.016384,0.18944,0.810816,0.027039,1244819,1244819,415283,33.3609,1920,1080,raygs,triangles,1,off,0,on,-4
1781754693496802481,1427.19,827.418,1.20858,1.14851,1.13498,0.030368,0.089824,0.01536,0.18944,0.809984,0.031481,1244819,1244819,415283,33.3609,1920,1080,raygs,triangles,1,off,0,on,-4
1781754693497969586,1428.36,827.948,1.2078,1.14733,1.13427,0.030208,0.089152,0.016384,0.188704,0.809824,0.026379,1244819,1244819,415283,33.3609,1920,1080,raygs,triangles,1,off,0,on,-4
1781754693499143323,1429.53,827.684,1.20819,1.14794,1.13395,0.030112,0.08912,0.01536,0.188416,0.810944,0.030098,1244819,1244819,415283,33.3609,1920,1080,raygs,triangles,1,off,0,on,-4
1781754693500358269,1430.75,829.01,1.20626,1.14966,1.13558,0.029792,0.089184,0.016384,0.18944,0.810784,0.03841,1244819,1244819,415283,33.3609,1920,1080,raygs,triangles,1,off,0,on,-4
1781754693501723912,1432.12,828.585,1.20688,1.38461,1.37245,0.030208,0.088864,0.016384,0.425984,0.811008,0.016627,1244819,1244819,415283,33.3609,1920,1080,raygs,triangles,1,off,0,on,-4
1781754693503034356,1433.43,826.236,1.21031,1.28634,1.27366,0.03024,0.089376,0.01536,0.32768,0.811008,0.026481,1244819,1244819,415283,33.3609,1920,1080,raygs,triangles,1,off,0,on,-4
1781754693504215542,1434.61,825.173,1.21187,1.14858,1.1367,0.030432,0.090656,0.016384,0.187392,0.81184,0.029277,1244819,1244819,415283,33.3609,1920,1080,raygs,triangles,1,off,0,on,-4
1781754693505382108,1435.77,824.575,1.21275,1.14675,1.13322,0.030048,0.088608,0.016384,0.187392,0.810784,0.026624,1244819,1244819,415283,33.3609,1920,1080,raygs,triangles,1,off,0,on,-4
1781754693506564056,1436.96,824.698,1.21257,1.14662,1.13443,0.03024,0.089312,0.016352,0.18784,0.810688,0.037637,1244819,1244819,415283,33.3609,1920,1080,raygs,triangles,1,off,0,on,-4
1781754693507745633,1438.14,824.729,1.21252,1.17363,1.16131,0.030208,0.089792,0.016384,0.214016,0.810912,0.020061,1244819,1244819,415283,33.3609,1920,1080,raygs,triangles,1,off,0,on,-4
1781754693508928741,1439.32,827.264,1.2088,1.14778,1.13523,0.03024,0.089184,0.01536,0.18944,0.811008,0.031215,1244819,1244819,415283,33.3609,1920,1080,raygs,triangles,1,off,0,on,-4
1781754693510230280,1440.62,828.649,1.20678,1.14646,1.1344,0.029632,0.089312,0.016416,0.187392,0.811648,0.041173,1244819,1244819,415283,33.3609,1920,1080,raygs,triangles,1,off,0,on,-4
1781754693511378861,1441.77,827.375,1.20864,1.14858,1.1359,0.03072,0.0896,0.01536,0.18944,0.810784,0.01756,1244819,1244819,415283,33.3609,1920,1080,raygs,triangles,1,off,0,on,-4
1781754693512562793,1442.95,827.46,1.20852,1.14646,1.13389,0.029632,0.089472,0.016384,0.188416,0.809984,0.028428,1244819,1244819,415283,33.3609,1920,1080,raygs,triangles,1,off,0,on,-4
1781754693513741627,1444.13,827.352,1.20868,1.14816,1.13398,0.029312,0.089888,0.01536,0.18944,0.809984,0.032283,1244819,1244819,415283,33.3609,1920,1080,raygs,triangles,1,off,0,on,-4
1781754693514946665,1445.34,827.327,1.20871,1.14762,1.13434,0.029792,0.089792,0.01536,0.188416,0.810976,0.036734,1244819,1244819,415283,33.3609,1920,1080,raygs,triangles,1,off,0,on,-4
1781754693516076978,1446.47,827.262,1.20881,1.14739,1.13504,0.030208,0.08976,0.015648,0.188416,0.811008,0.01811,1244819,1244819,415283,33.3609,1920,1080,raygs,triangles,1,off,0,on,-4
1781754693517305889,1447.7,828.72,1.20668,1.14864,1.13709,0.029792,0.08944,0.016384,0.190464,0.811008,0.045919,1244819,1244819,415283,33.3609,1920,1080,raygs,triangles,1,off,0,on,-4
1781754693518694239,1449.09,828.267,1.20734,1.38528,1.37293,0.029888,0.089664,0.016384,0.425984,0.811008,0.031667,1244819,1244819,415283,33.3609,1920,1080,raygs,triangles,1,off,0,on,-4
1781754693519994807,1450.39,825.801,1.21095,1.28509,1.27398,0.02992,0.089344,0.016384,0.32768,0.810656,0.029373,1244819,1244819,415283,33.3609,1920,1080,raygs,triangles,1,off,0,on,-4
1781754693521149544,1451.54,824.81,1.2124,1.14819,1.13709,0.030592,0.090688,0.016384,0.188416,0.811008,0.020486,1244819,1244819,415283,33.3609,1920,1080,raygs,triangles,1,off,0,on,-4
1781754693522370727,1452.76,825.181,1.21186,1.14653,1.13354,0.030272,0.089504,0.016384,0.187392,0.809984,0.043036,1244819,1244819,415283,33.3609,1920,1080,raygs,triangles,1,off,0,on,-4
1781754693523490885,1453.88,824.079,1.21348,1.14864,1.13571,0.030304,0.08944,0.016384,0.189632,0.809952,0.017111,1244819,1244819,415283,33.3609,1920,1080,raygs,triangles,1,off,0,on,-4
1781754693524670022,1455.06,824.416,1.21298,1.14778,1.13581,0.030496,0.089472,0.016288,0.188544,0.811008,0.027559,1244819,1244819,415283,33.3609,1920,1080,raygs,triangles,1,off,0,on,-4
1781754693525859381,1456.25,827.511,1.20844,1.14717,1.13424,0.030368,0.089088,0.016384,0.188416,0.809984,0.039749,1244819,1244819,415283,33.3609,1920,1080,raygs,triangles,1,off,0,on,-4
1781754693527147897,1457.54,828.928,1.20638,1.14906,1.13565,0.030656,0.089376,0.016192,0.188416,0.811008,0.02884,1244819,1244819,415283,33.3609,1920,1080,raygs,triangles,1,off,0,on,-4
1781754693528343980,1458.74,827.365,1.20866,1.1473,1.13446,0.030496,0.089312,0.016384,0.187392,0.81088,0.035161,1244819,1244819,415283,33.3609,1920,1080,raygs,triangles,1,off,0,on,-4
1781754693529465893,1459.86,827.074,1.20908,1.14864,1.13702,0.029792,0.08976,0.016384,0.190464,0.810624,0.017754,1244819,1244819,415283,33.3609,1920,1080,raygs,triangles,1,off,0,on,-4
1781754693530698606,1461.09,827.706,1.20816,1.14883,1.13677,0.029952,0.089984,0.016384,0.18944,0.811008,0.046862,1244819,1244819,415283,33.3609,1920,1080,raygs,triangles,1,off,0,on,-4
1781754693531845623,1462.24,827.237,1.20884,1.14742,1.13574,0.029536,0.089376,0.016384,0.18944,0.811008,0.030611,1244819,1244819,415283,33.3609,1920,1080,raygs,triangles,1,off,0,on,-4
1781754693532994705,1463.39,827.721,1.20814,1.14733,1.13443,0.030144,0.089568,0.01536,0.188416,0.810944,0.018896,1244819,1244819,415283,33.3609,1920,1080,raygs,triangles,1,off,0,on,-4
1781754693534184182,1464.58,829.254,1.2059,1.14637,1.13434,0.030208,0.089696,0.01536,0.187392,0.81168,0.0379,1244819,1244819,415283,33.3609,1920,1080,raygs,triangles,1,off,0,on,-4
1781754693535534409,1465.93,828.67,1.20675,1.34486,1.33181,0.030464,0.089984,0.016352,0.385024,0.809984,0.023724,1244819,1244819,415283,33.3609,1920,1080,raygs,triangles,1,off,0,on,-4
1781754693536913359,1467.3,826.57,1.20982,1.29958,1.2865,0.030656,0.24,0.015392,0.190464,0.809984,0.043909,1244819,1244819,415283,33.3609,1920,1080,raygs,triangles,1,off,0,on,-4
1781754693538036311,1468.43,824.332,1.2131,1.14778,1.13555,0.030976,0.089152,0.016384,0.188416,0.810624,0.016505,1244819,1244819,415283,33.3609,1920,1080,raygs,triangles,1,off,0,on,-4
1781754693539230976,1469.62,825.204,1.21182,1.14598,1.13501,0.030208,0.090016,0.016384,0.187392,0.811008,0.041226,1244819,1244819,415283,33.3609,1920,1080,raygs,triangles,1,off,0,on,-4
1781754693540505371,1470.9,824.622,1.21268,1.14653,1.1329,0.029696,0.088512,0.01536,0.188416,0.810912,0.020352,1244819,1244819,415283,33.3609,1920,1080,raygs,triangles,1,off,0,on,-4
1781754693541721620,1472.11,823.485,1.21435,1.14774,1.13558,0.031488,0.089408,0.016288,0.187392,0.811008,0.040877,1244819,1244819,415283,33.3609,1920,1080,raygs,triangles,1,off,0,on,-4
1781754693542989252,1473.38,826.05,1.21058,1.14816,1.13638,0.030336,0.089216,0.016384,0.18944,0.811008,0.026597,1244819,1244819,415283,33.3609,1920,1080,raygs,triangles,1,off,0,on,-4
1781754693544140239,1474.53,826.541,1.20986,1.14864,1.13552,0.03104,0.089696,0.016384,0.188416,0.809984,0.018047,1244819,1244819,415283,33.3609,1920,1080,raygs,triangles,1,off,0,on,-4
1781754693545369011,1475.76,826.551,1.20985,1.14842,1.1361,0.030592,0.089888,0.016384,0.18944,0.809792,0.038795,1244819,1244819,415283,33.3609,1920,1080,raygs,triangles,1,off,0,on,-4
1781754693546485555,1476.88,826.886,1.20936,1.14678,1.13437,0.030336,0.089248,0.016384,0.188416,0.809984,0.01618,1244819,1244819,415283,33.3609,1920,1080,raygs,triangles,1,off,0,on,-4
1781754693547688068,1478.08,826.778,1.20952,1.14842,1.13581,0.029568,0.089408,0.016384,0.18944,0.811008,0.037998,1244819,1244819,415283,33.3609,1920,1080,raygs,triangles,1,off,0,on,-4
1781754693548823645,1479.21,826.534,1.20987,1.14842,1.13424,0.030592,0.08912,0.01536,0.188416,0.810752,0.015958,1244819,1244819,415283,33.3609,1920,1080,raygs,triangles,1,off,0,on,-4
1781754693550013363,1480.4,828.107,1.20757,1.14669,1.13459,0.0304,0.089408,0.016384,0.187392,0.811008,0.025291,1244819,1244819,415283,33.3609,1920,1080,raygs,triangles,1,off,0,on,-4
1781754693551184809,1481.58,827.792,1.20803,1.1497,1.13808,0.029792,0.089632,0.016384,0.191488,0.810784,0.025489,1244819,1244819,415283,33.3609,1920,1080,raygs,triangles,1,off,0,on,-4
1781754693552607366,1483,827.967,1.20778,1.39843,1.38403,0.029696,0.089536,0.01552,0.438272,0.811008,0.027284,1244819,1244819,415283,33.3609,1920,1080,raygs,triangles,1,off,0,on,-4
1781754693553918558,1484.31,825.415,1.21151,1.27312,1.26016,0.030368,0.21504,0.01536,0.188416,0.810976,0.034098,1244819,1244819,415283,33.3609,1920,1080,raygs,triangles,1,off,0,on,-4
1781754693555072434,1485.46,823.682,1.21406,1.14714,1.13574,0.030336,0.089664,0.016384,0.188416,0.810944,0.019502,1244819,1244819,415283,33.3609,1920,1080,raygs,triangles,1,off,0,on,-4
1781754693556279708,1486.67,823.707,1.21402,1.14646,1.13542,0.030336,0.08928,0.016384,0.188416,0.811008,0.03894,1244819,1244819,415283,33.3609,1920,1080,raygs,triangles,1,off,0,on,-4
1781754693557440311,1487.83,823.518,1.2143,1.14438,1.13181,0.029632,0.089312,0.016384,0.18576,0.81072,0.026614,1244819,1244819,415283,33.3609,1920,1080,raygs,triangles,1,off,0,on,-4
1781754693558592412,1488.98,825.455,1.21145,1.14739,1.13427,0.029536,0.089216,0.016096,0.188416,0.811008,0.019929,1244819,1244819,415283,33.3609,1920,1080,raygs,triangles,1,off,0,on,-4
1781754693559943397,1490.33,827.79,1.20804,1.14867,1.13514,0.029792,0.088608,0.016384,0.18944,0.810912,0.040525,1244819,1244819,415283,33.3609,1920,1080,raygs,triangles,1,off,0,on,-4
1781754693561054081,1491.45,826.297,1.21022,1.14832,1.13747,0.031488,0.089152,0.016384,0.18944,0.811008,0.017504,1244819,1244819,415283,33.3609,1920,1080,raygs,triangles,1,off,0,on,-4
1781754693562244309,1492.64,826.307,1.2102,1.148,1.1343,0.030176,0.089408,0.01536,0.18944,0.80992,0.034249,1244819,1244819,415283,33.3609,1920,1080,raygs,triangles,1,off,0,on,-4
1781754693563395710,1493.79,826.672,1.20967,1.14858,1.13498,0.029728,0.089312,0.015552,0.18944,0.810944,0.020468,1244819,1244819,415283,33.3609,1920,1080,raygs,triangles,1,off,0,on,-4
1781754693564568700,1494.96,826.53,1.20988,1.14749,1.13408,0.030656,0.089504,0.01552,0.188416,0.809984,0.025735,1244819,1244819,415283,33.3609,1920,1080,raygs,triangles,1,off,0,on,-4
1781754693565736461,1496.13,826.578,1.20981,1.14733,1.13331,0.030496,0.088832,0.015584,0.188416,0.809984,0.025187,1244819,1244819,415283,33.3609,1920,1080,raygs,triangles,1,off,0,on,-4
1781754693566926737,1497.32,828.018,1.2077,1.14973,1.13645,0.030336,0.08928,0.01536,0.190464,0.811008,0.026561,1244819,1244819,415283,33.3609,1920,1080,raygs,triangles,1,off,0,on,-4
1781754693568329027,1498.72,827.792,1.20803,1.38285,1.37024,0.03056,0.089376,0.01536,0.423936,0.811008,0.025692,1244819,1244819,415283,33.3609,1920,1080,raygs,triangles,1,off,0,on,-4
1781754693569634247,1500.03,825.25,1.21175,1.28758,1.27514,0.030496,0.090016,0.016384,0.32768,0.81056,0.024683,1244819,1244819,415283,33.3609,1920,1080,raygs,triangles,1,off,0,on,-4
1781754693570866389,1501.26,823.702,1.21403,1.14749,1.13523,0.030656,0.090016,0.016384,0.187392,0.810784,0.040684,1244819,1244819,415283,33.3609,1920,1080,raygs,triangles,1,off,0,on,-4
1781754693571994966,1502.39,823.142,1.21486,1.14627,1.13315,0.030496,0.088896,0.01536,0.187392,0.811008,0.016667,1244819,1244819,415283,33.3609,1920,1080,raygs,triangles,1,off,0,on,-4
1781754693573183226,1503.57,823.653,1.2141,1.14694,1.13472,0.030144,0.088768,0.016384,0.188416,0.811008,0.034807,1244819,1244819,415283,33.3609,1920,1080,raygs,triangles,1,off,0,on,-4
1781754693574521144,1504.91,822.194,1.21626,1.15898,1.14666,0.030016,0.089568,0.016384,0.200704,0.809984,0.043322,1244819,1244819,415283,33.3609,1920,1080,raygs,triangles,1,off,0,on,-4
1781754693575649204,1506.04,824.1,1.21344,1.14678,1.13338,0.030368,0.089504,0.016128,0.187392,0.809984,0.037716,1244819,1244819,415283,33.3609,1920,1080,raygs,triangles,1,off,0,on,-4
1781754693576935845,1507.33,826.158,1.21042,1.14768,1.13421,0.029856,0.089696,0.01552,0.188416,0.81072,0.035526,1244819,1244819,415283,33.3609,1920,1080,raygs,triangles,1,off,0,on,-4
1781754693578105525,1508.5,824.98,1.21215,1.1495,1.13616,0.0312,0.08944,0.016096,0.18944,0.809984,0.036095,1244819,1244819,415283,33.3609,1920,1080,raygs,triangles,1,off,0,on,-4
1781754693579284035,1509.68,824.949,1.2122,1.14954,1.13642,0.030688,0.089024,0.015552,0.190464,0.810688,0.035068,1244819,1244819,415283,33.3609,1920,1080,raygs,triangles,1,off,0,on,-4
1781754693580452925,1510.84,824.876,1.2123,1.14739,1.13635,0.030144,0.089376,0.016384,0.18944,0.811008,0.034313,1244819,1244819,415283,33.3609,1920,1080,raygs,triangles,1,off,0,on,-4
1781754693581625236,1512.02,825.176,1.21186,1.14938,1.13667,0.030496,0.0896,0.016384,0.18944,0.810752,0.034827,1244819,1244819,415283,33.3609,1920,1080,raygs,triangles,1,off,0,on,-4
1781754693582794785,1513.19,825.209,1.21181,1.1457,1.1313,0.02992,0.08864,0.01536,0.187392,0.809984,0.034788,1244819,1244819,415283,33.3609,1920,1080,raygs,triangles,1,off,0,on,-4
1781754693583968528,1514.36,826.633,1.20973,1.14806,1.13587,0.03024,0.088864,0.016384,0.18944,0.810944,0.034484,1244819,1244819,415283,33.3609,1920,1080,raygs,triangles,1,off,0,on,-4
1781754693585373649,1515.76,826.459,1.20998,1.37834,1.36413,0.030208,0.088736,0.01536,0.41984,0.809984,0.034233,1244819,1244819,415283,33.3609,1920,1080,raygs,triangles,1,off,0,on,-4
1781754693586683906,1517.08,823.981,1.21362,1.28643,1.27408,0.03024,0.089824,0.016384,0.32768,0.809952,0.035907,1244819,1244819,415283,33.3609,1920,1080,raygs,triangles,1,off,0,on,-4
1781754693587855457,1518.25,822.381,1.21598,1.14976,1.1359,0.029888,0.089856,0.015648,0.189504,0.811008,0.034426,1244819,1244819,415283,33.3609,1920,1080,raygs,triangles,1,off,0,on,-4
1781754693589030430,1519.42,822.833,1.21531,1.14787,1.13565,0.030048,0.089792,0.016384,0.188416,0.811008,0.034088,1244819,1244819,415283,33.3609,1920,1080,raygs,triangles,1,off,0,on,-4
1781754693590135275,1520.53,822.396,1.21596,1.14528,1.13245,0.029504,0.088288,0.016384,0.187392,0.81088,0.030475,1244819,1244819,415283,33.3609,1920,1080,raygs,triangles,1,off,0,on,-4
1781754693591313939,1521.71,823.824,1.21385,1.15203,1.14006,0.030176,0.08992,0.016384,0.192576,0.811008,0.029407,1244819,1244819,415283,33.3609,1920,1080,raygs,triangles,1,off,0,on,-4
1781754693592444276,1522.84,826.296,1.21022,1.14794,1.13568,0.030112,0.088736,0.016384,0.18944,0.811008,0.016778,1244819,1244819,415283,33.3609,1920,1080,raygs,triangles,1,off,0,on,-4
1781754693593731248,1524.12,828.091,1.2076,1.1489,1.13731,0.030048,0.089728,0.016384,0.18944,0.811712,0.026795,1244819,1244819,415283,33.3609,1920,1080,raygs,triangles,1,off,0,on,-4
1781754693594900750,1525.29,826.648,1.2097,1.14912,1.13475,0.030272,0.089568,0.015488,0.18944,0.809984,0.025378,1244819,1244819,415283,33.3609,1920,1080,raygs,triangles,1,off,0,on,-4
1781754693596102597,1526.49,827.089,1.20906,1.14877,1.13584,0.03056,0.089344,0.016384,0.188832,0.81072,0.033916,1244819,1244819,415283,33.3609,1920,1080,raygs,triangles,1,off,0,on,-4
1781754693597251008,1527.64,826.491,1.20993,1.14819,1.13546,0.030336,0.0896,0.016096,0.188416,0.811008,0.020626,1244819,1244819,415283,33.3609,1920,1080,raygs,triangles,1,off,0,on,-4
1781754693598422023,1528.81,826.598,1.20978,1.15005,1.1367,0.030368,0.0896,0.016384,0.18944,0.810912,0.026144,1244819,1244819,415283,33.3609,1920,1080,raygs,triangles,1,off,0,on,-4
1781754693599597141,1529.99,826.726,1.20959,1.14787,1.13546,0.030048,0.089472,0.016384,0.188576,0.810976,0.025548,1244819,1244819,415283,33.3609,1920,1080,raygs,triangles,1,off,0,on,-4
1781754693600774189,1531.17,828.132,1.20754,1.14784,1.13594,0.029984,0.089504,0.016384,0.18944,0.810624,0.024478,1244819,1244819,415283,33.3609,1920,1080,raygs,triangles,1,off,0,on,-4
1781754693602160164,1532.55,828.169,1.20748,1.36032,1.34902,0.03072,0.089504,0.016384,0.401408,0.811008,0.024686,1244819,1244819,415283,33.3609,1920,1080,raygs,triangles,1,off,0,on,-4
1781754693603482940,1533.87,825.398,1.21154,1.28941,1.27629,0.030304,0.088864,0.016384,0.330752,0.809984,0.02558,1244819,1244819,415283,33.3609,1920,1080,raygs,triangles,1,off,0,on,-4
1781754693604647868,1535.04,824.339,1.21309,1.14637,1.1352,0.030592,0.090176,0.016384,0.187392,0.810656,0.026816,1244819,1244819,415283,33.3609,1920,1080,raygs,triangles,1,off,0,on,-4
1781754693605839487,1536.23,824.003,1.21359,1.14595,1.13469,0.030144,0.089664,0.016384,0.18752,0.810976,0.033591,1244819,1244819,415283,33.3609,1920,1080,raygs,triangles,1,off,0,on,-4
1781754693607009335,1537.4,823.793,1.2139,1.14842,1.13677,0.03056,0.089696,0.016384,0.18944,0.810688,0.019017,1244819,1244819,415283,33.3609,1920,1080,raygs,triangles,1,off,0,on,-4
1781754693608227960,1538.62,823.81,1.21387,1.14701,1.13526,0.030176,0.08928,0.016384,0.188416,0.811008,0.043765,1244819,1244819,415283,33.3609,1920,1080,raygs,triangles,1,off,0,on,-4
1781754693609528865,1539.92,825.562,1.2113,1.14646,1.13286,0.029632,0.088448,0.016384,0.188416,0.809984,0.030575,1244819,1244819,415283,33.3609,1920,1080,raygs,triangles,1,off,0,on,-4
1781754693610656138,1541.05,826.301,1.21021,1.15094,1.13798,0.031424,0.089728,0.016192,0.189728,0.810912,0.01661,1244819,1244819,415283,33.3609,1920,1080,raygs,triangles,1,off,0,on,-4
1781754693611838933,1542.23,826.198,1.21036,1.14669,1.1343,0.029856,0.089664,0.016384,0.187392,0.811008,0.032982,1244819,1244819,415283,33.3609,1920,1080,raygs,triangles,1,off,0,on,-4
1781754693613036659,1543.43,826.34,1.21016,1.14685,1.13395,0.030016,0.089152,0.01536,0.188416,0.811008,0.033322,1244819,1244819,415283,33.3609,1920,1080,raygs,triangles,1,off,0,on,-4
1781754693614167918,1544.56,827.487,1.20848,1.14803,1.13536,0.030176,0.089376,0.01536,0.18944,0.811008,0.016396,1244819,1244819,415283,33.3609,1920,1080,raygs,triangles,1,off,0,on,-4
1781754693615347191,1545.74,828.07,1.20763,1.14614,1.13341,0.029312,0.089312,0.016384,0.188416,0.809984,0.02665,1244819,1244819,415283,33.3609,1920,1080,raygs,triangles,1,off,0,on,-4
1781754693616512412,1546.9,829.04,1.20621,1.15056,1.13914,0.029632,0.0896,0.016384,0.192512,0.811008,0.025887,1244819,1244819,415283,33.3609,1920,1080,raygs,triangles,1,off,0,on,-4
1781754693617694569,1548.09,829.145,1.20606,1.14832,1.13597,0.030496,0.089664,0.016384,0.18944,0.809984,0.028199,1244819,1244819,415283,33.3609,1920,1080,raygs,triangles,1,off,0,on,-4
1781754693619139461,1549.53,829.407,1.20568,1.39866,1.38525,0.030432,0.08944,0.01616,0.438272,0.810944,0.036255,1244819,1244819,415283,33.3609,1920,1080,raygs,triangles,1,off,0,on,-4
1781754693620396424,1550.79,826.042,1.21059,1.27414,1.26125,0.030336,0.216128,0.014336,0.18944,0.811008,0.016421,1244819,1244819,415283,33.3609,1920,1080,raygs,triangles,1,off,0,on,-4
1781754693621585340,1551.98,825.347,1.21161,1.14922,1.13734,0.0304,0.089952,0.016384,0.18976,0.810848,0.031004,1244819,1244819,415283,33.3609,1920,1080,raygs,triangles,1,off,0,on,-4
1781754693622753978,1553.15,824.572,1.21275,1.14659,1.13376,0.02976,0.08944,0.016224,0.187392,0.810944,0.025385,1244819,1244819,415283,33.3609,1920,1080,raygs,triangles,1,off,0,on,-4
1781754693623918101,1554.31,824.908,1.21226,1.14595,1.13453,0.030624,0.089664,0.016224,0.187392,0.810624,0.024194,1244819,1244819,415283,33.3609,1920,1080,raygs,triangles,1,off,0,on,-4
1781754693625087916,1555.48,824.99,1.21214,1.14701,1.13398,0.03072,0.089504,0.016384,0.187392,0.809984,0.023829,1244819,1244819,415283,33.3609,1920,1080,raygs,triangles,1,off,0,on,-4
1781754693626301579,1556.69,827.998,1.20773,1.1457,1.13302,0.029888,0.089664,0.016384,0.186368,0.81072,0.035896,1244819,1244819,415283,33.3609,1920,1080,raygs,triangles,1,off,0,on,-4
1781754693627551520,1557.94,829.02,1.20624,1.1473,1.1335,0.02944,0.088256,0.016384,0.18944,0.809984,0.017225,1244819,1244819,415283,33.3609,1920,1080,raygs,triangles,1,off,0,on,-4
1781754693628729289,1559.12,828.085,1.20761,1.15037,1.13837,0.03152,0.088992,0.016384,0.190464,0.811008,0.024528,1244819,1244819,415283,33.3609,1920,1080,raygs,triangles,1,off,0,on,-4
1781754693629904709,1560.3,828.264,1.20734,1.14966,1.13725,0.029792,0.0896,0.016384,0.190464,0.811008,0.024783,1244819,1244819,415283,33.3609,1920,1080,raygs,triangles,1,off,0,on,-4
1781754693631078325,1561.47,827.953,1.2078,1.14803,1.13651,0.030176,0.089504,0.016384,0.18944,0.811008,0.024806,1244819,1244819,415283,33.3609,1920,1080,raygs,triangles,1,off,0,on,-4
1781754693632262907,1562.65,828.026,1.20769,1.14794,1.13581,0.030112,0.08976,0.016384,0.18864,0.810912,0.026071,1244819,1244819,415283,33.3609,1920,1080,raygs,triangles,1,off,0,on,-4
1781754693633428756,1563.82,829.599,1.2054,1.14806,1.13437,0.030208,0.089568,0.016192,0.188416,0.809984,0.024001,1244819,1244819,415283,33.3609,1920,1080,raygs,triangles,1,off,0,on,-4
1781754693634822405,1565.21,829.081,1.20615,1.1488,1.13619,0.02992,0.08944,0.016384,0.18944,0.811008,0.025104,1244819,1244819,415283,33.3609,1920,1080,raygs,triangles,1,off,0,on,-4
1781754693636119351,1566.51,826.825,1.20945,1.15066,1.13894,0.035872,0.089152,0.016384,0.186816,0.81072,0.024432,1244819,1244819,415283,33.3609,1920,1080,raygs,triangles,1,off,0,on,-4
1781754693637300866,1567.69,825.024,1.21209,1.14774,1.13539,0.030912,0.0896,0.016384,0.187488,0.811008,0.024755,1244819,1244819,415283,33.3609,1920,1080,raygs,triangles,1,off,0,on,-4
1781754693638476181,1568.87,824.967,1.21217,1.14589,1.13232,0.030432,0.089152,0.01536,0.187392,0.809984,0.024236,1244819,1244819,415283,33.3609,1920,1080,raygs,triangles,1,off,0,on,-4
1781754693639643139,1570.03,824.876,1.2123,1.14749,1.13389,0.029632,0.089472,0.016384,0.188416,0.809984,0.024148,1244819,1244819,415283,33.3609,1920,1080,raygs,triangles,1,off,0,on,-4
1781754693640814671,1571.21,825.164,1.21188,1.14544,1.13459,0.029632,0.0896,0.016384,0.188416,0.81056,0.028963,1244819,1244819,415283,33.3609,1920,1080,raygs,triangles,1,off,0,on,-4
1781754693641990710,1572.38,827.78,1.20805,1.14614,1.13408,0.030336,0.089952,0.016384,0.186528,0.81088,0.02486,1244819,1244819,415283,33.3609,1920,1080,raygs,triangles,1,off,0,on,-4
1781754693643160539,1573.55,829.293,1.20585,1.14797,1.13635,0.03072,0.089216,0.016384,0.18944,0.810592,0.025554,1244819,1244819,415283,33.3609,1920,1080,raygs,triangles,1,off,0,on,-4
1781754693644469999,1574.86,829.817,1.20509,1.27683,1.26336,0.029984,0.089568,0.016384,0.318464,0.80896,0.026342,1244819,1244819,415283,33.3609,1920,1080,raygs,triangles,1,off,0,on,-4
1781754693645638443,1576.03,827.871,1.20792,1.14819,1.13437,0.030368,0.088928,0.015648,0.18944,0.809984,0.025602,1244819,1244819,415283,33.3609,1920,1080,raygs,triangles,1,off,0,on,-4
1781754693646809551,1577.2,829.589,1.20542,1.14701,1.13434,0.03024,0.090016,0.01568,0.188416,0.809984,0.024083,1244819,1244819,415283,33.3609,1920,1080,raygs,triangles,1,off,0,on,-4
1781754693648003487,1578.39,830.143,1.20461,1.14851,1.13494,0.029664,0.08848,0.016384,0.18944,0.810976,0.027022,1244819,1244819,415283,33.3609,1920,1080,raygs,triangles,1,off,0,on,-4
1781754693649158208,1579.55,829.317,1.20581,1.1496,1.13581,0.03072,0.089536,0.01536,0.18944,0.810752,0.024807,1244819,1244819,415283,33.3609,1920,1080,raygs,triangles,1,off,0,on,-4
1781754693650329985,1580.72,830.816,1.20364,1.14954,1.13674,0.029632,0.08928,0.016352,0.190464,0.811008,0.02438,1244819,1244819,415283,33.3609,1920,1080,raygs,triangles,1,off,0,on,-4
1781754693651681547,1582.07,830.804,1.20365,1.14717,1.13382,0.030336,0.089152,0.01536,0.188416,0.81056,0.025968,1244819,1244819,415283,33.3609,1920,1080,raygs,triangles,1,off,0,on,-4
1781754693653053626,1583.44,828.842,1.2065,1.14886,1.1344,0.03104,0.0896,0.016384,0.187392,0.809984,0.034855,1244819,1244819,415283,33.3609,1920,1080,raygs,triangles,1,off,0,on,-4
1781754693654203225,1584.59,826.717,1.2096,1.1527,1.14032,0.035872,0.088928,0.016384,0.188416,0.81072,0.020519,1244819,1244819,415283,33.3609,1920,1080,raygs,triangles,1,off,0,on,-4
1781754693655372680,1585.76,826.814,1.20946,1.1471,1.13341,0.030272,0.089376,0.01536,0.188416,0.809984,0.027204,1244819,1244819,415283,33.3609,1920,1080,raygs,triangles,1,off,0,on,-4
1781754693656547333,1586.94,826.791,1.2095,1.14685,1.13568,0.030336,0.089536,0.016352,0.188448,0.811008,0.025939,1244819,1244819,415283,33.3609,1920,1080,raygs,triangles,1,off,0,on,-4
1781754693657725452,1588.12,826.848,1.20941,1.15229,1.13827,0.030656,0.088544,0.015552,0.193536,0.809984,0.026785,1244819,1244819,415283,33.3609,1920,1080,raygs,triangles,1,off,0,on,-4
1781754693658923931,1589.32,829.324,1.2058,1.14758,1.13526,0.029728,0.089568,0.016384,0.187712,0.811872,0.036642,1244819,1244819,415283,33.3609,1920,1080,raygs,triangles,1,off,0,on,-4
1781754693660181787,1590.57,830.848,1.20359,1.14803,1.13584,0.030176,0.088672,0.016384,0.189664,0.810944,0.017029,1244819,1244819,415283,33.3609,1920,1080,raygs,triangles,1,off,0,on,-4
1781754693661356987,1591.75,829.619,1.20537,1.15037,1.13808,0.031488,0.08976,0.01536,0.190464,0.811008,0.025306,1244819,1244819,415283,33.3609,1920,1080,raygs,triangles,1,off,0,on,-4
1781754693662530204,1592.92,829.69,1.20527,1.14826,1.1343,0.0304,0.08912,0.01536,0.18944,0.809984,0.024893,1244819,1244819,415283,33.3609,1920,1080,raygs,triangles,1,off,0,on,-4
1781754693663736588,1594.13,828.579,1.20688,1.14912,1.13722,0.030272,0.090112,0.016384,0.190464,0.809984,0.043734,1244819,1244819,415283,33.3609,1920,1080,raygs,triangles,1,off,0,on,-4
1781754693664938284,1595.33,828.446,1.20708,1.14717,1.13469,0.030304,0.0896,0.01536,0.188416,0.811008,0.033737,1244819,1244819,415283,33.3609,1920,1080,raygs,triangles,1,off,0,on,-4
1781754693666062859,1596.45,827.759,1.20808,1.14778,1.13587,0.030368,0.089696,0.016384,0.188416,0.811008,0.016881,1244819,1244819,415283,33.3609,1920,1080,raygs,triangles,1,off,0,on,-4
1781754693667222061,1597.61,829.513,1.20553,1.14906,1.13546,0.030112,0.08928,0.015744,0.18944,0.81088,0.029122,1244819,1244819,415283,33.3609,1920,1080,raygs,triangles,1,off,0,on,-4
1781754693668571557,1598.96,829.763,1.20516,1.32874,1.31578,0.029664,0.089824,0.015616,0.369664,0.811008,0.024151,1244819,1244819,415283,33.3609,1920,1080,raygs,triangles,1,off,0,on,-4
1781754693669910193,1600.3,827.818,1.208,1.3047,1.29315,0.030208,0.089792,0.16896,0.193536,0.810656,0.025647,1244819,1244819,415283,33.3609,1920,1080,raygs,triangles,1,off,0,on,-4
1781754693671082416,1601.47,825.807,1.21094,1.14896,1.1344,0.030176,0.08944,0.01536,0.18944,0.809984,0.025413,1244819,1244819,415283,33.3609,1920,1080,raygs,triangles,1,off,0,on,-4
1781754693672258787,1602.65,825.816,1.21092,1.14861,1.13565,0.029728,0.08944,0.016384,0.18944,0.810656,0.024355,1244819,1244819,415283,33.3609,1920,1080,raygs,triangles,1,off,0,on,-4
1781754693673422195,1603.81,825.72,1.21106,1.14566,1.13437,0.029888,0.089728,0.016384,0.187392,0.810976,0.024904,1244819,1244819,415283,33.3609,1920,1080,raygs,triangles,1,off,0,on,-4
1781754693674608951,1605,825.937,1.21075,1.16147,1.14771,0.029312,0.08928,0.01536,0.202752,0.811008,0.024571,1244819,1244819,415283,33.3609,1920,1080,raygs,triangles,1,off,0,on,-4
1781754693675781578,1606.17,828.131,1.20754,1.14778,1.13478,0.0304,0.089696,0.016448,0.188416,0.809824,0.024693,1244819,1244819,415283,33.3609,1920,1080,raygs,triangles,1,off,0,on,-4
1781754693677077039,1607.47,830.006,1.20481,1.14598,1.13126,0.0304,0.089152,0.01536,0.186368,0.809984,0.027491,1244819,1244819,415283,33.3609,1920,1080,raygs,triangles,1,off,0,on,-4
1781754693678245475,1608.64,828.393,1.20716,1.1496,1.13754,0.031328,0.089376,0.016384,0.18944,0.811008,0.025678,1244819,1244819,415283,33.3609,1920,1080,raygs,triangles,1,off,0,on,-4
1781754693679417110,1609.81,828.564,1.20691,1.14685,1.13414,0.030016,0.08944,0.016256,0.187616,0.810816,0.02437,1244819,1244819,415283,33.3609,1920,1080,raygs,triangles,1,off,0,on,-4
1781754693680582309,1610.97,828.655,1.20677,1.14614,1.1353,0.030336,0.089152,0.016384,0.18944,0.809984,0.024059,1244819,1244819,415283,33.3609,1920,1080,raygs,triangles,1,off,0,on,-4
1781754693681764942,1612.16,829.347,1.20577,1.14688,1.13555,0.030048,0.089792,0.016384,0.188416,0.810912,0.025359,1244819,1244819,415283,33.3609,1920,1080,raygs,triangles,1,off,0,on,-4
1781754693682975424,1613.37,830.427,1.2042,1.14922,1.13818,0.03056,0.08976,0.016384,0.190464,0.811008,0.036722,1244819,1244819,415283,33.3609,1920,1080,raygs,triangles,1,off,0,on,-4
1781754693684121442,1614.51,829.883,1.20499,1.14685,1.13414,0.029984,0.08864,0.016384,0.188416,0.81072,0.017461,1244819,1244819,415283,33.3609,1920,1080,raygs,triangles,1,off,0,on,-4
1781754693685485958,1615.88,829.922,1.20493,1.34394,1.3313,0.0304,0.089504,0.01536,0.385024,0.811008,0.025213,1244819,1244819,415283,33.3609,1920,1080,raygs,triangles,1,off,0,on,-4
1781754693686799297,1617.19,827.934,1.20783,1.28864,1.27578,0.029504,0.089152,0.016384,0.330752,0.809984,0.026061,1244819,1244819,415283,33.3609,1920,1080,raygs,triangles,1,off,0,on,-4
1781754693687965138,1618.36,825.997,1.21066,1.14675,1.13453,0.030176,0.090592,0.016384,0.187392,0.809984,0.024415,1244819,1244819,415283,33.3609,1920,1080,raygs,triangles,1,off,0,on,-4
1781754693689332501,1619.72,826.542,1.20986,1.14966,1.13846,0.030112,0.089472,0.016384,0.191488,0.811008,0.039241,1244819,1244819,415283,33.3609,1920,1080,raygs,triangles,1,off,0,on,-4
1781754693690455750,1620.85,824.096,1.21345,1.14938,1.13766,0.03152,0.08976,0.016384,0.18944,0.81056,0.020483,1244819,1244819,415283,33.3609,1920,1080,raygs,triangles,1,off,0,on,-4
1781754693691624494,1622.02,824.603,1.2127,1.14566,1.13136,0.029888,0.088768,0.01536,0.187392,0.809952,0.025933,1244819,1244819,415283,33.3609,1920,1080,raygs,triangles,1,off,0,on,-4
1781754693692815157,1623.21,827.553,1.20838,1.14787,1.13424,0.030336,0.088608,0.015712,0.188864,0.81072,0.027746,1244819,1244819,415283,33.3609,1920,1080,raygs,triangles,1,off,0,on,-4
1781754693694096726,1624.49,828.296,1.2073,1.14851,1.13491,0.029664,0.089344,0.01632,0.188576,0.811008,0.026473,1244819,1244819,415283,33.3609,1920,1080,raygs,triangles,1,off,0,on,-4
1781754693695284561,1625.68,827.513,1.20844,1.1489,1.13514,0.03104,0.089312,0.01536,0.18944,0.809984,0.031058,1244819,1244819,415283,33.3609,1920,1080,raygs,triangles,1,off,0,on,-4
1781754693696433523,1626.82,827.388,1.20862,1.14726,1.13366,0.030208,0.089696,0.01536,0.188416,0.809984,0.019787,1244819,1244819,415283,33.3609,1920,1080,raygs,triangles,1,off,0,on,-4
1781754693697604970,1628,827.534,1.20841,1.14637,1.13344,0.030208,0.089632,0.01536,0.187392,0.810848,0.024758,1244819,1244819,415283,33.3609,1920,1080,raygs,triangles,1,off,0,on,-4
1781754693698768224,1629.16,827.351,1.20868,1.14848,1.13654,0.029632,0.08944,0.016384,0.18944,0.811648,0.024303,1244819,1244819,415283,33.3609,1920,1080,raygs,triangles,1,off,0,on,-4
1781754693699947621,1630.34,828.019,1.2077,1.15008,1.13795,0.030208,0.089888,0.016384,0.190464,0.811008,0.024263,1244819,1244819,415283,33.3609,1920,1080,raygs,triangles,1,off,0,on,-4
1781754693701118983,1631.51,828.8,1.20656,1.14867,1.13392,0.029792,0.088576,0.01536,0.18944,0.810752,0.025099,1244819,1244819,415283,33.3609,1920,1080,raygs,triangles,1,off,0,on,-4
1781754693702531122,1632.92,828.858,1.20648,1.31971,1.30838,0.029856,0.089536,0.016384,0.361792,0.810816,0.038453,1244819,1244819,415283,33.3609,1920,1080,raygs,triangles,1,off,0,on,-4
1781754693703820630,1634.21,826.257,1.21028,1.32429,1.31146,0.030336,0.09008,0.188544,0.191488,0.811008,0.014889,1244819,1244819,415283,33.3609,1920,1080,raygs,triangles,1,off,0,on,-4
1781754693704993015,1635.38,824.774,1.21245,1.14822,1.13693,0.030464,0.089504,0.016384,0.189696,0.81088,0.024328,1244819,1244819,415283,33.3609,1920,1080,raygs,triangles,1,off,0,on,-4
1781754693706160948,1636.55,825.185,1.21185,1.14624,1.13178,0.029408,0.088512,0.01536,0.187616,0.81088,0.024054,1244819,1244819,415283,33.3609,1920,1080,raygs,triangles,1,off,0,on,-4
1781754693707333677,1637.72,825.233,1.21178,1.14675,1.1337,0.03008,0.088768,0.01536,0.188672,0.810816,0.024054,1244819,1244819,415283,33.3609,1920,1080,raygs,triangles,1,off,0,on,-4
1781754693708510334,1638.9,827.45,1.20853,1.14746,1.13283,0.029632,0.08944,0.01536,0.188416,0.809984,0.026003,1244819,1244819,415283,33.3609,1920,1080,raygs,triangles,1,off,0,on,-4
1781754693709802001,1640.19,829.131,1.20608,1.14835,1.13546,0.030496,0.089152,0.016384,0.18944,0.809984,0.024292,1244819,1244819,415283,33.3609,1920,1080,raygs,triangles,1,off,0,on,-4
1781754693710965779,1641.36,827.776,1.20806,1.14816,1.1344,0.030304,0.089312,0.01536,0.18944,0.809984,0.023547,1244819,1244819,415283,33.3609,1920,1080,raygs,triangles,1,off,0,on,-4
1781754693712143638,1642.53,827.982,1.20776,1.14803,1.1345,0.030304,0.089408,0.01536,0.18944,0.809984,0.024867,1244819,1244819,415283,33.3609,1920,1080,raygs,triangles,1,off,0,on,-4
1781754693713318665,1643.71,827.811,1.20801,1.14781,1.136,0.030176,0.089376,0.01536,0.18944,0.811648,0.025806,1244819,1244819,415283,33.3609,1920,1080,raygs,triangles,1,off,0,on,-4
1781754693714486900,1644.88,827.729,1.20812,1.14675,1.13456,0.030464,0.089312,0.016384,0.188416,0.809984,0.024077,1244819,1244819,415283,33.3609,1920,1080,raygs,triangles,1,off,0,on,-4
1781754693715660552,1646.05,827.871,1.20792,1.14752,1.13357,0.029664,0.089248,0.016256,0.188416,0.809984,0.024308,1244819,1244819,415283,33.3609,1920,1080,raygs,triangles,1,off,0,on,-4
1781754693716841453,1647.23,827.808,1.20801,1.14787,1.13715,0.030016,0.089632,0.016384,0.190464,0.810656,0.02459,1244819,1244819,415283,33.3609,1920,1080,raygs,triangles,1,off,0,on,-4
1781754693718215832,1648.61,829.302,1.20583,1.32531,1.31309,0.030304,0.089952,0.016384,0.365568,0.81088,0.035133,1244819,1244819,415283,33.3609,1920,1080,raygs,triangles,1,off,0,on,-4
1781754693719535390,1649.93,826.962,1.20924,1.32253,1.31062,0.030176,0.089536,0.186368,0.193536,0.811008,0.017784,1244819,1244819,415283,33.3609,1920,1080,raygs,triangles,1,off,0,on,-4
1781754693720728713,1651.12,825.181,1.21185,1.14717,1.13459,0.030528,0.08944,0.016384,0.187392,0.810848,0.02703,1244819,1244819,415283,33.3609,1920,1080,raygs,triangles,1,off,0,on,-4
1781754693721934464,1652.33,825.246,1.21176,1.14723,1.13309,0.0304,0.088832,0.01536,0.187776,0.81072,0.038369,1244819,1244819,415283,33.3609,1920,1080,raygs,triangles,1,off,0,on,-4
1781754693723066197,1653.46,824.672,1.2126,1.14704,1.13437,0.030208,0.089376,0.01536,0.188416,0.811008,0.015673,1244819,1244819,415283,33.3609,1920,1080,raygs,triangles,1,off,0,on,-4
1781754693724336372,1654.73,825.116,1.21195,1.14698,1.13328,0.030176,0.088992,0.015712,0.188416,0.809984,0.044527,1244819,1244819,415283,33.3609,1920,1080,raygs,triangles,1,off,0,on,-4
1781754693725434715,1655.83,825.939,1.21074,1.14653,1.13274,0.03072,0.08928,0.01536,0.187392,0.809984,0.023573,1244819,1244819,415283,33.3609,1920,1080,raygs,triangles,1,off,0,on,-4
1781754693726704346,1657.1,828.936,1.20637,1.14816,1.13504,0.030208,0.089024,0.016384,0.188416,0.811008,0.019423,1244819,1244819,415283,33.3609,1920,1080,raygs,triangles,1,off,0,on,-4
1781754693727876369,1658.27,827.688,1.20819,1.14832,1.13683,0.030464,0.089568,0.01632,0.189472,0.811008,0.025386,1244819,1244819,415283,33.3609,1920,1080,raygs,triangles,1,off,0,on,-4
1781754693729054375,1659.45,827.739,1.20811,1.14954,1.13629,0.030656,0.0896,0.015584,0.18944,0.811008,0.025378,1244819,1244819,415283,33.3609,1920,1080,raygs,triangles,1,off,0,on,-4
1781754693730250082,1660.64,827.692,1.20818,1.14605,1.13248,0.030272,0.089472,0.01536,0.187392,0.809984,0.033987,1244819,1244819,415283,33.3609,1920,1080,raygs,triangles,1,off,0,on,-4
1781754693731382522,1661.77,827.546,1.20839,1.14778,1.13552,0.029952,0.08976,0.016384,0.18944,0.809984,0.018256,1244819,1244819,415283,33.3609,1920,1080,raygs,triangles,1,off,0,on,-4
1781754693732555652,1662.95,828.11,1.20757,1.148,1.13405,0.030176,0.089024,0.01552,0.188416,0.810912,0.024606,1244819,1244819,415283,33.3609,1920,1080,raygs,triangles,1,off,0,on,-4
1781754693733748768,1664.14,829.303,1.20583,1.14717,1.13498,0.030336,0.089856,0.016384,0.188416,0.809984,0.027049,1244819,1244819,415283,33.3609,1920,1080,raygs,triangles,1,off,0,on,-4
1781754693735098816,1665.49,828.98,1.2063,1.33622,1.32397,0.029952,0.089792,0.016384,0.376832,0.811008,0.025966,1244819,1244819,415283,33.3609,1920,1080,raygs,triangles,1,off,0,on,-4
1781754693736438799,1666.83,827.063,1.2091,1.31968,1.30621,0.030368,0.089312,0.18432,0.191488,0.81072,0.025789,1244819,1244819,415283,33.3609,1920,1080,raygs,triangles,1,off,0,on,-4
1781754693737609554,1668,825.382,1.21156,1.14659,1.13453,0.02976,0.08928,0.016384,0.188416,0.810688,0.028523,1244819,1244819,415283,33.3609,1920,1080,raygs,triangles,1,off,0,on,-4
1781754693738785715,1669.18,825.737,1.21104,1.14598,1.13491,0.0304,0.089728,0.01632,0.187584,0.81088,0.024944,1244819,1244819,415283,33.3609,1920,1080,raygs,triangles,1,off,0,on,-4
1781754693739960143,1670.35,825.211,1.21181,1.14605,1.13216,0.029248,0.089216,0.01536,0.187392,0.810944,0.024644,1244819,1244819,415283,33.3609,1920,1080,raygs,triangles,1,off,0,on,-4
1781754693741134969,1671.53,824.969,1.21217,1.15706,1.14403,0.030368,0.08992,0.015488,0.197632,0.810624,0.025022,1244819,1244819,415283,33.3609,1920,1080,raygs,triangles,1,off,0,on,-4
1781754693742313548,1672.7,827.105,1.20904,1.14781,1.13472,0.029984,0.088928,0.016384,0.18944,0.809984,0.025367,1244819,1244819,415283,33.3609,1920,1080,raygs,triangles,1,off,0,on,-4
1781754693743596190,1673.99,828.895,1.20643,1.14934,1.13523,0.029472,0.089952,0.01536,0.190464,0.809984,0.02446,1244819,1244819,415283,33.3609,1920,1080,raygs,triangles,1,off,0,on,-4
1781754693744761709,1675.15,827.574,1.20835,1.14944,1.1384,0.031584,0.089984,0.016384,0.18944,0.811008,0.0237,1244819,1244819,415283,33.3609,1920,1080,raygs,triangles,1,off,0,on,-4
1781754693745938738,1676.33,827.846,1.20795,1.14765,1.13418,0.029824,0.089632,0.01536,0.188416,0.810944,0.024868,1244819,1244819,415283,33.3609,1920,1080,raygs,triangles,1,off,0,on,-4
1781754693747180687,1677.57,827.683,1.20819,1.14851,1.1361,0.030656,0.088832,0.01616,0.18944,0.811008,0.039576,1244819,1244819,415283,33.3609,1920,1080,raygs,triangles,1,off,0,on,-4
1781754693748294147,1678.69,826.906,1.20933,1.14762,1.13347,0.03024,0.089472,0.01536,0.188416,0.809984,0.015531,1244819,1244819,415283,33.3609,1920,1080,raygs,triangles,1,off,0,on,-4
1781754693749460411,1679.85,827.574,1.20835,1.14611,1.13306,0.030304,0.08912,0.016256,0.187392,0.809984,0.024922,1244819,1244819,415283,33.3609,1920,1080,raygs,triangles,1,off,0,on,-4
1781754693750673410,1681.06,829.211,1.20597,1.14781,1.13635,0.029952,0.089632,0.016384,0.18944,0.810944,0.036161,1244819,1244819,415283,33.3609,1920,1080,raygs,triangles,1,off,0,on,-4
1781754693751994892,1682.39,828.618,1.20683,1.32966,1.31766,0.030592,0.090016,0.016384,0.369664,0.811008,0.018196,1244819,1244819,415283,33.3609,1920,1080,raygs,triangles,1,off,0,on,-4
1781754693753327797,1683.72,826.883,1.20936,1.3039,1.29088,0.0304,0.08912,0.168832,0.191776,0.810752,0.025204,1244819,1244819,415283,33.3609,1920,1080,raygs,triangles,1,off,0,on,-4
1781754693754501518,1684.89,824.709,1.21255,1.14832,1.13459,0.030496,0.089312,0.01536,0.188416,0.811008,0.025164,1244819,1244819,415283,33.3609,1920,1080,raygs,triangles,1,off,0,on,-4
1781754693755664267,1686.06,825.151,1.2119,1.14704,1.13283,0.030208,0.088864,0.01536,0.188416,0.809984,0.023879,1244819,1244819,415283,33.3609,1920,1080,raygs,triangles,1,off,0,on,-4
1781754693756910176,1687.3,825.406,1.21153,1.1455,1.13405,0.029728,0.089536,0.016384,0.187392,0.811008,0.040747,1244819,1244819,415283,33.3609,1920,1080,raygs,triangles,1,off,0,on,-4
1781754693758032953,1688.42,824.46,1.21291,1.15814,1.1447,0.030048,0.089632,0.016384,0.198656,0.809984,0.016976,1244819,1244819,415283,33.3609,1920,1080,raygs,triangles,1,off,0,on,-4
1781754693759223314,1689.61,827.04,1.20913,1.14765,1.13526,0.029824,0.089632,0.016384,0.18944,0.809984,0.038173,1244819,1244819,415283,33.3609,1920,1080,raygs,triangles,1,off,0,on,-4
1781754693760501351,1690.89,828.766,1.20661,1.14835,1.13478,0.029504,0.089472,0.016384,0.18944,0.809984,0.027299,1244819,1244819,415283,33.3609,1920,1080,raygs,triangles,1,off,0,on,-4
1781754693761670640,1692.06,827.082,1.20907,1.15037,1.13629,0.03152,0.088896,0.01536,0.189728,0.810784,0.025559,1244819,1244819,415283,33.3609,1920,1080,raygs,triangles,1,off,0,on,-4
1781754693762905350,1693.3,829.462,1.2056,1.15251,1.13642,0.030592,0.09104,0.01536,0.188416,0.811008,0.042637,1244819,1244819,415283,33.3609,1920,1080,raygs,triangles,1,off,0,on,-4
1781754693764026626,1694.42,828.351,1.20722,1.14826,1.13488,0.030464,0.089824,0.016224,0.187392,0.810976,0.018802,1244819,1244819,415283,33.3609,1920,1080,raygs,triangles,1,off,0,on,-4
1781754693765216286,1695.61,828.852,1.20649,1.14794,1.13478,0.030464,0.08976,0.01616,0.188416,0.809984,0.039819,1244819,1244819,415283,33.3609,1920,1080,raygs,triangles,1,off,0,on,-4
1781754693766363294,1696.75,828.881,1.20645,1.14669,1.13536,0.029888,0.089664,0.016384,0.188416,0.811008,0.020037,1244819,1244819,415283,33.3609,1920,1080,raygs,triangles,1,off,0,on,-4
1781754693767540053,1697.93,830.479,1.20412,1.14781,1.13533,0.029856,0.089824,0.016384,0.188416,0.810848,0.029861,1244819,1244819,415283,33.3609,1920,1080,raygs,triangles,1,off,0,on,-4
1781754693768902150,1699.29,830.413,1.20422,1.32698,1.31245,0.029952,0.088736,0.01536,0.367616,0.810784,0.026827,1244819,1244819,415283,33.3609,1920,1080,raygs,triangles,1,off,0,on,-4
1781754693770231327,1700.62,827.879,1.20791,1.30368,1.29229,0.030656,0.089472,0.16896,0.191488,0.811712,0.027196,1244819,1244819,415283,33.3609,1920,1080,raygs,triangles,1,off,0,on,-4
1781754693771534135,1701.93,826.087,1.21053,1.28157,1.27165,0.169216,0.08992,0.015136,0.187392,0.809984,0.026198,1244819,1244819,415283,33.3609,1920,1080,raygs,triangles,1,off,0,on,-4
1781754693772691456,1703.08,824.476,1.21289,1.14746,1.13536,0.03024,0.089312,0.016384,0.188416,0.811008,0.024609,1244819,1244819,415283,33.3609,1920,1080,raygs,triangles,1,off,0,on,-4
1781754693773871000,1704.26,824.779,1.21245,1.14653,1.13283,0.029696,0.088352,0.01536,0.188416,0.811008,0.027308,1244819,1244819,415283,33.3609,1920,1080,raygs,triangles,1,off,0,on,-4
1781754693775043583,1705.43,824.599,1.21271,1.14707,1.13299,0.03024,0.089056,0.01536,0.188416,0.80992,0.025364,1244819,1244819,415283,33.3609,1920,1080,raygs,triangles,1,off,0,on,-4
1781754693776218958,1706.61,827.514,1.20844,1.14832,1.13571,0.030016,0.089888,0.01536,0.18944,0.811008,0.029768,1244819,1244819,415283,33.3609,1920,1080,raygs,triangles,1,off,0,on,-4
1781754693777506360,1707.9,828.755,1.20663,1.14787,1.1351,0.030048,0.0896,0.016256,0.188416,0.810784,0.024902,1244819,1244819,415283,33.3609,1920,1080,raygs,triangles,1,off,0,on,-4
1781754693778683077,1709.07,827.382,1.20863,1.14835,1.13581,0.030528,0.089472,0.016384,0.18944,0.809984,0.027539,1244819,1244819,415283,33.3609,1920,1080,raygs,triangles,1,off,0,on,-4
1781754693779849368,1710.24,827.06,1.2091,1.14707,1.13373,0.030176,0.088768,0.016384,0.188416,0.809984,0.025207,1244819,1244819,415283,33.3609,1920,1080,raygs,triangles,1,off,0,on,-4
1781754693781025573,1711.42,827.376,1.20864,1.14723,1.13475,0.030432,0.088512,0.016384,0.188416,0.811008,0.025108,1244819,1244819,415283,33.3609,1920,1080,raygs,triangles,1,off,0,on,-4
1781754693782206671,1712.6,827.397,1.20861,1.1464,1.13373,0.029568,0.089408,0.016448,0.186368,0.811936,0.031444,1244819,1244819,415283,33.3609,1920,1080,raygs,triangles,1,off,0,on,-4
1781754693783382512,1713.77,828.655,1.20678,1.14918,1.13712,0.030336,0.089312,0.016384,0.190464,0.810624,0.025989,1244819,1244819,415283,33.3609,1920,1080,raygs,triangles,1,off,0,on,-4
1781754693784555066,1714.95,828.474,1.20704,1.14851,1.1367,0.030688,0.089088,0.016384,0.189728,0.810816,0.025533,1244819,1244819,415283,33.3609,1920,1080,raygs,triangles,1,off,0,on,-4
1781754693785919659,1716.31,828.531,1.20696,1.34416,1.3328,0.030272,0.089376,0.016384,0.386048,0.81072,0.024388,1244819,1244819,415283,33.3609,1920,1080,raygs,triangles,1,off,0,on,-4
1781754693787292518,1717.68,826.42,1.21004,1.3169,1.30579,0.03008,0.25888,0.01536,0.190464,0.811008,0.033889,1244819,1244819,415283,33.3609,1920,1080,raygs,triangles,1,off,0,on,-4
1781754693788439799,1718.83,824.034,1.21354,1.14883,1.13779,0.031968,0.089312,0.016384,0.18944,0.810688,0.019177,1244819,1244819,415283,33.3609,1920,1080,raygs,triangles,1,off,0,on,-4
1781754693789612132,1720,824.411,1.21299,1.14627,1.13152,0.029408,0.089376,0.01536,0.187392,0.809984,0.027921,1244819,1244819,415283,33.3609,1920,1080,raygs,triangles,1,off,0,on,-4
1781754693790783380,1721.17,824.466,1.21291,1.14627,1.13334,0.029472,0.089312,0.01616,0.187392,0.811008,0.025707,1244819,1244819,415283,33.3609,1920,1080,raygs,triangles,1,off,0,on,-4
1781754693791950045,1722.34,826.753,1.20955,1.14653,1.13302,0.030752,0.089536,0.01536,0.187392,0.809984,0.024783,1244819,1244819,415283,33.3609,1920,1080,raygs,triangles,1,off,0,on,-4
1781754693793240586,1723.63,828.632,1.20681,1.148,1.13677,0.030144,0.089824,0.016352,0.18944,0.811008,0.02611,1244819,1244819,415283,33.3609,1920,1080,raygs,triangles,1,off,0,on,-4
1781754693794420827,1724.81,827.447,1.20854,1.15024,1.13786,0.030336,0.089472,0.016384,0.190944,0.81072,0.024857,1244819,1244819,415283,33.3609,1920,1080,raygs,triangles,1,off,0,on,-4
1781754693795583915,1725.98,827.748,1.2081,1.14794,1.13651,0.03008,0.0896,0.016384,0.18944,0.811008,0.024848,1244819,1244819,415283,33.3609,1920,1080,raygs,triangles,1,off,0,on,-4
1781754693796826534,1727.22,827.43,1.20856,1.14662,1.13507,0.029792,0.089472,0.016384,0.18944,0.809984,0.038697,1244819,1244819,415283,33.3609,1920,1080,raygs,triangles,1,off,0,on,-4
1781754693797935153,1728.33,827.666,1.20822,1.14819,1.13555,0.030368,0.089408,0.016384,0.188416,0.810976,0.015899,1244819,1244819,415283,33.3609,1920,1080,raygs,triangles,1,off,0,on,-4
1781754693799119895,1729.51,827.583,1.20834,1.14973,1.13555,0.030528,0.089216,0.01536,0.190464,0.809984,0.025206,1244819,1244819,415283,33.3609,1920,1080,raygs,triangles,1,off,0,on,-4
1781754693800294515,1730.69,828.385,1.20717,1.14954,1.13725,0.03088,0.088768,0.016384,0.18944,0.811776,0.025827,1244819,1244819,415283,33.3609,1920,1080,raygs,triangles,1,off,0,on,-4
1781754693801688383,1732.08,828.431,1.2071,1.32454,1.31152,0.030304,0.089216,0.015616,0.365568,0.810816,0.039108,1244819,1244819,415283,33.3609,1920,1080,raygs,triangles,1,off,0,on,-4
1781754693802976295,1733.37,826.014,1.21063,1.31683,1.30371,0.03008,0.088832,0.183264,0.191584,0.809952,0.015974,1244819,1244819,415283,33.3609,1920,1080,raygs,triangles,1,off,0,on,-4
1781754693804151769,1734.54,825.011,1.2121,1.14707,1.13578,0.030272,0.089632,0.016384,0.188768,0.81072,0.026038,1244819,1244819,415283,33.3609,1920,1080,raygs,triangles,1,off,0,on,-4
1781754693805327757,1735.72,824.481,1.21288,1.14934,1.13546,0.030496,0.089152,0.01536,0.18944,0.811008,0.027018,1244819,1244819,415283,33.3609,1920,1080,raygs,triangles,1,off,0,on,-4
1781754693806496228,1736.89,824.452,1.21293,1.14694,1.13379,0.03024,0.088768,0.01536,0.188416,0.811008,0.026344,1244819,1244819,415283,33.3609,1920,1080,raygs,triangles,1,off,0,on,-4
1781754693807663432,1738.05,824.79,1.21243,1.14662,1.13203,0.029792,0.08848,0.01536,0.188416,0.809984,0.025222,1244819,1244819,415283,33.3609,1920,1080,raygs,triangles,1,off,0,on,-4
1781754693808838466,1739.23,826.882,1.20936,1.14918,1.13568,0.030336,0.089536,0.01536,0.18944,0.811008,0.024915,1244819,1244819,415283,33.3609,1920,1080,raygs,triangles,1,off,0,on,-4
1781754693810137952,1740.53,828.744,1.20665,1.14867,1.13722,0.029792,0.089568,0.016384,0.190464,0.811008,0.02648,1244819,1244819,415283,33.3609,1920,1080,raygs,triangles,1,off,0,on,-4
1781754693811311059,1741.7,827.193,1.20891,1.14669,1.13427,0.031072,0.08944,0.01536,0.187392,0.811008,0.026307,1244819,1244819,415283,33.3609,1920,1080,raygs,triangles,1,off,0,on,-4
1781754693812543380,1742.93,827.35,1.20868,1.14851,1.13542,0.030176,0.089344,0.01632,0.188736,0.810848,0.038999,1244819,1244819,415283,33.3609,1920,1080,raygs,triangles,1,off,0,on,-4
1781754693813663204,1744.05,826.577,1.20981,1.15088,1.13779,0.030304,0.089632,0.016384,0.191488,0.809984,0.017331,1244819,1244819,415283,33.3609,1920,1080,raygs,triangles,1,off,0,on,-4
1781754693814849121,1745.24,827.244,1.20883,1.1481,1.13395,0.03088,0.089312,0.01536,0.188416,0.809984,0.032581,1244819,1244819,415283,33.3609,1920,1080,raygs,triangles,1,off,0,on,-4
1781754693815997358,1746.39,827.145,1.20898,1.14803,1.13414,0.030176,0.089472,0.01536,0.188416,0.81072,0.021036,1244819,1244819,415283,33.3609,1920,1080,raygs,triangles,1,off,0,on,-4
1781754693817169583,1747.56,828.767,1.20661,1.14883,1.1344,0.029952,0.088576,0.015616,0.18944,0.810816,0.025147,1244819,1244819,415283,33.3609,1920,1080,raygs,triangles,1,off,0,on,-4
1781754693818528052,1748.92,828.544,1.20694,1.31866,1.30653,0.03008,0.089632,0.016384,0.360448,0.809984,0.025669,1244819,1244819,415283,33.3609,1920,1080,raygs,triangles,1,off,0,on,-4
1781754693819884175,1750.28,826.515,1.2099,1.34102,1.32813,0.030656,0.089152,0.016384,0.380928,0.811008,0.025198,1244819,1244819,415283,33.3609,1920,1080,raygs,triangles,1,off,0,on,-4
1781754693821050625,1751.44,825.403,1.21153,1.14787,1.13498,0.030048,0.090592,0.016384,0.187392,0.81056,0.024596,1244819,1244819,415283,33.3609,1920,1080,raygs,triangles,1,off,0,on,-4
1781754693822225666,1752.62,824.685,1.21258,1.14733,1.13379,0.030592,0.088704,0.016096,0.188416,0.809984,0.024849,1244819,1244819,415283,33.3609,1920,1080,raygs,triangles,1,off,0,on,-4
1781754693823401537,1753.79,824.549,1.21278,1.14848,1.13565,0.0296,0.089632,0.016384,0.18944,0.810592,0.024088,1244819,1244819,415283,33.3609,1920,1080,raygs,triangles,1,off,0,on,-4
1781754693824594391,1754.99,824.995,1.21213,1.16685,1.15392,0.029536,0.089344,0.01616,0.207872,0.811008,0.023595,1244819,1244819,415283,33.3609,1920,1080,raygs,triangles,1,off,0,on,-4
1781754693825760314,1756.15,826.47,1.20996,1.14749,1.13421,0.0304,0.089184,0.016384,0.187392,0.810848,0.023884,1244819,1244819,415283,33.3609,1920,1080,raygs,triangles,1,off,0,on,-4
1781754693827048083,1757.44,828.432,1.2071,1.14778,1.13616,0.029952,0.088832,0.016384,0.18944,0.811552,0.023403,1244819,1244819,415283,33.3609,1920,1080,raygs,triangles,1,off,0,on,-4
1781754693828309248,1758.7,827.052,1.20911,1.1511,1.13914,0.031232,0.090048,0.016384,0.190464,0.811008,0.044741,1244819,1244819,415283,33.3609,1920,1080,raygs,triangles,1,off,0,on,-4
1781754693829413945,1759.81,825.802,1.21094,1.14816,1.13606,0.030336,0.08992,0.016384,0.18944,0.809984,0.017149,1244819,1244819,415283,33.3609,1920,1080,raygs,triangles,1,off,0,on,-4
1781754693830587161,1760.98,827.517,1.20843,1.14806,1.1359,0.030368,0.088704,0.016384,0.18944,0.811008,0.026217,1244819,1244819,415283,33.3609,1920,1080,raygs,triangles,1,off,0,on,-4
1781754693831760380,1762.15,827.239,1.20884,1.14707,1.13411,0.03024,0.089088,0.016384,0.188416,0.809984,0.026104,1244819,1244819,415283,33.3609,1920,1080,raygs,triangles,1,off,0,on,-4
1781754693832935029,1763.33,827.185,1.20892,1.1481,1.13568,0.03024,0.089536,0.01536,0.189664,0.81088,0.026234,1244819,1244819,415283,33.3609,1920,1080,raygs,triangles,1,off,0,on,-4
1781754693834100503,1764.49,828.371,1.20719,1.14877,1.13654,0.029888,0.089856,0.016352,0.18944,0.811008,0.025527,1244819,1244819,415283,33.3609,1920,1080,raygs,triangles,1,off,0,on,-4
1781754693835433500,1765.82,828.423,1.20711,1.31472,1.3023,0.029952,0.089632,0.016384,0.356672,0.809664,0.024935,1244819,1244819,415283,33.3609,1920,1080,raygs,triangles,1,off,0,on,-4
1781754693836780059,1767.17,827.348,1.20868,1.32141,1.30739,0.029472,0.089312,0.016128,0.362496,0.809984,0.025182,1244819,1244819,415283,33.3609,1920,1080,raygs,triangles,1,off,0,on,-4
1781754693837947412,1768.34,824.8,1.21242,1.1473,1.13456,0.02944,0.090304,0.016384,0.187424,0.811008,0.02446,1244819,1244819,415283,33.3609,1920,1080,raygs,triangles,1,off,0,on,-4
1781754693839125301,1769.52,825.002,1.21212,1.14698,1.13466,0.030176,0.089408,0.015648,0.188416,0.811008,0.026601,1244819,1244819,415283,33.3609,1920,1080,raygs,triangles,1,off,0,on,-4
1781754693840298305,1770.69,824.633,1.21266,1.14819,1.13536,0.030336,0.089216,0.01536,0.18944,0.811008,0.024964,1244819,1244819,415283,33.3609,1920,1080,raygs,triangles,1,off,0,on,-4
1781754693841467374,1771.86,824.682,1.21259,1.14851,1.13645,0.030656,0.090016,0.016352,0.18944,0.809984,0.024594,1244819,1244819,415283,33.3609,1920,1080,raygs,triangles,1,off,0,on,-4
1781754693842642730,1773.03,826.959,1.20925,1.14928,1.13699,0.0304,0.088736,0.016384,0.190464,0.811008,0.024274,1244819,1244819,415283,33.3609,1920,1080,raygs,triangles,1,off,0,on,-4
1781754693843949254,1774.34,828.701,1.20671,1.1456,1.13309,0.029792,0.089568,0.016384,0.186368,0.810976,0.027692,1244819,1244819,415283,33.3609,1920,1080,raygs,triangles,1,off,0,on,-4
1781754693845128384,1775.52,828.547,1.20693,1.14794,1.13581,0.031424,0.0896,0.016384,0.187392,0.811008,0.026044,1244819,1244819,415283,33.3609,1920,1080,raygs,triangles,1,off,0,on,-4
1781754693846319494,1776.71,828.267,1.20734,1.14848,1.1344,0.029632,0.08928,0.01536,0.18944,0.810688,0.035893,1244819,1244819,415283,33.3609,1920,1080,raygs,triangles,1,off,0,on,-4
1781754693847469190,1777.86,828.228,1.2074,1.14829,1.13408,0.0304,0.08896,0.01536,0.188416,0.810944,0.017721,1244819,1244819,415283,33.3609,1920,1080,raygs,triangles,1,off,0,on,-4
1781754693848642264,1779.03,828.366,1.2072,1.14685,1.13421,0.030336,0.088672,0.015712,0.18848,0.811008,0.028227,1244819,1244819,415283,33.3609,1920,1080,raygs,triangles,1,off,0,on,-4
1781754693849809918,1780.2,828.474,1.20704,1.14781,1.1368,0.030976,0.090016,0.016384,0.188416,0.811008,0.02571,1244819,1244819,415283,33.3609,1920,1080,raygs,triangles,1,off,0,on,-4
1781754693851009010,1781.4,829.864,1.20502,1.14794,1.13661,0.029984,0.089792,0.016384,0.18944,0.811008,0.041211,1244819,1244819,415283,33.3609,1920,1080,raygs,triangles,1,off,0,on,-4
1781754693852349220,1782.74,829.769,1.20515,1.33062,1.31805,0.030144,0.089824,0.01536,0.371712,0.811008,0.018159,1244819,1244819,415283,33.3609,1920,1080,raygs,triangles,1,off,0,on,-4
1781754693853734607,1784.13,827.536,1.20841,1.37306,1.36182,0.0304,0.08944,0.240896,0.190464,0.810624,0.024615,1244819,1244819,415283,33.3609,1920,1080,raygs,triangles,1,off,0,on,-4
1781754693854924068,1785.32,825.232,1.21178,1.14765,1.1352,0.030176,0.09024,0.016384,0.187392,0.811008,0.026982,1244819,1244819,415283,33.3609,1920,1080,raygs,triangles,1,off,0,on,-4
1781754693856117726,1786.51,824.96,1.21218,1.14762,1.13501,0.02976,0.08976,0.016352,0.188416,0.81072,0.038115,1244819,1244819,415283,33.3609,1920,1080,raygs,triangles,1,off,0,on,-4
1781754693857349540,1787.74,824.882,1.2123,1.14787,1.13549,0.030048,0.089632,0.016384,0.18944,0.809984,0.034421,1244819,1244819,415283,33.3609,1920,1080,raygs,triangles,1,off,0,on,-4
1781754693858432740,1788.82,824.19,1.21331,1.14826,1.13574,0.030432,0.089504,0.016384,0.18944,0.809984,0.015743,1244819,1244819,415283,33.3609,1920,1080,raygs,triangles,1,off,0,on,-4
1781754693859624008,1790.02,827.412,1.20859,1.14803,1.13536,0.030176,0.089632,0.016384,0.188416,0.810752,0.033149,1244819,1244819,415283,33.3609,1920,1080,raygs,triangles,1,off,0,on,-4
1781754693860901008,1791.29,829.512,1.20553,1.14685,1.13462,0.030272,0.089568,0.016384,0.187392,0.811008,0.020831,1244819,1244819,415283,33.3609,1920,1080,raygs,triangles,1,off,0,on,-4
1781754693862099203,1792.49,827.963,1.20778,1.1473,1.13306,0.03104,0.08928,0.01536,0.187392,0.809984,0.041153,1244819,1244819,415283,33.3609,1920,1080,raygs,triangles,1,off,0,on,-4
1781754693863241107,1793.63,827.755,1.20809,1.14755,1.13494,0.029728,0.089408,0.016384,0.188416,0.811008,0.017633,1244819,1244819,415283,33.3609,1920,1080,raygs,triangles,1,off,0,on,-4
1781754693864419251,1794.81,828.147,1.20751,1.1473,1.1352,0.030016,0.08944,0.016256,0.188512,0.810976,0.025151,1244819,1244819,415283,33.3609,1920,1080,raygs,triangles,1,off,0,on,-4
1781754693865579794,1795.97,827.941,1.20782,1.14986,1.13674,0.029952,0.088928,0.016384,0.191488,0.809984,0.023905,1244819,1244819,415283,33.3609,1920,1080,raygs,triangles,1,off,0,on,-4
1781754693866754269,1797.15,829.482,1.20557,1.15014,1.13642,0.03024,0.089056,0.015552,0.19056,0.811008,0.024014,1244819,1244819,415283,33.3609,1920,1080,raygs,triangles,1,off,0,on,-4
1781754693867924319,1798.32,829.524,1.20551,1.14826,1.1351,0.030464,0.088832,0.016384,0.18944,0.809984,0.023665,1244819,1244819,415283,33.3609,1920,1080,raygs,triangles,1,off,0,on,-4
1781754693869328076,1799.72,829.439,1.20563,1.32976,1.31686,0.030144,0.089504,0.016384,0.370016,0.810816,0.036394,1244819,1244819,415283,33.3609,1920,1080,raygs,triangles,1,off,0,on,-4
1781754693870623333,1801.01,827.663,1.20822,1.32061,1.30698,0.03072,0.089056,0.185728,0.191488,0.809984,0.014654,1244819,1244819,415283,33.3609,1920,1080,raygs,triangles,1,off,0,on,-4
1781754693871798314,1802.19,825.499,1.21139,1.14646,1.13402,0.030528,0.089728,0.016384,0.187392,0.809984,0.024504,1244819,1244819,415283,33.3609,1920,1080,raygs,triangles,1,off,0,on,-4
1781754693872967281,1803.36,825.816,1.21092,1.14598,1.1329,0.030176,0.08896,0.016384,0.187392,0.809984,0.023784,1244819,1244819,415283,33.3609,1920,1080,raygs,triangles,1,off,0,on,-4
1781754693874148727,1804.54,825.766,1.211,1.14723,1.13357,0.029408,0.089376,0.01536,0.187392,0.812032,0.030397,1244819,1244819,415283,33.3609,1920,1080,raygs,triangles,1,off,0,on,-4
1781754693875321031,1805.71,828.095,1.20759,1.14582,1.13258,0.030016,0.088512,0.015648,0.187392,0.811008,0.025389,1244819,1244819,415283,33.3609,1920,1080,raygs,triangles,1,off,0,on,-4
1781754693876820084,1807.21,828.878,1.20645,1.14755,1.13533,0.030272,0.089248,0.016384,0.188416,0.811008,0.05059,1244819,1244819,415283,33.3609,1920,1080,raygs,triangles,1,off,0,on,-4
1781754693877923541,1808.31,825.224,1.21179,1.1489,1.13558,0.03104,0.088736,0.01536,0.18944,0.811008,0.0352,1244819,1244819,415283,33.3609,1920,1080,raygs,triangles,1,off,0,on,-4
1781754693879091530,1809.48,826.181,1.21039,1.14819,1.13523,0.030336,0.08896,0.01536,0.189568,0.811008,0.035174,1244819,1244819,415283,33.3609,1920,1080,raygs,triangles,1,off,0,on,-4
1781754693880262870,1810.65,826.213,1.21034,1.14739,1.13277,0.029568,0.08944,0.01536,0.188416,0.809984,0.034888,1244819,1244819,415283,33.3609,1920,1080,raygs,triangles,1,off,0,on,-4
1781754693881445775,1811.84,826.148,1.21044,1.14656,1.1328,0.029728,0.089376,0.01632,0.187392,0.809984,0.034595,1244819,1244819,415283,33.3609,1920,1080,raygs,triangles,1,off,0,on,-4
1781754693882610093,1813,825.975,1.21069,1.14854,1.13414,0.030688,0.089536,0.01536,0.18864,0.80992,0.036224,1244819,1244819,415283,33.3609,1920,1080,raygs,triangles,1,off,0,on,-4
1781754693883780426,1814.17,827.693,1.20818,1.14701,1.13261,0.030176,0.088672,0.01536,0.188416,0.809984,0.036206,1244819,1244819,415283,33.3609,1920,1080,raygs,triangles,1,off,0,on,-4
1781754693885136192,1815.53,827.661,1.20822,1.31949,1.3072,0.030656,0.089728,0.016384,0.360448,0.809984,0.037883,1244819,1244819,415283,33.3609,1920,1080,raygs,triangles,1,off,0,on,-4
1781754693886414560,1816.81,825.724,1.21106,1.33827,1.32483,0.029952,0.088768,0.01536,0.379904,0.810848,0.031908,1244819,1244819,415283,33.3609,1920,1080,raygs,triangles,1,off,0,on,-4
1781754693887543654,1817.93,824.731,1.21252,1.14749,1.13443,0.030176,0.089472,0.01536,0.188416,0.811008,0.016906,1244819,1244819,415283,33.3609,1920,1080,raygs,triangles,1,off,0,on,-4
1781754693888741044,1819.13,825.365,1.21158,1.14678,1.13408,0.029824,0.089472,0.016384,0.188416,0.809984,0.039123,1244819,1244819,415283,33.3609,1920,1080,raygs,triangles,1,off,0,on,-4
1781754693889901007,1820.29,824.802,1.21241,1.14659,1.13376,0.02976,0.088992,0.01536,0.18864,0.811008,0.025012,1244819,1244819,415283,33.3609,1920,1080,raygs,triangles,1,off,0,on,-4
1781754693891074616,1821.47,824.918,1.21224,1.148,1.13491,0.030144,0.089824,0.016384,0.187776,0.810784,0.030887,1244819,1244819,415283,33.3609,1920,1080,raygs,triangles,1,off,0,on,-4
1781754693892243637,1822.63,827.055,1.20911,1.14726,1.13456,0.030432,0.089024,0.01568,0.18944,0.809984,0.024808,1244819,1244819,415283,33.3609,1920,1080,raygs,triangles,1,off,0,on,-4
1781754693893564012,1823.96,829.144,1.20606,1.14781,1.1353,0.030144,0.088672,0.016384,0.18944,0.810656,0.040118,1244819,1244819,415283,33.3609,1920,1080,raygs,triangles,1,off,0,on,-4
1781754693894696326,1825.09,827.359,1.20867,1.14832,1.13514,0.031136,0.089248,0.01536,0.188416,0.810976,0.016718,1244819,1244819,415283,33.3609,1920,1080,raygs,triangles,1,off,0,on,-4
1781754693895898671,1826.29,827.878,1.20791,1.1495,1.13584,0.029664,0.089344,0.016384,0.190464,0.809984,0.038399,1244819,1244819,415283,33.3609,1920,1080,raygs,triangles,1,off,0,on,-4
1781754693897045586,1827.44,827.603,1.20831,1.14842,1.13466,0.030592,0.089216,0.01536,0.18848,0.811008,0.021559,1244819,1244819,415283,33.3609,1920,1080,raygs,triangles,1,off,0,on,-4
1781754693898220742,1828.61,828.099,1.20758,1.14717,1.13402,0.030368,0.088864,0.01536,0.188416,0.811008,0.028122,1244819,1244819,415283,33.3609,1920,1080,raygs,triangles,1,off,0,on,-4
1781754693899388956,1829.78,827.96,1.20779,1.14755,1.1353,0.03072,0.08912,0.01536,0.188416,0.81168,0.025708,1244819,1244819,415283,33.3609,1920,1080,raygs,triangles,1,off,0,on,-4
1781754693900569573,1830.96,829.366,1.20574,1.14966,1.13622,0.030816,0.089504,0.015456,0.190464,0.809984,0.029411,1244819,1244819,415283,33.3609,1920,1080,raygs,triangles,1,off,0,on,-4
1781754693901936932,1832.33,830.461,1.20415,1.31888,1.30579,0.030016,0.0888,0.015776,0.360448,0.810752,0.038264,1244819,1244819,415283,33.3609,1920,1080,raygs,triangles,1,off,0,on,-4
1781754693903393640,1833.78,827.386,1.20863,1.34102,1.32794,0.030656,0.08896,0.016384,0.380928,0.811008,0.035531,1244819,1244819,415283,33.3609,1920,1080,raygs,triangles,1,off,0,on,-4
1781754693904481369,1834.87,823.159,1.21483,1.14874,1.13626,0.029888,0.090528,0.016384,0.1888,0.810656,0.028297,1244819,1244819,415283,33.3609,1920,1080,raygs,triangles,1,off,0,on,-4
1781754693905617422,1836.01,825.045,1.21206,1.14678,1.13469,0.030368,0.089472,0.016384,0.187776,0.810688,0.018362,1244819,1244819,415283,33.3609,1920,1080,raygs,triangles,1,off,0,on,-4
1781754693906796646,1837.19,825.408,1.21152,1.14701,1.1328,0.030304,0.088736,0.01536,0.188416,0.809984,0.026418,1244819,1244819,415283,33.3609,1920,1080,raygs,triangles,1,off,0,on,-4
1781754693907976886,1838.37,825.147,1.21191,1.16442,1.15286,0.030368,0.089504,0.016384,0.205824,0.810784,0.026701,1244819,1244819,415283,33.3609,1920,1080,raygs,triangles,1,off,0,on,-4
1781754693909142614,1839.53,826.903,1.20933,1.14467,1.1303,0.029888,0.088768,0.01536,0.186368,0.80992,0.024944,1244819,1244819,415283,33.3609,1920,1080,raygs,triangles,1,off,0,on,-4
1781754693910434841,1840.83,829.062,1.20618,1.14781,1.13558,0.029952,0.089824,0.016384,0.188416,0.811008,0.024655,1244819,1244819,415283,33.3609,1920,1080,raygs,triangles,1,off,0,on,-4
1781754693911605507,1842,827.666,1.20822,1.14848,1.13619,0.031232,0.088288,0.016384,0.18944,0.810848,0.024357,1244819,1244819,415283,33.3609,1920,1080,raygs,triangles,1,off,0,on,-4
1781754693912773323,1843.16,827.829,1.20798,1.14669,1.13395,0.029888,0.089312,0.016384,0.187392,0.810976,0.024385,1244819,1244819,415283,33.3609,1920,1080,raygs,triangles,1,off,0,on,-4
1781754693913944710,1844.34,827.898,1.20788,1.14902,1.13773,0.030176,0.089696,0.016384,0.190464,0.811008,0.023415,1244819,1244819,415283,33.3609,1920,1080,raygs,triangles,1,off,0,on,-4
1781754693915120600,1845.51,827.848,1.20795,1.14851,1.13523,0.030304,0.089312,0.016384,0.188416,0.810816,0.024464,1244819,1244819,415283,33.3609,1920,1080,raygs,triangles,1,off,0,on,-4
1781754693916331482,1846.72,827.822,1.20799,1.14771,1.13542,0.029888,0.089728,0.016384,0.18944,0.809984,0.037512,1244819,1244819,415283,33.3609,1920,1080,raygs,triangles,1,off,0,on,-4
1781754693917476211,1847.87,828.958,1.20633,1.14739,1.1353,0.030272,0.090144,0.016384,0.188704,0.809792,0.016747,1244819,1244819,415283,33.3609,1920,1080,raygs,triangles,1,off,0,on,-4
1781754693918831301,1849.22,829.364,1.20574,1.32611,1.31398,0.03008,0.088704,0.016384,0.367936,0.81088,0.023675,1244819,1244819,415283,33.3609,1920,1080,raygs,triangles,1,off,0,on,-4
1781754693920169508,1850.56,827.432,1.20856,1.3032,1.28896,0.029728,0.08976,0.168,0.191488,0.809984,0.02704,1244819,1244819,415283,33.3609,1920,1080,raygs,triangles,1,off,0,on,-4
1781754693921341421,1851.73,825.306,1.21167,1.14842,1.13469,0.030592,0.089952,0.015744,0.188416,0.809984,0.024669,1244819,1244819,415283,33.3609,1920,1080,raygs,triangles,1,off,0,on,-4
1781754693922568990,1852.96,825.246,1.21176,1.14672,1.13216,0.029888,0.089536,0.01536,0.187392,0.809984,0.041646,1244819,1244819,415283,33.3609,1920,1080,raygs,triangles,1,off,0,on,-4
1781754693923660228,1854.05,824.579,1.21274,1.14707,1.13501,0.030624,0.0896,0.016384,0.188416,0.809984,0.014222,1244819,1244819,415283,33.3609,1920,1080,raygs,triangles,1,off,0,on,-4
1781754693924895406,1855.29,825.941,1.21074,1.15322,1.1408,0.030272,0.089696,0.016384,0.193536,0.810912,0.038703,1244819,1244819,415283,33.3609,1920,1080,raygs,triangles,1,off,0,on,-4
1781754693926040395,1856.43,827.081,1.20907,1.1479,1.13379,0.030304,0.088704,0.01536,0.18944,0.809984,0.01815,1244819,1244819,415283,33.3609,1920,1080,raygs,triangles,1,off,0,on,-4
1781754693927346865,1857.74,829.656,1.20532,1.1481,1.136,0.03024,0.088928,0.016384,0.18944,0.811008,0.03865,1244819,1244819,415283,33.3609,1920,1080,raygs,triangles,1,off,0,on,-4
1781754693928491240,1858.88,828.618,1.20683,1.15046,1.13581,0.030592,0.089184,0.015584,0.190464,0.809984,0.018644,1244819,1244819,415283,33.3609,1920,1080,raygs,triangles,1,off,0,on,-4
1781754693929667653,1860.06,829.07,1.20617,1.14746,1.1344,0.030656,0.089152,0.01536,0.188416,0.810816,0.026006,1244819,1244819,415283,33.3609,1920,1080,raygs,triangles,1,off,0,on,-4
1781754693930845400,1861.24,829.711,1.20524,1.1463,1.13373,0.029472,0.089472,0.016384,0.187392,0.811008,0.028199,1244819,1244819,415283,33.3609,1920,1080,raygs,triangles,1,off,0,on,-4
1781754693932036981,1862.43,828.602,1.20685,1.14749,1.1344,0.03024,0.089312,0.015424,0.188416,0.811008,0.035976,1244819,1244819,415283,33.3609,1920,1080,raygs,triangles,1,off,0,on,-4
1781754693933197411,1863.59,828.585,1.20688,1.14829,1.13478,0.030432,0.089472,0.015456,0.188736,0.810688,0.022818,1244819,1244819,415283,33.3609,1920,1080,raygs,triangles,1,off,0,on,-4
1781754693934368189,1864.76,829.965,1.20487,1.14707,1.13453,0.030176,0.0896,0.01536,0.188416,0.810976,0.024759,1244819,1244819,415283,33.3609,1920,1080,raygs,triangles,1,off,0,on,-4
1781754693935843687,1866.23,830.264,1.20444,1.34186,1.33043,0.030496,0.089152,0.01616,0.384,0.810624,0.043013,1244819,1244819,415283,33.3609,1920,1080,raygs,triangles,1,off,0,on,-4
1781754693937126808,1867.52,826.25,1.21029,1.37418,1.36131,0.030368,0.313728,0.015744,0.191488,0.809984,0.016354,1244819,1244819,415283,33.3609,1920,1080,raygs,triangles,1,off,0,on,-4
1781754693938321722,1868.71,825.015,1.2121,1.14701,1.13514,0.031232,0.089152,0.016384,0.187392,0.810976,0.032023,1244819,1244819,415283,33.3609,1920,1080,raygs,triangles,1,off,0,on,-4
1781754693939462155,1869.85,824.711,1.21255,1.1473,1.13427,0.030464,0.089024,0.01536,0.188416,0.811008,0.018184,1244819,1244819,415283,33.3609,1920,1080,raygs,triangles,1,off,0,on,-4
1781754693940633611,1871.02,825.251,1.21175,1.14749,1.13558,0.030688,0.089152,0.016384,0.188416,0.810944,0.024435,1244819,1244819,415283,33.3609,1920,1080,raygs,triangles,1,off,0,on,-4
1781754693941824453,1872.22,825.217,1.2118,1.14688,1.13382,0.030304,0.089376,0.015712,0.187424,0.811008,0.026663,1244819,1244819,415283,33.3609,1920,1080,raygs,triangles,1,off,0,on,-4
1781754693943134934,1873.53,827.475,1.2085,1.14787,1.13539,0.030016,0.08896,0.01536,0.18944,0.811616,0.047106,1244819,1244819,415283,33.3609,1920,1080,raygs,triangles,1,off,0,on,-4
1781754693944318043,1874.71,827.301,1.20875,1.14912,1.13552,0.03024,0.089472,0.01536,0.190464,0.809984,0.029401,1244819,1244819,415283,33.3609,1920,1080,raygs,triangles,1,off,0,on,-4
1781754693945465489,1875.86,827.312,1.20873,1.14771,1.13424,0.03088,0.089376,0.01568,0.188416,0.809888,0.018596,1244819,1244819,415283,33.3609,1920,1080,raygs,triangles,1,off,0,on,-4
1781754693946645082,1877.04,827.518,1.20843,1.14656,1.13533,0.03024,0.08944,0.016384,0.188416,0.810848,0.026652,1244819,1244819,415283,33.3609,1920,1080,raygs,triangles,1,off,0,on,-4
1781754693947825213,1878.22,827.604,1.20831,1.14739,1.13437,0.03056,0.089088,0.015616,0.18944,0.809664,0.033841,1244819,1244819,415283,33.3609,1920,1080,raygs,triangles,1,off,0,on,-4
1781754693949002129,1879.39,828.009,1.20772,1.14678,1.13571,0.030272,0.089632,0.016384,0.188416,0.811008,0.031818,1244819,1244819,415283,33.3609,1920,1080,raygs,triangles,1,off,0,on,-4
1781754693950156031,1880.55,831.656,1.20242,1.14842,1.13526,0.030144,0.089312,0.01536,0.18944,0.811008,0.019376,1244819,1244819,415283,33.3609,1920,1080,raygs,triangles,1,off,0,on,-4
1781754693951334873,1881.73,830.933,1.20347,1.14723,1.13613,0.0304,0.089984,0.016384,0.188416,0.810944,0.025825,1244819,1244819,415283,33.3609,1920,1080,raygs,triangles,1,off,0,on,-4
1781754693952720235,1883.11,830.801,1.20366,1.32256,1.30995,0.0296,0.08944,0.016384,0.364544,0.809984,0.040506,1244819,1244819,415283,33.3609,1920,1080,raygs,triangles,1,off,0,on,-4
1781754693954027312,1884.42,828.327,1.20725,1.32454,1.3127,0.03056,0.089184,0.191488,0.191488,0.809984,0.017746,1244819,1244819,415283,33.3609,1920,1080,raygs,triangles,1,off,0,on,-4
1781754693955201576,1885.59,827.026,1.20915,1.14694,1.1336,0.030336,0.089504,0.016384,0.187392,0.809984,0.034232,1244819,1244819,415283,33.3609,1920,1080,raygs,triangles,1,off,0,on,-4
1781754693956386575,1886.78,826.775,1.20952,1.1473,1.13354,0.030496,0.088992,0.015648,0.188416,0.809984,0.034921,1244819,1244819,415283,33.3609,1920,1080,raygs,triangles,1,off,0,on,-4
1781754693957528123,1887.92,826.613,1.20976,1.14598,1.13267,0.030176,0.088992,0.015392,0.187392,0.81072,0.019125,1244819,1244819,415283,33.3609,1920,1080,raygs,triangles,1,off,0,on,-4
1781754693958714105,1889.11,829.659,1.20531,1.14646,1.13526,0.030272,0.089216,0.016384,0.18848,0.810912,0.026352,1244819,1244819,415283,33.3609,1920,1080,raygs,triangles,1,off,0,on,-4
1781754693960048144,1890.44,829.86,1.20502,1.14733,1.13363,0.029472,0.088256,0.016384,0.188768,0.810752,0.0403,1244819,1244819,415283,33.3609,1920,1080,raygs,triangles,1,off,0,on,-4
1781754693961179354,1891.57,827.506,1.20845,1.14998,1.13888,0.031136,0.089888,0.016384,0.190464,0.811008,0.017536,1244819,1244819,415283,33.3609,1920,1080,raygs,triangles,1,off,0,on,-4
1781754693962354973,1892.75,828.217,1.20741,1.14765,1.13475,0.030368,0.089312,0.015488,0.188896,0.810688,0.026339,1244819,1244819,415283,33.3609,1920,1080,raygs,triangles,1,off,0,on,-4
1781754693963528334,1893.92,828.13,1.20754,1.14733,1.13443,0.030496,0.089152,0.016384,0.188416,0.809984,0.026034,1244819,1244819,415283,33.3609,1920,1080,raygs,triangles,1,off,0,on,-4
1781754693964695284,1895.09,828.11,1.20757,1.1479,1.13558,0.030048,0.089856,0.016128,0.187648,0.811904,0.025148,1244819,1244819,415283,33.3609,1920,1080,raygs,triangles,1,off,0,on,-4
1781754693965876047,1896.27,828.155,1.2075,1.14614,1.13341,0.030368,0.08928,0.016384,0.187392,0.809984,0.031025,1244819,1244819,415283,33.3609,1920,1080,raygs,triangles,1,off,0,on,-4
1781754693967042372,1897.43,829.782,1.20514,1.14685,1.13389,0.030368,0.089568,0.01536,0.187744,0.810848,0.030208,1244819,1244819,415283,33.3609,1920,1080,raygs,triangles,1,off,0,on,-4
1781754693968217710,1898.61,829.369,1.20574,1.14826,1.13466,0.0304,0.089472,0.01536,0.18944,0.809984,0.028766,1244819,1244819,415283,33.3609,1920,1080,raygs,triangles,1,off,0,on,-4
1781754693969607761,1900,829.66,1.20531,1.32253,1.31066,0.030592,0.089152,0.016384,0.364544,0.809984,0.041004,1244819,1244819,415283,33.3609,1920,1080,raygs,triangles,1,off,0,on,-4
1781754693970908453,1901.3,826.885,1.20936,1.3233,1.31021,0.030496,0.261856,0.01536,0.191488,0.811008,0.016394,1244819,1244819,415283,33.3609,1920,1080,raygs,triangles,1,off,0,on,-4
1781754693972085028,1902.48,825.423,1.2115,1.14826,1.13478,0.030432,0.089568,0.01536,0.188416,0.811008,0.025996,1244819,1244819,415283,33.3609,1920,1080,raygs,triangles,1,off,0,on,-4
1781754693973263780,1903.66,825.325,1.21164,1.14678,1.13555,0.029952,0.089792,0.016384,0.188416,0.811008,0.027804,1244819,1244819,415283,33.3609,1920,1080,raygs,triangles,1,off,0,on,-4
1781754693974431568,1904.82,825.392,1.21155,1.14544,1.13299,0.029632,0.0896,0.016384,0.187392,0.809984,0.026586,1244819,1244819,415283,33.3609,1920,1080,raygs,triangles,1,off,0,on,-4
1781754693975616317,1906.01,827.657,1.20823,1.14771,1.13542,0.029856,0.089856,0.016288,0.18944,0.809984,0.033814,1244819,1244819,415283,33.3609,1920,1080,raygs,triangles,1,off,0,on,-4
1781754693976936897,1907.33,831.717,1.20233,1.1481,1.13488,0.03024,0.089856,0.016384,0.188416,0.809984,0.036112,1244819,1244819,415283,33.3609,1920,1080,raygs,triangles,1,off,0,on,-4
1781754693978067687,1908.46,828.075,1.20762,1.14832,1.13613,0.030528,0.089792,0.016384,0.188416,0.811008,0.01713,1244819,1244819,415283,33.3609,1920,1080,raygs,triangles,1,off,0,on,-4
1781754693979248699,1909.64,828.21,1.20742,1.14918,1.13552,0.030464,0.089248,0.01536,0.18944,0.811008,0.027055,1244819,1244819,415283,33.3609,1920,1080,raygs,triangles,1,off,0,on,-4
1781754693980414549,1910.81,828.293,1.2073,1.14662,1.13555,0.030432,0.089312,0.016384,0.188416,0.811008,0.026441,1244819,1244819,415283,33.3609,1920,1080,raygs,triangles,1,off,0,on,-4
1781754693981585178,1911.98,828.447,1.20708,1.14966,1.1352,0.02976,0.0896,0.015552,0.18944,0.810848,0.026385,1244819,1244819,415283,33.3609,1920,1080,raygs,triangles,1,off,0,on,-4
1781754693982766593,1913.16,828.281,1.20732,1.14963,1.13744,0.030176,0.088576,0.016384,0.190464,0.81184,0.026054,1244819,1244819,415283,33.3609,1920,1080,raygs,triangles,1,off,0,on,-4
1781754693983937853,1914.33,829.524,1.20551,1.14778,1.13603,0.02992,0.08928,0.016384,0.18944,0.811008,0.02536,1244819,1244819,415283,33.3609,1920,1080,raygs,triangles,1,off,0,on,-4
1781754693985331671,1915.72,829.465,1.2056,1.3225,1.3089,0.029568,0.088512,0.016384,0.364544,0.809888,0.039889,1244819,1244819,415283,33.3609,1920,1080,raygs,triangles,1,off,0,on,-4
1781754693986645117,1917.04,826.843,1.20942,1.33997,1.3265,0.030656,0.08944,0.01536,0.380128,0.810912,0.016208,1244819,1244819,415283,33.3609,1920,1080,raygs,triangles,1,off,0,on,-4
1781754693987824127,1918.22,825.214,1.21181,1.14986,1.13661,0.029984,0.090816,0.01536,0.18944,0.811008,0.025755,1244819,1244819,415283,33.3609,1920,1080,raygs,triangles,1,off,0,on,-4
1781754693989003151,1919.39,825.225,1.21179,1.1463,1.13376,0.029504,0.089472,0.016384,0.188416,0.809984,0.027815,1244819,1244819,415283,33.3609,1920,1080,raygs,triangles,1,off,0,on,-4
1781754693990171288,1920.56,825.621,1.21121,1.14685,1.13578,0.030528,0.08944,0.016384,0.188416,0.811008,0.026642,1244819,1244819,415283,33.3609,1920,1080,raygs,triangles,1,off,0,on,-4
1781754693991357603,1921.75,825.203,1.21182,1.15747,1.14442,0.030432,0.089376,0.016384,0.197632,0.810592,0.028569,1244819,1244819,415283,33.3609,1920,1080,raygs,triangles,1,off,0,on,-4
1781754693992549307,1922.94,827.292,1.20876,1.14675,1.1345,0.029952,0.089376,0.015744,0.188416,0.811008,0.040139,1244819,1244819,415283,33.3609,1920,1080,raygs,triangles,1,off,0,on,-4
1781754693993835248,1924.23,829.029,1.20623,1.1489,1.13642,0.029952,0.089792,0.016384,0.18944,0.810848,0.028233,1244819,1244819,415283,33.3609,1920,1080,raygs,triangles,1,off,0,on,-4
1781754693995003530,1925.39,827.687,1.20819,1.14819,1.13722,0.03152,0.089888,0.016384,0.188416,0.811008,0.028785,1244819,1244819,415283,33.3609,1920,1080,raygs,triangles,1,off,0,on,-4
1781754693996164060,1926.56,828.352,1.20722,1.14614,1.13328,0.030368,0.088128,0.016384,0.188416,0.809984,0.020533,1244819,1244819,415283,33.3609,1920,1080,raygs,triangles,1,off,0,on,-4
1781754693997542512,1927.93,827.095,1.20905,1.14778,1.13475,0.030016,0.088928,0.016384,0.18944,0.809984,0.052358,1244819,1244819,415283,33.3609,1920,1080,raygs,triangles,1,off,0,on,-4
1781754693998647618,1929.04,825.573,1.21128,1.14749,1.13258,0.030304,0.089536,0.01536,0.187392,0.809984,0.038016,1244819,1244819,415283,33.3609,1920,1080,raygs,triangles,1,off,0,on,-4
1781754693999806173,1930.2,826.118,1.21048,1.148,1.13504,0.030144,0.089408,0.01536,0.188416,0.811712,0.038501,1244819,1244819,415283,33.3609,1920,1080,raygs,triangles,1,off,0,on,-4
1781754694000974739,1931.37,827.775,1.20806,1.15037,1.13738,0.030496,0.089024,0.01536,0.191488,0.811008,0.035755,1244819,1244819,415283,33.3609,1920,1080,raygs,triangles,1,off,0,on,-4
1781754694002326236,1932.72,827.504,1.20845,1.3209,1.30694,0.030016,0.089952,0.01552,0.360448,0.811008,0.035563,1244819,1244819,415283,33.3609,1920,1080,raygs,triangles,1,off,0,on,-4
1781754694003627005,1934.02,825.518,1.21136,1.3055,1.29322,0.029984,0.089504,0.170144,0.191936,0.811648,0.030707,1244819,1244819,415283,33.3609,1920,1080,raygs,triangles,1,off,0,on,-4
1781754694004845207,1935.24,824.223,1.21326,1.28234,1.27098,0.170624,0.08864,0.014336,0.187392,0.809984,0.016605,1244819,1244819,415283,33.3609,1920,1080,raygs,triangles,1,off,0,on,-4
1781754694006012502,1936.4,823.965,1.21364,1.14678,1.13472,0.030368,0.088576,0.016384,0.188416,0.810976,0.026869,1244819,1244819,415283,33.3609,1920,1080,raygs,triangles,1,off,0,on,-4
1781754694007182549,1937.57,823.911,1.21372,1.14643,1.13322,0.030624,0.089152,0.016384,0.186368,0.810688,0.026459,1244819,1244819,415283,33.3609,1920,1080,raygs,triangles,1,off,0,on,-4
1781754694008370075,1938.76,823.838,1.21383,1.14819,1.13686,0.030336,0.089728,0.016384,0.18944,0.810976,0.031045,1244819,1244819,415283,33.3609,1920,1080,raygs,triangles,1,off,0,on,-4
1781754694009583054,1939.97,827.306,1.20874,1.14678,1.13514,0.029984,0.088768,0.016384,0.18944,0.81056,0.054397,1244819,1244819,415283,33.3609,1920,1080,raygs,triangles,1,off,0,on,-4
1781754694010805734,1941.2,828.288,1.20731,1.14819,1.1343,0.029312,0.089344,0.016224,0.18944,0.809984,0.01545,1244819,1244819,415283,33.3609,1920,1080,raygs,triangles,1,off,0,on,-4
1781754694011996705,1942.39,827.712,1.20815,1.14784,1.13469,0.030016,0.089888,0.01536,0.18944,0.809984,0.027726,1244819,1244819,415283,33.3609,1920,1080,raygs,triangles,1,off,0,on,-4
1781754694013210032,1943.6,826.941,1.20928,1.14771,1.13376,0.030272,0.088704,0.01536,0.188416,0.811008,0.054036,1244819,1244819,415283,33.3609,1920,1080,raygs,triangles,1,off,0,on,-4
1781754694014328937,1944.72,826.658,1.20969,1.14934,1.13597,0.030496,0.089664,0.01536,0.190464,0.809984,0.01517,1244819,1244819,415283,33.3609,1920,1080,raygs,triangles,1,off,0,on,-4
1781754694015542178,1945.93,827.648,1.20824,1.14771,1.13651,0.029856,0.089824,0.016384,0.18944,0.811008,0.046509,1244819,1244819,415283,33.3609,1920,1080,raygs,triangles,1,off,0,on,-4
1781754694016686699,1947.08,828.779,1.20659,1.14733,1.13427,0.030176,0.089312,0.016384,0.188416,0.809984,0.021135,1244819,1244819,415283,33.3609,1920,1080,raygs,triangles,1,off,0,on,-4
1781754694017854612,1948.25,828.896,1.20642,1.14637,1.13366,0.030208,0.089536,0.01536,0.18768,0.81088,0.025468,1244819,1244819,415283,33.3609,1920,1080,raygs,triangles,1,off,0,on,-4
1781754694019315717,1949.71,828.767,1.20661,1.39149,1.37827,0.03008,0.089216,0.015648,0.432384,0.810944,0.06157,1244819,1244819,415283,33.3609,1920,1080,raygs,triangles,1,off,0,on,-4
1781754694020578558,1950.97,825.689,1.21111,1.28582,1.27306,0.029792,0.089216,0.016384,0.32768,0.809984,0.019511,1244819,1244819,415283,33.3609,1920,1080,raygs,triangles,1,off,0,on,-4
1781754694021751395,1952.14,824.455,1.21292,1.1473,1.13302,0.029472,0.090784,0.01536,0.187424,0.809984,0.029397,1244819,1244819,415283,33.3609,1920,1080,raygs,triangles,1,off,0,on,-4
1781754694022921669,1953.31,824.677,1.2126,1.14685,1.13395,0.030016,0.089216,0.01568,0.188416,0.810624,0.026493,1244819,1244819,415283,33.3609,1920,1080,raygs,triangles,1,off,0,on,-4
1781754694024100662,1954.49,824.474,1.21289,1.14768,1.13523,0.029856,0.089472,0.016384,0.1888,0.81072,0.025025,1244819,1244819,415283,33.3609,1920,1080,raygs,triangles,1,off,0,on,-4
1781754694025267415,1955.66,824.478,1.21289,1.14765,1.13446,0.0304,0.089696,0.015488,0.187872,0.811008,0.025124,1244819,1244819,415283,33.3609,1920,1080,raygs,triangles,1,off,0,on,-4
1781754694026454109,1956.85,826.952,1.20926,1.14816,1.13594,0.030208,0.08992,0.016384,0.188416,0.811008,0.025148,1244819,1244819,415283,33.3609,1920,1080,raygs,triangles,1,off,0,on,-4
1781754694027741795,1958.13,828.31,1.20728,1.14819,1.13549,0.03056,0.089024,0.01536,0.189536,0.811008,0.025432,1244819,1244819,415283,33.3609,1920,1080,raygs,triangles,1,off,0,on,-4
1781754694028914201,1959.31,827.082,1.20907,1.14954,1.13565,0.03056,0.089408,0.016128,0.188608,0.810944,0.03266,1244819,1244819,415283,33.3609,1920,1080,raygs,triangles,1,off,0,on,-4
1781754694030123871,1960.52,827.152,1.20897,1.14762,1.13587,0.0296,0.08944,0.016384,0.18944,0.811008,0.049473,1244819,1244819,415283,33.3609,1920,1080,raygs,triangles,1,off,0,on,-4
1781754694031252270,1961.64,826.55,1.20985,1.14826,1.13546,0.030432,0.088992,0.015456,0.188736,0.81184,0.014499,1244819,1244819,415283,33.3609,1920,1080,raygs,triangles,1,off,0,on,-4
1781754694032432261,1962.82,826.872,1.20938,1.14992,1.13677,0.03024,0.089696,0.01536,0.18944,0.812032,0.024977,1244819,1244819,415283,33.3609,1920,1080,raygs,triangles,1,off,0,on,-4
1781754694033606504,1964,828.892,1.20643,1.14659,1.13459,0.030016,0.08976,0.016384,0.187648,0.810784,0.024608,1244819,1244819,415283,33.3609,1920,1080,raygs,triangles,1,off,0,on,-4
1781754694034781555,1965.17,828.419,1.20712,1.14938,1.13712,0.029472,0.089216,0.016384,0.191488,0.81056,0.027238,1244819,1244819,415283,33.3609,1920,1080,raygs,triangles,1,off,0,on,-4
1781754694036191758,1966.58,828.362,1.2072,1.38026,1.36698,0.030528,0.089696,0.01536,0.420864,0.810528,0.026211,1244819,1244819,415283,33.3609,1920,1080,raygs,triangles,1,off,0,on,-4
1781754694037498663,1967.89,825.568,1.21129,1.28736,1.27331,0.03024,0.088896,0.01536,0.327808,0.811008,0.025224,1244819,1244819,415283,33.3609,1920,1080,raygs,triangles,1,off,0,on,-4
1781754694038674678,1969.07,823.88,1.21377,1.15046,1.13866,0.029536,0.091264,0.016384,0.190464,0.811008,0.024494,1244819,1244819,415283,33.3609,1920,1080,raygs,triangles,1,off,0,on,-4
1781754694039841059,1970.23,824.092,1.21346,1.14598,1.13434,0.030176,0.089376,0.016384,0.187392,0.811008,0.024556,1244819,1244819,415283,33.3609,1920,1080,raygs,triangles,1,off,0,on,-4
1781754694041010729,1971.4,824.106,1.21344,1.14614,1.13389,0.030272,0.088832,0.016384,0.187392,0.811008,0.024299,1244819,1244819,415283,33.3609,1920,1080,raygs,triangles,1,off,0,on,-4
1781754694042180612,1972.57,824.181,1.21333,1.14701,1.1345,0.030432,0.08928,0.016384,0.188416,0.809984,0.024125,1244819,1244819,415283,33.3609,1920,1080,raygs,triangles,1,off,0,on,-4
1781754694043468489,1973.86,826.713,1.20961,1.14771,1.13498,0.030272,0.089792,0.015488,0.188416,0.811008,0.024148,1244819,1244819,415283,33.3609,1920,1080,raygs,triangles,1,off,0,on,-4
1781754694044646984,1975.04,826.864,1.20939,1.1473,1.13411,0.03152,0.088992,0.016224,0.187392,0.809984,0.024014,1244819,1244819,415283,33.3609,1920,1080,raygs,triangles,1,off,0,on,-4
1781754694045824232,1976.22,826.79,1.2095,1.14858,1.136,0.029696,0.089664,0.016192,0.18944,0.811008,0.025264,1244819,1244819,415283,33.3609,1920,1080,raygs,triangles,1,off,0,on,-4
1781754694047002014,1977.39,826.838,1.20943,1.14934,1.1344,0.029472,0.08912,0.01536,0.190464,0.809984,0.024814,1244819,1244819,415283,33.3609,1920,1080,raygs,triangles,1,off,0,on,-4
1781754694048173240,1978.56,826.705,1.20962,1.1473,1.13443,0.029472,0.089152,0.016384,0.18944,0.809984,0.0278,1244819,1244819,415283,33.3609,1920,1080,raygs,triangles,1,off,0,on,-4
1781754694049384963,1979.78,826.717,1.2096,1.14835,1.13552,0.029504,0.089184,0.016384,0.18944,0.811008,0.046784,1244819,1244819,415283,33.3609,1920,1080,raygs,triangles,1,off,0,on,-4
1781754694050516987,1980.91,828.249,1.20737,1.15082,1.1367,0.029888,0.089984,0.01536,0.191488,0.809984,0.019007,1244819,1244819,415283,33.3609,1920,1080,raygs,triangles,1,off,0,on,-4
1781754694051931857,1982.32,827.961,1.20779,1.38954,1.37757,0.030016,0.08944,0.016384,0.431104,0.810624,0.025652,1244819,1244819,415283,33.3609,1920,1080,raygs,triangles,1,off,0,on,-4
1781754694053106898,1983.5,825.264,1.21173,1.14755,1.13312,0.030368,0.089312,0.01536,0.187392,0.810688,0.025968,1244819,1244819,415283,33.3609,1920,1080,raygs,triangles,1,off,0,on,-4
1781754694054332370,1984.72,825.301,1.21168,1.14678,1.13357,0.029984,0.089824,0.016384,0.187392,0.809984,0.064817,1244819,1244819,415283,33.3609,1920,1080,raygs,triangles,1,off,0,on,-4
1781754694055500276,1985.89,824.821,1.21238,1.14714,1.13482,0.030336,0.089056,0.016384,0.188416,0.810624,0.058999,1244819,1244819,415283,33.3609,1920,1080,raygs,triangles,1,off,0,on,-4
1781754694056701267,1987.09,824.842,1.21235,1.14566,1.13434,0.029856,0.089696,0.016384,0.188416,0.809984,0.032855,1244819,1244819,415283,33.3609,1920,1080,raygs,triangles,1,off,0,on,-4
1781754694057846900,1988.24,824.61,1.2127,1.14733,1.13507,0.030496,0.089408,0.015552,0.188608,0.811008,0.053443,1244819,1244819,415283,33.3609,1920,1080,raygs,triangles,1,off,0,on,-4
1781754694058973954,1989.37,827.471,1.2085,1.14755,1.13472,0.03072,0.089536,0.016384,0.187392,0.810688,0.019026,1244819,1244819,415283,33.3609,1920,1080,raygs,triangles,1,off,0,on,-4
1781754694060378735,1990.77,829.465,1.2056,1.14771,1.13562,0.030624,0.090208,0.016384,0.188416,0.809984,0.042776,1244819,1244819,415283,33.3609,1920,1080,raygs,triangles,1,off,0,on,-4
1781754694061476371,1991.87,826.886,1.20936,1.14714,1.13312,0.030336,0.089312,0.015392,0.187392,0.810688,0.042681,1244819,1244819,415283,33.3609,1920,1080,raygs,triangles,1,off,0,on,-4
1781754694062608344,1993,827.938,1.20782,1.14771,1.13338,0.029888,0.089632,0.015456,0.188416,0.809984,0.016247,1244819,1244819,415283,33.3609,1920,1080,raygs,triangles,1,off,0,on,-4
1781754694063832122,1994.22,828.342,1.20723,1.14918,1.13629,0.030336,0.089344,0.01616,0.18944,0.811008,0.054074,1244819,1244819,415283,33.3609,1920,1080,raygs,triangles,1,off,0,on,-4
1781754694064964761,1995.36,827.901,1.20787,1.14714,1.13414,0.030272,0.089088,0.01536,0.188416,0.811008,0.016407,1244819,1244819,415283,33.3609,1920,1080,raygs,triangles,1,off,0,on,-4
1781754694066178729,1996.57,828.402,1.20714,1.14832,1.13475,0.030496,0.089472,0.01536,0.18944,0.809984,0.067432,1244819,1244819,415283,33.3609,1920,1080,raygs,triangles,1,off,0,on,-4
1781754694067362917,1997.75,829.407,1.20568,1.14704,1.13402,0.030208,0.089408,0.016384,0.187392,0.810624,0.062253,1244819,1244819,415283,33.3609,1920,1080,raygs,triangles,1,off,0,on,-4
1781754694068720384,1999.11,829.252,1.20591,1.34669,1.33363,0.030144,0.0888,0.015584,0.38912,0.809984,0.053994,1244819,1244819,415283,33.3609,1920,1080,raygs,triangles,1,off,0,on,-4
1781754694070043050,2000.43,827.367,1.20865,1.28666,1.27578,0.03056,0.090048,0.016384,0.327776,0.811008,0.047873,1244819,1244819,415283,33.3609,1920,1080,raygs,triangles,1,off,0,on,-4
1781754694071157629,2001.55,827.964,1.20778,1.14755,1.13478,0.029664,0.090496,0.016384,0.187392,0.810848,0.015846,1244819,1244819,415283,33.3609,1920,1080,raygs,triangles,1,off,0,on,-4
1781754694072343425,2002.73,827.616,1.20829,1.14781,1.13568,0.030208,0.089664,0.016384,0.188416,0.811008,0.027038,1244819,1244819,415283,33.3609,1920,1080,raygs,triangles,1,off,0,on,-4
1781754694073562552,2003.95,827.3,1.20875,1.14864,1.13648,0.030368,0.08928,0.016384,0.18944,0.811008,0.066057,1244819,1244819,415283,33.3609,1920,1080,raygs,triangles,1,off,0,on,-4
1781754694074745872,2005.14,826.883,1.20936,1.14723,1.13453,0.030432,0.089344,0.01536,0.188416,0.810976,0.065564,1244819,1244819,415283,33.3609,1920,1080,raygs,triangles,1,off,0,on,-4
1781754694076161566,2006.55,827.871,1.20792,1.14704,1.13472,0.030208,0.08976,0.016448,0.186368,0.811936,0.04088,1244819,1244819,415283,33.3609,1920,1080,raygs,triangles,1,off,0,on,-4
1781754694077417488,2007.81,826.802,1.20948,1.14794,1.13734,0.031104,0.08976,0.016384,0.18944,0.810656,0.037432,1244819,1244819,415283,33.3609,1920,1080,raygs,triangles,1,off,0,on,-4
1781754694078587309,2008.98,826.117,1.21048,1.14819,1.13661,0.030336,0.089312,0.016384,0.189568,0.811008,0.039345,1244819,1244819,415283,33.3609,1920,1080,raygs,triangles,1,off,0,on,-4
1781754694079741477,2010.13,826.522,1.20989,1.14701,1.13379,0.030176,0.088832,0.01536,0.18944,0.809984,0.035082,1244819,1244819,415283,33.3609,1920,1080,raygs,triangles,1,off,0,on,-4
1781754694080910175,2011.3,826.784,1.20951,1.14829,1.1343,0.029408,0.089248,0.016224,0.18944,0.809984,0.036521,1244819,1244819,415283,33.3609,1920,1080,raygs,triangles,1,off,0,on,-4
1781754694082080956,2012.47,827.012,1.20917,1.14771,1.13555,0.030336,0.08944,0.016384,0.188416,0.810976,0.034571,1244819,1244819,415283,33.3609,1920,1080,raygs,triangles,1,off,0,on,-4
1781754694083256529,2013.65,827.3,1.20875,1.14832,1.13408,0.030432,0.089152,0.01536,0.188416,0.81072,0.035142,1244819,1244819,415283,33.3609,1920,1080,raygs,triangles,1,off,0,on,-4
1781754694084428715,2014.82,827.936,1.20782,1.14858,1.13498,0.029696,0.089536,0.01632,0.18944,0.809984,0.034231,1244819,1244819,415283,33.3609,1920,1080,raygs,triangles,1,off,0,on,-4
1781754694085841768,2016.23,828.278,1.20732,1.3897,1.376,0.030432,0.088736,0.015744,0.43008,0.811008,0.03489,1244819,1244819,415283,33.3609,1920,1080,raygs,triangles,1,off,0,on,-4
1781754694087150196,2017.54,825.799,1.21095,1.28762,1.27466,0.030496,0.089024,0.016384,0.327808,0.810944,0.03417,1244819,1244819,415283,33.3609,1920,1080,raygs,triangles,1,off,0,on,-4
1781754694088346814,2018.74,823.709,1.21402,1.14909,1.13584,0.030208,0.090048,0.016128,0.188448,0.811008,0.035728,1244819,1244819,415283,33.3609,1920,1080,raygs,triangles,1,off,0,on,-4
1781754694089516455,2019.91,823.809,1.21387,1.14659,1.13427,0.029792,0.0896,0.016384,0.187488,0.811008,0.035955,1244819,1244819,415283,33.3609,1920,1080,raygs,triangles,1,off,0,on,-4
1781754694090681885,2021.07,823.763,1.21394,1.14544,1.1337,0.029632,0.08928,0.016384,0.187392,0.811008,0.035709,1244819,1244819,415283,33.3609,1920,1080,raygs,triangles,1,off,0,on,-4
1781754694091858443,2022.25,823.681,1.21406,1.14781,1.13555,0.030976,0.089792,0.016384,0.187392,0.811008,0.03966,1244819,1244819,415283,33.3609,1920,1080,raygs,triangles,1,off,0,on,-4
1781754694093035601,2023.43,826.779,1.20951,1.14749,1.13635,0.030752,0.089664,0.016384,0.188768,0.810784,0.036539,1244819,1244819,415283,33.3609,1920,1080,raygs,triangles,1,off,0,on,-4
1781754694094323416,2024.71,828.002,1.20773,1.1463,1.13245,0.029504,0.089312,0.016256,0.187392,0.809984,0.035738,1244819,1244819,415283,33.3609,1920,1080,raygs,triangles,1,off,0,on,-4
1781754694095490665,2025.88,826.549,1.20985,1.14832,1.13725,0.030976,0.08944,0.016384,0.18944,0.811008,0.0355,1244819,1244819,415283,33.3609,1920,1080,raygs,triangles,1,off,0,on,-4
1781754694096662346,2027.05,826.65,1.2097,1.14922,1.13741,0.030336,0.089056,0.016384,0.189792,0.81184,0.035075,1244819,1244819,415283,33.3609,1920,1080,raygs,triangles,1,off,0,on,-4
1781754694097834080,2028.23,826.712,1.20961,1.14717,1.13437,0.030304,0.08928,0.016384,0.188416,0.809984,0.035078,1244819,1244819,415283,33.3609,1920,1080,raygs,triangles,1,off,0,on,-4
1781754694099011834,2029.4,826.619,1.20975,1.14992,1.13744,0.030016,0.089568,0.016384,0.190464,0.811008,0.035344,1244819,1244819,415283,33.3609,1920,1080,raygs,triangles,1,off,0,on,-4
1781754694100220615,2030.61,826.766,1.20953,1.14755,1.13558,0.029728,0.089472,0.016384,0.18944,0.81056,0.04489,1244819,1244819,415283,33.3609,1920,1080,raygs,triangles,1,off,0,on,-4
1781754694101372011,2031.76,827.567,1.20836,1.14672,1.13456,0.030304,0.089472,0.016384,0.187392,0.811008,0.036136,1244819,1244819,415283,33.3609,1920,1080,raygs,triangles,1,off,0,on,-4
1781754694102722954,2033.11,827.927,1.20784,1.38048,1.36794,0.030176,0.089408,0.016384,0.421056,0.810912,0.029958,1244819,1244819,415283,33.3609,1920,1080,raygs,triangles,1,off,0,on,-4
1781754694103965348,2034.36,825.629,1.2112,1.28835,1.27418,0.030208,0.088992,0.01536,0.328704,0.810912,0.017794,1244819,1244819,415283,33.3609,1920,1080,raygs,triangles,1,off,0,on,-4
1781754694105172284,2035.56,825.298,1.21168,1.1463,1.13315,0.029984,0.089408,0.01536,0.187392,0.811008,0.061333,1244819,1244819,415283,33.3609,1920,1080,raygs,triangles,1,off,0,on,-4
1781754694106301154,2036.69,824.951,1.21219,1.14614,1.13517,0.03056,0.089824,0.016384,0.187392,0.811008,0.019369,1244819,1244819,415283,33.3609,1920,1080,raygs,triangles,1,off,0,on,-4
1781754694107483047,2037.87,825.313,1.21166,1.14685,1.1343,0.030048,0.089472,0.016384,0.188416,0.809984,0.026667,1244819,1244819,415283,33.3609,1920,1080,raygs,triangles,1,off,0,on,-4
1781754694108648994,2039.04,825.275,1.21172,1.1479,1.13552,0.030208,0.089728,0.016384,0.188416,0.810784,0.02622,1244819,1244819,415283,33.3609,1920,1080,raygs,triangles,1,off,0,on,-4
1781754694109829886,2040.22,828.145,1.20752,1.14803,1.1336,0.030208,0.088928,0.01536,0.188416,0.810688,0.026706,1244819,1244819,415283,33.3609,1920,1080,raygs,triangles,1,off,0,on,-4
1781754694111106015,2041.5,829.668,1.2053,1.1473,1.1345,0.030496,0.089216,0.016384,0.188416,0.809984,0.02509,1244819,1244819,415283,33.3609,1920,1080,raygs,triangles,1,off,0,on,-4
1781754694112328387,2042.72,828.38,1.20718,1.14746,1.13421,0.030656,0.089792,0.01536,0.187392,0.811008,0.059729,1244819,1244819,415283,33.3609,1920,1080,raygs,triangles,1,off,0,on,-4
1781754694113453506,2043.84,827.86,1.20793,1.14864,1.1361,0.02976,0.089472,0.016416,0.18944,0.811008,0.019955,1244819,1244819,415283,33.3609,1920,1080,raygs,triangles,1,off,0,on,-4
1781754694114629709,2045.02,828.199,1.20744,1.14822,1.13616,0.030304,0.089888,0.016384,0.188768,0.810816,0.025552,1244819,1244819,415283,33.3609,1920,1080,raygs,triangles,1,off,0,on,-4
1781754694115849804,2046.24,828.102,1.20758,1.14678,1.13514,0.029984,0.089344,0.016384,0.188416,0.811008,0.052471,1244819,1244819,415283,33.3609,1920,1080,raygs,triangles,1,off,0,on,-4
1781754694116977912,2047.37,829.058,1.20619,1.15056,1.13766,0.030656,0.089152,0.01536,0.191488,0.811008,0.015106,1244819,1244819,415283,33.3609,1920,1080,raygs,triangles,1,off,0,on,-4
1781754694118187862,2048.58,829.527,1.20551,1.14938,1.13728,0.030112,0.089312,0.016384,0.190464,0.811008,0.048858,1244819,1244819,415283,33.3609,1920,1080,raygs,triangles,1,off,0,on,-4
1781754694119559828,2049.95,829.225,1.20595,1.38189,1.3695,0.030624,0.089504,0.015744,0.422912,0.81072,0.019762,1244819,1244819,415283,33.3609,1920,1080,raygs,triangles,1,off,0,on,-4
1781754694120878594,2051.27,826.923,1.2093,1.29037,1.27824,0.030336,0.08976,0.016384,0.331776,0.809984,0.025471,1244819,1244819,415283,33.3609,1920,1080,raygs,triangles,1,off,0,on,-4
1781754694122048900,2052.44,825.388,1.21155,1.1473,1.13526,0.029472,0.08928,0.016384,0.188416,0.811712,0.025908,1244819,1244819,415283,33.3609,1920,1080,raygs,triangles,1,off,0,on,-4
1781754694123230732,2053.62,825.394,1.21154,1.14669,1.13558,0.030304,0.089472,0.016384,0.188416,0.811008,0.026242,1244819,1244819,415283,33.3609,1920,1080,raygs,triangles,1,off,0,on,-4
1781754694124399821,2054.79,825.306,1.21167,1.14739,1.13437,0.029536,0.089216,0.016384,0.188416,0.810816,0.0256,1244819,1244819,415283,33.3609,1920,1080,raygs,triangles,1,off,0,on,-4
1781754694125609809,2056,828.101,1.20758,1.14794,1.13622,0.03008,0.089312,0.016384,0.18944,0.811008,0.05072,1244819,1244819,415283,33.3609,1920,1080,raygs,triangles,1,off,0,on,-4
1781754694126916579,2057.31,827.652,1.20824,1.14736,1.13312,0.030528,0.08912,0.01536,0.187392,0.81072,0.046677,1244819,1244819,415283,33.3609,1920,1080,raygs,triangles,1,off,0,on,-4
1781754694128038724,2058.43,826.602,1.20977,1.14912,1.13715,0.031264,0.09008,0.016384,0.188416,0.811008,0.015676,1244819,1244819,415283,33.3609,1920,1080,raygs,triangles,1,off,0,on,-4
1781754694129271127,2059.66,827.113,1.20902,1.14938,1.13754,0.030496,0.08976,0.016384,0.189888,0.811008,0.065054,1244819,1244819,415283,33.3609,1920,1080,raygs,triangles,1,off,0,on,-4
1781754694130431587,2060.82,826.723,1.20959,1.14726,1.13613,0.030432,0.089888,0.016384,0.188576,0.810848,0.041288,1244819,1244819,415283,33.3609,1920,1080,raygs,triangles,1,off,0,on,-4
1781754694131570122,2061.96,826.61,1.20976,1.14637,1.13414,0.03056,0.088992,0.016288,0.187392,0.810912,0.017633,1244819,1244819,415283,33.3609,1920,1080,raygs,triangles,1,off,0,on,-4
1781754694132800723,2063.19,826.369,1.21011,1.14864,1.13782,0.030816,0.090176,0.016384,0.18944,0.811008,0.053285,1244819,1244819,415283,33.3609,1920,1080,raygs,triangles,1,off,0,on,-4
1781754694133908461,2064.3,828.553,1.20692,1.14669,1.1336,0.030144,0.08864,0.01536,0.188608,0.810848,0.015895,1244819,1244819,415283,33.3609,1920,1080,raygs,triangles,1,off,0,on,-4
1781754694135311794,2065.7,828.239,1.20738,1.34205,1.32864,0.029632,0.089664,0.016384,0.381952,0.811008,0.050026,1244819,1244819,415283,33.3609,1920,1080,raygs,triangles,1,off,0,on,-4
1781754694136632471,2067.02,825.409,1.21152,1.28461,1.27174,0.02944,0.08928,0.016384,0.326656,0.809984,0.053335,1244819,1244819,415283,33.3609,1920,1080,raygs,triangles,1,off,0,on,-4
1781754694137763296,2068.15,824.171,1.21334,1.14717,1.13504,0.03008,0.090176,0.016384,0.187392,0.811008,0.021948,1244819,1244819,415283,33.3609,1920,1080,raygs,triangles,1,off,0,on,-4
1781754694139012335,2069.4,824.216,1.21327,1.14682,1.13414,0.030144,0.089504,0.016384,0.187392,0.81072,0.074141,1244819,1244819,415283,33.3609,1920,1080,raygs,triangles,1,off,0,on,-4
1781754694140183057,2070.57,823.805,1.21388,1.14829,1.13523,0.029408,0.090016,0.016384,0.18944,0.809984,0.028346,1244819,1244819,415283,33.3609,1920,1080,raygs,triangles,1,off,0,on,-4
1781754694141319196,2071.71,823.88,1.21377,1.14778,1.13427,0.02992,0.089568,0.016384,0.188416,0.809984,0.041793,1244819,1244819,415283,33.3609,1920,1080,raygs,triangles,1,off,0,on,-4
1781754694142453945,2072.85,826.447,1.21,1.14739,1.13376,0.03056,0.0896,0.01536,0.187392,0.810848,0.014842,1244819,1244819,415283,33.3609,1920,1080,raygs,triangles,1,off,0,on,-4
1781754694143783284,2074.17,828.44,1.20709,1.14739,1.13523,0.030144,0.089344,0.01632,0.187776,0.811648,0.054045,1244819,1244819,415283,33.3609,1920,1080,raygs,triangles,1,off,0,on,-4
1781754694144903293,2075.29,826.368,1.21011,1.14851,1.13642,0.031264,0.089344,0.016384,0.188416,0.811008,0.015479,1244819,1244819,415283,33.3609,1920,1080,raygs,triangles,1,off,0,on,-4
1781754694146207292,2076.6,826.938,1.20928,1.14998,1.13651,0.030144,0.088864,0.016384,0.18944,0.81168,0.028046,1244819,1244819,415283,33.3609,1920,1080,raygs,triangles,1,off,0,on,-4
1781754694147388005,2077.78,825.789,1.21096,1.15085,1.13722,0.03152,0.089888,0.01536,0.190464,0.809984,0.025598,1244819,1244819,415283,33.3609,1920,1080,raygs,triangles,1,off,0,on,-4
1781754694148763108,2079.15,826.774,1.20952,1.14717,1.13629,0.030016,0.089312,0.016384,0.189568,0.811008,0.051366,1244819,1244819,415283,33.3609,1920,1080,raygs,triangles,1,off,0,on,-4
1781754694149870286,2080.26,825.963,1.21071,1.14976,1.13661,0.030432,0.089312,0.016384,0.189664,0.810816,0.038052,1244819,1244819,415283,33.3609,1920,1080,raygs,triangles,1,off,0,on,-4
1781754694151029570,2081.42,828.626,1.20682,1.14717,1.13418,0.030368,0.088832,0.01536,0.1888,0.810816,0.035271,1244819,1244819,415283,33.3609,1920,1080,raygs,triangles,1,off,0,on,-4
1781754694152374870,2082.77,828.295,1.2073,1.14454,1.1328,0.029792,0.088576,0.016384,0.187392,0.810656,0.035632,1244819,1244819,415283,33.3609,1920,1080,raygs,triangles,1,off,0,on,-4
1781754694153670390,2084.06,825.979,1.21068,1.15165,1.13651,0.034848,0.088448,0.01584,0.186368,0.811008,0.035048,1244819,1244819,415283,33.3609,1920,1080,raygs,triangles,1,off,0,on,-4
1781754694154843791,2085.24,824.634,1.21266,1.14922,1.13523,0.031776,0.089632,0.01536,0.187456,0.811008,0.034647,1244819,1244819,415283,33.3609,1920,1080,raygs,triangles,1,off,0,on,-4
1781754694156016185,2086.41,824.638,1.21265,1.14573,1.13504,0.029952,0.08976,0.016384,0.187392,0.811552,0.034764,1244819,1244819,415283,33.3609,1920,1080,raygs,triangles,1,off,0,on,-4
1781754694157186342,2087.58,824.716,1.21254,1.14614,1.13251,0.03008,0.089536,0.01552,0.187392,0.809984,0.034465,1244819,1244819,415283,33.3609,1920,1080,raygs,triangles,1,off,0,on,-4
1781754694158384693,2088.78,824.588,1.21273,1.17104,1.15901,0.030656,0.088992,0.016384,0.212992,0.809984,0.03446,1244819,1244819,415283,33.3609,1920,1080,raygs,triangles,1,off,0,on,-4
1781754694159562081,2089.95,827.103,1.20904,1.14832,1.1361,0.030496,0.089792,0.016384,0.18944,0.809984,0.036588,1244819,1244819,415283,33.3609,1920,1080,raygs,triangles,1,off,0,on,-4
1781754694160848805,2091.24,828.534,1.20695,1.14749,1.13558,0.030656,0.089152,0.016352,0.18944,0.809984,0.036631,1244819,1244819,415283,33.3609,1920,1080,raygs,triangles,1,off,0,on,-4
1781754694162017549,2092.41,827.596,1.20832,1.14896,1.1375,0.031232,0.08976,0.016384,0.18944,0.810688,0.034315,1244819,1244819,415283,33.3609,1920,1080,raygs,triangles,1,off,0,on,-4
1781754694163188798,2093.58,827.592,1.20832,1.14717,1.13366,0.030336,0.088992,0.01536,0.188416,0.81056,0.034637,1244819,1244819,415283,33.3609,1920,1080,raygs,triangles,1,off,0,on,-4
1781754694164298863,2094.69,827.543,1.2084,1.14717,1.1343,0.030368,0.089024,0.015488,0.188416,0.811008,0.029954,1244819,1244819,415283,33.3609,1920,1080,raygs,triangles,1,off,0,on,-4
1781754694165430422,2095.82,828.552,1.20692,1.14733,1.13395,0.029504,0.089664,0.01536,0.188416,0.811008,0.017983,1244819,1244819,415283,33.3609,1920,1080,raygs,triangles,1,off,0,on,-4
1781754694166599575,2096.99,828.978,1.2063,1.14688,1.13418,0.030048,0.088672,0.01536,0.18944,0.810656,0.026484,1244819,1244819,415283,33.3609,1920,1080,raygs,triangles,1,off,0,on,-4
1781754694167769801,2098.16,830.208,1.20452,1.1488,1.13517,0.02992,0.0896,0.016192,0.189472,0.809984,0.026519,1244819,1244819,415283,33.3609,1920,1080,raygs,triangles,1,off,0,on,-4
1781754694169214580,2099.61,830.134,1.20463,1.38899,1.37622,0.030496,0.08928,0.016384,0.43008,0.809984,0.03938,1244819,1244819,415283,33.3609,1920,1080,raygs,triangles,1,off,0,on,-4
1781754694170485382,2100.88,827.271,1.20879,1.28816,1.27373,0.030048,0.089856,0.01536,0.32768,0.810784,0.016164,1244819,1244819,415283,33.3609,1920,1080,raygs,triangles,1,off,0,on,-4
1781754694171662407,2102.05,826.01,1.21064,1.14819,1.13536,0.030464,0.089856,0.015616,0.188416,0.811008,0.025257,1244819,1244819,415283,33.3609,1920,1080,raygs,triangles,1,off,0,on,-4
1781754694172832950,2103.22,825.924,1.21077,1.14637,1.13354,0.029568,0.089312,0.016384,0.187392,0.81088,0.02559,1244819,1244819,415283,33.3609,1920,1080,raygs,triangles,1,off,0,on,-4
1781754694174006872,2104.4,826.435,1.21002,1.14749,1.13549,0.029632,0.089472,0.016384,0.18944,0.81056,0.025212,1244819,1244819,415283,33.3609,1920,1080,raygs,triangles,1,off,0,on,-4
1781754694175177414,2105.57,826.083,1.21053,1.14701,1.13581,0.030176,0.089824,0.016384,0.188416,0.811008,0.02889,1244819,1244819,415283,33.3609,1920,1080,raygs,triangles,1,off,0,on,-4
1781754694176358923,2106.75,828.648,1.20679,1.14851,1.13443,0.029664,0.089856,0.015744,0.188416,0.810752,0.027779,1244819,1244819,415283,33.3609,1920,1080,raygs,triangles,1,off,0,on,-4
1781754694177640629,2108.03,828.8,1.20656,1.14864,1.13523,0.030816,0.089632,0.01536,0.18944,0.809984,0.025006,1244819,1244819,415283,33.3609,1920,1080,raygs,triangles,1,off,0,on,-4
1781754694178811278,2109.2,827.759,1.20808,1.14934,1.13706,0.031008,0.08944,0.016384,0.18944,0.810784,0.023914,1244819,1244819,415283,33.3609,1920,1080,raygs,triangles,1,off,0,on,-4
1781754694179989065,2110.38,827.34,1.20869,1.14794,1.13536,0.030048,0.089504,0.016384,0.18944,0.809984,0.02521,1244819,1244819,415283,33.3609,1920,1080,raygs,triangles,1,off,0,on,-4
1781754694181162317,2111.55,827.485,1.20848,1.14749,1.1361,0.029632,0.089632,0.016384,0.18944,0.811008,0.02892,1244819,1244819,415283,33.3609,1920,1080,raygs,triangles,1,off,0,on,-4
1781754694182405354,2112.8,827.363,1.20866,1.14787,1.13648,0.030208,0.089792,0.016384,0.18944,0.810656,0.041075,1244819,1244819,415283,33.3609,1920,1080,raygs,triangles,1,off,0,on,-4
1781754694183514071,2113.91,826.832,1.20944,1.14851,1.13501,0.030688,0.089536,0.01536,0.18944,0.809984,0.017123,1244819,1244819,415283,33.3609,1920,1080,raygs,triangles,1,off,0,on,-4
1781754694184688436,2115.08,828.528,1.20696,1.14669,1.13366,0.03024,0.08864,0.016384,0.188416,0.809984,0.025663,1244819,1244819,415283,33.3609,1920,1080,raygs,triangles,1,off,0,on,-4
1781754694186095449,2116.49,828.923,1.20638,1.38544,1.37171,0.030304,0.09008,0.01536,0.42496,0.811008,0.024896,1244819,1244819,415283,33.3609,1920,1080,raygs,triangles,1,off,0,on,-4
1781754694187413364,2117.8,825.932,1.21075,1.28659,1.27267,0.030496,0.088992,0.01536,0.328,0.809824,0.026237,1244819,1244819,415283,33.3609,1920,1080,raygs,triangles,1,off,0,on,-4
1781754694188583789,2118.98,824.322,1.21312,1.14909,1.13712,0.030528,0.089664,0.016384,0.189536,0.811008,0.024647,1244819,1244819,415283,33.3609,1920,1080,raygs,triangles,1,off,0,on,-4
1781754694189938348,2120.33,824.675,1.2126,1.14701,1.13488,0.030272,0.0888,0.016384,0.188416,0.811008,0.049661,1244819,1244819,415283,33.3609,1920,1080,raygs,triangles,1,off,0,on,-4
1781754694191066425,2121.46,822.141,1.21634,1.14717,1.13306,0.030336,0.089088,0.01536,0.187392,0.81088,0.035432,1244819,1244819,415283,33.3609,1920,1080,raygs,triangles,1,off,0,on,-4
1781754694192233031,2122.62,822.991,1.21508,1.14669,1.13312,0.029888,0.089728,0.016384,0.186368,0.810752,0.034888,1244819,1244819,415283,33.3609,1920,1080,raygs,triangles,1,off,0,on,-4
1781754694193363267,2123.75,825.449,1.21146,1.14762,1.13648,0.030336,0.089312,0.016384,0.18944,0.811008,0.034079,1244819,1244819,415283,33.3609,1920,1080,raygs,triangles,1,off,0,on,-4
1781754694194585421,2124.98,827.711,1.20815,1.14858,1.13434,0.030656,0.088896,0.01536,0.188416,0.811008,0.016775,1244819,1244819,415283,33.3609,1920,1080,raygs,triangles,1,off,0,on,-4
1781754694195761768,2126.15,827.292,1.20876,1.14906,1.13597,0.0312,0.089248,0.016384,0.188416,0.81072,0.028951,1244819,1244819,415283,33.3609,1920,1080,raygs,triangles,1,off,0,on,-4
1781754694196961263,2127.35,827.21,1.20888,1.1488,1.13488,0.029952,0.088768,0.015712,0.18944,0.811008,0.050393,1244819,1244819,415283,33.3609,1920,1080,raygs,triangles,1,off,0,on,-4
1781754694198145252,2128.54,827.014,1.20917,1.14922,1.13581,0.030336,0.089504,0.01552,0.189536,0.810912,0.045112,1244819,1244819,415283,33.3609,1920,1080,raygs,triangles,1,off,0,on,-4
1781754694199271808,2129.66,827.206,1.20889,1.14723,1.13539,0.029408,0.089152,0.016384,0.18944,0.811008,0.015822,1244819,1244819,415283,33.3609,1920,1080,raygs,triangles,1,off,0,on,-4
1781754694200451523,2130.84,829.131,1.20608,1.14733,1.13331,0.030496,0.089056,0.01536,0.188416,0.809984,0.025507,1244819,1244819,415283,33.3609,1920,1080,raygs,triangles,1,off,0,on,-4
1781754694201656137,2132.05,828.428,1.20711,1.14867,1.13741,0.029792,0.08976,0.016384,0.190464,0.811008,0.05423,1244819,1244819,415283,33.3609,1920,1080,raygs,triangles,1,off,0,on,-4
1781754694203075448,2133.47,828.928,1.20638,1.38656,1.37389,0.030112,0.08976,0.016224,0.427008,0.810784,0.042664,1244819,1244819,415283,33.3609,1920,1080,raygs,triangles,1,off,0,on,-4
1781754694204402780,2134.79,825.907,1.21079,1.28704,1.2745,0.030048,0.089376,0.01536,0.328704,0.811008,0.041278,1244819,1244819,415283,33.3609,1920,1080,raygs,triangles,1,off,0,on,-4
1781754694205513414,2135.9,824.033,1.21354,1.14954,1.13731,0.030656,0.090848,0.016384,0.188416,0.811008,0.014872,1244819,1244819,415283,33.3609,1920,1080,raygs,triangles,1,off,0,on,-4
1781754694206697721,2137.09,824.975,1.21216,1.14698,1.13466,0.030176,0.089696,0.016384,0.188416,0.809984,0.028319,1244819,1244819,415283,33.3609,1920,1080,raygs,triangles,1,off,0,on,-4
1781754694207926196,2138.32,823.825,1.21385,1.14778,1.13501,0.030208,0.090016,0.01536,0.188416,0.811008,0.067305,1244819,1244819,415283,33.3609,1920,1080,raygs,triangles,1,off,0,on,-4
1781754694209080397,2139.47,826.284,1.21024,1.14646,1.13539,0.029632,0.089312,0.016384,0.18944,0.810624,0.051852,1244819,1244819,415283,33.3609,1920,1080,raygs,triangles,1,off,0,on,-4
1781754694210391550,2140.78,828.219,1.20741,1.14714,1.13248,0.030304,0.08896,0.01536,0.187872,0.809984,0.031413,1244819,1244819,415283,33.3609,1920,1080,raygs,triangles,1,off,0,on,-4
1781754694211485188,2141.88,826.267,1.21026,1.1495,1.13734,0.031072,0.08944,0.016384,0.18944,0.811008,0.014304,1244819,1244819,415283,33.3609,1920,1080,raygs,triangles,1,off,0,on,-4
1781754694212678864,2143.07,827.806,1.20801,1.14701,1.13482,0.030336,0.088768,0.016384,0.188416,0.810912,0.026405,1244819,1244819,415283,33.3609,1920,1080,raygs,triangles,1,off,0,on,-4
1781754694213900710,2144.29,827.544,1.20839,1.1463,1.13408,0.030496,0.08912,0.016384,0.187392,0.810688,0.055393,1244819,1244819,415283,33.3609,1920,1080,raygs,triangles,1,off,0,on,-4
1781754694215010719,2145.4,826.644,1.20971,1.14621,1.13226,0.0304,0.08912,0.01536,0.187392,0.809984,0.014772,1244819,1244819,415283,33.3609,1920,1080,raygs,triangles,1,off,0,on,-4
1781754694216228003,2146.62,826.95,1.20926,1.14662,1.13501,0.029792,0.089408,0.016384,0.18944,0.809984,0.053656,1244819,1244819,415283,33.3609,1920,1080,raygs,triangles,1,off,0,on,-4
1781754694217370614,2147.76,828.257,1.20735,1.14851,1.13453,0.030048,0.08976,0.01536,0.1888,0.81056,0.015777,1244819,1244819,415283,33.3609,1920,1080,raygs,triangles,1,off,0,on,-4
1781754694218966375,2149.36,827.931,1.20783,1.33677,1.32314,0.030112,0.088992,0.01536,0.377856,0.810816,0.052736,1244819,1244819,415283,33.3609,1920,1080,raygs,triangles,1,off,0,on,-4
1781754694220244548,2150.64,824.253,1.21322,1.3607,1.34915,0.030336,0.090016,0.016384,0.401408,0.811008,0.035502,1244819,1244819,415283,33.3609,1920,1080,raygs,triangles,1,off,0,on,-4
1781754694221408333,2151.8,823.361,1.21453,1.14787,1.13411,0.030016,0.089568,0.016384,0.187392,0.810752,0.035071,1244819,1244819,415283,33.3609,1920,1080,raygs,triangles,1,off,0,on,-4
1781754694222572359,2152.96,826.68,1.20966,1.14746,1.13437,0.029632,0.089856,0.01536,0.187584,0.811936,0.034385,1244819,1244819,415283,33.3609,1920,1080,raygs,triangles,1,off,0,on,-4
1781754694223743737,2154.14,825.317,1.21166,1.14803,1.13645,0.030208,0.089888,0.016384,0.188416,0.811552,0.034793,1244819,1244819,415283,33.3609,1920,1080,raygs,triangles,1,off,0,on,-4
1781754694224917687,2155.31,825.155,1.21189,1.14749,1.13514,0.030176,0.089152,0.016384,0.188416,0.811008,0.034831,1244819,1244819,415283,33.3609,1920,1080,raygs,triangles,1,off,0,on,-4
1781754694226095896,2156.49,827.211,1.20888,1.14582,1.13341,0.030144,0.0888,0.016384,0.187392,0.810688,0.035395,1244819,1244819,415283,33.3609,1920,1080,raygs,triangles,1,off,0,on,-4
1781754694227331990,2157.72,828.308,1.20728,1.14819,1.13494,0.030336,0.089472,0.015712,0.18944,0.809984,0.030189,1244819,1244819,415283,33.3609,1920,1080,raygs,triangles,1,off,0,on,-4
1781754694228448733,2158.84,827.966,1.20778,1.14851,1.13702,0.030688,0.089504,0.016384,0.18944,0.811008,0.0172,1244819,1244819,415283,33.3609,1920,1080,raygs,triangles,1,off,0,on,-4
1781754694229642973,2160.03,828.441,1.20709,1.14659,1.13517,0.029792,0.089568,0.017408,0.188416,0.809984,0.037704,1244819,1244819,415283,33.3609,1920,1080,raygs,triangles,1,off,0,on,-4
1781754694230793558,2161.18,828.437,1.20709,1.14534,1.13315,0.030112,0.08928,0.016384,0.187392,0.809984,0.020309,1244819,1244819,415283,33.3609,1920,1080,raygs,triangles,1,off,0,on,-4
1781754694231970967,2162.36,828.728,1.20667,1.14637,1.13296,0.030272,0.089216,0.016384,0.186368,0.81072,0.028029,1244819,1244819,415283,33.3609,1920,1080,raygs,triangles,1,off,0,on,-4
1781754694233156907,2163.55,828.831,1.20652,1.14778,1.13565,0.031552,0.089312,0.016384,0.188416,0.809984,0.034315,1244819,1244819,415283,33.3609,1920,1080,raygs,triangles,1,off,0,on,-4
1781754694234313348,2164.7,829.957,1.20488,1.14717,1.13514,0.030336,0.090048,0.016384,0.187392,0.810976,0.019948,1244819,1244819,415283,33.3609,1920,1080,raygs,triangles,1,off,0,on,-4
1781754694235742074,2166.13,830.023,1.20479,1.38355,1.3705,0.0312,0.088992,0.01536,0.423936,0.811008,0.032673,1244819,1244819,415283,33.3609,1920,1080,raygs,triangles,1,off,0,on,-4
1781754694237037634,2167.43,827.127,1.209,1.28784,1.27408,0.0304,0.089696,0.015648,0.32768,0.810656,0.02171,1244819,1244819,415283,33.3609,1920,1080,raygs,triangles,1,off,0,on,-4
1781754694238223556,2168.61,824.72,1.21253,1.14733,1.1345,0.030528,0.090048,0.01536,0.18768,0.81088,0.027183,1244819,1244819,415283,33.3609,1920,1080,raygs,triangles,1,off,0,on,-4
1781754694239389085,2169.78,824.282,1.21318,1.14518,1.13341,0.0304,0.090176,0.016384,0.18544,0.811008,0.026687,1244819,1244819,415283,33.3609,1920,1080,raygs,triangles,1,off,0,on,-4
1781754694240561911,2170.95,824.34,1.21309,1.1481,1.13437,0.03024,0.089632,0.016096,0.187392,0.811008,0.025441,1244819,1244819,415283,33.3609,1920,1080,raygs,triangles,1,off,0,on,-4
1781754694241755288,2172.15,824.337,1.2131,1.15958,1.1448,0.030496,0.08928,0.016384,0.198656,0.809984,0.027027,1244819,1244819,415283,33.3609,1920,1080,raygs,triangles,1,off,0,on,-4
1781754694242930806,2173.32,826.798,1.20949,1.14525,1.13322,0.028736,0.089696,0.016384,0.188416,0.809984,0.030562,1244819,1244819,415283,33.3609,1920,1080,raygs,triangles,1,off,0,on,-4
1781754694244222561,2174.61,828.24,1.20738,1.14784,1.13421,0.03104,0.089856,0.01536,0.187392,0.81056,0.029049,1244819,1244819,415283,33.3609,1920,1080,raygs,triangles,1,off,0,on,-4
1781754694245375471,2175.77,827.179,1.20893,1.1417,1.13126,0.032032,0.088512,0.015392,0.185344,0.809984,0.012329,1244819,1244819,415283,33.3609,1920,1080,raygs,triangles,1,off,0,on,-4
1781754694246595139,2176.99,827.373,1.20864,1.14592,1.13302,0.028128,0.090176,0.01632,0.188416,0.809984,0.041289,1244819,1244819,415283,33.3609,1920,1080,raygs,triangles,1,off,0,on,-4
1781754694247745009,2178.14,826.817,1.20946,1.1448,1.13254,0.027968,0.089184,0.016384,0.188416,0.810592,0.025223,1244819,1244819,415283,33.3609,1920,1080,raygs,triangles,1,off,0,on,-4
1781754694248932554,2179.32,827.036,1.20914,1.1495,1.13834,0.031648,0.089856,0.016384,0.18944,0.811008,0.027188,1244819,1244819,415283,33.3609,1920,1080,raygs,triangles,1,off,0,on,-4
1781754694250099167,2180.49,826.766,1.20953,1.14534,1.13094,0.028544,0.088704,0.01536,0.187424,0.810912,0.025836,1244819,1244819,415283,33.3609,1920,1080,raygs,triangles,1,off,0,on,-4
1781754694251277342,2181.67,828.013,1.20771,1.14698,1.13277,0.028128,0.09008,0.01616,0.188416,0.809984,0.026104,1244819,1244819,415283,33.3609,1920,1080,raygs,triangles,1,off,0,on,-4
1781754694252665218,2183.06,828.048,1.20766,1.14816,1.13578,0.03136,0.090016,0.01536,0.188416,0.810624,0.027062,1244819,1244819,415283,33.3609,1920,1080,raygs,triangles,1,off,0,on,-4
1781754694253975106,2184.37,825.525,1.21135,1.1511,1.13686,0.03568,0.089472,0.016384,0.185344,0.809984,0.027509,1244819,1244819,415283,33.3609,1920,1080,raygs,triangles,1,off,0,on,-4
1781754694255147162,2185.54,824.044,1.21353,1.14714,1.13517,0.030336,0.089024,0.016384,0.188416,0.811008,0.025978,1244819,1244819,415283,33.3609,1920,1080,raygs,triangles,1,off,0,on,-4
1781754694256317876,2186.71,824.661,1.21262,1.14582,1.1337,0.029952,0.089504,0.016672,0.186624,0.810944,0.025301,1244819,1244819,415283,33.3609,1920,1080,raygs,triangles,1,off,0,on,-4
1781754694257490322,2187.88,824.07,1.21349,1.14378,1.13254,0.029024,0.08912,0.016384,0.187392,0.810624,0.026173,1244819,1244819,415283,33.3609,1920,1080,raygs,triangles,1,off,0,on,-4
1781754694258669927,2189.06,824.147,1.21338,1.14774,1.13469,0.031648,0.090304,0.016384,0.186368,0.809984,0.025888,1244819,1244819,415283,33.3609,1920,1080,raygs,triangles,1,off,0,on,-4
1781754694259843174,2190.23,826.673,1.20967,1.14659,1.13187,0.02976,0.089376,0.01536,0.187392,0.809984,0.028621,1244819,1244819,415283,33.3609,1920,1080,raygs,triangles,1,off,0,on,-4
1781754694261139023,2191.53,828.261,1.20735,1.14614,1.13469,0.030336,0.090016,0.016288,0.187392,0.810656,0.028336,1244819,1244819,415283,33.3609,1920,1080,raygs,triangles,1,off,0,on,-4
1781754694262311041,2192.7,827.179,1.20893,1.14234,1.13219,0.030624,0.087648,0.01536,0.18784,0.81072,0.012779,1244819,1244819,415283,33.3609,1920,1080,raygs,triangles,1,off,0,on,-4
1781754694263520093,2193.91,829.124,1.20609,1.14778,1.1352,0.031136,0.089664,0.016224,0.187392,0.810784,0.043153,1244819,1244819,415283,33.3609,1920,1080,raygs,triangles,1,off,0,on,-4
1781754694264672745,2195.06,828.388,1.20716,1.14765,1.13482,0.029824,0.089504,0.016384,0.188416,0.810688,0.027589,1244819,1244819,415283,33.3609,1920,1080,raygs,triangles,1,off,0,on,-4
1781754694265853903,2196.25,828.331,1.20725,1.14685,1.13453,0.02992,0.089824,0.016384,0.187392,0.811008,0.027779,1244819,1244819,415283,33.3609,1920,1080,raygs,triangles,1,off,0,on,-4
1781754694267025765,2197.42,827.654,1.20823,1.14685,1.13274,0.030016,0.08896,0.01536,0.188416,0.809984,0.027325,1244819,1244819,415283,33.3609,1920,1080,raygs,triangles,1,off,0,on,-4
1781754694268202043,2198.59,828.283,1.20732,1.14637,1.13258,0.029536,0.08928,0.016384,0.187392,0.809984,0.029098,1244819,1244819,415283,33.3609,1920,1080,raygs,triangles,1,off,0,on,-4
1781754694269589757,2199.98,828.174,1.20748,1.14746,1.13309,0.030624,0.0896,0.01536,0.186496,0.811008,0.026079,1244819,1244819,415283,33.3609,1920,1080,raygs,triangles,1,off,0,on,-4
1781754694270917596,2201.31,825.873,1.21084,1.14982,1.13725,0.03504,0.090368,0.016512,0.18432,0.811008,0.03689,1244819,1244819,415283,33.3609,1920,1080,raygs,triangles,1,off,0,on,-4
1781754694272065100,2202.46,824.469,1.2129,1.14842,1.13536,0.032608,0.089024,0.01536,0.187648,0.81072,0.017505,1244819,1244819,415283,33.3609,1920,1080,raygs,triangles,1,off,0,on,-4
1781754694273243640,2203.63,824.187,1.21332,1.14989,1.13574,0.03104,0.08992,0.016384,0.187392,0.811008,0.025738,1244819,1244819,415283,33.3609,1920,1080,raygs,triangles,1,off,0,on,-4
1781754694274428344,2204.82,824.369,1.21305,1.14662,1.13216,0.029792,0.08976,0.01536,0.186368,0.81088,0.0264,1244819,1244819,415283,33.3609,1920,1080,raygs,triangles,1,off,0,on,-4
1781754694275605466,2206,824.349,1.21308,1.14598,1.13328,0.030208,0.089024,0.015712,0.187392,0.810944,0.029063,1244819,1244819,415283,33.3609,1920,1080,raygs,triangles,1,off,0,on,-4
1781754694276785538,2207.18,827.111,1.20903,1.14493,1.13373,0.030176,0.089824,0.016384,0.186368,0.810976,0.030836,1244819,1244819,415283,33.3609,1920,1080,raygs,triangles,1,off,0,on,-4
1781754694278068981,2208.46,828.768,1.20661,1.14746,1.1336,0.030336,0.089248,0.015616,0.188416,0.809984,0.027315,1244819,1244819,415283,33.3609,1920,1080,raygs,triangles,1,off,0,on,-4
1781754694279223662,2209.61,827.2,1.2089,1.13952,1.12886,0.030912,0.087264,0.01536,0.18432,0.811008,0.012853,1244819,1244819,415283,33.3609,1920,1080,raygs,triangles,1,off,0,on,-4
1781754694280440047,2210.83,827.878,1.20791,1.1489,1.13578,0.030336,0.089632,0.016384,0.18944,0.809984,0.041667,1244819,1244819,415283,33.3609,1920,1080,raygs,triangles,1,off,0,on,-4
1781754694281592768,2211.98,827.371,1.20865,1.14672,1.13462,0.030048,0.088768,0.016384,0.188416,0.811008,0.025409,1244819,1244819,415283,33.3609,1920,1080,raygs,triangles,1,off,0,on,-4
1781754694282770774,2213.16,827.181,1.20892,1.14765,1.13309,0.029792,0.08944,0.01536,0.18784,0.810656,0.02699,1244819,1244819,415283,33.3609,1920,1080,raygs,triangles,1,off,0,on,-4
1781754694283945184,2214.34,828.704,1.2067,1.14755,1.13558,0.030368,0.09024,0.016384,0.187744,0.810848,0.026139,1244819,1244819,415283,33.3609,1920,1080,raygs,triangles,1,off,0,on,-4
1781754694285332692,2215.72,827.91,1.20786,1.14986,1.13632,0.029952,0.090528,0.016416,0.18944,0.809984,0.026701,1244819,1244819,415283,33.3609,1920,1080,raygs,triangles,1,off,0,on,-4
1781754694286629916,2217.02,825.71,1.21108,1.15014,1.1375,0.034368,0.090272,0.016384,0.185472,0.811008,0.025611,1244819,1244819,415283,33.3609,1920,1080,raygs,triangles,1,off,0,on,-4
1781754694287803304,2218.19,824.762,1.21247,1.14723,1.13498,0.0304,0.090016,0.016384,0.187392,0.810784,0.026774,1244819,1244819,415283,33.3609,1920,1080,raygs,triangles,1,off,0,on,-4
1781754694288989511,2219.38,824.187,1.21332,1.14675,1.13363,0.031136,0.08976,0.016384,0.186368,0.809984,0.027305,1244819,1244819,415283,33.3609,1920,1080,raygs,triangles,1,off,0,on,-4
1781754694290153602,2220.54,824.447,1.21293,1.14374,1.13104,0.028992,0.089152,0.016384,0.18576,0.810752,0.026644,1244819,1244819,415283,33.3609,1920,1080,raygs,triangles,1,off,0,on,-4
1781754694291326207,2221.72,824.256,1.21321,1.14509,1.13306,0.028992,0.090336,0.01568,0.186368,0.81168,0.026028,1244819,1244819,415283,33.3609,1920,1080,raygs,triangles,1,off,0,on,-4
1781754694292504466,2222.9,829.482,1.20557,1.14717,1.1359,0.030336,0.090112,0.016384,0.187392,0.81168,0.026165,1244819,1244819,415283,33.3609,1920,1080,raygs,triangles,1,off,0,on,-4
1781754694293703296,2224.09,830.396,1.20425,1.14787,1.13603,0.030976,0.089632,0.016384,0.187392,0.811648,0.035259,1244819,1244819,415283,33.3609,1920,1080,raygs,triangles,1,off,0,on,-4
1781754694294997485,2225.39,830.153,1.2046,1.27734,1.26413,0.0288,0.089472,0.016384,0.319488,0.809984,0.021093,1244819,1244819,415283,33.3609,1920,1080,raygs,triangles,1,off,0,on,-4
1781754694296162363,2226.55,828.755,1.20663,1.1409,1.13043,0.030528,0.088256,0.015296,0.185344,0.811008,0.028212,1244819,1244819,415283,33.3609,1920,1080,raygs,triangles,1,off,0,on,-4
1781754694297351980,2227.74,828.513,1.20698,1.14557,1.13344,0.029184,0.089472,0.016384,0.187392,0.811008,0.030713,1244819,1244819,415283,33.3609,1920,1080,raygs,triangles,1,off,0,on,-4
1781754694298511849,2228.9,828.59,1.20687,1.14499,1.1313,0.028192,0.089344,0.016384,0.187392,0.809984,0.028556,1244819,1244819,415283,33.3609,1920,1080,raygs,triangles,1,off,0,on,-4
1781754694299864411,2230.26,828.791,1.20658,1.14835,1.13517,0.031552,0.089856,0.016384,0.187392,0.809984,0.040464,1244819,1244819,415283,33.3609,1920,1080,raygs,triangles,1,off,0,on,-4
1781754694300984171,2231.38,827.214,1.20888,1.14989,1.1377,0.03104,0.0888,0.016384,0.190464,0.811008,0.017326,1244819,1244819,415283,33.3609,1920,1080,raygs,triangles,1,off,0,on,-4
1781754694302341823,2232.73,827.193,1.20891,1.14496,1.13203,0.029184,0.089088,0.016288,0.187488,0.809984,0.027297,1244819,1244819,415283,33.3609,1920,1080,raygs,triangles,1,off,0,on,-4
1781754694303641849,2234.03,825.111,1.21196,1.15046,1.13837,0.036256,0.089376,0.016384,0.185344,0.811008,0.027083,1244819,1244819,415283,33.3609,1920,1080,raygs,triangles,1,off,0,on,-4
1781754694305021770,2235.41,823.618,1.21416,1.1487,1.13494,0.03088,0.090432,0.016384,0.186368,0.81088,0.050264,1244819,1244819,415283,33.3609,1920,1080,raygs,triangles,1,off,0,on,-4
1781754694306136095,2236.53,821.14,1.21782,1.14614,1.132,0.030432,0.088832,0.01536,0.187392,0.809984,0.036578,1244819,1244819,415283,33.3609,1920,1080,raygs,triangles,1,off,0,on,-4
1781754694307309480,2237.7,821.941,1.21663,1.14666,1.13418,0.03088,0.089536,0.016384,0.186368,0.811008,0.036134,1244819,1244819,415283,33.3609,1920,1080,raygs,triangles,1,off,0,on,-4
1781754694308504731,2238.9,821.84,1.21678,1.16906,1.15549,0.029696,0.089408,0.016384,0.210048,0.809952,0.036068,1244819,1244819,415283,33.3609,1920,1080,raygs,triangles,1,off,0,on,-4
1781754694309675094,2240.07,824.444,1.21294,1.1489,1.13654,0.03104,0.089696,0.016384,0.188416,0.811008,0.03625,1244819,1244819,415283,33.3609,1920,1080,raygs,triangles,1,off,0,on,-4
1781754694310970196,2241.36,825.88,1.21083,1.14714,1.13402,0.030048,0.089248,0.01632,0.187392,0.811008,0.043017,1244819,1244819,415283,33.3609,1920,1080,raygs,triangles,1,off,0,on,-4
1781754694312130331,2242.52,824.623,1.21267,1.14653,1.13443,0.031008,0.0896,0.016448,0.187392,0.809984,0.024787,1244819,1244819,415283,33.3609,1920,1080,raygs,triangles,1,off,0,on,-4
1781754694313334917,2243.73,824.805,1.21241,1.15728,1.14608,0.030368,0.088416,0.015584,0.200704,0.811008,0.04865,1244819,1244819,415283,33.3609,1920,1080,raygs,triangles,1,off,0,on,-4
1781754694314496346,2244.89,824.412,1.21299,1.14762,1.13466,0.030816,0.089248,0.016192,0.187392,0.811008,0.036321,1244819,1244819,415283,33.3609,1920,1080,raygs,triangles,1,off,0,on,-4
1781754694315670914,2246.06,824.84,1.21236,1.1456,1.13306,0.029792,0.089504,0.016384,0.187392,0.809984,0.035959,1244819,1244819,415283,33.3609,1920,1080,raygs,triangles,1,off,0,on,-4
1781754694316852483,2247.24,824.754,1.21248,1.14886,1.13584,0.031488,0.08944,0.016384,0.18752,0.811008,0.036079,1244819,1244819,415283,33.3609,1920,1080,raygs,triangles,1,off,0,on,-4
1781754694318023291,2248.41,825.778,1.21098,1.14659,1.13501,0.030112,0.089568,0.016384,0.188416,0.810528,0.036501,1244819,1244819,415283,33.3609,1920,1080,raygs,triangles,1,off,0,on,-4
1781754694319364067,2249.76,825.579,1.21127,1.39158,1.3783,0.03104,0.089856,0.01632,0.431104,0.809984,0.035118,1244819,1244819,415283,33.3609,1920,1080,raygs,triangles,1,off,0,on,-4
1781754694320618355,2251.01,824.549,1.21278,1.27056,1.25811,0.028672,0.08976,0.139488,0.18928,0.810912,0.018205,1244819,1244819,415283,33.3609,1920,1080,raygs,triangles,1,off,0,on,-4
1781754694321795699,2252.19,823.212,1.21475,1.14701,1.13382,0.030208,0.089664,0.016384,0.186752,0.810816,0.028544,1244819,1244819,415283,33.3609,1920,1080,raygs,triangles,1,off,0,on,-4
1781754694322979322,2253.37,823.495,1.21434,1.14339,1.12998,0.028608,0.08864,0.016384,0.186368,0.809984,0.037587,1244819,1244819,415283,33.3609,1920,1080,raygs,triangles,1,off,0,on,-4
1781754694324156603,2254.55,823.424,1.21444,1.14787,1.1343,0.029024,0.089472,0.016384,0.18944,0.809984,0.029032,1244819,1244819,415283,33.3609,1920,1080,raygs,triangles,1,off,0,on,-4
1781754694325357036,2255.75,823.418,1.21445,1.14592,1.13318,0.030048,0.089792,0.01536,0.187392,0.810592,0.032509,1244819,1244819,415283,33.3609,1920,1080,raygs,triangles,1,off,0,on,-4
1781754694326488381,2256.88,825.613,1.21122,1.14493,1.13366,0.029216,0.089792,0.016384,0.187392,0.81088,0.017059,1244819,1244819,415283,33.3609,1920,1080,raygs,triangles,1,off,0,on,-4
1781754694327789345,2258.18,827.426,1.20857,1.14739,1.13475,0.031328,0.089664,0.016384,0.187392,0.809984,0.030705,1244819,1244819,415283,33.3609,1920,1080,raygs,triangles,1,off,0,on,-4
1781754694329136110,2259.53,825.661,1.21115,1.14902,1.13651,0.031296,0.089408,0.016384,0.188416,0.811008,0.042369,1244819,1244819,415283,33.3609,1920,1080,raygs,triangles,1,off,0,on,-4
1781754694330336200,2260.73,823.876,1.21377,1.14605,1.13478,0.029248,0.088704,0.01536,0.191488,0.809984,0.052829,1244819,1244819,415283,33.3609,1920,1080,raygs,triangles,1,off,0,on,-4
1781754694331480641,2261.87,823.508,1.21432,1.14739,1.13488,0.028512,0.089536,0.016384,0.18944,0.811008,0.040328,1244819,1244819,415283,33.3609,1920,1080,raygs,triangles,1,off,0,on,-4
1781754694332634076,2263.03,823.931,1.21369,1.14966,1.13581,0.030816,0.090208,0.016384,0.187392,0.811008,0.038767,1244819,1244819,415283,33.3609,1920,1080,raygs,triangles,1,off,0,on,-4
1781754694333807886,2264.2,824.278,1.21318,1.14778,1.13629,0.030976,0.089856,0.016384,0.188416,0.810656,0.039577,1244819,1244819,415283,33.3609,1920,1080,raygs,triangles,1,off,0,on,-4
1781754694334985457,2265.38,825.378,1.21157,1.1455,1.13421,0.031008,0.089728,0.016384,0.186368,0.81072,0.040319,1244819,1244819,415283,33.3609,1920,1080,raygs,triangles,1,off,0,on,-4
1781754694336385282,2266.78,825.544,1.21132,1.37024,1.35811,0.031264,0.088832,0.016384,0.410624,0.811008,0.038156,1244819,1244819,415283,33.3609,1920,1080,raygs,triangles,1,off,0,on,-4
1781754694337581428,2267.97,823.293,1.21463,1.2761,1.26298,0.03024,0.088928,0.144384,0.18944,0.809984,0.030785,1244819,1244819,415283,33.3609,1920,1080,raygs,triangles,1,off,0,on,-4
1781754694338716737,2269.11,823.162,1.21483,1.14874,1.1367,0.031904,0.090016,0.016384,0.187392,0.811008,0.018046,1244819,1244819,415283,33.3609,1920,1080,raygs,triangles,1,off,0,on,-4
1781754694339925450,2270.32,823.47,1.21437,1.14733,1.1336,0.029472,0.08832,0.016384,0.188416,0.811008,0.041586,1244819,1244819,415283,33.3609,1920,1080,raygs,triangles,1,off,0,on,-4
1781754694341076479,2271.47,823.231,1.21473,1.14448,1.13002,0.029696,0.088608,0.01536,0.186368,0.809984,0.023572,1244819,1244819,415283,33.3609,1920,1080,raygs,triangles,1,off,0,on,-4
1781754694342246551,2272.64,823.524,1.21429,1.14653,1.13437,0.030304,0.08928,0.016384,0.187392,0.811008,0.020849,1244819,1244819,415283,33.3609,1920,1080,raygs,triangles,1,off,0,on,-4
1781754694343461369,2273.85,825.91,1.21079,1.14819,1.13466,0.030368,0.08976,0.016384,0.187392,0.810752,0.040509,1244819,1244819,415283,33.3609,1920,1080,raygs,triangles,1,off,0,on,-4
1781754694344951939,2275.34,827.11,1.20903,1.14528,1.13232,0.030496,0.089088,0.016384,0.186368,0.809984,0.26698,1244819,1244819,415283,33.3609,1920,1080,raygs,triangles,1,off,0,on,-4
1781754694345924749,2276.32,823.298,1.21463,1.1528,1.13898,0.031008,0.088768,0.016512,0.190656,0.812032,0.030289,1244819,1244819,415283,33.3609,1920,1080,raygs,triangles,1,off,0,on,-4
1781754694347097399,2277.49,825.725,1.21106,1.14886,1.13843,0.031712,0.088864,0.01536,0.191488,0.811008,0.041482,1244819,1244819,415283,33.3609,1920,1080,raygs,triangles,1,off,0,on,-4
1781754694348259933,2278.65,825.825,1.21091,1.14854,1.1352,0.03152,0.08976,0.01536,0.187712,0.810848,0.02522,1244819,1244819,415283,33.3609,1920,1080,raygs,triangles,1,off,0,on,-4
1781754694349413248,2279.8,826.007,1.21064,1.14598,1.13133,0.028128,0.08944,0.01536,0.188416,0.809984,0.019502,1244819,1244819,415283,33.3609,1920,1080,raygs,triangles,1,off,0,on,-4
1781754694350590124,2280.98,826.053,1.21058,1.14698,1.13565,0.030144,0.089696,0.016384,0.188416,0.811008,0.027077,1244819,1244819,415283,33.3609,1920,1080,raygs,triangles,1,off,0,on,-4
1781754694351773598,2282.16,827.122,1.20901,1.14822,1.1351,0.028352,0.089312,0.016384,0.190464,0.810592,0.026817,1244819,1244819,415283,33.3609,1920,1080,raygs,triangles,1,off,0,on,-4
1781754694353117991,2283.51,826.948,1.20927,1.32138,1.30893,0.028448,0.089472,0.016384,0.363744,0.81088,0.02698,1244819,1244819,415283,33.3609,1920,1080,raygs,triangles,1,off,0,on,-4
1781754694354460743,2284.85,825.384,1.21156,1.31741,1.30397,0.030368,0.257792,0.01536,0.18944,0.811008,0.026566,1244819,1244819,415283,33.3609,1920,1080,raygs,triangles,1,off,0,on,-4
1781754694355650932,2286.04,823.478,1.21436,1.14605,1.13411,0.02896,0.089344,0.016384,0.188416,0.811008,0.03418,1244819,1244819,415283,33.3609,1920,1080,raygs,triangles,1,off,0,on,-4
1781754694356804577,2287.2,823.494,1.21434,1.14451,1.1312,0.028704,0.088736,0.016384,0.186368,0.811008,0.020827,1244819,1244819,415283,33.3609,1920,1080,raygs,triangles,1,off,0,on,-4
1781754694357980687,2288.37,823.601,1.21418,1.14614,1.13296,0.030368,0.089856,0.016384,0.186368,0.809984,0.026462,1244819,1244819,415283,33.3609,1920,1080,raygs,triangles,1,off,0,on,-4
1781754694359161436,2289.55,825.953,1.21072,1.1448,1.13315,0.028992,0.089376,0.016384,0.187392,0.811008,0.02701,1244819,1244819,415283,33.3609,1920,1080,raygs,triangles,1,off,0,on,-4
1781754694360446176,2290.84,827.229,1.20886,1.14643,1.1327,0.028448,0.089472,0.016384,0.188416,0.809984,0.026954,1244819,1244819,415283,33.3609,1920,1080,raygs,triangles,1,off,0,on,-4
1781754694361623297,2292.01,825.878,1.21083,1.1503,1.13552,0.0304,0.089312,0.01536,0.190464,0.809984,0.029073,1244819,1244819,415283,33.3609,1920,1080,raygs,triangles,1,off,0,on,-4
1781754694362807503,2293.2,826.011,1.21064,1.14685,1.13446,0.029088,0.089792,0.016384,0.188416,0.810784,0.028439,1244819,1244819,415283,33.3609,1920,1080,raygs,triangles,1,off,0,on,-4
1781754694363974519,2294.37,826.131,1.21046,1.14781,1.1368,0.028928,0.089056,0.016384,0.192512,0.80992,0.027575,1244819,1244819,415283,33.3609,1920,1080,raygs,triangles,1,off,0,on,-4
1781754694365146078,2295.54,826.155,1.21043,1.14755,1.13466,0.030144,0.089728,0.01536,0.18944,0.809984,0.026684,1244819,1244819,415283,33.3609,1920,1080,raygs,triangles,1,off,0,on,-4
1781754694366326412,2296.72,826.256,1.21028,1.14573,1.13258,0.028896,0.089024,0.016384,0.187392,0.81088,0.026954,1244819,1244819,415283,33.3609,1920,1080,raygs,triangles,1,off,0,on,-4
1781754694367494697,2297.89,826.293,1.21022,1.14547,1.13206,0.028672,0.089888,0.01536,0.187392,0.810752,0.026892,1244819,1244819,415283,33.3609,1920,1080,raygs,triangles,1,off,0,on,-4
1781754694368841918,2299.23,827.629,1.20827,1.32186,1.30944,0.029952,0.0896,0.016384,0.362496,0.811008,0.025599,1244819,1244819,415283,33.3609,1920,1080,raygs,triangles,1,off,0,on,-4
1781754694370192613,2300.58,825.837,1.21089,1.3184,1.30563,0.029024,0.089792,0.016384,0.360448,0.809984,0.02637,1244819,1244819,415283,33.3609,1920,1080,raygs,triangles,1,off,0,on,-4
1781754694371364649,2301.76,823.719,1.21401,1.14675,1.1337,0.028864,0.090048,0.016384,0.188416,0.809984,0.025564,1244819,1244819,415283,33.3609,1920,1080,raygs,triangles,1,off,0,on,-4
1781754694372539545,2302.93,823.792,1.2139,1.14656,1.13475,0.030784,0.090208,0.016384,0.187392,0.809984,0.02559,1244819,1244819,415283,33.3609,1920,1080,raygs,triangles,1,off,0,on,-4
1781754694373751907,2304.14,825.666,1.21114,1.14582,1.13462,0.030016,0.089824,0.016384,0.188416,0.809984,0.035189,1244819,1244819,415283,33.3609,1920,1080,raygs,triangles,1,off,0,on,-4
1781754694374898057,2305.29,824.769,1.21246,1.14573,1.13414,0.029984,0.089728,0.016384,0.187392,0.810656,0.019046,1244819,1244819,415283,33.3609,1920,1080,raygs,triangles,1,off,0,on,-4
1781754694376072637,2306.46,827.182,1.20892,1.14653,1.13389,0.029728,0.089376,0.016384,0.187392,0.811008,0.026558,1244819,1244819,415283,33.3609,1920,1080,raygs,triangles,1,off,0,on,-4
1781754694377375740,2307.77,828.619,1.20683,1.1471,1.13328,0.030208,0.089952,0.015744,0.187392,0.809984,0.028715,1244819,1244819,415283,33.3609,1920,1080,raygs,triangles,1,off,0,on,-4
1781754694378538725,2308.93,829.638,1.20534,1.14787,1.1359,0.031136,0.089792,0.016384,0.18768,0.810912,0.029428,1244819,1244819,415283,33.3609,1920,1080,raygs,triangles,1,off,0,on,-4
1781754694379838947,2310.23,829.073,1.20617,1.14832,1.13626,0.030848,0.089632,0.016384,0.188416,0.810976,0.026603,1244819,1244819,415283,33.3609,1920,1080,raygs,triangles,1,off,0,on,-4
1781754694381026913,2311.42,827.591,1.20833,1.14256,1.13046,0.029824,0.087904,0.01536,0.187392,0.809984,0.016264,1244819,1244819,415283,33.3609,1920,1080,raygs,triangles,1,off,0,on,-4
1781754694382203140,2312.59,827.591,1.20833,1.14912,1.13606,0.0304,0.089888,0.016352,0.18944,0.809984,0.044221,1244819,1244819,415283,33.3609,1920,1080,raygs,triangles,1,off,0,on,-4
1781754694383372263,2313.76,827.639,1.20826,1.14886,1.13574,0.030496,0.08928,0.016384,0.188832,0.810752,0.026421,1244819,1244819,415283,33.3609,1920,1080,raygs,triangles,1,off,0,on,-4
1781754694384544395,2314.94,829.042,1.20621,1.14675,1.13277,0.02992,0.089664,0.015712,0.187488,0.809984,0.026435,1244819,1244819,415283,33.3609,1920,1080,raygs,triangles,1,off,0,on,-4
1781754694385903484,2316.29,828.881,1.20645,1.14598,1.1328,0.030176,0.088864,0.016384,0.187392,0.809984,0.035701,1244819,1244819,415283,33.3609,1920,1080,raygs,triangles,1,off,0,on,-4
1781754694387218205,2317.61,827.096,1.20905,1.14886,1.1359,0.032032,0.089088,0.016384,0.188416,0.809984,0.03893,1244819,1244819,415283,33.3609,1920,1080,raygs,triangles,1,off,0,on,-4
1781754694388504543,2318.9,824.893,1.21228,1.14954,1.13786,0.035776,0.089344,0.016384,0.186368,0.809984,0.047404,1244819,1244819,415283,33.3609,1920,1080,raygs,triangles,1,off,0,on,-4
1781754694389628022,2320.02,823.956,1.21366,1.14448,1.13334,0.028672,0.089792,0.016384,0.187488,0.811008,0.029879,1244819,1244819,415283,33.3609,1920,1080,raygs,triangles,1,off,0,on,-4
1781754694390802112,2321.19,824.725,1.21253,1.14598,1.1328,0.030208,0.088832,0.01536,0.187392,0.811008,0.031191,1244819,1244819,415283,33.3609,1920,1080,raygs,triangles,1,off,0,on,-4
1781754694391952532,2322.34,824.679,1.21259,1.14992,1.13818,0.028992,0.089696,0.016384,0.192512,0.810592,0.043558,1244819,1244819,415283,33.3609,1920,1080,raygs,triangles,1,off,0,on,-4
1781754694393148709,2323.54,826.587,1.20979,1.14698,1.13334,0.028128,0.089472,0.01632,0.18944,0.809984,0.032815,1244819,1244819,415283,33.3609,1920,1080,raygs,triangles,1,off,0,on,-4
1781754694394424264,2324.82,827.402,1.2086,1.14653,1.1335,0.03072,0.089024,0.016384,0.187392,0.809984,0.045115,1244819,1244819,415283,33.3609,1920,1080,raygs,triangles,1,off,0,on,-4
1781754694395606604,2326,826.265,1.21027,1.14685,1.13485,0.030016,0.090048,0.016384,0.187392,0.811008,0.046441,1244819,1244819,415283,33.3609,1920,1080,raygs,triangles,1,off,0,on,-4
1781754694396744426,2327.14,826.137,1.21045,1.14598,1.13414,0.028128,0.09024,0.016384,0.188416,0.810976,0.018625,1244819,1244819,415283,33.3609,1920,1080,raygs,triangles,1,off,0,on,-4
1781754694397979312,2328.37,826.658,1.20969,1.15056,1.14118,0.03024,0.087968,0.016384,0.195584,0.811008,0.043375,1244819,1244819,415283,33.3609,1920,1080,raygs,triangles,1,off,0,on,-4
1781754694399126079,2329.52,826.214,1.21034,1.14474,1.13373,0.02896,0.090016,0.016384,0.187392,0.810976,0.044092,1244819,1244819,415283,33.3609,1920,1080,raygs,triangles,1,off,0,on,-4
1781754694400281284,2330.67,826.236,1.21031,1.14496,1.13392,0.0288,0.089312,0.016384,0.18944,0.809984,0.037164,1244819,1244819,415283,33.3609,1920,1080,raygs,triangles,1,off,0,on,-4
1781754694401465191,2331.86,828.223,1.2074,1.14915,1.13571,0.030304,0.0896,0.017408,0.188416,0.809984,0.043269,1244819,1244819,415283,33.3609,1920,1080,raygs,triangles,1,off,0,on,-4
1781754694402875383,2333.27,829.933,1.20492,1.37446,1.3625,0.030304,0.089024,0.016384,0.415776,0.811008,0.046261,1244819,1244819,415283,33.3609,1920,1080,raygs,triangles,1,off,0,on,-4
1781754694404198986,2334.59,827.565,1.20836,1.28493,1.27379,0.028928,0.089792,0.016384,0.328704,0.809984,0.04833,1244819,1244819,415283,33.3609,1920,1080,raygs,triangles,1,off,0,on,-4
1781754694405360921,2335.75,825.463,1.21144,1.14701,1.13392,0.030528,0.089632,0.016384,0.187392,0.809984,0.040906,1244819,1244819,415283,33.3609,1920,1080,raygs,triangles,1,off,0,on,-4
1781754694406538131,2336.93,825.337,1.21163,1.14643,1.13341,0.03024,0.089408,0.016384,0.187392,0.809984,0.045522,1244819,1244819,415283,33.3609,1920,1080,raygs,triangles,1,off,0,on,-4
1781754694407698702,2338.09,825.306,1.21167,1.14512,1.13267,0.02832,0.089568,0.016384,0.187392,0.811008,0.03716,1244819,1244819,415283,33.3609,1920,1080,raygs,triangles,1,off,0,on,-4
1781754694408845776,2339.24,825.535,1.21134,1.14707,1.13338,0.030176,0.089728,0.017408,0.185344,0.81072,0.019418,1244819,1244819,415283,33.3609,1920,1080,raygs,triangles,1,off,0,on,-4
1781754694410090403,2340.48,828.081,1.20761,1.14867,1.13584,0.029792,0.089568,0.016384,0.18944,0.810656,0.068439,1244819,1244819,415283,33.3609,1920,1080,raygs,triangles,1,off,0,on,-4
1781754694411360341,2341.75,827.503,1.20845,1.14803,1.13485,0.030688,0.089568,0.016384,0.187392,0.810816,0.043704,1244819,1244819,415283,33.3609,1920,1080,raygs,triangles,1,off,0,on,-4
1781754694412497004,2342.89,826.145,1.21044,1.14906,1.13699,0.031232,0.089952,0.016384,0.18944,0.809984,0.021786,1244819,1244819,415283,33.3609,1920,1080,raygs,triangles,1,off,0,on,-4
1781754694413675339,2344.07,826.493,1.20993,1.14573,1.1336,0.02992,0.088864,0.016384,0.187552,0.81088,0.028542,1244819,1244819,415283,33.3609,1920,1080,raygs,triangles,1,off,0,on,-4
1781754694414884072,2345.28,826.546,1.20985,1.15075,1.13981,0.029856,0.089024,0.016384,0.19456,0.809984,0.053967,1244819,1244819,415283,33.3609,1920,1080,raygs,triangles,1,off,0,on,-4
1781754694416016330,2346.41,826.199,1.21036,1.14694,1.13443,0.029888,0.088736,0.016384,0.188416,0.811008,0.016186,1244819,1244819,415283,33.3609,1920,1080,raygs,triangles,1,off,0,on,-4
1781754694417245802,2347.64,826.827,1.20944,1.1489,1.13552,0.030016,0.088576,0.016384,0.189824,0.81072,0.068443,1244819,1244819,415283,33.3609,1920,1080,raygs,triangles,1,off,0,on,-4
1781754694418363506,2348.75,830.083,1.2047,1.14707,1.13379,0.030272,0.08992,0.016384,0.187392,0.809824,0.015945,1244819,1244819,415283,33.3609,1920,1080,raygs,triangles,1,off,0,on,-4
1781754694419815127,2350.21,828.148,1.20751,1.37728,1.36291,0.03008,0.088704,0.01536,0.417792,0.810976,0.049899,1244819,1244819,415283,33.3609,1920,1080,raygs,triangles,1,off,0,on,-4
1781754694421078417,2351.47,825.172,1.21187,1.27462,1.26026,0.030304,0.089568,0.141312,0.188416,0.810656,0.016673,1244819,1244819,415283,33.3609,1920,1080,raygs,triangles,1,off,0,on,-4
1781754694422277478,2352.67,823.851,1.21381,1.14502,1.13235,0.030272,0.088704,0.016384,0.187392,0.8096,0.049385,1244819,1244819,415283,33.3609,1920,1080,raygs,triangles,1,off,0,on,-4
1781754694423435585,2353.83,823.677,1.21407,1.14854,1.13565,0.03072,0.08912,0.016384,0.188416,0.811008,0.022808,1244819,1244819,415283,33.3609,1920,1080,raygs,triangles,1,off,0,on,-4
1781754694424648211,2355.04,823.729,1.21399,1.14662,1.13427,0.029792,0.088672,0.016384,0.188416,0.811008,0.061932,1244819,1244819,415283,33.3609,1920,1080,raygs,triangles,1,off,0,on,-4
1781754694425816733,2356.21,823.399,1.21448,1.14755,1.13654,0.03072,0.090016,0.016384,0.188416,0.811008,0.049344,1244819,1244819,415283,33.3609,1920,1080,raygs,triangles,1,off,0,on,-4
1781754694427071379,2357.46,825.575,1.21128,1.14678,1.13418,0.029952,0.08944,0.016384,0.187392,0.811008,0.017659,1244819,1244819,415283,33.3609,1920,1080,raygs,triangles,1,off,0,on,-4
1781754694428254393,2358.65,826.369,1.21011,1.14534,1.13222,0.029536,0.089952,0.01536,0.186368,0.811008,0.027043,1244819,1244819,415283,33.3609,1920,1080,raygs,triangles,1,off,0,on,-4
1781754694429446498,2359.84,826.339,1.21016,1.14595,1.13312,0.028128,0.08944,0.016416,0.188416,0.81072,0.048059,1244819,1244819,415283,33.3609,1920,1080,raygs,triangles,1,off,0,on,-4
1781754694430632809,2361.02,826.155,1.21043,1.14723,1.13539,0.0304,0.089536,0.016384,0.188416,0.810656,0.024067,1244819,1244819,415283,33.3609,1920,1080,raygs,triangles,1,off,0,on,-4
1781754694431810969,2362.2,825.92,1.21077,1.14883,1.13814,0.029536,0.08896,0.016384,0.192512,0.810752,0.054558,1244819,1244819,415283,33.3609,1920,1080,raygs,triangles,1,off,0,on,-4
1781754694432948147,2363.34,826.146,1.21044,1.14509,1.13107,0.028256,0.089312,0.01536,0.187392,0.810752,0.017004,1244819,1244819,415283,33.3609,1920,1080,raygs,triangles,1,off,0,on,-4
1781754694434122748,2364.51,827.779,1.20805,1.14726,1.13354,0.02944,0.08928,0.016416,0.188416,0.809984,0.027164,1244819,1244819,415283,33.3609,1920,1080,raygs,triangles,1,off,0,on,-4
1781754694435565580,2365.96,827.578,1.20835,1.37651,1.36371,0.028864,0.089664,0.01536,0.418816,0.811008,0.051092,1244819,1244819,415283,33.3609,1920,1080,raygs,triangles,1,off,0,on,-4
1781754694436839931,2367.23,824.67,1.21261,1.28832,1.27389,0.030016,0.0888,0.016384,0.328704,0.809984,0.016886,1244819,1244819,415283,33.3609,1920,1080,raygs,triangles,1,off,0,on,-4
1781754694438024055,2368.42,823.303,1.21462,1.14755,1.13386,0.029696,0.0904,0.01536,0.187392,0.811008,0.031131,1244819,1244819,415283,33.3609,1920,1080,raygs,triangles,1,off,0,on,-4
1781754694439188540,2369.58,823.144,1.21485,1.144,1.13158,0.028768,0.089408,0.016384,0.186368,0.810656,0.021105,1244819,1244819,415283,33.3609,1920,1080,raygs,triangles,1,off,0,on,-4
1781754694440447827,2370.84,823.312,1.21461,1.14557,1.13427,0.028768,0.089696,0.016384,0.188416,0.811008,0.039053,1244819,1244819,415283,33.3609,1920,1080,raygs,triangles,1,off,0,on,-4
1781754694441536144,2371.93,822.444,1.21589,1.14922,1.1361,0.030368,0.089824,0.016384,0.188512,0.811008,0.017,1244819,1244819,415283,33.3609,1920,1080,raygs,triangles,1,off,0,on,-4
1781754694442717082,2373.11,825.271,1.21172,1.14637,1.13181,0.028512,0.089536,0.01536,0.188416,0.809984,0.026656,1244819,1244819,415283,33.3609,1920,1080,raygs,triangles,1,off,0,on,-4
1781754694444008452,2374.4,827.21,1.20888,1.14502,1.1321,0.028224,0.088384,0.016384,0.187392,0.811712,0.027486,1244819,1244819,415283,33.3609,1920,1080,raygs,triangles,1,off,0,on,-4
1781754694445225720,2375.62,825.761,1.211,1.14864,1.13533,0.030816,0.089696,0.016384,0.187648,0.810784,0.061178,1244819,1244819,415283,33.3609,1920,1080,raygs,triangles,1,off,0,on,-4
1781754694446354148,2376.75,825.471,1.21143,1.14384,1.13194,0.029024,0.089184,0.016352,0.186368,0.811008,0.022295,1244819,1244819,415283,33.3609,1920,1080,raygs,triangles,1,off,0,on,-4
1781754694447530041,2377.92,826.262,1.21027,1.14685,1.1343,0.028992,0.089888,0.016096,0.188416,0.810912,0.026608,1244819,1244819,415283,33.3609,1920,1080,raygs,triangles,1,off,0,on,-4
1781754694448748426,2379.14,826.057,1.21057,1.14822,1.13878,0.0304,0.089504,0.016384,0.192512,0.809984,0.053034,1244819,1244819,415283,33.3609,1920,1080,raygs,triangles,1,off,0,on,-4
1781754694449915669,2380.31,825.586,1.21126,1.14461,1.13155,0.02896,0.089856,0.016384,0.186368,0.809984,0.052318,1244819,1244819,415283,33.3609,1920,1080,raygs,triangles,1,off,0,on,-4
1781754694451088384,2381.48,827.141,1.20898,1.14464,1.13146,0.028832,0.088704,0.016384,0.186816,0.81072,0.043306,1244819,1244819,415283,33.3609,1920,1080,raygs,triangles,1,off,0,on,-4
1781754694452478913,2382.87,826.974,1.20923,1.37581,1.36349,0.030624,0.089632,0.016384,0.415968,0.81088,0.041547,1244819,1244819,415283,33.3609,1920,1080,raygs,triangles,1,off,0,on,-4
1781754694453773655,2384.16,825.851,1.21087,1.28509,1.27328,0.030016,0.089216,0.016384,0.326656,0.811008,0.02594,1244819,1244819,415283,33.3609,1920,1080,raygs,triangles,1,off,0,on,-4
1781754694454945593,2385.34,824.445,1.21294,1.14669,1.1345,0.028832,0.090048,0.016384,0.188416,0.810816,0.022626,1244819,1244819,415283,33.3609,1920,1080,raygs,triangles,1,off,0,on,-4
1781754694456120016,2386.51,824.594,1.21272,1.14749,1.13443,0.030208,0.08944,0.016384,0.188416,0.809984,0.027355,1244819,1244819,415283,33.3609,1920,1080,raygs,triangles,1,off,0,on,-4
1781754694457323717,2387.72,824.539,1.2128,1.1473,1.13315,0.03056,0.088832,0.01536,0.188416,0.809984,0.048567,1244819,1244819,415283,33.3609,1920,1080,raygs,triangles,1,off,0,on,-4
1781754694458489353,2388.88,824.362,1.21306,1.16861,1.15683,0.030272,0.089184,0.015744,0.210944,0.810688,0.020357,1244819,1244819,415283,33.3609,1920,1080,raygs,triangles,1,off,0,on,-4
1781754694459717288,2390.11,826.469,1.20997,1.14595,1.13459,0.030144,0.089504,0.016384,0.18768,0.81088,0.069664,1244819,1244819,415283,33.3609,1920,1080,raygs,triangles,1,off,0,on,-4
1781754694461021527,2391.41,828.153,1.20751,1.14794,1.13603,0.03024,0.089856,0.016352,0.188672,0.810912,0.058906,1244819,1244819,415283,33.3609,1920,1080,raygs,triangles,1,off,0,on,-4
1781754694462188490,2392.58,827.488,1.20848,1.14899,1.13517,0.031136,0.089152,0.01536,0.188832,0.810688,0.046935,1244819,1244819,415283,33.3609,1920,1080,raygs,triangles,1,off,0,on,-4
1781754694463367589,2393.76,826.853,1.2094,1.14659,1.13274,0.02976,0.089216,0.01536,0.188416,0.809984,0.061085,1244819,1244819,415283,33.3609,1920,1080,raygs,triangles,1,off,0,on,-4
1781754694464494068,2394.89,826.819,1.20945,1.14621,1.13386,0.0304,0.090048,0.016384,0.186368,0.810656,0.017375,1244819,1244819,415283,33.3609,1920,1080,raygs,triangles,1,off,0,on,-4
1781754694465727476,2396.12,827.021,1.20916,1.15069,1.13987,0.03008,0.088256,0.016384,0.19456,0.810592,0.056209,1244819,1244819,415283,33.3609,1920,1080,raygs,triangles,1,off,0,on,-4
1781754694466841018,2397.23,826.658,1.20969,1.14787,1.1344,0.03008,0.089536,0.016384,0.188416,0.809984,0.016694,1244819,1244819,415283,33.3609,1920,1080,raygs,triangles,1,off,0,on,-4
1781754694468059011,2398.45,828.346,1.20722,1.14771,1.13517,0.029856,0.089376,0.016384,0.188544,0.811008,0.063772,1244819,1244819,415283,33.3609,1920,1080,raygs,triangles,1,off,0,on,-4
1781754694469392818,2399.78,828.185,1.20746,1.34234,1.32922,0.02992,0.089664,0.015648,0.382976,0.811008,0.020968,1244819,1244819,415283,33.3609,1920,1080,raygs,triangles,1,off,0,on,-4
1781754694470774119,2401.17,825.474,1.21142,1.27328,1.25882,0.029408,0.08912,0.141312,0.188992,0.809984,0.043567,1244819,1244819,415283,33.3609,1920,1080,raygs,triangles,1,off,0,on,-4
1781754694472178102,2402.57,823.115,1.2149,1.14464,1.13264,0.02912,0.089504,0.01664,0.186368,0.811008,0.041822,1244819,1244819,415283,33.3609,1920,1080,raygs,triangles,1,off,0,on,-4
1781754694473302675,2403.69,820.903,1.21817,1.14573,1.13427,0.02992,0.089568,0.016384,0.187392,0.811008,0.037557,1244819,1244819,415283,33.3609,1920,1080,raygs,triangles,1,off,0,on,-4
1781754694474465398,2404.86,821.367,1.21748,1.14582,1.13389,0.0304,0.089568,0.016384,0.186752,0.810784,0.036764,1244819,1244819,415283,33.3609,1920,1080,raygs,triangles,1,off,0,on,-4
1781754694475647185,2406.04,820.366,1.21897,1.14432,1.13178,0.028512,0.089312,0.016384,0.186752,0.810816,0.038048,1244819,1244819,415283,33.3609,1920,1080,raygs,triangles,1,off,0,on,-4
1781754694476923305,2407.31,824.142,1.21338,1.14627,1.13286,0.0288,0.089632,0.01536,0.188416,0.810656,0.036333,1244819,1244819,415283,33.3609,1920,1080,raygs,triangles,1,off,0,on,-4
1781754694478095566,2408.49,824.672,1.2126,1.14669,1.13306,0.03088,0.088832,0.01536,0.187392,0.810592,0.035864,1244819,1244819,415283,33.3609,1920,1080,raygs,triangles,1,off,0,on,-4
1781754694479282784,2409.67,824.622,1.21268,1.14464,1.13222,0.028992,0.090176,0.01568,0.187392,0.809984,0.033364,1244819,1244819,415283,33.3609,1920,1080,raygs,triangles,1,off,0,on,-4
1781754694480367375,2410.76,824.609,1.2127,1.14755,1.13491,0.028704,0.089376,0.016384,0.190464,0.809984,0.032404,1244819,1244819,415283,33.3609,1920,1080,raygs,triangles,1,off,0,on,-4
1781754694481505044,2411.9,825.623,1.21121,1.14518,1.13334,0.030432,0.089152,0.016384,0.186368,0.811008,0.018647,1244819,1244819,415283,33.3609,1920,1080,raygs,triangles,1,off,0,on,-4
1781754694482670882,2413.06,825.904,1.21079,1.1497,1.1392,0.0288,0.08864,0.016384,0.19456,0.810816,0.028965,1244819,1244819,415283,33.3609,1920,1080,raygs,triangles,1,off,0,on,-4
1781754694483844125,2414.24,826.7,1.20963,1.14752,1.13549,0.02864,0.0888,0.016384,0.190688,0.810976,0.028604,1244819,1244819,415283,33.3609,1920,1080,raygs,triangles,1,off,0,on,-4
1781754694485013522,2415.4,827.818,1.208,1.14598,1.13222,0.030208,0.08928,0.01536,0.187392,0.809984,0.026875,1244819,1244819,415283,33.3609,1920,1080,raygs,triangles,1,off,0,on,-4
1781754694486442717,2416.83,827.712,1.20815,1.39389,1.37862,0.028256,0.089824,0.016384,0.434176,0.809984,0.02787,1244819,1244819,415283,33.3609,1920,1080,raygs,triangles,1,off,0,on,-4
1781754694487734090,2418.13,824.529,1.21281,1.27136,1.25805,0.028576,0.215712,0.01536,0.188416,0.809984,0.026538,1244819,1244819,415283,33.3609,1920,1080,raygs,triangles,1,off,0,on,-4
1781754694488902760,2419.29,823.599,1.21418,1.14534,1.13328,0.030208,0.089312,0.016384,0.186368,0.811008,0.025921,1244819,1244819,415283,33.3609,1920,1080,raygs,triangles,1,off,0,on,-4
1781754694490074715,2420.47,823.366,1.21453,1.14576,1.13379,0.028928,0.091072,0.016544,0.186368,0.81088,0.026057,1244819,1244819,415283,33.3609,1920,1080,raygs,triangles,1,off,0,on,-4
1781754694491258924,2421.65,823.841,1.21383,1.1455,1.13296,0.028672,0.089888,0.016384,0.187392,0.810624,0.027385,1244819,1244819,415283,33.3609,1920,1080,raygs,triangles,1,off,0,on,-4
1781754694492438387,2422.83,823.251,1.2147,1.14534,1.13226,0.030112,0.089376,0.016416,0.186368,0.809984,0.032963,1244819,1244819,415283,33.3609,1920,1080,raygs,triangles,1,off,0,on,-4
1781754694493602417,2423.99,826.147,1.21044,1.14416,1.1303,0.028384,0.089344,0.01536,0.186368,0.810848,0.022783,1244819,1244819,415283,33.3609,1920,1080,raygs,triangles,1,off,0,on,-4
1781754694494882157,2425.27,827.109,1.20903,1.14534,1.13258,0.028576,0.089536,0.016384,0.187392,0.810688,0.027222,1244819,1244819,415283,33.3609,1920,1080,raygs,triangles,1,off,0,on,-4
1781754694496074134,2426.47,826.157,1.21042,1.1489,1.1376,0.031392,0.0896,0.016512,0.188416,0.81168,0.027922,1244819,1244819,415283,33.3609,1920,1080,raygs,triangles,1,off,0,on,-4
1781754694497251543,2427.64,825.98,1.21068,1.14589,1.13344,0.030112,0.089696,0.016256,0.187392,0.809984,0.030166,1244819,1244819,415283,33.3609,1920,1080,raygs,triangles,1,off,0,on,-4
1781754694498410762,2428.8,826.291,1.21023,1.14525,1.13312,0.029472,0.08944,0.015712,0.187744,0.810752,0.027297,1244819,1244819,415283,33.3609,1920,1080,raygs,triangles,1,off,0,on,-4
1781754694499578923,2429.97,826.532,1.20987,1.14774,1.13718,0.030432,0.088896,0.01536,0.191488,0.811008,0.027938,1244819,1244819,415283,33.3609,1920,1080,raygs,triangles,1,off,0,on,-4
1781754694500754675,2431.15,827.391,1.20862,1.14608,1.13222,0.030304,0.089152,0.015648,0.186368,0.810752,0.028382,1244819,1244819,415283,33.3609,1920,1080,raygs,triangles,1,off,0,on,-4
1781754694502145086,2432.54,827.465,1.20851,1.15059,1.13722,0.030304,0.090304,0.016384,0.18944,0.810784,0.026167,1244819,1244819,415283,33.3609,1920,1080,raygs,triangles,1,off,0,on,-4
1781754694503450564,2433.84,825.09,1.21199,1.15075,1.13712,0.034944,0.08944,0.016384,0.186368,0.809984,0.027773,1244819,1244819,415283,33.3609,1920,1080,raygs,triangles,1,off,0,on,-4
1781754694504629236,2435.02,823.87,1.21378,1.14832,1.13638,0.031808,0.089664,0.016512,0.187392,0.811008,0.026689,1244819,1244819,415283,33.3609,1920,1080,raygs,triangles,1,off,0,on,-4
1781754694505795475,2436.19,823.758,1.21395,1.14637,1.13325,0.029408,0.089184,0.016384,0.187392,0.81088,0.026614,1244819,1244819,415283,33.3609,1920,1080,raygs,triangles,1,off,0,on,-4
1781754694506972514,2437.36,823.515,1.21431,1.14627,1.13395,0.030336,0.089728,0.016384,0.186496,0.811008,0.027842,1244819,1244819,415283,33.3609,1920,1080,raygs,triangles,1,off,0,on,-4
1781754694508151273,2438.54,823.479,1.21436,1.14643,1.13389,0.029632,0.090368,0.016384,0.186496,0.811008,0.026002,1244819,1244819,415283,33.3609,1920,1080,raygs,triangles,1,off,0,on,-4
1781754694509323949,2439.72,826.325,1.21018,1.14595,1.13197,0.030176,0.089056,0.01536,0.187392,0.809984,0.025951,1244819,1244819,415283,33.3609,1920,1080,raygs,triangles,1,off,0,on,-4
1781754694510497003,2440.89,827.628,1.20827,1.14768,1.13619,0.029856,0.090432,0.016384,0.188736,0.810784,0.02656,1244819,1244819,415283,33.3609,1920,1080,raygs,triangles,1,off,0,on,-4
1781754694511798773,2442.19,827.758,1.20808,1.27216,1.26125,0.030432,0.08944,0.016384,0.314368,0.810624,0.026027,1244819,1244819,415283,33.3609,1920,1080,raygs,triangles,1,off,0,on,-4
1781754694512968989,2443.36,826.228,1.21032,1.14787,1.13466,0.030048,0.089856,0.015712,0.188416,0.810624,0.025745,1244819,1244819,415283,33.3609,1920,1080,raygs,triangles,1,off,0,on,-4
1781754694514141686,2444.53,827.126,1.20901,1.14653,1.13331,0.029984,0.089632,0.016384,0.186368,0.810944,0.028849,1244819,1244819,415283,33.3609,1920,1080,raygs,triangles,1,off,0,on,-4
1781754694515327181,2445.72,826.214,1.21034,1.14544,1.13235,0.028608,0.089792,0.016384,0.187712,0.809856,0.027456,1244819,1244819,415283,33.3609,1920,1080,raygs,triangles,1,off,0,on,-4
1781754694516496040,2446.89,826.503,1.20992,1.14822,1.13949,0.029344,0.089248,0.016384,0.193536,0.810976,0.027042,1244819,1244819,415283,33.3609,1920,1080,raygs,triangles,1,off,0,on,-4
1781754694517664867,2448.06,827.682,1.20819,1.14813,1.13392,0.030048,0.089472,0.016384,0.187392,0.810624,0.027992,1244819,1244819,415283,33.3609,1920,1080,raygs,triangles,1,off,0,on,-4
1781754694519052068,2449.44,828.018,1.2077,1.14269,1.12874,0.02896,0.089088,0.01536,0.185344,0.809984,0.02643,1244819,1244819,415283,33.3609,1920,1080,raygs,triangles,1,off,0,on,-4
1781754694520355666,2450.75,825.217,1.2118,1.15117,1.13808,0.03536,0.089888,0.01648,0.186368,0.809984,0.026239,1244819,1244819,415283,33.3609,1920,1080,raygs,triangles,1,off,0,on,-4
1781754694521573036,2451.96,823.737,1.21398,1.14931,1.13574,0.031808,0.0904,0.016384,0.186368,0.810784,0.048297,1244819,1244819,415283,33.3609,1920,1080,raygs,triangles,1,off,0,on,-4
1781754694522734613,2453.13,823.845,1.21382,1.14109,1.12848,0.02832,0.089472,0.016384,0.18432,0.809984,0.026936,1244819,1244819,415283,33.3609,1920,1080,raygs,triangles,1,off,0,on,-4
1781754694523878056,2454.27,823.946,1.21367,1.14627,1.13325,0.028416,0.089568,0.016224,0.188416,0.810624,0.019171,1244819,1244819,415283,33.3609,1920,1080,raygs,triangles,1,off,0,on,-4
1781754694525074657,2455.47,824.052,1.21352,1.14755,1.13539,0.030656,0.089984,0.016384,0.187648,0.81072,0.034188,1244819,1244819,415283,33.3609,1920,1080,raygs,triangles,1,off,0,on,-4
1781754694526241439,2456.63,826.519,1.20989,1.14448,1.13078,0.028704,0.089024,0.01568,0.187392,0.809984,0.027024,1244819,1244819,415283,33.3609,1920,1080,raygs,triangles,1,off,0,on,-4
1781754694527529214,2457.92,828.216,1.20741,1.14605,1.13306,0.029056,0.089088,0.01568,0.188416,0.810816,0.022373,1244819,1244819,415283,33.3609,1920,1080,raygs,triangles,1,off,0,on,-4
1781754694528741402,2459.13,826.609,1.20976,1.14848,1.13565,0.031648,0.089216,0.01536,0.188416,0.811008,0.047343,1244819,1244819,415283,33.3609,1920,1080,raygs,triangles,1,off,0,on,-4
1781754694529877641,2460.27,826.337,1.21016,1.14534,1.13219,0.028896,0.089536,0.016384,0.187392,0.809984,0.017342,1244819,1244819,415283,33.3609,1920,1080,raygs,triangles,1,off,0,on,-4
1781754694531045828,2461.44,826.811,1.20947,1.14438,1.13174,0.028576,0.08976,0.016256,0.186368,0.810784,0.030901,1244819,1244819,415283,33.3609,1920,1080,raygs,triangles,1,off,0,on,-4
1781754694532228221,2462.62,826.822,1.20945,1.1473,1.13533,0.030496,0.089024,0.016384,0.188416,0.811008,0.026978,1244819,1244819,415283,33.3609,1920,1080,raygs,triangles,1,off,0,on,-4
1781754694533395160,2463.79,827.455,1.20852,1.1487,1.13984,0.028832,0.08944,0.016384,0.19456,0.810624,0.028407,1244819,1244819,415283,33.3609,1920,1080,raygs,triangles,1,off,0,on,-4
1781754694534620495,2465.01,828.896,1.20642,1.14595,1.13181,0.028832,0.089216,0.01536,0.188416,0.809984,0.032816,1244819,1244819,415283,33.3609,1920,1080,raygs,triangles,1,off,0,on,-4
1781754694535957502,2466.35,828.383,1.20717,1.33581,1.32374,0.03056,0.08896,0.016384,0.376832,0.811008,0.036707,1244819,1244819,415283,33.3609,1920,1080,raygs,triangles,1,off,0,on,-4
1781754694537260053,2467.65,826.643,1.20971,1.28752,1.27616,0.0304,0.089664,0.016384,0.328704,0.811008,0.027023,1244819,1244819,415283,33.3609,1920,1080,raygs,triangles,1,off,0,on,-4
1781754694538441727,2468.83,824.604,1.2127,1.14666,1.13357,0.028832,0.090976,0.016384,0.187392,0.809984,0.030138,1244819,1244819,415283,33.3609,1920,1080,raygs,triangles,1,off,0,on,-4
1781754694539591809,2469.98,825.214,1.21181,1.14566,1.13402,0.0304,0.090016,0.016384,0.186368,0.810848,0.019077,1244819,1244819,415283,33.3609,1920,1080,raygs,triangles,1,off,0,on,-4
1781754694540778949,2471.17,824.758,1.21248,1.14675,1.13347,0.029952,0.08976,0.016384,0.186368,0.811008,0.035145,1244819,1244819,415283,33.3609,1920,1080,raygs,triangles,1,off,0,on,-4
1781754694541971790,2472.36,825.068,1.21202,1.16701,1.15344,0.028672,0.088864,0.016384,0.208896,0.810624,0.020092,1244819,1244819,415283,33.3609,1920,1080,raygs,triangles,1,off,0,on,-4
1781754694543150132,2473.54,826.939,1.20928,1.14803,1.13427,0.030016,0.089472,0.016384,0.188416,0.809984,0.031574,1244819,1244819,415283,33.3609,1920,1080,raygs,triangles,1,off,0,on,-4
1781754694544429654,2474.82,829.965,1.20487,1.14598,1.13418,0.030176,0.089184,0.016384,0.187648,0.810784,0.021492,1244819,1244819,415283,33.3609,1920,1080,raygs,triangles,1,off,0,on,-4
1781754694545614145,2476.01,830.609,1.20394,1.14874,1.13606,0.030848,0.089568,0.016256,0.188416,0.810976,0.027425,1244819,1244819,415283,33.3609,1920,1080,raygs,triangles,1,off,0,on,-4
1781754694546790806,2477.18,829.809,1.2051,1.14787,1.1344,0.030048,0.08976,0.016384,0.187392,0.810816,0.025919,1244819,1244819,415283,33.3609,1920,1080,raygs,triangles,1,off,0,on,-4
1781754694547989395,2478.38,830.916,1.20349,1.14598,1.13466,0.030464,0.089792,0.016384,0.187392,0.810624,0.038802,1244819,1244819,415283,33.3609,1920,1080,raygs,triangles,1,off,0,on,-4
1781754694549139411,2479.53,829.748,1.20518,1.14643,1.1327,0.0296,0.089216,0.01536,0.18752,0.811008,0.021137,1244819,1244819,415283,33.3609,1920,1080,raygs,triangles,1,off,0,on,-4
1781754694550317765,2480.71,831.241,1.20302,1.14826,1.13725,0.0304,0.088608,0.015744,0.192512,0.809984,0.0279,1244819,1244819,415283,33.3609,1920,1080,raygs,triangles,1,off,0,on,-4
1781754694551487925,2481.88,830.869,1.20356,1.14896,1.13565,0.030112,0.089984,0.016128,0.188416,0.811008,0.030592,1244819,1244819,415283,33.3609,1920,1080,raygs,triangles,1,off,0,on,-4
1781754694552914390,2483.31,830.965,1.20342,1.39088,1.37862,0.030336,0.089952,0.016224,0.431104,0.811008,0.027886,1244819,1244819,415283,33.3609,1920,1080,raygs,triangles,1,off,0,on,-4
1781754694554247215,2484.64,826.911,1.20932,1.28688,1.27581,0.030208,0.089504,0.016384,0.328704,0.811008,0.034159,1244819,1244819,415283,33.3609,1920,1080,raygs,triangles,1,off,0,on,-4
1781754694555391216,2485.78,824.833,1.21237,1.14746,1.13363,0.029632,0.0904,0.016384,0.186368,0.810848,0.019585,1244819,1244819,415283,33.3609,1920,1080,raygs,triangles,1,off,0,on,-4
1781754694556568139,2486.96,824.887,1.21229,1.14582,1.13165,0.028736,0.089152,0.01536,0.188416,0.809984,0.026714,1244819,1244819,415283,33.3609,1920,1080,raygs,triangles,1,off,0,on,-4
1781754694557749797,2488.14,824.736,1.21251,1.14672,1.13325,0.029792,0.089696,0.016384,0.187392,0.809984,0.027049,1244819,1244819,415283,33.3609,1920,1080,raygs,triangles,1,off,0,on,-4
1781754694558916685,2489.31,824.655,1.21263,1.1463,1.13398,0.029472,0.089024,0.016384,0.188416,0.810688,0.026589,1244819,1244819,415283,33.3609,1920,1080,raygs,triangles,1,off,0,on,-4
1781754694560088425,2490.48,827.64,1.20825,1.14637,1.13286,0.028512,0.089568,0.01536,0.188416,0.811008,0.025885,1244819,1244819,415283,33.3609,1920,1080,raygs,triangles,1,off,0,on,-4
1781754694561382429,2491.77,829.038,1.20622,1.14659,1.13347,0.030176,0.089536,0.016384,0.187392,0.809984,0.026311,1244819,1244819,415283,33.3609,1920,1080,raygs,triangles,1,off,0,on,-4
1781754694562570815,2492.96,827.555,1.20838,1.14669,1.13443,0.029888,0.08976,0.016384,0.187392,0.811008,0.034479,1244819,1244819,415283,33.3609,1920,1080,raygs,triangles,1,off,0,on,-4
1781754694563725270,2494.12,827.431,1.20856,1.14618,1.13338,0.028256,0.089312,0.016384,0.188416,0.811008,0.020591,1244819,1244819,415283,33.3609,1920,1080,raygs,triangles,1,off,0,on,-4
1781754694564904629,2495.3,827.702,1.20816,1.14819,1.13603,0.030336,0.08928,0.016384,0.18944,0.810592,0.028689,1244819,1244819,415283,33.3609,1920,1080,raygs,triangles,1,off,0,on,-4
1781754694566086541,2496.48,827.717,1.20814,1.14566,1.1327,0.029056,0.089888,0.016384,0.187392,0.809984,0.028228,1244819,1244819,415283,33.3609,1920,1080,raygs,triangles,1,off,0,on,-4
1781754694567272861,2497.66,828.054,1.20765,1.14739,1.13546,0.028512,0.0888,0.015648,0.192512,0.809984,0.036077,1244819,1244819,415283,33.3609,1920,1080,raygs,triangles,1,off,0,on,-4
1781754694568421485,2498.81,829.024,1.20624,1.14755,1.13539,0.030752,0.089856,0.016384,0.188416,0.809984,0.019589,1244819,1244819,415283,33.3609,1920,1080,raygs,triangles,1,off,0,on,-4
1781754694569825309,2500.22,829.201,1.20598,1.37635,1.3623,0.029152,0.089152,0.01536,0.417792,0.810848,0.026031,1244819,1244819,415283,33.3609,1920,1080,raygs,triangles,1,off,0,on,-4
1781754694571149947,2501.54,826.696,1.20963,1.28794,1.27424,0.029792,0.089376,0.016384,0.328704,0.809984,0.026094,1244819,1244819,415283,33.3609,1920,1080,raygs,triangles,1,off,0,on,-4
1781754694572336052,2502.73,821.814,1.21682,1.1472,1.13325,0.030368,0.090144,0.01536,0.186368,0.811008,0.031217,1244819,1244819,415283,33.3609,1920,1080,raygs,triangles,1,off,0,on,-4
1781754694573485875,2503.88,824.8,1.21242,1.1448,1.13072,0.029024,0.089024,0.01536,0.186624,0.810688,0.01988,1244819,1244819,415283,33.3609,1920,1080,raygs,triangles,1,off,0,on,-4
1781754694574663234,2505.05,824.967,1.21217,1.14451,1.13219,0.028704,0.08992,0.016384,0.186368,0.810816,0.026812,1244819,1244819,415283,33.3609,1920,1080,raygs,triangles,1,off,0,on,-4
1781754694575842672,2506.23,827.299,1.20875,1.14669,1.13446,0.030432,0.089472,0.016512,0.187392,0.810656,0.026664,1244819,1244819,415283,33.3609,1920,1080,raygs,triangles,1,off,0,on,-4
1781754694577041600,2507.43,828.794,1.20657,1.14598,1.13402,0.030176,0.089024,0.016384,0.187424,0.811008,0.036051,1244819,1244819,415283,33.3609,1920,1080,raygs,triangles,1,off,0,on,-4
1781754694578314816,2508.71,828.743,1.20665,1.14845,1.13478,0.029568,0.089408,0.016384,0.18944,0.809984,0.020416,1244819,1244819,415283,33.3609,1920,1080,raygs,triangles,1,off,0,on,-4
1781754694579491988,2509.88,827.406,1.2086,1.14784,1.13485,0.03104,0.090048,0.016384,0.187392,0.809984,0.027794,1244819,1244819,415283,33.3609,1920,1080,raygs,triangles,1,off,0,on,-4
1781754694580659058,2511.05,827.506,1.20845,1.14819,1.13414,0.030336,0.08976,0.015648,0.188416,0.809984,0.026582,1244819,1244819,415283,33.3609,1920,1080,raygs,triangles,1,off,0,on,-4
1781754694581852891,2512.24,827.519,1.20843,1.14614,1.13338,0.030336,0.089152,0.016384,0.186688,0.810816,0.03728,1244819,1244819,415283,33.3609,1920,1080,raygs,triangles,1,off,0,on,-4
1781754694583022384,2513.41,827.498,1.20846,1.14682,1.13347,0.029984,0.089728,0.016384,0.187392,0.809984,0.021209,1244819,1244819,415283,33.3609,1920,1080,raygs,triangles,1,off,0,on,-4
1781754694584184090,2514.58,827.567,1.20836,1.1488,1.13827,0.030496,0.088992,0.01536,0.192512,0.810912,0.027847,1244819,1244819,415283,33.3609,1920,1080,raygs,triangles,1,off,0,on,-4
1781754694585582197,2515.97,828.857,1.20648,1.14771,1.13472,0.030336,0.08944,0.01536,0.188768,0.810816,0.028555,1244819,1244819,415283,33.3609,1920,1080,raygs,triangles,1,off,0,on,-4
1781754694586884828,2517.28,826.294,1.21022,1.15088,1.13789,0.035104,0.090464,0.016384,0.185344,0.810592,0.028363,1244819,1244819,415283,33.3609,1920,1080,raygs,triangles,1,off,0,on,-4
1781754694588056928,2518.45,824.906,1.21226,1.14858,1.13478,0.03072,0.090208,0.01648,0.187392,0.809984,0.026988,1244819,1244819,415283,33.3609,1920,1080,raygs,triangles,1,off,0,on,-4
1781754694589226944,2519.62,824.709,1.21255,1.14685,1.13443,0.030016,0.089792,0.016384,0.187648,0.810592,0.026293,1244819,1244819,415283,33.3609,1920,1080,raygs,triangles,1,off,0,on,-4
1781754694590400758,2520.79,824.913,1.21225,1.14534,1.13389,0.030432,0.090048,0.016416,0.186368,0.810624,0.0262,1244819,1244819,415283,33.3609,1920,1080,raygs,triangles,1,off,0,on,-4
1781754694591575380,2521.97,824.894,1.21228,1.14435,1.13056,0.029472,0.089376,0.016384,0.185344,0.809984,0.02663,1244819,1244819,415283,33.3609,1920,1080,raygs,triangles,1,off,0,on,-4
1781754694592753793,2523.15,827.337,1.2087,1.14669,1.13533,0.030912,0.090208,0.016384,0.18784,0.809984,0.02669,1244819,1244819,415283,33.3609,1920,1080,raygs,triangles,1,off,0,on,-4
1781754694593926632,2524.32,828.769,1.20661,1.14691,1.1336,0.030528,0.089536,0.016384,0.186368,0.810784,0.027004,1244819,1244819,415283,33.3609,1920,1080,raygs,triangles,1,off,0,on,-4
1781754694595251956,2525.64,829.027,1.20623,1.28077,1.26784,0.030368,0.089568,0.016384,0.320512,0.811008,0.034549,1244819,1244819,415283,33.3609,1920,1080,raygs,triangles,1,off,0,on,-4
1781754694596402218,2526.79,827.373,1.20864,1.14758,1.13306,0.029728,0.089344,0.015584,0.188416,0.809984,0.019849,1244819,1244819,415283,33.3609,1920,1080,raygs,triangles,1,off,0,on,-4
1781754694597588180,2527.98,827.307,1.20874,1.14746,1.13491,0.030656,0.089728,0.016384,0.187392,0.810752,0.026958,1244819,1244819,415283,33.3609,1920,1080,raygs,triangles,1,off,0,on,-4
1781754694598762811,2529.15,827.378,1.20864,1.14566,1.13213,0.028896,0.088864,0.016384,0.187392,0.810592,0.030144,1244819,1244819,415283,33.3609,1920,1080,raygs,triangles,1,off,0,on,-4
1781754694599946603,2530.34,827.256,1.20882,1.14643,1.13437,0.029024,0.089536,0.016384,0.188416,0.811008,0.027159,1244819,1244819,415283,33.3609,1920,1080,raygs,triangles,1,off,0,on,-4
1781754694601103293,2531.49,828.754,1.20663,1.14947,1.13939,0.029568,0.088992,0.016256,0.193568,0.811008,0.027332,1244819,1244819,415283,33.3609,1920,1080,raygs,triangles,1,off,0,on,-4
1781754694602457238,2532.85,829.052,1.2062,1.14538,1.13139,0.028512,0.090336,0.016256,0.186368,0.80992,0.028562,1244819,1244819,415283,33.3609,1920,1080,raygs,triangles,1,off,0,on,-4
1781754694603760315,2534.15,826.637,1.20972,1.15094,1.1377,0.035136,0.089824,0.016384,0.186368,0.809984,0.02781,1244819,1244819,415283,33.3609,1920,1080,raygs,triangles,1,off,0,on,-4
1781754694604948532,2535.34,825.214,1.21181,1.1487,1.13658,0.031456,0.090336,0.016384,0.187392,0.811008,0.033844,1244819,1244819,415283,33.3609,1920,1080,raygs,triangles,1,off,0,on,-4
1781754694606099476,2536.49,824.977,1.21215,1.1447,1.13133,0.028928,0.089664,0.016384,0.186368,0.809984,0.019626,1244819,1244819,415283,33.3609,1920,1080,raygs,triangles,1,off,0,on,-4
1781754694607281005,2537.67,825.199,1.21183,1.14448,1.13226,0.028672,0.089856,0.016352,0.186368,0.811008,0.026634,1244819,1244819,415283,33.3609,1920,1080,raygs,triangles,1,off,0,on,-4
1781754694608461756,2538.85,825.606,1.21123,1.1463,1.13466,0.030496,0.090208,0.016384,0.186624,0.810944,0.027296,1244819,1244819,415283,33.3609,1920,1080,raygs,triangles,1,off,0,on,-4
1781754694609631247,2540.02,827.346,1.20868,1.14378,1.12986,0.028992,0.089216,0.01536,0.186368,0.80992,0.028234,1244819,1244819,415283,33.3609,1920,1080,raygs,triangles,1,off,0,on,-4
1781754694611069974,2541.46,828.942,1.20636,1.14566,1.13363,0.028864,0.088864,0.016384,0.188576,0.810944,0.047228,1244819,1244819,415283,33.3609,1920,1080,raygs,triangles,1,off,0,on,-4
1781754694612218827,2542.61,825.944,1.21074,1.14774,1.13437,0.030912,0.089504,0.016384,0.186688,0.81088,0.039094,1244819,1244819,415283,33.3609,1920,1080,raygs,triangles,1,off,0,on,-4
1781754694613354266,2543.75,826.144,1.21044,1.14394,1.13146,0.029152,0.089568,0.016384,0.186368,0.809984,0.029972,1244819,1244819,415283,33.3609,1920,1080,raygs,triangles,1,off,0,on,-4
1781754694614495097,2544.89,826.788,1.2095,1.148,1.13616,0.02944,0.089696,0.016384,0.189696,0.810944,0.043086,1244819,1244819,415283,33.3609,1920,1080,raygs,triangles,1,off,0,on,-4
1781754694615680643,2546.07,827.507,1.20845,1.14714,1.1337,0.030304,0.089056,0.01536,0.188416,0.81056,0.049403,1244819,1244819,415283,33.3609,1920,1080,raygs,triangles,1,off,0,on,-4
1781754694616810257,2547.2,827.438,1.20855,1.14528,1.13114,0.02896,0.08944,0.01536,0.187392,0.809984,0.018172,1244819,1244819,415283,33.3609,1920,1080,raygs,triangles,1,off,0,on,-4
1781754694618026541,2548.42,829.226,1.20594,1.14934,1.13824,0.028416,0.088896,0.016384,0.19456,0.809984,0.053765,1244819,1244819,415283,33.3609,1920,1080,raygs,triangles,1,off,0,on,-4
1781754694619338160,2549.73,828.867,1.20647,1.33734,1.3249,0.03008,0.088544,0.016384,0.37888,0.811008,0.016758,1244819,1244819,415283,33.3609,1920,1080,raygs,triangles,1,off,0,on,-4
1781754694620659974,2551.05,827.182,1.20892,1.28493,1.27216,0.029856,0.089568,0.016384,0.325632,0.81072,0.028751,1244819,1244819,415283,33.3609,1920,1080,raygs,triangles,1,off,0,on,-4
1781754694621861180,2552.25,825.511,1.21137,1.14646,1.13523,0.030144,0.0904,0.016384,0.187392,0.810912,0.048443,1244819,1244819,415283,33.3609,1920,1080,raygs,triangles,1,off,0,on,-4
1781754694623003624,2553.39,825.078,1.21201,1.14566,1.13482,0.03024,0.089632,0.016384,0.187552,0.811008,0.021384,1244819,1244819,415283,33.3609,1920,1080,raygs,triangles,1,off,0,on,-4
1781754694624216941,2554.61,825.531,1.21134,1.1455,1.13469,0.030752,0.089152,0.016384,0.187392,0.811008,0.061573,1244819,1244819,415283,33.3609,1920,1080,raygs,triangles,1,off,0,on,-4
1781754694625401548,2555.79,825.179,1.21186,1.16595,1.15402,0.03072,0.089376,0.016384,0.206848,0.810688,0.040349,1244819,1244819,415283,33.3609,1920,1080,raygs,triangles,1,off,0,on,-4
1781754694626594422,2556.99,827.933,1.20783,1.14672,1.13453,0.030368,0.089504,0.016384,0.187392,0.81088,0.047816,1244819,1244819,415283,33.3609,1920,1080,raygs,triangles,1,off,0,on,-4
1781754694627833661,2558.22,829.371,1.20573,1.14675,1.13264,0.029952,0.089088,0.01536,0.187392,0.810848,0.016776,1244819,1244819,415283,33.3609,1920,1080,raygs,triangles,1,off,0,on,-4
1781754694629050272,2559.44,828.286,1.20731,1.14832,1.13728,0.031392,0.089472,0.016384,0.18944,0.810592,0.052522,1244819,1244819,415283,33.3609,1920,1080,raygs,triangles,1,off,0,on,-4
1781754694630184116,2560.58,828.086,1.2076,1.14595,1.13274,0.030176,0.089824,0.016384,0.186368,0.809984,0.017035,1244819,1244819,415283,33.3609,1920,1080,raygs,triangles,1,off,0,on,-4
1781754694631407924,2561.8,828.339,1.20723,1.1456,1.13219,0.029792,0.089664,0.016384,0.186368,0.809984,0.053978,1244819,1244819,415283,33.3609,1920,1080,raygs,triangles,1,off,0,on,-4
1781754694632530831,2562.92,827.944,1.20781,1.14685,1.13491,0.030336,0.089632,0.016384,0.18864,0.80992,0.020139,1244819,1244819,415283,33.3609,1920,1080,raygs,triangles,1,off,0,on,-4
1781754694633713817,2564.11,828.146,1.20752,1.14685,1.13366,0.030016,0.089888,0.016384,0.186368,0.811008,0.028041,1244819,1244819,415283,33.3609,1920,1080,raygs,triangles,1,off,0,on,-4
1781754694634916964,2565.31,829.778,1.20514,1.14928,1.1384,0.029376,0.089024,0.01648,0.193536,0.809984,0.05202,1244819,1244819,415283,33.3609,1920,1080,raygs,triangles,1,off,0,on,-4
1781754694636328930,2566.72,829.552,1.20547,1.38525,1.37277,0.030144,0.089248,0.016384,0.427008,0.809984,0.043349,1244819,1244819,415283,33.3609,1920,1080,raygs,triangles,1,off,0,on,-4
1781754694637605064,2568,826.661,1.20969,1.28538,1.27226,0.030304,0.08896,0.016384,0.325632,0.810976,0.01668,1244819,1244819,415283,33.3609,1920,1080,raygs,triangles,1,off,0,on,-4
1781754694638784417,2569.18,825.423,1.2115,1.14656,1.1345,0.029728,0.089344,0.016384,0.188416,0.810624,0.026601,1244819,1244819,415283,33.3609,1920,1080,raygs,triangles,1,off,0,on,-4
1781754694639958361,2570.35,825.185,1.21185,1.14659,1.13555,0.030048,0.089696,0.016384,0.188416,0.811008,0.026808,1244819,1244819,415283,33.3609,1920,1080,raygs,triangles,1,off,0,on,-4
1781754694641173603,2571.56,825.441,1.21147,1.14525,1.13197,0.030464,0.089664,0.015712,0.185344,0.810784,0.051692,1244819,1244819,415283,33.3609,1920,1080,raygs,triangles,1,off,0,on,-4
1781754694642339743,2572.73,824.998,1.21212,1.14448,1.13094,0.030752,0.089504,0.01536,0.185344,0.809984,0.051725,1244819,1244819,415283,33.3609,1920,1080,raygs,triangles,1,off,0,on,-4
1781754694643479686,2573.87,827.655,1.20823,1.14704,1.13418,0.029216,0.088992,0.016384,0.188576,0.811008,0.025365,1244819,1244819,415283,33.3609,1920,1080,raygs,triangles,1,off,0,on,-4
1781754694644816151,2575.21,832.427,1.20131,1.14826,1.13453,0.029408,0.089152,0.016384,0.1888,0.810784,0.05386,1244819,1244819,415283,33.3609,1920,1080,raygs,triangles,1,off,0,on,-4
1781754694645945940,2576.34,827.947,1.20781,1.14598,1.13325,0.029856,0.089536,0.01536,0.187712,0.810784,0.017687,1244819,1244819,415283,33.3609,1920,1080,raygs,triangles,1,off,0,on,-4
1781754694647141123,2577.53,828.162,1.20749,1.14614,1.1337,0.028832,0.089344,0.016224,0.188416,0.81088,0.045799,1244819,1244819,415283,33.3609,1920,1080,raygs,triangles,1,off,0,on,-4
1781754694648297720,2578.69,828.176,1.20747,1.14707,1.13498,0.030176,0.090016,0.016384,0.187392,0.811008,0.021185,1244819,1244819,415283,33.3609,1920,1080,raygs,triangles,1,off,0,on,-4
1781754694649496101,2579.89,828.263,1.20735,1.14486,1.13114,0.027968,0.089408,0.01536,0.187392,0.811008,0.051152,1244819,1244819,415283,33.3609,1920,1080,raygs,triangles,1,off,0,on,-4
1781754694650834223,2581.23,828.175,1.20747,1.14598,1.13462,0.029152,0.089696,0.016384,0.188416,0.810976,0.045178,1244819,1244819,415283,33.3609,1920,1080,raygs,triangles,1,off,0,on,-4
1781754694651953003,2582.34,827.167,1.20895,1.15066,1.1415,0.030752,0.088672,0.016512,0.19456,0.811008,0.039047,1244819,1244819,415283,33.3609,1920,1080,raygs,triangles,1,off,0,on,-4
1781754694653353050,2583.74,826.612,1.20976,1.37725,1.36416,0.02896,0.088992,0.016384,0.41984,0.809984,0.036783,1244819,1244819,415283,33.3609,1920,1080,raygs,triangles,1,off,0,on,-4
1781754694654656723,2585.05,825.31,1.21167,1.28445,1.27149,0.0304,0.089088,0.016384,0.326656,0.80896,0.035956,1244819,1244819,415283,33.3609,1920,1080,raygs,triangles,1,off,0,on,-4
1781754694655829847,2586.22,823.877,1.21377,1.14669,1.13392,0.030304,0.09088,0.016384,0.186368,0.809984,0.037066,1244819,1244819,415283,33.3609,1920,1080,raygs,triangles,1,off,0,on,-4
1781754694657000830,2587.39,823.806,1.21388,1.14394,1.12992,0.028128,0.089312,0.016128,0.186368,0.809984,0.035429,1244819,1244819,415283,33.3609,1920,1080,raygs,triangles,1,off,0,on,-4
1781754694658171292,2588.56,823.994,1.2136,1.1448,1.13075,0.029024,0.089024,0.01536,0.187392,0.809952,0.035481,1244819,1244819,415283,33.3609,1920,1080,raygs,triangles,1,off,0,on,-4
1781754694659349012,2589.74,826.464,1.20997,1.14614,1.13408,0.030016,0.08928,0.016384,0.188416,0.809984,0.036077,1244819,1244819,415283,33.3609,1920,1080,raygs,triangles,1,off,0,on,-4
1781754694660525819,2590.92,827.887,1.20789,1.14669,1.13421,0.029856,0.08992,0.016384,0.187392,0.810656,0.037926,1244819,1244819,415283,33.3609,1920,1080,raygs,triangles,1,off,0,on,-4
1781754694661852070,2592.24,827.809,1.20801,1.14803,1.13504,0.030176,0.089056,0.016384,0.18944,0.809984,0.040271,1244819,1244819,415283,33.3609,1920,1080,raygs,triangles,1,off,0,on,-4
1781754694663031455,2593.42,826.014,1.21063,1.14874,1.13603,0.030848,0.089504,0.016256,0.188416,0.811008,0.039332,1244819,1244819,415283,33.3609,1920,1080,raygs,triangles,1,off,0,on,-4
1781754694664184371,2594.58,826.014,1.21063,1.14557,1.13267,0.03072,0.089184,0.016416,0.186368,0.809984,0.037778,1244819,1244819,415283,33.3609,1920,1080,raygs,triangles,1,off,0,on,-4
1781754694665287752,2595.68,826.263,1.21027,1.14486,1.13392,0.030112,0.089472,0.016384,0.187392,0.81056,0.034375,1244819,1244819,415283,33.3609,1920,1080,raygs,triangles,1,off,0,on,-4
1781754694666397702,2596.79,827.233,1.20885,1.14646,1.1329,0.029632,0.08848,0.016384,0.188416,0.809984,0.023627,1244819,1244819,415283,33.3609,1920,1080,raygs,triangles,1,off,0,on,-4
1781754694667601238,2597.99,828.026,1.20769,1.14733,1.13517,0.030496,0.08896,0.016384,0.188416,0.810912,0.032935,1244819,1244819,415283,33.3609,1920,1080,raygs,triangles,1,off,0,on,-4
1781754694668932200,2599.32,829.162,1.20604,1.1505,1.14003,0.030336,0.088768,0.016384,0.193536,0.811008,0.038819,1244819,1244819,415283,33.3609,1920,1080,raygs,triangles,1,off,0,on,-4
1781754694670244779,2600.64,827.493,1.20847,1.14886,1.1359,0.032032,0.08912,0.016384,0.187808,0.81056,0.019259,1244819,1244819,415283,33.3609,1920,1080,raygs,triangles,1,off,0,on,-4
1781754694671425840,2601.82,825.675,1.21113,1.15008,1.1361,0.035296,0.089248,0.016384,0.18432,0.810848,0.027179,1244819,1244819,415283,33.3609,1920,1080,raygs,triangles,1,off,0,on,-4
1781754694672627191,2603.02,825.75,1.21102,1.14611,1.13338,0.030336,0.08928,0.01536,0.187392,0.811008,0.038437,1244819,1244819,415283,33.3609,1920,1080,raygs,triangles,1,off,0,on,-4
1781754694673841918,2604.23,825.492,1.2114,1.14637,1.1327,0.029536,0.089408,0.016384,0.186368,0.811008,0.036704,1244819,1244819,415283,33.3609,1920,1080,raygs,triangles,1,off,0,on,-4
1781754694674954993,2605.35,824.947,1.2122,1.14454,1.1321,0.028704,0.089536,0.016384,0.186464,0.811008,0.025718,1244819,1244819,415283,33.3609,1920,1080,raygs,triangles,1,off,0,on,-4
1781754694676124007,2606.52,827.737,1.20811,1.14566,1.13376,0.028992,0.089952,0.01632,0.187488,0.811008,0.021751,1244819,1244819,415283,33.3609,1920,1080,raygs,triangles,1,off,0,on,-4
1781754694677332713,2607.72,829.16,1.20604,1.14762,1.13405,0.029728,0.089536,0.01536,0.188416,0.811008,0.042464,1244819,1244819,415283,33.3609,1920,1080,raygs,triangles,1,off,0,on,-4
1781754694678597128,2608.99,828.991,1.20629,1.2728,1.26016,0.029024,0.088992,0.01616,0.315392,0.810592,0.017821,1244819,1244819,415283,33.3609,1920,1080,raygs,triangles,1,off,0,on,-4
1781754694679772340,2610.16,827.669,1.20821,1.14589,1.13363,0.029056,0.0896,0.016384,0.188704,0.809888,0.028107,1244819,1244819,415283,33.3609,1920,1080,raygs,triangles,1,off,0,on,-4
1781754694680942187,2611.33,827.721,1.20814,1.1463,1.13354,0.029472,0.089408,0.016384,0.187392,0.81088,0.030615,1244819,1244819,415283,33.3609,1920,1080,raygs,triangles,1,off,0,on,-4
1781754694682290486,2612.68,827.737,1.20811,1.14496,1.13283,0.029152,0.089152,0.016384,0.187392,0.810752,0.057057,1244819,1244819,415283,33.3609,1920,1080,raygs,triangles,1,off,0,on,-4
1781754694683444535,2613.84,825.741,1.21103,1.14432,1.13283,0.028512,0.089536,0.016384,0.187392,0.811008,0.030482,1244819,1244819,415283,33.3609,1920,1080,raygs,triangles,1,off,0,on,-4
1781754694684585385,2614.98,829.207,1.20597,1.15037,1.13763,0.03152,0.090112,0.01648,0.188608,0.810912,0.019425,1244819,1244819,415283,33.3609,1920,1080,raygs,triangles,1,off,0,on,-4
1781754694685932210,2616.32,829.329,1.20579,1.14614,1.13635,0.029344,0.088512,0.016384,0.191488,0.810624,0.027772,1244819,1244819,415283,33.3609,1920,1080,raygs,triangles,1,off,0,on,-4
1781754694687241340,2617.63,826.513,1.2099,1.15133,1.1383,0.035424,0.090176,0.016384,0.185344,0.810976,0.028783,1244819,1244819,415283,33.3609,1920,1080,raygs,triangles,1,off,0,on,-4
1781754694688456594,2618.85,824.6,1.21271,1.14886,1.13584,0.03104,0.09024,0.016384,0.187392,0.810784,0.039825,1244819,1244819,415283,33.3609,1920,1080,raygs,triangles,1,off,0,on,-4
1781754694689587568,2619.98,824.435,1.21295,1.14291,1.12976,0.028864,0.089184,0.016384,0.185344,0.809984,0.017062,1244819,1244819,415283,33.3609,1920,1080,raygs,triangles,1,off,0,on,-4
1781754694690753094,2621.14,824.246,1.21323,1.14464,1.13206,0.028832,0.089536,0.016384,0.187392,0.80992,0.025916,1244819,1244819,415283,33.3609,1920,1080,raygs,triangles,1,off,0,on,-4
1781754694691973402,2622.36,824.735,1.21251,1.16205,1.14787,0.029856,0.0896,0.01568,0.202752,0.809984,0.036513,1244819,1244819,415283,33.3609,1920,1080,raygs,triangles,1,off,0,on,-4
1781754694693116112,2623.51,826.088,1.21053,1.14474,1.13174,0.027904,0.089248,0.016384,0.187392,0.810816,0.018079,1244819,1244819,415283,33.3609,1920,1080,raygs,triangles,1,off,0,on,-4
1781754694694427355,2624.82,827.988,1.20775,1.14605,1.13504,0.029216,0.090208,0.016384,0.188416,0.810816,0.033747,1244819,1244819,415283,33.3609,1920,1080,raygs,triangles,1,off,0,on,-4
1781754694695597422,2625.99,826.729,1.20959,1.14858,1.13702,0.031392,0.089824,0.016384,0.188416,0.811008,0.02159,1244819,1244819,415283,33.3609,1920,1080,raygs,triangles,1,off,0,on,-4
1781754694696762117,2627.15,826.472,1.20996,1.14598,1.13376,0.029152,0.090272,0.016384,0.187392,0.81056,0.027116,1244819,1244819,415283,33.3609,1920,1080,raygs,triangles,1,off,0,on,-4
1781754694697952129,2628.34,826.809,1.20947,1.14579,1.13222,0.028992,0.089376,0.015552,0.187392,0.810912,0.034031,1244819,1244819,415283,33.3609,1920,1080,raygs,triangles,1,off,0,on,-4
1781754694699112202,2629.5,826.938,1.20928,1.14669,1.13421,0.029856,0.089536,0.016384,0.187424,0.811008,0.020096,1244819,1244819,415283,33.3609,1920,1080,raygs,triangles,1,off,0,on,-4
1781754694700302644,2630.69,827.155,1.20896,1.14714,1.13347,0.030336,0.089376,0.01536,0.188416,0.809984,0.037739,1244819,1244819,415283,33.3609,1920,1080,raygs,triangles,1,off,0,on,-4
1781754694701455513,2631.85,828.051,1.20766,1.1465,1.13379,0.03072,0.08928,0.016384,0.187424,0.809984,0.023661,1244819,1244819,415283,33.3609,1920,1080,raygs,triangles,1,off,0,on,-4
1781754694702865024,2633.26,828.688,1.20673,1.38746,1.37802,0.031008,0.088736,0.01616,0.431104,0.811008,0.027459,1244819,1244819,415283,33.3609,1920,1080,raygs,triangles,1,off,0,on,-4
1781754694704197448,2634.59,825.598,1.21124,1.28637,1.2743,0.030304,0.089888,0.016448,0.326656,0.811008,0.033347,1244819,1244819,415283,33.3609,1920,1080,raygs,triangles,1,off,0,on,-4
1781754694705360146,2635.75,824.182,1.21332,1.14685,1.1337,0.030368,0.090656,0.01632,0.186368,0.809984,0.027498,1244819,1244819,415283,33.3609,1920,1080,raygs,triangles,1,off,0,on,-4
1781754694706524417,2636.92,823.958,1.21365,1.14496,1.13094,0.030272,0.0888,0.016384,0.1856,0.809888,0.026854,1244819,1244819,415283,33.3609,1920,1080,raygs,triangles,1,off,0,on,-4
1781754694707695377,2638.09,823.872,1.21378,1.14483,1.13427,0.030048,0.089824,0.016384,0.187392,0.810624,0.026444,1244819,1244819,415283,33.3609,1920,1080,raygs,triangles,1,off,0,on,-4
1781754694708875776,2639.27,824.154,1.21337,1.14566,1.1327,0.03088,0.090112,0.016384,0.185344,0.809984,0.025638,1244819,1244819,415283,33.3609,1920,1080,raygs,triangles,1,off,0,on,-4
1781754694710045785,2640.44,826.799,1.20948,1.14714,1.13488,0.030336,0.088896,0.016384,0.188416,0.810848,0.026604,1244819,1244819,415283,33.3609,1920,1080,raygs,triangles,1,off,0,on,-4
1781754694711335281,2641.73,828.154,1.2075,1.14714,1.13402,0.030176,0.09008,0.016384,0.18672,0.810656,0.025276,1244819,1244819,415283,33.3609,1920,1080,raygs,triangles,1,off,0,on,-4
1781754694712542504,2642.93,826.938,1.20928,1.14918,1.13603,0.03136,0.089888,0.016384,0.188416,0.809984,0.035956,1244819,1244819,415283,33.3609,1920,1080,raygs,triangles,1,off,0,on,-4
1781754694713708788,2644.1,826.737,1.20957,1.14765,1.13565,0.029792,0.089472,0.016384,0.18944,0.81056,0.026051,1244819,1244819,415283,33.3609,1920,1080,raygs,triangles,1,off,0,on,-4
1781754694714856642,2645.25,827.122,1.20901,1.14582,1.13229,0.030016,0.089536,0.016384,0.186368,0.809984,0.020365,1244819,1244819,415283,33.3609,1920,1080,raygs,triangles,1,off,0,on,-4
1781754694716030122,2646.42,827.168,1.20894,1.14598,1.13286,0.030176,0.088928,0.016384,0.187392,0.809984,0.025026,1244819,1244819,415283,33.3609,1920,1080,raygs,triangles,1,off,0,on,-4
1781754694717222096,2647.61,827.003,1.20918,1.14858,1.13565,0.029728,0.08944,0.016384,0.18944,0.810656,0.032915,1244819,1244819,415283,33.3609,1920,1080,raygs,triangles,1,off,0,on,-4
1781754694718387005,2648.78,828.454,1.20707,1.14496,1.13264,0.028928,0.090208,0.016384,0.186368,0.810752,0.026,1244819,1244819,415283,33.3609,1920,1080,raygs,triangles,1,off,0,on,-4
1781754694719783585,2650.17,828.42,1.20712,1.37418,1.36374,0.028992,0.088544,0.015616,0.41984,0.810752,0.026709,1244819,1244819,415283,33.3609,1920,1080,raygs,triangles,1,off,0,on,-4
1781754694721110347,2651.5,825.645,1.21117,1.28547,1.27338,0.0304,0.088928,0.016384,0.326656,0.811008,0.02801,1244819,1244819,415283,33.3609,1920,1080,raygs,triangles,1,off,0,on,-4
1781754694722277073,2652.67,824.008,1.21358,1.14406,1.12992,0.028256,0.0896,0.015712,0.186368,0.809984,0.025846,1244819,1244819,415283,33.3609,1920,1080,raygs,triangles,1,off,0,on,-4
1781754694723438489,2653.83,824.189,1.21331,1.1448,1.13283,0.029024,0.089184,0.016384,0.187392,0.810848,0.02548,1244819,1244819,415283,33.3609,1920,1080,raygs,triangles,1,off,0,on,-4
1781754694724630683,2655.02,826.599,1.20978,1.14598,1.13296,0.030208,0.088992,0.016384,0.187392,0.809984,0.033716,1244819,1244819,415283,33.3609,1920,1080,raygs,triangles,1,off,0,on,-4
1781754694725787741,2656.18,827.111,1.20903,1.1448,1.13264,0.028992,0.088992,0.016384,0.187392,0.81088,0.021689,1244819,1244819,415283,33.3609,1920,1080,raygs,triangles,1,off,0,on,-4
1781754694726967292,2657.36,828.387,1.20716,1.14717,1.13341,0.028288,0.089312,0.016384,0.18944,0.809984,0.027245,1244819,1244819,415283,33.3609,1920,1080,raygs,triangles,1,off,0,on,-4
1781754694728267335,2658.66,829.802,1.20511,1.14739,1.13638,0.030592,0.089984,0.016384,0.188416,0.811008,0.027214,1244819,1244819,415283,33.3609,1920,1080,raygs,triangles,1,off,0,on,-4
1781754694729441495,2659.83,828.386,1.20717,1.14701,1.13325,0.029152,0.08944,0.016256,0.188416,0.809984,0.027331,1244819,1244819,415283,33.3609,1920,1080,raygs,triangles,1,off,0,on,-4
1781754694730600590,2660.99,828.354,1.20721,1.14912,1.13693,0.03024,0.089728,0.016384,0.189792,0.810784,0.024486,1244819,1244819,415283,33.3609,1920,1080,raygs,triangles,1,off,0,on,-4
1781754694731779855,2662.17,828.452,1.20707,1.14803,1.13485,0.030368,0.088832,0.015616,0.18944,0.810592,0.025412,1244819,1244819,415283,33.3609,1920,1080,raygs,triangles,1,off,0,on,-4
1781754694732955575,2663.35,828.444,1.20708,1.14554,1.13322,0.029728,0.088704,0.016384,0.187392,0.811008,0.030422,1244819,1244819,415283,33.3609,1920,1080,raygs,triangles,1,off,0,on,-4
1781754694734164385,2664.56,828.581,1.20688,1.1497,1.13616,0.029792,0.08944,0.01536,0.18976,0.811808,0.041303,1244819,1244819,415283,33.3609,1920,1080,raygs,triangles,1,off,0,on,-4
1781754694735314025,2665.71,830.085,1.2047,1.14845,1.13587,0.030592,0.089312,0.01552,0.18944,0.811008,0.018359,1244819,1244819,415283,33.3609,1920,1080,raygs,triangles,1,off,0,on,-4
1781754694736668845,2667.06,830.212,1.20451,1.3177,1.30387,0.029728,0.088352,0.016384,0.359424,0.809984,0.03494,1244819,1244819,415283,33.3609,1920,1080,raygs,triangles,1,off,0,on,-4
1781754694738017328,2668.41,828.058,1.20765,1.33878,1.3257,0.0304,0.089024,0.016384,0.37888,0.811008,0.018942,1244819,1244819,415283,33.3609,1920,1080,raygs,triangles,1,off,0,on,-4
1781754694739203305,2669.59,824.92,1.21224,1.14733,1.13648,0.030496,0.090176,0.016384,0.188416,0.811008,0.034161,1244819,1244819,415283,33.3609,1920,1080,raygs,triangles,1,off,0,on,-4
1781754694740405304,2670.8,824.152,1.21337,1.14701,1.1329,0.030208,0.088832,0.015456,0.188416,0.809984,0.0354,1244819,1244819,415283,33.3609,1920,1080,raygs,triangles,1,off,0,on,-4
1781754694741534492,2671.93,824.244,1.21323,1.14653,1.13382,0.03072,0.08832,0.01536,0.188416,0.811008,0.015743,1244819,1244819,415283,33.3609,1920,1080,raygs,triangles,1,off,0,on,-4
1781754694742709555,2673.1,826.279,1.21025,1.14598,1.13488,0.0304,0.089696,0.016384,0.187392,0.811008,0.025741,1244819,1244819,415283,33.3609,1920,1080,raygs,triangles,1,off,0,on,-4
1781754694744028078,2674.42,828.081,1.20761,1.14749,1.1343,0.030048,0.088448,0.01536,0.18944,0.811008,0.036432,1244819,1244819,415283,33.3609,1920,1080,raygs,triangles,1,off,0,on,-4
1781754694745148659,2675.54,826.612,1.20976,1.14902,1.13686,0.031168,0.090144,0.016384,0.188416,0.810752,0.014484,1244819,1244819,415283,33.3609,1920,1080,raygs,triangles,1,off,0,on,-4
1781754694746380143,2676.77,827.1,1.20904,1.1481,1.13338,0.030272,0.088672,0.01536,0.188416,0.810656,0.04059,1244819,1244819,415283,33.3609,1920,1080,raygs,triangles,1,off,0,on,-4
1781754694747541401,2677.93,827.095,1.20905,1.14813,1.13578,0.03024,0.089728,0.016384,0.18944,0.809984,0.027829,1244819,1244819,415283,33.3609,1920,1080,raygs,triangles,1,off,0,on,-4
1781754694748681772,2679.07,826.714,1.20961,1.14778,1.13469,0.029952,0.089312,0.016256,0.188416,0.810752,0.017839,1244819,1244819,415283,33.3609,1920,1080,raygs,triangles,1,off,0,on,-4
1781754694749857570,2680.25,827.14,1.20899,1.14835,1.1345,0.030496,0.08912,0.01536,0.18864,0.81088,0.025821,1244819,1244819,415283,33.3609,1920,1080,raygs,triangles,1,off,0,on,-4
1781754694751076708,2681.47,827.333,1.2087,1.14733,1.13568,0.02944,0.089408,0.016384,0.18944,0.811008,0.04167,1244819,1244819,415283,33.3609,1920,1080,raygs,triangles,1,off,0,on,-4
1781754694752418919,2682.81,827.971,1.20777,1.34608,1.33162,0.030432,0.089088,0.01536,0.386048,0.810688,0.022537,1244819,1244819,415283,33.3609,1920,1080,raygs,triangles,1,off,0,on,-4
1781754694753724481,2684.12,826.107,1.2105,1.29894,1.28576,0.030592,0.240384,0.01536,0.18944,0.809984,0.020506,1244819,1244819,415283,33.3609,1920,1080,raygs,triangles,1,off,0,on,-4
1781754694755079443,2685.47,824.659,1.21262,1.28611,1.1943,0.09104,0.090208,0.015712,0.186368,0.810976,0.036726,1244819,1244819,415283,33.3609,1920,1080,raygs,triangles,1,off,0,on,-4
1781754694756222755,2686.61,824.55,1.21278,1.14717,1.13299,0.030464,0.088768,0.01536,0.187392,0.811008,0.017539,1244819,1244819,415283,33.3609,1920,1080,raygs,triangles,1,off,0,on,-4
1781754694757404181,2687.8,824.411,1.21299,1.14851,1.136,0.030336,0.089664,0.015552,0.18944,0.811008,0.031858,1244819,1244819,415283,33.3609,1920,1080,raygs,triangles,1,off,0,on,-4
1781754694758554605,2688.95,823.971,1.21364,1.14733,1.13373,0.029472,0.08944,0.016384,0.187424,0.811008,0.023098,1244819,1244819,415283,33.3609,1920,1080,raygs,triangles,1,off,0,on,-4
1781754694759736766,2690.13,826.417,1.21004,1.14717,1.1343,0.029312,0.090208,0.016384,0.187392,0.811008,0.025269,1244819,1244819,415283,33.3609,1920,1080,raygs,triangles,1,off,0,on,-4
1781754694761021258,2691.41,827.82,1.20799,1.14835,1.13341,0.029472,0.089152,0.01536,0.18944,0.809984,0.024763,1244819,1244819,415283,33.3609,1920,1080,raygs,triangles,1,off,0,on,-4
1781754694762187786,2692.58,826.897,1.20934,1.14787,1.13542,0.03104,0.08992,0.01536,0.188416,0.810688,0.024746,1244819,1244819,415283,33.3609,1920,1080,raygs,triangles,1,off,0,on,-4
1781754694763359523,2693.75,826.628,1.20973,1.14646,1.1352,0.030048,0.089632,0.016384,0.188416,0.81072,0.025569,1244819,1244819,415283,33.3609,1920,1080,raygs,triangles,1,off,0,on,-4
1781754694764536104,2694.93,826.645,1.20971,1.1481,1.13568,0.03024,0.088832,0.016384,0.18944,0.810784,0.024862,1244819,1244819,415283,33.3609,1920,1080,raygs,triangles,1,off,0,on,-4
1781754694765702835,2696.09,826.974,1.20923,1.1463,1.13482,0.030496,0.089888,0.016384,0.187392,0.810656,0.024523,1244819,1244819,415283,33.3609,1920,1080,raygs,triangles,1,off,0,on,-4
1781754694766870964,2697.26,826.883,1.20936,1.1489,1.13555,0.030016,0.090016,0.015424,0.188416,0.81168,0.023856,1244819,1244819,415283,33.3609,1920,1080,raygs,triangles,1,off,0,on,-4
1781754694768051827,2698.44,828.355,1.20721,1.14701,1.13523,0.03008,0.089216,0.016384,0.188544,0.811008,0.024571,1244819,1244819,415283,33.3609,1920,1080,raygs,triangles,1,off,0,on,-4
1781754694769401202,2699.79,828.298,1.2073,1.31834,1.30637,0.030528,0.089152,0.016256,0.359424,0.811008,0.024732,1244819,1244819,415283,33.3609,1920,1080,raygs,triangles,1,off,0,on,-4
1781754694770760223,2701.15,826.27,1.21026,1.34227,1.32883,0.029856,0.088512,0.01536,0.384096,0.811008,0.025212,1244819,1244819,415283,33.3609,1920,1080,raygs,triangles,1,off,0,on,-4
1781754694771929819,2702.32,824.173,1.21334,1.14691,1.13475,0.03008,0.090336,0.016384,0.187392,0.81056,0.024328,1244819,1244819,415283,33.3609,1920,1080,raygs,triangles,1,off,0,on,-4
1781754694773103286,2703.49,824.229,1.21326,1.14698,1.13398,0.030144,0.08944,0.01536,0.188416,0.810624,0.024374,1244819,1244819,415283,33.3609,1920,1080,raygs,triangles,1,off,0,on,-4
1781754694774289934,2704.68,824.197,1.2133,1.14816,1.13533,0.030528,0.089312,0.016384,0.188416,0.810688,0.02597,1244819,1244819,415283,33.3609,1920,1080,raygs,triangles,1,off,0,on,-4
1781754694775480715,2705.87,823.715,1.21401,1.16938,1.15581,0.030432,0.089472,0.016288,0.208896,0.81072,0.026145,1244819,1244819,415283,33.3609,1920,1080,raygs,triangles,1,off,0,on,-4
1781754694776644640,2707.04,826.457,1.20998,1.14685,1.13312,0.030464,0.08992,0.01536,0.187392,0.809984,0.024627,1244819,1244819,415283,33.3609,1920,1080,raygs,triangles,1,off,0,on,-4
1781754694777936491,2708.33,828.343,1.20723,1.14739,1.13408,0.030432,0.088864,0.016384,0.188416,0.809984,0.024238,1244819,1244819,415283,33.3609,1920,1080,raygs,triangles,1,off,0,on,-4
1781754694779182157,2709.57,826.938,1.20928,1.148,1.13645,0.0312,0.08944,0.016384,0.188416,0.811008,0.038501,1244819,1244819,415283,33.3609,1920,1080,raygs,triangles,1,off,0,on,-4
1781754694780308849,2710.7,825.886,1.21082,1.148,1.13606,0.030144,0.089504,0.016384,0.18944,0.810592,0.017686,1244819,1244819,415283,33.3609,1920,1080,raygs,triangles,1,off,0,on,-4
1781754694781511836,2711.9,826.519,1.20989,1.14954,1.13622,0.029568,0.090016,0.016384,0.18944,0.810816,0.045871,1244819,1244819,415283,33.3609,1920,1080,raygs,triangles,1,off,0,on,-4
1781754694782630670,2713.02,826.266,1.21026,1.14704,1.13498,0.030208,0.089088,0.016256,0.18944,0.809984,0.01586,1244819,1244819,415283,33.3609,1920,1080,raygs,triangles,1,off,0,on,-4
1781754694783837339,2714.23,826.903,1.20933,1.14669,1.13418,0.0304,0.089312,0.016128,0.187392,0.810944,0.034626,1244819,1244819,415283,33.3609,1920,1080,raygs,triangles,1,off,0,on,-4
1781754694784990392,2715.38,827.836,1.20797,1.14867,1.13747,0.029792,0.089408,0.016256,0.190464,0.811552,0.020295,1244819,1244819,415283,33.3609,1920,1080,raygs,triangles,1,off,0,on,-4
1781754694786338250,2716.73,828.226,1.2074,1.31936,1.30909,0.030464,0.090144,0.016384,0.360448,0.811648,0.025801,1244819,1244819,415283,33.3609,1920,1080,raygs,triangles,1,off,0,on,-4
1781754694787687586,2718.08,826.222,1.21033,1.33725,1.32448,0.029952,0.089248,0.01568,0.37888,0.81072,0.025139,1244819,1244819,415283,33.3609,1920,1080,raygs,triangles,1,off,0,on,-4
1781754694788857149,2719.25,824.056,1.21351,1.15024,1.13904,0.029792,0.090432,0.016384,0.191488,0.810944,0.024129,1244819,1244819,415283,33.3609,1920,1080,raygs,triangles,1,off,0,on,-4
1781754694790038859,2720.43,824.11,1.21343,1.14704,1.13277,0.030208,0.0888,0.01536,0.188416,0.809984,0.025605,1244819,1244819,415283,33.3609,1920,1080,raygs,triangles,1,off,0,on,-4
1781754694791211193,2721.6,824.208,1.21329,1.14755,1.13555,0.030368,0.089376,0.016384,0.188416,0.811008,0.028441,1244819,1244819,415283,33.3609,1920,1080,raygs,triangles,1,off,0,on,-4
1781754694792378851,2722.77,823.908,1.21373,1.14733,1.13456,0.030496,0.08928,0.01536,0.188416,0.811008,0.02457,1244819,1244819,415283,33.3609,1920,1080,raygs,triangles,1,off,0,on,-4
1781754694793559668,2723.95,826.826,1.20944,1.14835,1.13661,0.030496,0.089728,0.016384,0.18944,0.81056,0.026352,1244819,1244819,415283,33.3609,1920,1080,raygs,triangles,1,off,0,on,-4
1781754694794848295,2725.24,828.367,1.20719,1.14656,1.1344,0.030272,0.089344,0.016384,0.188416,0.809984,0.025327,1244819,1244819,415283,33.3609,1920,1080,raygs,triangles,1,off,0,on,-4
1781754694796084044,2726.48,827.001,1.20919,1.15008,1.13696,0.030848,0.08928,0.016384,0.190464,0.809984,0.040282,1244819,1244819,415283,33.3609,1920,1080,raygs,triangles,1,off,0,on,-4
1781754694797200715,2727.59,826.082,1.21053,1.14762,1.13568,0.029792,0.08944,0.016384,0.18944,0.810624,0.020035,1244819,1244819,415283,33.3609,1920,1080,raygs,triangles,1,off,0,on,-4
1781754694798377133,2728.77,826.893,1.20935,1.14605,1.13315,0.03024,0.089024,0.01536,0.187776,0.810752,0.026069,1244819,1244819,415283,33.3609,1920,1080,raygs,triangles,1,off,0,on,-4
1781754694799546631,2729.94,826.854,1.2094,1.14835,1.13514,0.029472,0.089792,0.015648,0.18944,0.810784,0.025807,1244819,1244819,415283,33.3609,1920,1080,raygs,triangles,1,off,0,on,-4
1781754694800713165,2731.1,826.94,1.20928,1.1481,1.13501,0.030592,0.089632,0.016384,0.188416,0.809984,0.024787,1244819,1244819,415283,33.3609,1920,1080,raygs,triangles,1,off,0,on,-4
1781754694801894123,2732.29,828.404,1.20714,1.14707,1.13421,0.030112,0.089792,0.016128,0.187392,0.810784,0.025701,1244819,1244819,415283,33.3609,1920,1080,raygs,triangles,1,off,0,on,-4
1781754694803239623,2733.63,828.351,1.20722,1.32211,1.30966,0.030176,0.088992,0.016384,0.36352,0.810592,0.025623,1244819,1244819,415283,33.3609,1920,1080,raygs,triangles,1,off,0,on,-4
1781754694804609882,2735,826.274,1.21025,1.34035,1.32717,0.030656,0.089216,0.016384,0.380928,0.809984,0.028954,1244819,1244819,415283,33.3609,1920,1080,raygs,triangles,1,off,0,on,-4
1781754694805829203,2736.22,824.077,1.21348,1.14582,1.13197,0.030016,0.0896,0.01536,0.186368,0.810624,0.04029,1244819,1244819,415283,33.3609,1920,1080,raygs,triangles,1,off,0,on,-4
1781754694806957313,2737.35,823.512,1.21431,1.14582,1.13142,0.030048,0.08864,0.01536,0.187392,0.809984,0.015673,1244819,1244819,415283,33.3609,1920,1080,raygs,triangles,1,off,0,on,-4
1781754694808131125,2738.52,824.322,1.21312,1.14749,1.13283,0.029664,0.089728,0.01536,0.187392,0.810688,0.026077,1244819,1244819,415283,33.3609,1920,1080,raygs,triangles,1,off,0,on,-4
1781754694809316773,2739.71,824.204,1.21329,1.1463,1.13334,0.030496,0.089088,0.01536,0.187392,0.811008,0.03288,1244819,1244819,415283,33.3609,1920,1080,raygs,triangles,1,off,0,on,-4
1781754694810501799,2740.89,825.889,1.21082,1.14906,1.13702,0.030304,0.089888,0.016384,0.18944,0.811008,0.029742,1244819,1244819,415283,33.3609,1920,1080,raygs,triangles,1,off,0,on,-4
1781754694811810182,2742.2,827.936,1.20782,1.14675,1.13453,0.030336,0.089504,0.016288,0.188416,0.809984,0.032907,1244819,1244819,415283,33.3609,1920,1080,raygs,triangles,1,off,0,on,-4
1781754694812931722,2743.32,826.447,1.21,1.14832,1.13443,0.0312,0.089248,0.01536,0.187712,0.810912,0.015023,1244819,1244819,415283,33.3609,1920,1080,raygs,triangles,1,off,0,on,-4
1781754694814108170,2744.5,827.355,1.20867,1.14819,1.13523,0.030368,0.088992,0.015424,0.18944,0.811008,0.025127,1244819,1244819,415283,33.3609,1920,1080,raygs,triangles,1,off,0,on,-4
1781754694815287564,2745.68,826.933,1.20929,1.14854,1.13472,0.029696,0.089216,0.016384,0.18944,0.809984,0.025176,1244819,1244819,415283,33.3609,1920,1080,raygs,triangles,1,off,0,on,-4
1781754694816502468,2746.89,826.893,1.20935,1.14851,1.13635,0.03008,0.089472,0.016352,0.18944,0.811008,0.040432,1244819,1244819,415283,33.3609,1920,1080,raygs,triangles,1,off,0,on,-4
1781754694817661996,2748.05,827.831,1.20798,1.15008,1.13597,0.030176,0.088992,0.01536,0.190464,0.810976,0.028547,1244819,1244819,415283,33.3609,1920,1080,raygs,triangles,1,off,0,on,-4
1781754694818961604,2749.35,827.676,1.2082,1.15046,1.1375,0.03056,0.088992,0.015456,0.191488,0.811008,0.017117,1244819,1244819,415283,33.3609,1920,1080,raygs,triangles,1,off,0,on,-4
1781754694820342852,2750.73,826.855,1.2094,1.14733,1.13491,0.031744,0.089728,0.01536,0.187392,0.810688,0.036855,1244819,1244819,415283,33.3609,1920,1080,raygs,triangles,1,off,0,on,-4
1781754694821481404,2751.87,824.148,1.21337,1.15373,1.13894,0.03488,0.08928,0.01536,0.188416,0.811008,0.015275,1244819,1244819,415283,33.3609,1920,1080,raygs,triangles,1,off,0,on,-4
1781754694822658216,2753.05,824.175,1.21333,1.14861,1.13443,0.030464,0.089184,0.01536,0.188416,0.811008,0.026359,1244819,1244819,415283,33.3609,1920,1080,raygs,triangles,1,off,0,on,-4
1781754694823828263,2754.22,824.168,1.21334,1.14733,1.13338,0.029472,0.089312,0.016192,0.188416,0.809984,0.026983,1244819,1244819,415283,33.3609,1920,1080,raygs,triangles,1,off,0,on,-4
1781754694825009506,2755.4,824.805,1.21241,1.14598,1.13229,0.030176,0.088896,0.015712,0.18752,0.809984,0.02606,1244819,1244819,415283,33.3609,1920,1080,raygs,triangles,1,off,0,on,-4
1781754694826305871,2756.7,826.56,1.20983,1.14685,1.13485,0.030048,0.088832,0.016384,0.18864,0.810944,0.025303,1244819,1244819,415283,33.3609,1920,1080,raygs,triangles,1,off,0,on,-4
1781754694827593684,2757.98,826.631,1.20973,1.14832,1.13552,0.030464,0.089344,0.016384,0.188416,0.810912,0.029394,1244819,1244819,415283,33.3609,1920,1080,raygs,triangles,1,off,0,on,-4
1781754694828806067,2759.2,827.354,1.20867,1.14851,1.13558,0.030656,0.089472,0.01536,0.18944,0.810656,0.037256,1244819,1244819,415283,33.3609,1920,1080,raygs,triangles,1,off,0,on,-4
1781754694829947090,2760.34,826.657,1.20969,1.14614,1.13437,0.030336,0.08912,0.016384,0.18768,0.810848,0.015815,1244819,1244819,415283,33.3609,1920,1080,raygs,triangles,1,off,0,on,-4
1781754694831112133,2761.5,827.084,1.20907,1.14704,1.13379,0.03024,0.089024,0.01536,0.187392,0.811776,0.025266,1244819,1244819,415283,33.3609,1920,1080,raygs,triangles,1,off,0,on,-4
1781754694832291706,2762.68,826.941,1.20928,1.1479,1.13469,0.03024,0.089664,0.016384,0.188416,0.809984,0.025804,1244819,1244819,415283,33.3609,1920,1080,raygs,triangles,1,off,0,on,-4
1781754694833457225,2763.85,826.986,1.20921,1.14611,1.13306,0.030336,0.08896,0.01536,0.187392,0.811008,0.024781,1244819,1244819,415283,33.3609,1920,1080,raygs,triangles,1,off,0,on,-4
1781754694834627901,2765.02,828.345,1.20723,1.15046,1.13712,0.029344,0.08992,0.016384,0.191488,0.809984,0.024397,1244819,1244819,415283,33.3609,1920,1080,raygs,triangles,1,off,0,on,-4
1781754694835978667,2766.37,828.301,1.20729,1.31715,1.30442,0.029312,0.088288,0.016384,0.360448,0.809984,0.025123,1244819,1244819,415283,33.3609,1920,1080,raygs,triangles,1,off,0,on,-4
1781754694837343429,2767.73,826.225,1.21032,1.34179,1.33062,0.030624,0.0896,0.016384,0.383136,0.81088,0.024155,1244819,1244819,415283,33.3609,1920,1080,raygs,triangles,1,off,0,on,-4
1781754694838513712,2768.91,824.105,1.21344,1.14669,1.13382,0.029888,0.089472,0.01536,0.188416,0.810688,0.024472,1244819,1244819,415283,33.3609,1920,1080,raygs,triangles,1,off,0,on,-4
1781754694839690906,2770.08,824.043,1.21353,1.14787,1.13434,0.030016,0.088512,0.01536,0.18944,0.811008,0.026302,1244819,1244819,415283,33.3609,1920,1080,raygs,triangles,1,off,0,on,-4
1781754694840869142,2771.26,823.929,1.2137,1.14819,1.13562,0.030208,0.089408,0.015552,0.18944,0.811008,0.025605,1244819,1244819,415283,33.3609,1920,1080,raygs,triangles,1,off,0,on,-4
1781754694842051456,2772.44,824.015,1.21357,1.16147,1.15011,0.030336,0.089632,0.016384,0.202752,0.811008,0.024848,1244819,1244819,415283,33.3609,1920,1080,raygs,triangles,1,off,0,on,-4
1781754694843226897,2773.62,825.901,1.2108,1.14739,1.13382,0.03056,0.089504,0.01536,0.187392,0.811008,0.024477,1244819,1244819,415283,33.3609,1920,1080,raygs,triangles,1,off,0,on,-4
1781754694844513730,2774.91,827.955,1.2078,1.14778,1.1368,0.03024,0.089568,0.016384,0.18976,0.810848,0.024614,1244819,1244819,415283,33.3609,1920,1080,raygs,triangles,1,off,0,on,-4
1781754694845696818,2776.09,826.626,1.20974,1.14848,1.1337,0.030624,0.08944,0.01536,0.187392,0.81088,0.029301,1244819,1244819,415283,33.3609,1920,1080,raygs,triangles,1,off,0,on,-4
1781754694846859439,2777.25,826.54,1.20986,1.14954,1.13552,0.030336,0.089344,0.015488,0.18944,0.810912,0.024344,1244819,1244819,415283,33.3609,1920,1080,raygs,triangles,1,off,0,on,-4
1781754694848029674,2778.42,826.885,1.20936,1.14787,1.13459,0.030048,0.088576,0.016384,0.188864,0.81072,0.024033,1244819,1244819,415283,33.3609,1920,1080,raygs,triangles,1,off,0,on,-4
1781754694849205571,2779.6,827.063,1.2091,1.14733,1.13619,0.030464,0.08992,0.016384,0.188416,0.811008,0.027091,1244819,1244819,415283,33.3609,1920,1080,raygs,triangles,1,off,0,on,-4
1781754694850391686,2780.78,826.897,1.20934,1.1479,1.1353,0.030048,0.0896,0.016224,0.188416,0.811008,0.025144,1244819,1244819,415283,33.3609,1920,1080,raygs,triangles,1,off,0,on,-4
1781754694851557799,2781.95,828.079,1.20761,1.14717,1.13686,0.030336,0.089152,0.016384,0.190464,0.810528,0.024184,1244819,1244819,415283,33.3609,1920,1080,raygs,triangles,1,off,0,on,-4
1781754694852894351,2783.29,828.692,1.20672,1.31456,1.30198,0.029792,0.088448,0.016384,0.356352,0.811008,0.024244,1244819,1244819,415283,33.3609,1920,1080,raygs,triangles,1,off,0,on,-4
1781754694854262442,2784.65,826.682,1.20965,1.33866,1.32595,0.030336,0.089344,0.01536,0.379904,0.811008,0.025318,1244819,1244819,415283,33.3609,1920,1080,raygs,triangles,1,off,0,on,-4
1781754694855449736,2785.84,824.807,1.2124,1.14771,1.13475,0.03088,0.090112,0.016384,0.187392,0.809984,0.029045,1244819,1244819,415283,33.3609,1920,1080,raygs,triangles,1,off,0,on,-4
1781754694856607953,2787,823.908,1.21373,1.14646,1.1336,0.03008,0.08976,0.01536,0.187392,0.811008,0.02417,1244819,1244819,415283,33.3609,1920,1080,raygs,triangles,1,off,0,on,-4
1781754694857777063,2788.17,824.55,1.21278,1.14803,1.13498,0.030176,0.088992,0.01536,0.18944,0.811008,0.024027,1244819,1244819,415283,33.3609,1920,1080,raygs,triangles,1,off,0,on,-4
1781754694858964573,2789.36,824.363,1.21306,1.1504,1.13584,0.029472,0.089184,0.015552,0.190624,0.811008,0.025542,1244819,1244819,415283,33.3609,1920,1080,raygs,triangles,1,off,0,on,-4
1781754694860143119,2790.53,826.147,1.21044,1.14787,1.13635,0.030048,0.088768,0.016384,0.190464,0.810688,0.025355,1244819,1244819,415283,33.3609,1920,1080,raygs,triangles,1,off,0,on,-4
1781754694861423624,2791.81,828.082,1.20761,1.14842,1.13683,0.029536,0.089344,0.01632,0.189792,0.81184,0.024707,1244819,1244819,415283,33.3609,1920,1080,raygs,triangles,1,off,0,on,-4
1781754694862600565,2792.99,826.823,1.20945,1.1489,1.13638,0.03104,0.089696,0.016384,0.188416,0.810848,0.026505,1244819,1244819,415283,33.3609,1920,1080,raygs,triangles,1,off,0,on,-4
1781754694863796762,2794.19,826.887,1.20936,1.14733,1.13552,0.030528,0.089184,0.016384,0.188416,0.811008,0.033307,1244819,1244819,415283,33.3609,1920,1080,raygs,triangles,1,off,0,on,-4
1781754694864949199,2795.34,826.594,1.20978,1.14774,1.13581,0.030944,0.09008,0.016384,0.188416,0.809984,0.018239,1244819,1244819,415283,33.3609,1920,1080,raygs,triangles,1,off,0,on,-4
1781754694866127005,2796.52,826.767,1.20953,1.14749,1.13562,0.030656,0.089152,0.016384,0.188416,0.811008,0.025597,1244819,1244819,415283,33.3609,1920,1080,raygs,triangles,1,off,0,on,-4
1781754694867294321,2797.69,826.819,1.20945,1.14749,1.13338,0.029632,0.089984,0.01536,0.188416,0.809984,0.024844,1244819,1244819,415283,33.3609,1920,1080,raygs,triangles,1,off,0,on,-4
1781754694868462774,2798.85,828.191,1.20745,1.14867,1.13418,0.029792,0.088576,0.01536,0.190464,0.809984,0.02434,1244819,1244819,415283,33.3609,1920,1080,raygs,triangles,1,off,0,on,-4
1781754694869809822,2800.2,829.07,1.20617,1.31738,1.30602,0.03056,0.089536,0.016384,0.357792,0.811744,0.025458,1244819,1244819,415283,33.3609,1920,1080,raygs,triangles,1,off,0,on,-4
1781754694871181484,2801.57,826.38,1.2101,1.3409,1.3281,0.029536,0.089216,0.016384,0.381952,0.811008,0.024926,1244819,1244819,415283,33.3609,1920,1080,raygs,triangles,1,off,0,on,-4
1781754694872372767,2802.76,824.101,1.21344,1.14979,1.13693,0.030912,0.089248,0.015712,0.190464,0.810592,0.026068,1244819,1244819,415283,33.3609,1920,1080,raygs,triangles,1,off,0,on,-4
1781754694873533689,2803.93,823.879,1.21377,1.14794,1.13578,0.030208,0.08976,0.016384,0.18944,0.809984,0.02707,1244819,1244819,415283,33.3609,1920,1080,raygs,triangles,1,off,0,on,-4
1781754694874704295,2805.1,823.971,1.21364,1.14656,1.13414,0.030304,0.089344,0.016384,0.187392,0.81072,0.024888,1244819,1244819,415283,33.3609,1920,1080,raygs,triangles,1,off,0,on,-4
1781754694875885192,2806.28,824.071,1.21349,1.14746,1.13645,0.030656,0.089984,0.016384,0.188416,0.811008,0.025633,1244819,1244819,415283,33.3609,1920,1080,raygs,triangles,1,off,0,on,-4
1781754694877052626,2807.44,825.943,1.21074,1.14643,1.13363,0.0296,0.08944,0.016192,0.187392,0.811008,0.026029,1244819,1244819,415283,33.3609,1920,1080,raygs,triangles,1,off,0,on,-4
1781754694878340298,2808.73,828.29,1.20731,1.14813,1.13507,0.030464,0.088768,0.01536,0.189472,0.811008,0.025033,1244819,1244819,415283,33.3609,1920,1080,raygs,triangles,1,off,0,on,-4
1781754694879507096,2809.9,827.499,1.20846,1.15024,1.13843,0.03136,0.09024,0.016384,0.18944,0.811008,0.024464,1244819,1244819,415283,33.3609,1920,1080,raygs,triangles,1,off,0,on,-4
1781754694880685774,2811.08,827.059,1.2091,1.14922,1.13584,0.030272,0.088352,0.015744,0.190464,0.811008,0.025433,1244819,1244819,415283,33.3609,1920,1080,raygs,triangles,1,off,0,on,-4
1781754694881865527,2812.26,826.984,1.20921,1.14803,1.1359,0.030496,0.0896,0.016384,0.18944,0.809984,0.026637,1244819,1244819,415283,33.3609,1920,1080,raygs,triangles,1,off,0,on,-4
1781754694883080392,2813.47,827.049,1.20912,1.14842,1.13469,0.03056,0.089344,0.01536,0.18944,0.809984,0.037841,1244819,1244819,415283,33.3609,1920,1080,raygs,triangles,1,off,0,on,-4
1781754694884218753,2814.61,826.709,1.20962,1.15027,1.13789,0.030304,0.089728,0.016384,0.191488,0.809984,0.018033,1244819,1244819,415283,33.3609,1920,1080,raygs,triangles,1,off,0,on,-4
1781754694885416868,2815.81,828.62,1.20683,1.14685,1.1335,0.030048,0.088672,0.01536,0.188416,0.811008,0.035409,1244819,1244819,415283,33.3609,1920,1080,raygs,triangles,1,off,0,on,-4
1781754694886729773,2817.12,827.766,1.20807,1.31706,1.30598,0.03072,0.089504,0.016352,0.3584,0.811008,0.016102,1244819,1244819,415283,33.3609,1920,1080,raygs,triangles,1,off,0,on,-4
1781754694888085987,2818.48,826.202,1.21036,1.32432,1.31034,0.030816,0.089472,0.01552,0.364544,0.809984,0.026014,1244819,1244819,415283,33.3609,1920,1080,raygs,triangles,1,off,0,on,-4
1781754694889260688,2819.65,824.202,1.21329,1.14922,1.13539,0.030336,0.090272,0.01536,0.18944,0.809984,0.024638,1244819,1244819,415283,33.3609,1920,1080,raygs,triangles,1,off,0,on,-4
1781754694890435336,2820.83,824.725,1.21252,1.14749,1.136,0.030112,0.088448,0.016384,0.18944,0.811616,0.026838,1244819,1244819,415283,33.3609,1920,1080,raygs,triangles,1,off,0,on,-4
1781754694891601036,2821.99,824.513,1.21284,1.14851,1.13533,0.029632,0.08928,0.016384,0.18944,0.810592,0.025946,1244819,1244819,415283,33.3609,1920,1080,raygs,triangles,1,off,0,on,-4
1781754694892771115,2823.16,825.985,1.21068,1.14688,1.13478,0.030304,0.089696,0.016384,0.187392,0.811008,0.026194,1244819,1244819,415283,33.3609,1920,1080,raygs,triangles,1,off,0,on,-4
1781754694894160379,2824.55,828.122,1.20755,1.14614,1.13296,0.030624,0.088576,0.01536,0.188416,0.809984,0.041661,1244819,1244819,415283,33.3609,1920,1080,raygs,triangles,1,off,0,on,-4
1781754694895251428,2825.64,825.392,1.21154,1.14906,1.13798,0.031456,0.089696,0.016384,0.18944,0.811008,0.016515,1244819,1244819,415283,33.3609,1920,1080,raygs,triangles,1,off,0,on,-4
1781754694896431603,2826.82,826.226,1.21032,1.14762,1.13504,0.030816,0.089696,0.01536,0.188416,0.810752,0.031438,1244819,1244819,415283,33.3609,1920,1080,raygs,triangles,1,off,0,on,-4
1781754694897594692,2827.99,826.174,1.2104,1.14835,1.1368,0.029472,0.089472,0.016384,0.190464,0.811008,0.025398,1244819,1244819,415283,33.3609,1920,1080,raygs,triangles,1,off,0,on,-4
1781754694898773407,2829.16,826.309,1.2102,1.14675,1.13392,0.029952,0.088768,0.01568,0.188512,0.811008,0.026885,1244819,1244819,415283,33.3609,1920,1080,raygs,triangles,1,off,0,on,-4
1781754694899992294,2830.38,827.728,1.20813,1.14701,1.13427,0.030208,0.089664,0.01536,0.188416,0.810624,0.03626,1244819,1244819,415283,33.3609,1920,1080,raygs,triangles,1,off,0,on,-4
1781754694901124322,2831.52,828.8,1.20656,1.14829,1.1343,0.030432,0.089152,0.015552,0.188416,0.810752,0.015647,1244819,1244819,415283,33.3609,1920,1080,raygs,triangles,1,off,0,on,-4
1781754694902288736,2832.68,829.651,1.20533,1.14954,1.13805,0.030144,0.089504,0.016384,0.190464,0.811552,0.026183,1244819,1244819,415283,33.3609,1920,1080,raygs,triangles,1,off,0,on,-4
1781754694903634413,2834.03,829.408,1.20568,1.32534,1.31219,0.030272,0.08896,0.01536,0.366592,0.811008,0.024965,1244819,1244819,415283,33.3609,1920,1080,raygs,triangles,1,off,0,on,-4
1781754694904980456,2835.37,827.326,1.20871,1.32502,1.31187,0.030048,0.265152,0.01536,0.191488,0.809824,0.023543,1244819,1244819,415283,33.3609,1920,1080,raygs,triangles,1,off,0,on,-4
1781754694906166746,2836.56,825.469,1.21143,1.14765,1.13443,0.02976,0.08928,0.016384,0.188416,0.810592,0.026739,1244819,1244819,415283,33.3609,1920,1080,raygs,triangles,1,off,0,on,-4
1781754694907374974,2837.77,825.143,1.21191,1.14528,1.13405,0.029376,0.089248,0.016384,0.188416,0.810624,0.037805,1244819,1244819,415283,33.3609,1920,1080,raygs,triangles,1,off,0,on,-4
1781754694908501374,2838.89,824.738,1.21251,1.14614,1.13331,0.02928,0.089248,0.016384,0.188416,0.809984,0.01569,1244819,1244819,415283,33.3609,1920,1080,raygs,triangles,1,off,0,on,-4
1781754694909693392,2840.08,827.272,1.20879,1.14874,1.1359,0.029856,0.089216,0.015744,0.190464,0.810624,0.026282,1244819,1244819,415283,33.3609,1920,1080,raygs,triangles,1,off,0,on,-4
1781754694910980336,2841.37,829.287,1.20586,1.14803,1.13658,0.030176,0.089504,0.016384,0.189504,0.811008,0.025189,1244819,1244819,415283,33.3609,1920,1080,raygs,triangles,1,off,0,on,-4
1781754694912140022,2842.53,827.893,1.20789,1.14787,1.13434,0.031072,0.089504,0.01536,0.188416,0.809984,0.024605,1244819,1244819,415283,33.3609,1920,1080,raygs,triangles,1,off,0,on,-4
1781754694913314806,2843.71,828.194,1.20745,1.14896,1.13523,0.030336,0.089088,0.01536,0.18944,0.811008,0.024012,1244819,1244819,415283,33.3609,1920,1080,raygs,triangles,1,off,0,on,-4
1781754694914487135,2844.88,828.222,1.20741,1.14707,1.13482,0.030272,0.08976,0.016384,0.188416,0.809984,0.025036,1244819,1244819,415283,33.3609,1920,1080,raygs,triangles,1,off,0,on,-4
1781754694915666235,2846.06,828.325,1.20726,1.1488,1.13738,0.02992,0.0896,0.016384,0.190464,0.811008,0.024762,1244819,1244819,415283,33.3609,1920,1080,raygs,triangles,1,off,0,on,-4
1781754694916862153,2847.25,828.292,1.2073,1.14717,1.13366,0.030336,0.088832,0.016384,0.187392,0.81072,0.033263,1244819,1244819,415283,33.3609,1920,1080,raygs,triangles,1,off,0,on,-4
1781754694918017306,2848.41,828.914,1.2064,1.14829,1.13722,0.03056,0.089824,0.016384,0.18944,0.811008,0.018946,1244819,1244819,415283,33.3609,1920,1080,raygs,triangles,1,off,0,on,-4
1781754694919377619,2849.77,829.651,1.20533,1.31184,1.29773,0.030144,0.088832,0.01536,0.352448,0.810944,0.034005,1244819,1244819,415283,33.3609,1920,1080,raygs,triangles,1,off,0,on,-4
1781754694920718907,2851.11,827.353,1.20867,1.33904,1.32778,0.03072,0.090144,0.016384,0.379904,0.810624,0.018384,1244819,1244819,415283,33.3609,1920,1080,raygs,triangles,1,off,0,on,-4
1781754694921888263,2852.28,825.426,1.2115,1.14717,1.13408,0.030336,0.089984,0.01536,0.187392,0.811008,0.024941,1244819,1244819,415283,33.3609,1920,1080,raygs,triangles,1,off,0,on,-4
1781754694923057277,2853.45,825.504,1.21138,1.14714,1.13619,0.030336,0.090048,0.016384,0.188416,0.811008,0.02439,1244819,1244819,415283,33.3609,1920,1080,raygs,triangles,1,off,0,on,-4
1781754694924251192,2854.64,825.745,1.21103,1.14742,1.1337,0.029568,0.089376,0.016384,0.188416,0.809952,0.027178,1244819,1244819,415283,33.3609,1920,1080,raygs,triangles,1,off,0,on,-4
1781754694925415429,2855.81,825.802,1.21094,1.15117,1.13766,0.03024,0.089408,0.01536,0.192672,0.809984,0.025927,1244819,1244819,415283,33.3609,1920,1080,raygs,triangles,1,off,0,on,-4
1781754694926589291,2856.98,827.352,1.20868,1.14784,1.13485,0.030016,0.089408,0.016384,0.188416,0.810624,0.02484,1244819,1244819,415283,33.3609,1920,1080,raygs,triangles,1,off,0,on,-4
1781754694927880243,2858.27,829.575,1.20544,1.1488,1.13424,0.029888,0.088544,0.01536,0.190464,0.809984,0.026141,1244819,1244819,415283,33.3609,1920,1080,raygs,triangles,1,off,0,on,-4
1781754694929048765,2859.44,828.435,1.20709,1.14954,1.13562,0.030688,0.089152,0.01536,0.18944,0.810976,0.024706,1244819,1244819,415283,33.3609,1920,1080,raygs,triangles,1,off,0,on,-4
1781754694930226012,2860.62,828.267,1.20734,1.14832,1.1353,0.030048,0.08944,0.016384,0.18944,0.809984,0.025409,1244819,1244819,415283,33.3609,1920,1080,raygs,triangles,1,off,0,on,-4
1781754694931397206,2861.79,828.146,1.20752,1.14784,1.13434,0.030016,0.089568,0.016288,0.187712,0.810752,0.026337,1244819,1244819,415283,33.3609,1920,1080,raygs,triangles,1,off,0,on,-4
1781754694932572963,2862.96,828.355,1.20721,1.14819,1.13494,0.030368,0.088768,0.016384,0.18944,0.809984,0.024612,1244819,1244819,415283,33.3609,1920,1080,raygs,triangles,1,off,0,on,-4
1781754694933742994,2864.13,828.413,1.20713,1.14816,1.13571,0.030336,0.089568,0.01536,0.18944,0.811008,0.024269,1244819,1244819,415283,33.3609,1920,1080,raygs,triangles,1,off,0,on,-4
1781754694934919078,2865.31,829.65,1.20533,1.14688,1.13578,0.030464,0.089504,0.016384,0.188416,0.811008,0.025193,1244819,1244819,415283,33.3609,1920,1080,raygs,triangles,1,off,0,on,-4
1781754694936266589,2866.66,829.687,1.20527,1.31715,1.30595,0.030368,0.089792,0.016384,0.3584,0.811008,0.024367,1244819,1244819,415283,33.3609,1920,1080,raygs,triangles,1,off,0,on,-4
1781754694937624614,2868.02,827.905,1.20787,1.33776,1.32499,0.0304,0.089216,0.016384,0.379072,0.80992,0.024863,1244819,1244819,415283,33.3609,1920,1080,raygs,triangles,1,off,0,on,-4
1781754694938796704,2869.19,825.596,1.21125,1.14749,1.1353,0.030304,0.090336,0.016384,0.187392,0.81088,0.024462,1244819,1244819,415283,33.3609,1920,1080,raygs,triangles,1,off,0,on,-4
1781754694939962740,2870.35,825.62,1.21121,1.14496,1.13398,0.030432,0.089632,0.016384,0.186816,0.81072,0.023759,1244819,1244819,415283,33.3609,1920,1080,raygs,triangles,1,off,0,on,-4
1781754694941164712,2871.56,825.683,1.21112,1.1479,1.13642,0.029952,0.089632,0.016384,0.18944,0.811008,0.032192,1244819,1244819,415283,33.3609,1920,1080,raygs,triangles,1,off,0,on,-4
1781754694942330610,2872.72,825.189,1.21184,1.15696,1.14378,0.030464,0.089312,0.016384,0.197632,0.809984,0.019788,1244819,1244819,415283,33.3609,1920,1080,raygs,triangles,1,off,0,on,-4
1781754694943507087,2873.9,827.326,1.20871,1.14906,1.13674,0.030112,0.0896,0.016384,0.189728,0.810912,0.024904,1244819,1244819,415283,33.3609,1920,1080,raygs,triangles,1,off,0,on,-4
1781754694944818280,2875.21,829.614,1.20538,1.14883,1.13664,0.030016,0.088768,0.016384,0.190464,0.811008,0.038548,1244819,1244819,415283,33.3609,1920,1080,raygs,triangles,1,off,0,on,-4
1781754694946027257,2876.42,828.214,1.20742,1.14784,1.136,0.03136,0.089856,0.016384,0.188416,0.809984,0.035051,1244819,1244819,415283,33.3609,1920,1080,raygs,triangles,1,off,0,on,-4
1781754694947154485,2877.55,827.591,1.20833,1.14848,1.13498,0.0296,0.0896,0.016384,0.188416,0.810976,0.016199,1244819,1244819,415283,33.3609,1920,1080,raygs,triangles,1,off,0,on,-4
1781754694948329638,2878.72,828.148,1.20751,1.1495,1.13763,0.030656,0.090144,0.016384,0.18944,0.811008,0.026111,1244819,1244819,415283,33.3609,1920,1080,raygs,triangles,1,off,0,on,-4
1781754694949498394,2879.89,828.191,1.20745,1.1488,1.13581,0.029952,0.089152,0.01632,0.18944,0.810944,0.027274,1244819,1244819,415283,33.3609,1920,1080,raygs,triangles,1,off,0,on,-4
1781754694950698277,2881.09,828.143,1.20752,1.14819,1.13616,0.030336,0.090016,0.016384,0.18944,0.809984,0.038187,1244819,1244819,415283,33.3609,1920,1080,raygs,triangles,1,off,0,on,-4
1781754694951880595,2882.27,829.196,1.20599,1.1481,1.13478,0.030272,0.088832,0.016384,0.188416,0.81088,0.026806,1244819,1244819,415283,33.3609,1920,1080,raygs,triangles,1,off,0,on,-4
1781754694953181565,2883.57,828.971,1.20631,1.32701,1.31565,0.029984,0.089632,0.016384,0.36864,0.811008,0.014035,1244819,1244819,415283,33.3609,1920,1080,raygs,triangles,1,off,0,on,-4
1781754694954518995,2884.91,827.573,1.20835,1.30262,1.29088,0.03008,0.0896,0.16896,0.191488,0.810752,0.027315,1244819,1244819,415283,33.3609,1920,1080,raygs,triangles,1,off,0,on,-4
1781754694955688763,2886.08,825.891,1.21081,1.14848,1.13616,0.030656,0.088992,0.016384,0.18944,0.810688,0.024727,1244819,1244819,415283,33.3609,1920,1080,raygs,triangles,1,off,0,on,-4
1781754694956938234,2887.33,826.372,1.21011,1.1488,1.13578,0.0304,0.08944,0.015488,0.18944,0.811008,0.047958,1244819,1244819,415283,33.3609,1920,1080,raygs,triangles,1,off,0,on,-4
1781754694958060693,2888.45,825.034,1.21207,1.14672,1.1352,0.029888,0.089504,0.016384,0.187392,0.812032,0.022914,1244819,1244819,415283,33.3609,1920,1080,raygs,triangles,1,off,0,on,-4
1781754694959227904,2889.62,825.945,1.21073,1.14902,1.13539,0.030144,0.08944,0.01536,0.18944,0.811008,0.024509,1244819,1244819,415283,33.3609,1920,1080,raygs,triangles,1,off,0,on,-4
1781754694960424345,2890.82,827.588,1.20833,1.1463,1.13405,0.030432,0.089152,0.016384,0.187392,0.810688,0.039014,1244819,1244819,415283,33.3609,1920,1080,raygs,triangles,1,off,0,on,-4
1781754694961679794,2892.07,829.436,1.20564,1.14803,1.13341,0.03008,0.08864,0.01536,0.188416,0.810912,0.014962,1244819,1244819,415283,33.3609,1920,1080,raygs,triangles,1,off,0,on,-4
1781754694962853252,2893.24,828.502,1.207,1.14912,1.13603,0.031232,0.089056,0.01536,0.18944,0.810944,0.027768,1244819,1244819,415283,33.3609,1920,1080,raygs,triangles,1,off,0,on,-4
1781754694964027028,2894.42,828.469,1.20705,1.14992,1.13571,0.030432,0.089472,0.015456,0.18944,0.810912,0.025025,1244819,1244819,415283,33.3609,1920,1080,raygs,triangles,1,off,0,on,-4
1781754694965257526,2895.65,828.456,1.20707,1.14755,1.13331,0.029728,0.089728,0.015456,0.188416,0.809984,0.050742,1244819,1244819,415283,33.3609,1920,1080,raygs,triangles,1,off,0,on,-4
1781754694966533555,2896.92,827.916,1.20785,1.14794,1.13466,0.030112,0.088736,0.01536,0.18944,0.811008,0.026765,1244819,1244819,415283,33.3609,1920,1080,raygs,triangles,1,off,0,on,-4
1781754694967665629,2898.06,829.174,1.20602,1.14771,1.13546,0.030976,0.08912,0.01536,0.18944,0.81056,0.015471,1244819,1244819,415283,33.3609,1920,1080,raygs,triangles,1,off,0,on,-4
1781754694968994230,2899.39,828.886,1.20644,1.1463,1.13411,0.030496,0.08896,0.016224,0.187424,0.811008,0.024405,1244819,1244819,415283,33.3609,1920,1080,raygs,triangles,1,off,0,on,-4
1781754694970337150,2900.73,827.103,1.20904,1.148,1.1375,0.031392,0.089664,0.016384,0.18944,0.810624,0.024792,1244819,1244819,415283,33.3609,1920,1080,raygs,triangles,1,off,0,on,-4
1781754694971515468,2901.91,825.121,1.21194,1.15158,1.13952,0.034784,0.088928,0.016384,0.188416,0.811008,0.026731,1244819,1244819,415283,33.3609,1920,1080,raygs,triangles,1,off,0,on,-4
1781754694972731534,2903.12,825.068,1.21202,1.14733,1.13574,0.030496,0.089824,0.016384,0.188416,0.810624,0.038462,1244819,1244819,415283,33.3609,1920,1080,raygs,triangles,1,off,0,on,-4
1781754694973854581,2904.25,824.84,1.21236,1.14685,1.13549,0.030016,0.0896,0.016384,0.18848,0.811008,0.015268,1244819,1244819,415283,33.3609,1920,1080,raygs,triangles,1,off,0,on,-4
1781754694975027274,2905.42,825.012,1.2121,1.14691,1.13446,0.03008,0.0896,0.016384,0.188416,0.809984,0.0243,1244819,1244819,415283,33.3609,1920,1080,raygs,triangles,1,off,0,on,-4
1781754694976202524,2906.59,824.901,1.21227,1.1463,1.1352,0.030528,0.090176,0.016384,0.187392,0.81072,0.030332,1244819,1244819,415283,33.3609,1920,1080,raygs,triangles,1,off,0,on,-4
1781754694977404027,2907.8,826.737,1.20957,1.14746,1.13373,0.029632,0.089312,0.016384,0.188416,0.809984,0.03623,1244819,1244819,415283,33.3609,1920,1080,raygs,triangles,1,off,0,on,-4
1781754694978680881,2909.07,828.408,1.20713,1.28285,1.27082,0.030176,0.089568,0.016384,0.323968,0.81072,0.016223,1244819,1244819,415283,33.3609,1920,1080,raygs,triangles,1,off,0,on,-4
1781754694979852327,2910.24,827.469,1.2085,1.14704,1.13514,0.030208,0.088992,0.016384,0.1888,0.810752,0.024283,1244819,1244819,415283,33.3609,1920,1080,raygs,triangles,1,off,0,on,-4
1781754694981030772,2911.42,827.844,1.20796,1.14909,1.13485,0.030208,0.089856,0.01536,0.18944,0.809984,0.025016,1244819,1244819,415283,33.3609,1920,1080,raygs,triangles,1,off,0,on,-4
1781754694982215082,2912.61,827.331,1.20871,1.14896,1.1367,0.030112,0.089792,0.016384,0.18944,0.810976,0.027026,1244819,1244819,415283,33.3609,1920,1080,raygs,triangles,1,off,0,on,-4
1781754694983373976,2913.77,827.346,1.20868,1.14685,1.13475,0.030432,0.089536,0.016384,0.188416,0.809984,0.023992,1244819,1244819,415283,33.3609,1920,1080,raygs,triangles,1,off,0,on,-4
1781754694984556658,2914.95,828.88,1.20645,1.15056,1.13706,0.030688,0.089536,0.01536,0.191488,0.809984,0.02385,1244819,1244819,415283,33.3609,1920,1080,raygs,triangles,1,off,0,on,-4
1781754694985880687,2916.27,828.529,1.20696,1.1456,1.13312,0.029792,0.089088,0.015648,0.18768,0.810912,0.024573,1244819,1244819,415283,33.3609,1920,1080,raygs,triangles,1,off,0,on,-4
1781754694987222418,2917.61,826.822,1.20945,1.14816,1.13491,0.031328,0.089024,0.016384,0.187392,0.810784,0.024478,1244819,1244819,415283,33.3609,1920,1080,raygs,triangles,1,off,0,on,-4
1781754694988400340,2918.79,824.891,1.21228,1.15165,1.13869,0.035872,0.09008,0.016384,0.186368,0.809984,0.025398,1244819,1244819,415283,33.3609,1920,1080,raygs,triangles,1,off,0,on,-4
1781754694989568411,2919.96,824.935,1.21222,1.14662,1.13418,0.030144,0.089504,0.016384,0.187392,0.810752,0.024356,1244819,1244819,415283,33.3609,1920,1080,raygs,triangles,1,off,0,on,-4
1781754694990736434,2921.13,825.662,1.21115,1.14602,1.13232,0.030208,0.089376,0.01536,0.187392,0.809984,0.024526,1244819,1244819,415283,33.3609,1920,1080,raygs,triangles,1,off,0,on,-4
1781754694991940605,2922.33,825.04,1.21206,1.14771,1.13498,0.03088,0.089152,0.01552,0.188416,0.811008,0.033068,1244819,1244819,415283,33.3609,1920,1080,raygs,triangles,1,off,0,on,-4
1781754694993088374,2923.48,826.873,1.20937,1.14698,1.13379,0.030176,0.088832,0.016384,0.188416,0.809984,0.01956,1244819,1244819,415283,33.3609,1920,1080,raygs,triangles,1,off,0,on,-4
1781754694994287768,2924.68,829.063,1.20618,1.14746,1.13398,0.029632,0.08944,0.015712,0.187392,0.811808,0.032714,1244819,1244819,415283,33.3609,1920,1080,raygs,triangles,1,off,0,on,-4
1781754694995557838,2925.95,828.733,1.20666,1.27632,1.26531,0.030144,0.089312,0.016384,0.318464,0.811008,0.018519,1244819,1244819,415283,33.3609,1920,1080,raygs,triangles,1,off,0,on,-4
1781754694996741852,2927.13,827.573,1.20835,1.14922,1.13715,0.030368,0.089952,0.016384,0.18944,0.811008,0.026112,1244819,1244819,415283,33.3609,1920,1080,raygs,triangles,1,off,0,on,-4
1781754694997908518,2928.3,827.712,1.20815,1.14765,1.13411,0.029824,0.08976,0.016128,0.188416,0.809984,0.024951,1244819,1244819,415283,33.3609,1920,1080,raygs,triangles,1,off,0,on,-4
1781754694999078710,2929.47,827.664,1.20822,1.1463,1.13421,0.030112,0.089312,0.016384,0.188416,0.809984,0.024777,1244819,1244819,415283,33.3609,1920,1080,raygs,triangles,1,off,0,on,-4
1781754695000254106,2930.65,827.721,1.20814,1.14851,1.13594,0.029632,0.089472,0.016384,0.190464,0.809984,0.026502,1244819,1244819,415283,33.3609,1920,1080,raygs,triangles,1,off,0,on,-4
1781754695001427151,2931.82,828.997,1.20628,1.14659,1.13456,0.030336,0.08944,0.016384,0.188416,0.809984,0.025407,1244819,1244819,415283,33.3609,1920,1080,raygs,triangles,1,off,0,on,-4
1781754695002759228,2933.15,828.975,1.20631,1.14803,1.13478,0.030208,0.08864,0.016384,0.188608,0.810944,0.026268,1244819,1244819,415283,33.3609,1920,1080,raygs,triangles,1,off,0,on,-4
1781754695004097643,2934.49,827.185,1.20892,1.14986,1.13741,0.031904,0.089696,0.016384,0.18944,0.809984,0.025293,1244819,1244819,415283,33.3609,1920,1080,raygs,triangles,1,off,0,on,-4
1781754695005276158,2935.67,825.272,1.21172,1.1512,1.13792,0.035392,0.089792,0.016384,0.186368,0.809984,0.024576,1244819,1244819,415283,33.3609,1920,1080,raygs,triangles,1,off,0,on,-4
1781754695006442869,2936.83,825.275,1.21172,1.14669,1.13462,0.030464,0.089376,0.016288,0.187488,0.811008,0.024365,1244819,1244819,415283,33.3609,1920,1080,raygs,triangles,1,off,0,on,-4
1781754695007618054,2938.01,825.322,1.21165,1.14672,1.13424,0.030944,0.089696,0.015616,0.187392,0.810592,0.025264,1244819,1244819,415283,33.3609,1920,1080,raygs,triangles,1,off,0,on,-4
1781754695008790735,2939.18,825.297,1.21169,1.1489,1.13565,0.030272,0.089664,0.016288,0.18944,0.809984,0.025237,1244819,1244819,415283,33.3609,1920,1080,raygs,triangles,1,off,0,on,-4
1781754695009963909,2940.36,827.366,1.20865,1.14736,1.13558,0.03056,0.08912,0.016384,0.188768,0.810752,0.026449,1244819,1244819,415283,33.3609,1920,1080,raygs,triangles,1,off,0,on,-4
1781754695011262809,2941.65,829.438,1.20564,1.14803,1.1368,0.030176,0.089792,0.016384,0.18944,0.811008,0.025405,1244819,1244819,415283,33.3609,1920,1080,raygs,triangles,1,off,0,on,-4
1781754695012437421,2942.83,827.997,1.20773,1.14778,1.13642,0.030944,0.089824,0.016384,0.188416,0.810848,0.024882,1244819,1244819,415283,33.3609,1920,1080,raygs,triangles,1,off,0,on,-4
1781754695013602575,2943.99,827.851,1.20795,1.14842,1.1351,0.030048,0.089952,0.015616,0.18864,0.810848,0.024262,1244819,1244819,415283,33.3609,1920,1080,raygs,triangles,1,off,0,on,-4
1781754695014778622,2945.17,828.409,1.20713,1.14762,1.13434,0.030816,0.08896,0.015552,0.188416,0.810592,0.026034,1244819,1244819,415283,33.3609,1920,1080,raygs,triangles,1,off,0,on,-4
1781754695015967080,2946.36,828.192,1.20745,1.1463,1.13229,0.029408,0.089344,0.016384,0.187392,0.80976,0.031086,1244819,1244819,415283,33.3609,1920,1080,raygs,triangles,1,off,0,on,-4
1781754695017148610,2947.54,828.064,1.20764,1.14752,1.1359,0.030272,0.089248,0.016384,0.18944,0.81056,0.028444,1244819,1244819,415283,33.3609,1920,1080,raygs,triangles,1,off,0,on,-4
1781754695018325949,2948.72,829.372,1.20573,1.14746,1.13443,0.0296,0.08944,0.016384,0.188416,0.810592,0.027824,1244819,1244819,415283,33.3609,1920,1080,raygs,triangles,1,off,0,on,-4
1781754695019643071,2950.03,829.933,1.20492,1.32022,1.30742,0.030592,0.088736,0.015616,0.361472,0.811008,0.017664,1244819,1244819,415283,33.3609,1920,1080,raygs,triangles,1,off,0,on,-4
1781754695021012005,2951.4,827.706,1.20816,1.33997,1.32826,0.030656,0.089152,0.016384,0.38032,0.811744,0.024664,1244819,1244819,415283,33.3609,1920,1080,raygs,triangles,1,off,0,on,-4
1781754695022199898,2952.59,825.525,1.21135,1.14835,1.13443,0.030496,0.090176,0.016384,0.187392,0.809984,0.035054,1244819,1244819,415283,33.3609,1920,1080,raygs,triangles,1,off,0,on,-4
1781754695023370865,2953.76,825.32,1.21165,1.14717,1.13414,0.030272,0.089088,0.016384,0.187616,0.810784,0.021982,1244819,1244819,415283,33.3609,1920,1080,raygs,triangles,1,off,0,on,-4
1781754695024550630,2954.94,825.584,1.21126,1.14659,1.13488,0.02976,0.089312,0.016384,0.188416,0.811008,0.032323,1244819,1244819,415283,33.3609,1920,1080,raygs,triangles,1,off,0,on,-4
1781754695025702314,2956.09,825.671,1.21114,1.16307,1.15062,0.029856,0.0896,0.016384,0.203776,0.811008,0.017638,1244819,1244819,415283,33.3609,1920,1080,raygs,triangles,1,off,0,on,-4
1781754695026942091,2957.33,827.426,1.20857,1.14566,1.13232,0.029888,0.088672,0.01536,0.187392,0.811008,0.038237,1244819,1244819,415283,33.3609,1920,1080,raygs,triangles,1,off,0,on,-4
1781754695028190305,2958.58,828.389,1.20716,1.14864,1.13606,0.029728,0.089632,0.016256,0.188416,0.812032,0.016367,1244819,1244819,415283,33.3609,1920,1080,raygs,triangles,1,off,0,on,-4
1781754695029358861,2959.75,827.51,1.20844,1.14832,1.13504,0.03152,0.088736,0.01536,0.18944,0.809984,0.027183,1244819,1244819,415283,33.3609,1920,1080,raygs,triangles,1,off,0,on,-4
1781754695030540913,2960.93,828.624,1.20682,1.14656,1.13424,0.029728,0.089728,0.016384,0.187392,0.811008,0.030592,1244819,1244819,415283,33.3609,1920,1080,raygs,triangles,1,off,0,on,-4
1781754695031697500,2962.09,827.847,1.20795,1.14669,1.13398,0.029856,0.088416,0.016384,0.188416,0.810912,0.020025,1244819,1244819,415283,33.3609,1920,1080,raygs,triangles,1,off,0,on,-4
1781754695032890788,2963.28,827.96,1.20779,1.14787,1.13542,0.029952,0.089664,0.016384,0.188416,0.811008,0.032936,1244819,1244819,415283,33.3609,1920,1080,raygs,triangles,1,off,0,on,-4
1781754695034091413,2964.48,827.973,1.20777,1.14861,1.1376,0.030368,0.0904,0.016384,0.18944,0.811008,0.038837,1244819,1244819,415283,33.3609,1920,1080,raygs,triangles,1,off,0,on,-4
1781754695035248749,2965.64,828.569,1.2069,1.14848,1.13459,0.030656,0.089152,0.01536,0.18944,0.809984,0.025017,1244819,1244819,415283,33.3609,1920,1080,raygs,triangles,1,off,0,on,-4
1781754695036613259,2967,828.849,1.20649,1.32771,1.31437,0.030656,0.0896,0.01536,0.367808,0.810944,0.031867,1244819,1244819,415283,33.3609,1920,1080,raygs,triangles,1,off,0,on,-4
1781754695037904553,2968.3,826.578,1.20981,1.30282,1.2903,0.030336,0.089536,0.167936,0.192512,0.809984,0.015472,1244819,1244819,415283,33.3609,1920,1080,raygs,triangles,1,off,0,on,-4
1781754695039201681,2969.59,826.057,1.21057,1.14778,1.13606,0.030944,0.089312,0.016384,0.188416,0.811008,0.027645,1244819,1244819,415283,33.3609,1920,1080,raygs,triangles,1,off,0,on,-4
1781754695040375782,2970.77,825.7,1.21109,1.14739,1.13606,0.030592,0.089696,0.016352,0.188416,0.811008,0.025414,1244819,1244819,415283,33.3609,1920,1080,raygs,triangles,1,off,0,on,-4
1781754695041541253,2971.93,825.211,1.21181,1.14592,1.13501,0.029984,0.089088,0.016384,0.188704,0.810848,0.024517,1244819,1244819,415283,33.3609,1920,1080,raygs,triangles,1,off,0,on,-4
1781754695042749592,2973.14,827.06,1.2091,1.14906,1.13507,0.030176,0.088928,0.01536,0.189888,0.81072,0.034645,1244819,1244819,415283,33.3609,1920,1080,raygs,triangles,1,off,0,on,-4
1781754695044014398,2974.41,828.591,1.20687,1.1463,1.13411,0.030496,0.08912,0.016288,0.187392,0.810816,0.017054,1244819,1244819,415283,33.3609,1920,1080,raygs,triangles,1,off,0,on,-4
1781754695045190039,2975.58,827.544,1.20839,1.14906,1.13501,0.0312,0.088864,0.01552,0.18944,0.809984,0.024941,1244819,1244819,415283,33.3609,1920,1080,raygs,triangles,1,off,0,on,-4
1781754695046359716,2976.75,828.086,1.2076,1.14637,1.13504,0.029536,0.089696,0.016384,0.18944,0.809984,0.02582,1244819,1244819,415283,33.3609,1920,1080,raygs,triangles,1,off,0,on,-4
1781754695047540386,2977.93,827.548,1.20839,1.14896,1.1377,0.03008,0.08976,0.016384,0.190464,0.811008,0.026355,1244819,1244819,415283,33.3609,1920,1080,raygs,triangles,1,off,0,on,-4
1781754695048700374,2979.09,827.384,1.20863,1.14611,1.13299,0.030304,0.08912,0.016384,0.187392,0.809792,0.025034,1244819,1244819,415283,33.3609,1920,1080,raygs,triangles,1,off,0,on,-4
1781754695049884755,2980.28,827.705,1.20816,1.1473,1.13619,0.030496,0.090016,0.016384,0.188416,0.81088,0.025803,1244819,1244819,415283,33.3609,1920,1080,raygs,triangles,1,off,0,on,-4
1781754695051049976,2981.44,827.779,1.20805,1.14954,1.13568,0.030688,0.089184,0.01536,0.190464,0.809984,0.025285,1244819,1244819,415283,33.3609,1920,1080,raygs,triangles,1,off,0,on,-4
1781754695052225507,2982.62,829.043,1.20621,1.14746,1.13238,0.0296,0.089312,0.01536,0.187392,0.81072,0.024789,1244819,1244819,415283,33.3609,1920,1080,raygs,triangles,1,off,0,on,-4
1781754695053571667,2983.96,829.079,1.20616,1.32659,1.31514,0.029568,0.089536,0.016384,0.36864,0.811008,0.024057,1244819,1244819,415283,33.3609,1920,1080,raygs,triangles,1,off,0,on,-4
1781754695054920362,2985.31,827.11,1.20903,1.32259,1.31069,0.0296,0.26336,0.01568,0.191488,0.81056,0.024855,1244819,1244819,415283,33.3609,1920,1080,raygs,triangles,1,off,0,on,-4
1781754695056089893,2986.48,825.268,1.21173,1.14598,1.13171,0.030208,0.089888,0.015456,0.186368,0.809792,0.023945,1244819,1244819,415283,33.3609,1920,1080,raygs,triangles,1,off,0,on,-4
1781754695057276833,2987.67,825.145,1.21191,1.1481,1.1352,0.030272,0.08928,0.015552,0.18944,0.810656,0.026938,1244819,1244819,415283,33.3609,1920,1080,raygs,triangles,1,off,0,on,-4
1781754695058451084,2988.84,825.054,1.21204,1.1488,1.1352,0.029952,0.089472,0.016352,0.18944,0.809984,0.025553,1244819,1244819,415283,33.3609,1920,1080,raygs,triangles,1,off,0,on,-4
1781754695059616228,2990.01,826.787,1.2095,1.14851,1.13645,0.030208,0.089408,0.016384,0.18944,0.811008,0.024965,1244819,1244819,415283,33.3609,1920,1080,raygs,triangles,1,off,0,on,-4
1781754695060790620,2991.18,828.826,1.20653,1.14653,1.1329,0.029728,0.088512,0.01536,0.188416,0.81088,0.024657,1244819,1244819,415283,33.3609,1920,1080,raygs,triangles,1,off,0,on,-4
1781754695062077497,2992.47,828.835,1.20651,1.14867,1.13715,0.030816,0.089792,0.016384,0.18944,0.81072,0.024098,1244819,1244819,415283,33.3609,1920,1080,raygs,triangles,1,off,0,on,-4
1781754695063257597,2993.65,827.486,1.20848,1.1489,1.13552,0.03104,0.089696,0.01536,0.188416,0.811008,0.024051,1244819,1244819,415283,33.3609,1920,1080,raygs,triangles,1,off,0,on,-4
1781754695064426057,2994.82,827.421,1.20857,1.1496,1.13677,0.03072,0.089216,0.016384,0.190464,0.809984,0.024065,1244819,1244819,415283,33.3609,1920,1080,raygs,triangles,1,off,0,on,-4
1781754695065597231,2995.99,827.794,1.20803,1.14733,1.1344,0.029504,0.08928,0.016384,0.188416,0.810816,0.023983,1244819,1244819,415283,33.3609,1920,1080,raygs,triangles,1,off,0,on,-4
1781754695066821392,2997.21,827.504,1.20845,1.14688,1.13642,0.03008,0.089888,0.016384,0.18944,0.810624,0.04144,1244819,1244819,415283,33.3609,1920,1080,raygs,triangles,1,off,0,on,-4
1781754695067957213,2998.35,827.176,1.20893,1.15008,1.13702,0.030208,0.089984,0.01536,0.190464,0.811008,0.0153,1244819,1244819,415283,33.3609,1920,1080,raygs,triangles,1,off,0,on,-4
1781754695069292384,2999.68,828.732,1.20666,1.14938,1.13526,0.030176,0.089312,0.01536,0.189504,0.810912,0.024725,1244819,1244819,415283,33.3609,1920,1080,raygs,triangles,1,off,0,on,-4
1781754695070631451,3001.02,827.016,1.20917,1.14816,1.13478,0.031328,0.089632,0.016384,0.187456,0.809984,0.024018,1244819,1244819,415283,33.3609,1920,1080,raygs,triangles,1,off,0,on,-4
1781754695071800945,3002.19,825.042,1.21206,1.15187,1.14003,0.03552,0.089568,0.016544,0.187392,0.811008,0.024198,1244819,1244819,415283,33.3609,1920,1080,raygs,triangles,1,off,0,on,-4
1781754695072981006,3003.37,825.026,1.21208,1.14717,1.13443,0.030208,0.08944,0.016384,0.188416,0.809984,0.025359,1244819,1244819,415283,33.3609,1920,1080,raygs,triangles,1,off,0,on,-4
1781754695074147488,3004.54,825.051,1.21205,1.14749,1.1343,0.029632,0.089792,0.016384,0.187808,0.810688,0.025621,1244819,1244819,415283,33.3609,1920,1080,raygs,triangles,1,off,0,on,-4
1781754695075323397,3005.71,825.077,1.21201,1.14819,1.1352,0.030336,0.089088,0.016288,0.188704,0.810784,0.024735,1244819,1244819,415283,33.3609,1920,1080,raygs,triangles,1,off,0,on,-4
1781754695076487718,3006.88,826.887,1.20935,1.14749,1.13574,0.029664,0.089184,0.016384,0.189856,0.810656,0.024099,1244819,1244819,415283,33.3609,1920,1080,raygs,triangles,1,off,0,on,-4
1781754695077699867,3008.09,828.919,1.20639,1.14598,1.13386,0.03024,0.089216,0.015392,0.188416,0.810592,0.034892,1244819,1244819,415283,33.3609,1920,1080,raygs,triangles,1,off,0,on,-4
1781754695078976465,3009.37,828.417,1.20712,1.27754,1.26595,0.029632,0.08944,0.016384,0.319552,0.810944,0.017532,1244819,1244819,415283,33.3609,1920,1080,raygs,triangles,1,off,0,on,-4
1781754695080141230,3010.53,827.214,1.20888,1.14829,1.13494,0.030432,0.089088,0.01536,0.18944,0.810624,0.026662,1244819,1244819,415283,33.3609,1920,1080,raygs,triangles,1,off,0,on,-4
1781754695081399067,3011.79,827.354,1.20867,1.1479,1.13414,0.03008,0.090528,0.01616,0.187392,0.809984,0.046165,1244819,1244819,415283,33.3609,1920,1080,raygs,triangles,1,off,0,on,-4
1781754695082502073,3012.89,826.272,1.21025,1.14621,1.13424,0.0304,0.089216,0.016224,0.188416,0.809984,0.017924,1244819,1244819,415283,33.3609,1920,1080,raygs,triangles,1,off,0,on,-4
1781754695083686597,3014.08,827.111,1.20903,1.14717,1.13418,0.030368,0.089024,0.01536,0.188416,0.811008,0.033245,1244819,1244819,415283,33.3609,1920,1080,raygs,triangles,1,off,0,on,-4
1781754695084837900,3015.23,828.466,1.20705,1.14858,1.13706,0.030336,0.089216,0.016384,0.190464,0.810656,0.019625,1244819,1244819,415283,33.3609,1920,1080,raygs,triangles,1,off,0,on,-4
1781754695086202737,3016.59,828.723,1.20668,1.14765,1.13405,0.029792,0.0896,0.016256,0.188416,0.809984,0.033189,1244819,1244819,415283,33.3609,1920,1080,raygs,triangles,1,off,0,on,-4
1781754695087585061,3017.98,826.356,1.21013,1.14832,1.13469,0.031712,0.089216,0.01536,0.188416,0.809984,0.037865,1244819,1244819,415283,33.3609,1920,1080,raygs,triangles,1,off,0,on,-4
1781754695088702060,3019.09,824.077,1.21348,1.15037,1.13805,0.035552,0.089376,0.015744,0.186368,0.811008,0.015497,1244819,1244819,415283,33.3609,1920,1080,raygs,triangles,1,off,0,on,-4
1781754695089882806,3020.27,824.866,1.21232,1.14621,1.13318,0.030368,0.089344,0.01536,0.187392,0.81072,0.025707,1244819,1244819,415283,33.3609,1920,1080,raygs,triangles,1,off,0,on,-4
1781754695091039313,3021.43,825.008,1.21211,1.14819,1.13437,0.030336,0.08928,0.01536,0.18848,0.810912,0.024943,1244819,1244819,415283,33.3609,1920,1080,raygs,triangles,1,off,0,on,-4
1781754695092229096,3022.62,825.206,1.21182,1.15066,1.13763,0.029728,0.088704,0.015616,0.192576,0.811008,0.027689,1244819,1244819,415283,33.3609,1920,1080,raygs,triangles,1,off,0,on,-4
1781754695093412171,3023.8,826.597,1.20978,1.14614,1.13395,0.030336,0.088832,0.016384,0.187392,0.811008,0.032757,1244819,1244819,415283,33.3609,1920,1080,raygs,triangles,1,off,0,on,-4
1781754695094682329,3025.07,828.741,1.20665,1.1495,1.13709,0.029632,0.0896,0.016384,0.190464,0.811008,0.018633,1244819,1244819,415283,33.3609,1920,1080,raygs,triangles,1,off,0,on,-4
1781754695095864616,3026.26,827.814,1.208,1.14701,1.13434,0.030176,0.089376,0.016384,0.188416,0.809984,0.026426,1244819,1244819,415283,33.3609,1920,1080,raygs,triangles,1,off,0,on,-4
1781754695097028681,3027.42,827.717,1.20814,1.14659,1.13366,0.02976,0.08912,0.016384,0.188416,0.809984,0.026216,1244819,1244819,415283,33.3609,1920,1080,raygs,triangles,1,off,0,on,-4
1781754695098241917,3028.63,827.888,1.20789,1.14835,1.13536,0.030272,0.089152,0.01536,0.189632,0.810944,0.038062,1244819,1244819,415283,33.3609,1920,1080,raygs,triangles,1,off,0,on,-4
1781754695099399523,3029.79,826.999,1.20919,1.14851,1.13488,0.029632,0.08944,0.016384,0.18944,0.809984,0.022905,1244819,1244819,415283,33.3609,1920,1080,raygs,triangles,1,off,0,on,-4
1781754695100549371,3030.94,828.157,1.2075,1.1495,1.13549,0.030656,0.090016,0.01552,0.18944,0.809856,0.018401,1244819,1244819,415283,33.3609,1920,1080,raygs,triangles,1,off,0,on,-4
1781754695101726259,3032.12,829.267,1.20588,1.14794,1.13427,0.03008,0.089408,0.01536,0.18944,0.809984,0.025071,1244819,1244819,415283,33.3609,1920,1080,raygs,triangles,1,off,0,on,-4
1781754695103089020,3033.48,829.12,1.2061,1.32416,1.31091,0.030208,0.088992,0.01536,0.365568,0.810784,0.027808,1244819,1244819,415283,33.3609,1920,1080,raygs,triangles,1,off,0,on,-4
1781754695104425392,3034.82,827.049,1.20912,1.32362,1.30998,0.029632,0.08944,0.016384,0.364544,0.809984,0.025128,1244819,1244819,415283,33.3609,1920,1080,raygs,triangles,1,off,0,on,-4
1781754695105600753,3035.99,824.985,1.21214,1.14787,1.13379,0.030208,0.089824,0.01536,0.188416,0.809984,0.025596,1244819,1244819,415283,33.3609,1920,1080,raygs,triangles,1,off,0,on,-4
1781754695106765741,3037.16,825.218,1.2118,1.14685,1.13446,0.030016,0.08864,0.016384,0.188416,0.811008,0.024409,1244819,1244819,415283,33.3609,1920,1080,raygs,triangles,1,off,0,on,-4
1781754695107940712,3038.33,825.674,1.21113,1.14659,1.13341,0.029792,0.089632,0.015584,0.187392,0.811008,0.024407,1244819,1244819,415283,33.3609,1920,1080,raygs,triangles,1,off,0,on,-4
1781754695109124786,3039.52,825.424,1.2115,1.15949,1.14858,0.0304,0.089952,0.016384,0.20096,0.81088,0.02516,1244819,1244819,415283,33.3609,1920,1080,raygs,triangles,1,off,0,on,-4
1781754695110296346,3040.69,827.5,1.20846,1.14701,1.13402,0.030176,0.088992,0.016384,0.187808,0.810656,0.024488,1244819,1244819,415283,33.3609,1920,1080,raygs,triangles,1,off,0,on,-4
1781754695111585413,3041.98,828.817,1.20654,1.14803,1.13693,0.0304,0.089696,0.016384,0.18944,0.811008,0.026236,1244819,1244819,415283,33.3609,1920,1080,raygs,triangles,1,off,0,on,-4
1781754695112866902,3043.26,828.925,1.20638,1.14906,1.13776,0.0312,0.089728,0.016384,0.18944,0.811008,0.043064,1244819,1244819,415283,33.3609,1920,1080,raygs,triangles,1,off,0,on,-4
1781754695113984980,3044.38,827.526,1.20842,1.14806,1.13488,0.03056,0.089536,0.016384,0.188416,0.809984,0.029898,1244819,1244819,415283,33.3609,1920,1080,raygs,triangles,1,off,0,on,-4
1781754695115119217,3045.51,828.138,1.20753,1.14739,1.13549,0.03056,0.08912,0.016384,0.188416,0.811008,0.018355,1244819,1244819,415283,33.3609,1920,1080,raygs,triangles,1,off,0,on,-4
1781754695116308445,3046.7,829.096,1.20613,1.14717,1.13408,0.030336,0.08896,0.01536,0.188416,0.811008,0.034507,1244819,1244819,415283,33.3609,1920,1080,raygs,triangles,1,off,0,on,-4
1781754695117466927,3047.86,830.012,1.2048,1.14624,1.13338,0.030432,0.089184,0.016384,0.187392,0.809984,0.021304,1244819,1244819,415283,33.3609,1920,1080,raygs,triangles,1,off,0,on,-4
1781754695118639360,3049.03,830.149,1.2046,1.14707,1.1337,0.03024,0.089696,0.01536,0.188416,0.809984,0.025714,1244819,1244819,415283,33.3609,1920,1080,raygs,triangles,1,off,0,on,-4
1781754695120048729,3050.44,830.068,1.20472,1.39267,1.38058,0.03056,0.089472,0.016384,0.434176,0.809984,0.024864,1244819,1244819,415283,33.3609,1920,1080,raygs,triangles,1,off,0,on,-4
1781754695121417641,3051.81,827.547,1.20839,1.32141,1.30714,0.030496,0.088736,0.015424,0.362496,0.809984,0.031887,1244819,1244819,415283,33.3609,1920,1080,raygs,triangles,1,off,0,on,-4
1781754695122567123,3052.96,825.083,1.212,1.14803,1.13747,0.030208,0.09088,0.016384,0.188416,0.811584,0.018486,1244819,1244819,415283,33.3609,1920,1080,raygs,triangles,1,off,0,on,-4
1781754695123747056,3054.14,825.589,1.21126,1.14691,1.13482,0.030112,0.08976,0.016384,0.188864,0.809696,0.026222,1244819,1244819,415283,33.3609,1920,1080,raygs,triangles,1,off,0,on,-4
1781754695124915836,3055.31,825.368,1.21158,1.1473,1.13325,0.029472,0.08944,0.016192,0.187392,0.810752,0.024936,1244819,1244819,415283,33.3609,1920,1080,raygs,triangles,1,off,0,on,-4
1781754695126113602,3056.5,825.376,1.21157,1.14685,1.13443,0.030048,0.089632,0.016384,0.188416,0.809952,0.034022,1244819,1244819,415283,33.3609,1920,1080,raygs,triangles,1,off,0,on,-4
1781754695127266236,3057.66,827.051,1.20912,1.1479,1.13472,0.030304,0.089632,0.016384,0.188416,0.809984,0.018172,1244819,1244819,415283,33.3609,1920,1080,raygs,triangles,1,off,0,on,-4
1781754695128554026,3058.95,829.357,1.20575,1.14742,1.13424,0.03056,0.08928,0.016192,0.187392,0.810816,0.02632,1244819,1244819,415283,33.3609,1920,1080,raygs,triangles,1,off,0,on,-4
1781754695129763153,3060.15,827.944,1.20781,1.15005,1.13792,0.031104,0.089856,0.016384,0.189568,0.811008,0.037536,1244819,1244819,415283,33.3609,1920,1080,raygs,triangles,1,off,0,on,-4
1781754695130905425,3061.3,827.726,1.20813,1.14726,1.13338,0.030432,0.089088,0.015456,0.188416,0.809984,0.015963,1244819,1244819,415283,33.3609,1920,1080,raygs,triangles,1,off,0,on,-4
1781754695132081291,3062.47,828.078,1.20762,1.14794,1.13642,0.030112,0.089472,0.016384,0.18944,0.811008,0.026321,1244819,1244819,415283,33.3609,1920,1080,raygs,triangles,1,off,0,on,-4
1781754695133283761,3063.68,827.977,1.20776,1.14864,1.13539,0.030784,0.089664,0.01536,0.188608,0.810976,0.03782,1244819,1244819,415283,33.3609,1920,1080,raygs,triangles,1,off,0,on,-4
1781754695134415674,3064.81,827.625,1.20828,1.14877,1.13648,0.02992,0.089696,0.016384,0.189472,0.811008,0.015386,1244819,1244819,415283,33.3609,1920,1080,raygs,triangles,1,off,0,on,-4
1781754695135631978,3066.02,829.372,1.20573,1.14787,1.13626,0.030048,0.089632,0.016384,0.188416,0.811776,0.036219,1244819,1244819,415283,33.3609,1920,1080,raygs,triangles,1,off,0,on,-4
1781754695136940957,3067.33,828.969,1.20632,1.32336,1.31059,0.0304,0.08928,0.016384,0.36352,0.811008,0.015787,1244819,1244819,415283,33.3609,1920,1080,raygs,triangles,1,off,0,on,-4
1781754695138302929,3068.69,827.374,1.20864,1.3232,1.31056,0.030272,0.088992,0.187776,0.192512,0.811008,0.026489,1244819,1244819,415283,33.3609,1920,1080,raygs,triangles,1,off,0,on,-4
1781754695139462045,3069.85,825.224,1.21179,1.14653,1.1343,0.030752,0.089152,0.016192,0.187392,0.810816,0.024616,1244819,1244819,415283,33.3609,1920,1080,raygs,triangles,1,off,0,on,-4
1781754695140676143,3071.07,826.018,1.21063,1.14858,1.13594,0.030752,0.089376,0.016384,0.188416,0.811008,0.035642,1244819,1244819,415283,33.3609,1920,1080,raygs,triangles,1,off,0,on,-4
1781754695141804121,3072.2,825.07,1.21202,1.14646,1.13302,0.03072,0.089792,0.01536,0.187392,0.80976,0.015712,1244819,1244819,415283,33.3609,1920,1080,raygs,triangles,1,off,0,on,-4
1781754695142979985,3073.37,827.467,1.20851,1.14707,1.13507,0.03056,0.089728,0.016384,0.188416,0.809984,0.024757,1244819,1244819,415283,33.3609,1920,1080,raygs,triangles,1,off,0,on,-4
1781754695144278037,3074.67,829.315,1.20581,1.14653,1.1343,0.029696,0.08864,0.016384,0.188864,0.81072,0.025499,1244819,1244819,415283,33.3609,1920,1080,raygs,triangles,1,off,0,on,-4
1781754695145448423,3075.84,827.859,1.20793,1.14938,1.13606,0.031552,0.089728,0.01536,0.18944,0.809984,0.0254,1244819,1244819,415283,33.3609,1920,1080,raygs,triangles,1,off,0,on,-4
1781754695146695880,3077.09,827.974,1.20777,1.14851,1.1367,0.030688,0.089184,0.016384,0.18944,0.811008,0.044511,1244819,1244819,415283,33.3609,1920,1080,raygs,triangles,1,off,0,on,-4
1781754695147797918,3078.19,826.931,1.20929,1.14819,1.13322,0.029312,0.089312,0.01536,0.188416,0.810816,0.016705,1244819,1244819,415283,33.3609,1920,1080,raygs,triangles,1,off,0,on,-4
1781754695148977620,3079.37,827.848,1.20795,1.14685,1.13466,0.030176,0.089728,0.016384,0.187392,0.810976,0.027777,1244819,1244819,415283,33.3609,1920,1080,raygs,triangles,1,off,0,on,-4
1781754695150145401,3080.54,827.663,1.20822,1.14749,1.1351,0.029664,0.089632,0.016384,0.18944,0.809984,0.02922,1244819,1244819,415283,33.3609,1920,1080,raygs,triangles,1,off,0,on,-4
1781754695151526822,3081.92,827.706,1.20816,1.14819,1.13408,0.030368,0.088928,0.01536,0.18944,0.809984,0.050837,1244819,1244819,415283,33.3609,1920,1080,raygs,triangles,1,off,0,on,-4
1781754695152630409,3083.02,826.565,1.20983,1.14992,1.13683,0.030944,0.089056,0.01536,0.190464,0.811008,0.036111,1244819,1244819,415283,33.3609,1920,1080,raygs,triangles,1,off,0,on,-4
1781754695153972952,3084.36,827.281,1.20878,1.3255,1.31222,0.029472,0.089632,0.016384,0.365824,0.810912,0.034818,1244819,1244819,415283,33.3609,1920,1080,raygs,triangles,1,off,0,on,-4
1781754695155318295,3085.71,826.501,1.20992,1.31968,1.30742,0.030208,0.259456,0.0152,0.191552,0.811008,0.035079,1244819,1244819,415283,33.3609,1920,1080,raygs,triangles,1,off,0,on,-4
1781754695156488932,3086.88,823.722,1.214,1.14717,1.13411,0.030368,0.08992,0.016448,0.187392,0.809984,0.034058,1244819,1244819,415283,33.3609,1920,1080,raygs,triangles,1,off,0,on,-4
1781754695157654618,3088.05,823.86,1.2138,1.14627,1.13309,0.030112,0.088256,0.016384,0.187392,0.810944,0.034167,1244819,1244819,415283,33.3609,1920,1080,raygs,triangles,1,off,0,on,-4
1781754695158878873,3089.27,823.701,1.21403,1.14598,1.13299,0.029184,0.089024,0.016384,0.188416,0.809984,0.038991,1244819,1244819,415283,33.3609,1920,1080,raygs,triangles,1,off,0,on,-4
1781754695160044541,3090.44,825.138,1.21192,1.14774,1.1337,0.029888,0.089952,0.015456,0.188416,0.809984,0.038895,1244819,1244819,415283,33.3609,1920,1080,raygs,triangles,1,off,0,on,-4
1781754695161362572,3091.75,827.688,1.20818,1.14614,1.13392,0.030368,0.089632,0.01552,0.187392,0.811008,0.042259,1244819,1244819,415283,33.3609,1920,1080,raygs,triangles,1,off,0,on,-4
1781754695162516003,3092.91,825.376,1.21157,1.14854,1.13562,0.030688,0.08928,0.016384,0.188416,0.810848,0.039538,1244819,1244819,415283,33.3609,1920,1080,raygs,triangles,1,off,0,on,-4
1781754695163680079,3094.07,825.755,1.21101,1.14851,1.13552,0.030368,0.089152,0.015552,0.18944,0.811008,0.039622,1244819,1244819,415283,33.3609,1920,1080,raygs,triangles,1,off,0,on,-4
1781754695164874664,3095.27,825.615,1.21122,1.14614,1.1343,0.029248,0.089216,0.016384,0.188512,0.810944,0.040198,1244819,1244819,415283,33.3609,1920,1080,raygs,triangles,1,off,0,on,-4
1781754695166069380,3096.46,825.572,1.21128,1.14803,1.13494,0.030176,0.088832,0.015488,0.18944,0.811008,0.045536,1244819,1244819,415283,33.3609,1920,1080,raygs,triangles,1,off,0,on,-4
1781754695167207822,3097.6,825.3,1.21168,1.14685,1.13453,0.030048,0.088672,0.016384,0.188416,0.811008,0.043557,1244819,1244819,415283,33.3609,1920,1080,raygs,triangles,1,off,0,on,-4
1781754695168351557,3098.74,826.909,1.20932,1.14675,1.13526,0.030272,0.089536,0.016384,0.188416,0.810656,0.036493,1244819,1244819,415283,33.3609,1920,1080,raygs,triangles,1,off,0,on,-4
1781754695169705094,3100.1,827.388,1.20862,1.33254,1.31898,0.0304,0.089472,0.01536,0.37376,0.809984,0.036436,1244819,1244819,415283,33.3609,1920,1080,raygs,triangles,1,off,0,on,-4
1781754695171038658,3101.43,825.23,1.21178,1.31715,1.30662,0.030336,0.089472,0.18432,0.191488,0.811008,0.034883,1244819,1244819,415283,33.3609,1920,1080,raygs,triangles,1,off,0,on,-4
1781754695172233943,3102.63,824.013,1.21357,1.14698,1.13539,0.030144,0.08944,0.016384,0.188416,0.811008,0.045672,1244819,1244819,415283,33.3609,1920,1080,raygs,triangles,1,off,0,on,-4
1781754695173393506,3103.78,823.412,1.21446,1.14858,1.13546,0.029696,0.089312,0.016384,0.18944,0.810624,0.035678,1244819,1244819,415283,33.3609,1920,1080,raygs,triangles,1,off,0,on,-4
1781754695174554133,3104.95,823.339,1.21457,1.14832,1.13562,0.030496,0.089312,0.01536,0.18944,0.811008,0.035037,1244819,1244819,415283,33.3609,1920,1080,raygs,triangles,1,off,0,on,-4
1781754695175726980,3106.12,823.549,1.21426,1.14717,1.13456,0.030368,0.089024,0.016192,0.188416,0.81056,0.035357,1244819,1244819,415283,33.3609,1920,1080,raygs,triangles,1,off,0,on,-4
1781754695176904059,3107.3,825.651,1.21117,1.14819,1.13501,0.030336,0.088864,0.016384,0.188416,0.811008,0.036615,1244819,1244819,415283,33.3609,1920,1080,raygs,triangles,1,off,0,on,-4
1781754695178208276,3108.6,827.495,1.20847,1.14912,1.13565,0.03024,0.089536,0.016448,0.18944,0.809984,0.040797,1244819,1244819,415283,33.3609,1920,1080,raygs,triangles,1,off,0,on,-4
1781754695179378953,3109.77,825.926,1.21076,1.14669,1.13386,0.03088,0.089632,0.016384,0.186368,0.810592,0.036241,1244819,1244819,415283,33.3609,1920,1080,raygs,triangles,1,off,0,on,-4
1781754695180549193,3110.94,825.838,1.21089,1.1473,1.13539,0.030464,0.08928,0.016384,0.188416,0.810848,0.038411,1244819,1244819,415283,33.3609,1920,1080,raygs,triangles,1,off,0,on,-4
1781754695181721758,3112.11,826.027,1.21061,1.14819,1.13654,0.030208,0.089504,0.016384,0.18944,0.811008,0.037171,1244819,1244819,415283,33.3609,1920,1080,raygs,triangles,1,off,0,on,-4
1781754695182891336,3113.28,826.114,1.21049,1.14669,1.1336,0.029888,0.089248,0.01536,0.188416,0.810688,0.037448,1244819,1244819,415283,33.3609,1920,1080,raygs,triangles,1,off,0,on,-4
1781754695184063180,3114.45,826.184,1.21038,1.14688,1.13619,0.030048,0.089728,0.016384,0.18944,0.810592,0.037384,1244819,1244819,415283,33.3609,1920,1080,raygs,triangles,1,off,0,on,-4
1781754695185235928,3115.63,827.511,1.20844,1.14717,1.13318,0.030272,0.088864,0.015648,0.188416,0.809984,0.036103,1244819,1244819,415283,33.3609,1920,1080,raygs,triangles,1,off,0,on,-4
1781754695186593998,3116.99,828.917,1.20639,1.33731,1.3231,0.030016,0.088672,0.015552,0.37888,0.809984,0.034389,1244819,1244819,415283,33.3609,1920,1080,raygs,triangles,1,off,0,on,-4
1781754695187925343,3118.32,826.112,1.21049,1.30163,1.13587,0.030112,0.089952,0.01536,0.190464,0.809984,0.03451,1244819,1244819,415283,33.3609,1920,1080,raygs,triangles,1,off,0,on,-4
1781754695189239307,3119.63,823.775,1.21392,1.14787,1.13542,0.030368,0.089248,0.016384,0.188416,0.811008,0.036131,1244819,1244819,415283,33.3609,1920,1080,raygs,triangles,1,off,0,on,-4
1781754695190406989,3120.8,822.4,1.21595,1.14848,1.13514,0.030656,0.08976,0.016384,0.187392,0.810944,0.034086,1244819,1244819,415283,33.3609,1920,1080,raygs,triangles,1,off,0,on,-4
1781754695191574083,3121.97,822.327,1.21606,1.14717,1.13562,0.029312,0.08928,0.016384,0.188896,0.811744,0.034078,1244819,1244819,415283,33.3609,1920,1080,raygs,triangles,1,off,0,on,-4
1781754695192747174,3123.14,822.386,1.21597,1.14851,1.13632,0.030656,0.089856,0.016384,0.188416,0.811008,0.033594,1244819,1244819,415283,33.3609,1920,1080,raygs,triangles,1,off,0,on,-4
1781754695193920902,3124.31,825.004,1.21211,1.14806,1.13376,0.030272,0.088768,0.01536,0.188416,0.810944,0.034963,1244819,1244819,415283,33.3609,1920,1080,raygs,triangles,1,off,0,on,-4
1781754695195214149,3125.61,827.201,1.2089,1.14778,1.13539,0.02992,0.088768,0.016384,0.18944,0.81088,0.040163,1244819,1244819,415283,33.3609,1920,1080,raygs,triangles,1,off,0,on,-4
1781754695196390109,3126.78,825.569,1.21129,1.14922,1.13603,0.03152,0.089728,0.016384,0.188416,0.809984,0.034275,1244819,1244819,415283,33.3609,1920,1080,raygs,triangles,1,off,0,on,-4
1781754695197558850,3127.95,825.673,1.21113,1.14749,1.1337,0.029664,0.089344,0.016288,0.188416,0.809984,0.034861,1244819,1244819,415283,33.3609,1920,1080,raygs,triangles,1,off,0,on,-4
1781754695198729473,3129.12,825.673,1.21113,1.14701,1.13443,0.030176,0.08944,0.016384,0.18848,0.809952,0.034522,1244819,1244819,415283,33.3609,1920,1080,raygs,triangles,1,off,0,on,-4
1781754695199899546,3130.29,826.03,1.21061,1.14678,1.13574,0.030112,0.089792,0.016384,0.188448,0.811008,0.034476,1244819,1244819,415283,33.3609,1920,1080,raygs,triangles,1,off,0,on,-4
1781754695201071607,3131.46,825.766,1.211,1.14739,1.13424,0.030144,0.089376,0.016384,0.188416,0.80992,0.036194,1244819,1244819,415283,33.3609,1920,1080,raygs,triangles,1,off,0,on,-4
1781754695202254048,3132.65,827.111,1.20903,1.14742,1.13613,0.030592,0.089696,0.016384,0.188448,0.811008,0.035418,1244819,1244819,415283,33.3609,1920,1080,raygs,triangles,1,off,0,on,-4
1781754695203598769,3133.99,827.434,1.20856,1.32566,1.31354,0.030208,0.08928,0.016256,0.36784,0.809952,0.035398,1244819,1244819,415283,33.3609,1920,1080,raygs,triangles,1,off,0,on,-4
1781754695204964557,3135.36,825.108,1.21196,1.34189,1.32989,0.030208,0.08928,0.016384,0.38336,0.810656,0.035552,1244819,1244819,415283,33.3609,1920,1080,raygs,triangles,1,off,0,on,-4
1781754695206136730,3136.53,822.932,1.21517,1.14778,1.13395,0.02992,0.090432,0.016224,0.187392,0.809984,0.035412,1244819,1244819,415283,33.3609,1920,1080,raygs,triangles,1,off,0,on,-4
1781754695207319194,3137.71,823.224,1.21474,1.14614,1.13395,0.03024,0.089952,0.016384,0.187392,0.809984,0.037436,1244819,1244819,415283,33.3609,1920,1080,raygs,triangles,1,off,0,on,-4
1781754695208486561,3138.88,822.755,1.21543,1.14579,1.13158,0.030272,0.08864,0.01536,0.187392,0.80992,0.036052,1244819,1244819,415283,33.3609,1920,1080,raygs,triangles,1,off,0,on,-4
1781754695209656376,3140.05,823.309,1.21461,1.14653,1.13414,0.030272,0.089472,0.016192,0.187392,0.810816,0.034248,1244819,1244819,415283,33.3609,1920,1080,raygs,triangles,1,off,0,on,-4
1781754695210832961,3141.22,824.846,1.21235,1.14557,1.13386,0.029792,0.08928,0.01632,0.18768,0.810784,0.039247,1244819,1244819,415283,33.3609,1920,1080,raygs,triangles,1,off,0,on,-4
1781754695212111920,3142.5,826.933,1.20929,1.14704,1.13453,0.030208,0.089728,0.016384,0.187392,0.810816,0.034453,1244819,1244819,415283,33.3609,1920,1080,raygs,triangles,1,off,0,on,-4
1781754695213292114,3143.68,825.57,1.21128,1.14899,1.13578,0.030976,0.088992,0.016384,0.18944,0.809984,0.035053,1244819,1244819,415283,33.3609,1920,1080,raygs,triangles,1,off,0,on,-4
1781754695214501237,3144.89,825.97,1.2107,1.14803,1.13667,0.030208,0.089664,0.016352,0.18944,0.811008,0.035808,1244819,1244819,415283,33.3609,1920,1080,raygs,triangles,1,off,0,on,-4
1781754695215539831,3145.93,824.79,1.21243,1.1481,1.13498,0.030272,0.088896,0.01536,0.18944,0.811008,0.026073,1244819,1244819,415283,33.3609,1920,1080,raygs,triangles,1,off,0,on,-4
1781754695216683200,3147.07,826.87,1.20938,1.1473,1.1337,0.02944,0.089152,0.01568,0.188416,0.811008,0.018162,1244819,1244819,415283,33.3609,1920,1080,raygs,triangles,1,off,0,on,-4
1781754695217881475,3148.27,828.657,1.20677,1.14851,1.13517,0.0296,0.0896,0.01536,0.189696,0.810912,0.039016,1244819,1244819,415283,33.3609,1920,1080,raygs,triangles,1,off,0,on,-4
1781754695219055379,3149.45,828.313,1.20727,1.1479,1.13533,0.030048,0.089504,0.016384,0.188416,0.810976,0.029054,1244819,1244819,415283,33.3609,1920,1080,raygs,triangles,1,off,0,on,-4
1781754695220390535,3150.78,829.272,1.20588,1.32806,1.31587,0.030016,0.08896,0.016224,0.369664,0.811008,0.017339,1244819,1244819,415283,33.3609,1920,1080,raygs,triangles,1,off,0,on,-4
1781754695221752102,3152.14,826.561,1.20983,1.31862,1.30618,0.029792,0.08928,0.18352,0.192608,0.810976,0.033944,1244819,1244819,415283,33.3609,1920,1080,raygs,triangles,1,off,0,on,-4
1781754695222909161,3153.3,824.475,1.21289,1.14858,1.1343,0.030752,0.089984,0.01536,0.187392,0.810816,0.019251,1244819,1244819,415283,33.3609,1920,1080,raygs,triangles,1,off,0,on,-4
1781754695224115654,3154.51,825.129,1.21193,1.14954,1.13667,0.030656,0.089152,0.016416,0.18944,0.811008,0.037896,1244819,1244819,415283,33.3609,1920,1080,raygs,triangles,1,off,0,on,-4
1781754695225254805,3155.65,826.974,1.20923,1.14582,1.13219,0.030112,0.089344,0.01536,0.187392,0.809984,0.0154,1244819,1244819,415283,33.3609,1920,1080,raygs,triangles,1,off,0,on,-4
1781754695226428591,3156.82,826.566,1.20982,1.14717,1.13526,0.030336,0.090016,0.016384,0.18768,0.810848,0.026696,1244819,1244819,415283,33.3609,1920,1080,raygs,triangles,1,off,0,on,-4
1781754695227714473,3158.11,828.399,1.20715,1.14858,1.13466,0.03072,0.089152,0.01536,0.18944,0.809984,0.025144,1244819,1244819,415283,33.3609,1920,1080,raygs,triangles,1,off,0,on,-4
1781754695228943726,3159.34,829.107,1.20612,1.14922,1.13546,0.03136,0.089024,0.015648,0.18944,0.809984,0.039374,1244819,1244819,415283,33.3609,1920,1080,raygs,triangles,1,off,0,on,-4
1781754695230151629,3160.54,828.353,1.20722,1.14678,1.13328,0.029952,0.089344,0.015584,0.188416,0.809984,0.031535,1244819,1244819,415283,33.3609,1920,1080,raygs,triangles,1,off,0,on,-4
1781754695231247070,3161.64,827.79,1.20804,1.14627,1.13238,0.028416,0.089184,0.016384,0.188416,0.809984,0.018632,1244819,1244819,415283,33.3609,1920,1080,raygs,triangles,1,off,0,on,-4
1781754695232433635,3162.82,829.594,1.20541,1.14512,1.1312,0.029344,0.089152,0.016384,0.18656,0.80976,0.035695,1244819,1244819,415283,33.3609,1920,1080,raygs,triangles,1,off,0,on,-4
1781754695233625058,3164.02,829.246,1.20591,1.14371,1.13123,0.029056,0.089856,0.016384,0.185344,0.810592,0.031478,1244819,1244819,415283,33.3609,1920,1080,raygs,triangles,1,off,0,on,-4
1781754695234790981,3165.18,830.614,1.20393,1.14518,1.13267,0.028864,0.089344,0.016384,0.187392,0.810688,0.027564,1244819,1244819,415283,33.3609,1920,1080,raygs,triangles,1,off,0,on,-4
1781754695235926218,3166.32,830.562,1.204,1.14803,1.13488,0.030336,0.08976,0.016384,0.188416,0.809984,0.016905,1244819,1244819,415283,33.3609,1920,1080,raygs,triangles,1,off,0,on,-4
1781754695237299989,3167.69,830.879,1.20354,1.32502,1.3127,0.028992,0.08896,0.016384,0.366592,0.811776,0.033766,1244819,1244819,415283,33.3609,1920,1080,raygs,triangles,1,off,0,on,-4
1781754695238629371,3169.02,828.824,1.20653,1.31974,1.30742,0.029056,0.260736,0.01616,0.191488,0.809984,0.01946,1244819,1244819,415283,33.3609,1920,1080,raygs,triangles,1,off,0,on,-4
1781754695239935059,3170.33,827.416,1.20858,1.14614,1.13402,0.030336,0.08992,0.016384,0.187392,0.809984,0.053385,1244819,1244819,415283,33.3609,1920,1080,raygs,triangles,1,off,0,on,-4
1781754695241043522,3171.43,825.198,1.21183,1.14403,1.12906,0.028224,0.08912,0.016384,0.185344,0.809984,0.032521,1244819,1244819,415283,33.3609,1920,1080,raygs,triangles,1,off,0,on,-4
1781754695242158765,3172.55,825.675,1.21113,1.14394,1.13242,0.02816,0.089632,0.016544,0.187392,0.810688,0.01805,1244819,1244819,415283,33.3609,1920,1080,raygs,triangles,1,off,0,on,-4
1781754695243360939,3173.75,828.403,1.20714,1.14643,1.13533,0.030656,0.089184,0.016448,0.188416,0.810624,0.038474,1244819,1244819,415283,33.3609,1920,1080,raygs,triangles,1,off,0,on,-4
1781754695244622997,3175.01,829.934,1.20491,1.1448,1.13318,0.028992,0.089408,0.016384,0.187392,0.811008,0.020871,1244819,1244819,415283,33.3609,1920,1080,raygs,triangles,1,off,0,on,-4
1781754695245854959,3176.25,829.199,1.20598,1.14762,1.13651,0.029792,0.089792,0.016384,0.188704,0.81184,0.031738,1244819,1244819,415283,33.3609,1920,1080,raygs,triangles,1,off,0,on,-4
1781754695247008391,3177.4,828.26,1.20735,1.14701,1.13773,0.03024,0.08944,0.016384,0.190912,0.810752,0.0418,1244819,1244819,415283,33.3609,1920,1080,raygs,triangles,1,off,0,on,-4
1781754695248157928,3178.55,828.387,1.20717,1.14464,1.13152,0.028896,0.088864,0.016384,0.187392,0.809984,0.025338,1244819,1244819,415283,33.3609,1920,1080,raygs,triangles,1,off,0,on,-4
1781754695249326229,3179.72,828.685,1.20673,1.14477,1.13258,0.028992,0.089056,0.016384,0.187392,0.810752,0.027073,1244819,1244819,415283,33.3609,1920,1080,raygs,triangles,1,off,0,on,-4
1781754695250505554,3180.9,828.824,1.20653,1.14643,1.13446,0.030624,0.089056,0.016384,0.187392,0.811008,0.030586,1244819,1244819,415283,33.3609,1920,1080,raygs,triangles,1,off,0,on,-4
1781754695251660127,3182.05,830.33,1.20434,1.14736,1.13472,0.030208,0.089728,0.017408,0.187392,0.809984,0.019827,1244819,1244819,415283,33.3609,1920,1080,raygs,triangles,1,off,0,on,-4
1781754695253020840,3183.41,830.546,1.20403,1.32006,1.30678,0.030144,0.089824,0.016384,0.360448,0.809984,0.034721,1244819,1244819,415283,33.3609,1920,1080,raygs,triangles,1,off,0,on,-4
1781754695254350695,3184.74,828.239,1.20738,1.31706,1.30493,0.0288,0.089408,0.016384,0.359424,0.810912,0.020697,1244819,1244819,415283,33.3609,1920,1080,raygs,triangles,1,off,0,on,-4
1781754695255530092,3185.92,826.477,1.20995,1.14534,1.13251,0.029568,0.090208,0.016384,0.185344,0.811008,0.027642,1244819,1244819,415283,33.3609,1920,1080,raygs,triangles,1,off,0,on,-4
1781754695256804471,3187.2,826.322,1.21018,1.14669,1.13373,0.030112,0.089696,0.016384,0.186784,0.810752,0.045346,1244819,1244819,415283,33.3609,1920,1080,raygs,triangles,1,off,0,on,-4
1781754695257960722,3188.35,825.027,1.21208,1.14803,1.13597,0.030176,0.089344,0.016384,0.18944,0.810624,0.033288,1244819,1244819,415283,33.3609,1920,1080,raygs,triangles,1,off,0,on,-4
1781754695259187969,3189.58,825.157,1.21189,1.15747,1.14458,0.030432,0.08912,0.016384,0.198656,0.809984,0.03693,1244819,1244819,415283,33.3609,1920,1080,raygs,triangles,1,off,0,on,-4
1781754695260357140,3190.75,826.558,1.20984,1.14755,1.13344,0.03072,0.088864,0.01536,0.18784,0.810656,0.037716,1244819,1244819,415283,33.3609,1920,1080,raygs,triangles,1,off,0,on,-4
1781754695261639341,3192.03,828.44,1.20709,1.1448,1.13341,0.029984,0.089728,0.016384,0.186368,0.810944,0.038994,1244819,1244819,415283,33.3609,1920,1080,raygs,triangles,1,off,0,on,-4
1781754695262794086,3193.19,828.839,1.20651,1.14733,1.13478,0.030496,0.089504,0.016384,0.187392,0.811008,0.024706,1244819,1244819,415283,33.3609,1920,1080,raygs,triangles,1,off,0,on,-4
1781754695263988470,3194.38,829.004,1.20627,1.15526,1.14509,0.03024,0.088256,0.015168,0.200704,0.81072,0.050823,1244819,1244819,415283,33.3609,1920,1080,raygs,triangles,1,off,0,on,-4
1781754695265142577,3195.53,828.714,1.20669,1.14586,1.13286,0.03056,0.089568,0.016384,0.186368,0.809984,0.037465,1244819,1244819,415283,33.3609,1920,1080,raygs,triangles,1,off,0,on,-4
1781754695266274942,3196.67,828.93,1.20637,1.1457,1.13286,0.028864,0.089216,0.015648,0.188416,0.81072,0.031295,1244819,1244819,415283,33.3609,1920,1080,raygs,triangles,1,off,0,on,-4
1781754695267550079,3197.94,829.492,1.20556,1.14554,1.13232,0.028704,0.089856,0.016384,0.187392,0.809984,0.026416,1244819,1244819,415283,33.3609,1920,1080,raygs,triangles,1,off,0,on,-4
1781754695268880440,3199.27,829.784,1.20513,1.14918,1.13622,0.03136,0.089088,0.01536,0.18944,0.810976,0.031072,1244819,1244819,415283,33.3609,1920,1080,raygs,triangles,1,off,0,on,-4
1781754695270322945,3200.71,827.916,1.20785,1.1439,1.13088,0.030176,0.089888,0.016416,0.184544,0.809856,0.042106,1244819,1244819,415283,33.3609,1920,1080,raygs,triangles,1,off,0,on,-4
1781754695271486945,3201.88,824.681,1.21259,1.14966,1.1384,0.03488,0.089824,0.016384,0.186368,0.810944,0.03645,1244819,1244819,415283,33.3609,1920,1080,raygs,triangles,1,off,0,on,-4
1781754695272657280,3203.05,824.751,1.21249,1.14621,1.13414,0.030432,0.089952,0.016384,0.186368,0.811008,0.03692,1244819,1244819,415283,33.3609,1920,1080,raygs,triangles,1,off,0,on,-4
1781754695273825809,3204.22,824.748,1.21249,1.14474,1.13021,0.027904,0.089568,0.01536,0.187392,0.809984,0.036554,1244819,1244819,415283,33.3609,1920,1080,raygs,triangles,1,off,0,on,-4
1781754695275003243,3205.39,824.785,1.21244,1.1441,1.13213,0.029024,0.089728,0.01536,0.187392,0.810624,0.035902,1244819,1244819,415283,33.3609,1920,1080,raygs,triangles,1,off,0,on,-4
1781754695276180197,3206.57,824.887,1.21229,1.1447,1.132,0.029952,0.0896,0.016384,0.185344,0.81072,0.043552,1244819,1244819,415283,33.3609,1920,1080,raygs,triangles,1,off,0,on,-4
1781754695277356701,3207.75,826.717,1.2096,1.14598,1.13293,0.029152,0.089152,0.016384,0.187392,0.810848,0.036715,1244819,1244819,415283,33.3609,1920,1080,raygs,triangles,1,off,0,on,-4
1781754695278660582,3209.05,828.885,1.20644,1.27443,1.26227,0.028864,0.0896,0.016384,0.31744,0.809984,0.041521,1244819,1244819,415283,33.3609,1920,1080,raygs,triangles,1,off,0,on,-4
1781754695279813600,3210.2,827.445,1.20854,1.14771,1.13485,0.030912,0.089216,0.016384,0.188416,0.80992,0.024834,1244819,1244819,415283,33.3609,1920,1080,raygs,triangles,1,off,0,on,-4
1781754695281020864,3211.41,827.752,1.20809,1.15763,1.14675,0.029536,0.08912,0.01536,0.201728,0.811008,0.049498,1244819,1244819,415283,33.3609,1920,1080,raygs,triangles,1,off,0,on,-4
1781754695282167619,3212.56,827.287,1.20877,1.14499,1.13395,0.028192,0.089248,0.016384,0.18944,0.810688,0.036627,1244819,1244819,415283,33.3609,1920,1080,raygs,triangles,1,off,0,on,-4
1781754695283368977,3213.76,827.578,1.20835,1.14614,1.13286,0.0304,0.088864,0.016384,0.186368,0.810848,0.037342,1244819,1244819,415283,33.3609,1920,1080,raygs,triangles,1,off,0,on,-4
1781754695284543013,3214.93,827.249,1.20883,1.14464,1.13184,0.028864,0.089024,0.01536,0.187776,0.810816,0.036654,1244819,1244819,415283,33.3609,1920,1080,raygs,triangles,1,off,0,on,-4
1781754695285688577,3216.08,828.525,1.20696,1.14528,1.1329,0.02896,0.089504,0.016384,0.187392,0.810656,0.031192,1244819,1244819,415283,33.3609,1920,1080,raygs,triangles,1,off,0,on,-4
1781754695286929047,3217.32,829.011,1.20626,1.14653,1.13398,0.029728,0.089472,0.016384,0.187392,0.811008,0.020896,1244819,1244819,415283,33.3609,1920,1080,raygs,triangles,1,off,0,on,-4
1781754695288507104,3218.9,828.828,1.20652,1.14682,1.13312,0.030944,0.08944,0.01536,0.187392,0.809984,0.052497,1244819,1244819,415283,33.3609,1920,1080,raygs,triangles,1,off,0,on,-4
1781754695289624726,3220.02,819.178,1.22074,1.15104,1.13837,0.03616,0.089696,0.016384,0.185344,0.810784,0.038778,1244819,1244819,415283,33.3609,1920,1080,raygs,triangles,1,off,0,on,-4
1781754695290774093,3221.17,822.245,1.21618,1.14509,1.13274,0.029984,0.089312,0.01536,0.187392,0.810688,0.036737,1244819,1244819,415283,33.3609,1920,1080,raygs,triangles,1,off,0,on,-4
1781754695291941932,3222.33,822.836,1.21531,1.14653,1.13296,0.029696,0.0896,0.016288,0.186368,0.811008,0.036302,1244819,1244819,415283,33.3609,1920,1080,raygs,triangles,1,off,0,on,-4
1781754695293117257,3223.51,822.906,1.21521,1.14746,1.13411,0.0296,0.089696,0.01536,0.188864,0.810592,0.037999,1244819,1244819,415283,33.3609,1920,1080,raygs,triangles,1,off,0,on,-4
1781754695294291660,3224.68,824.684,1.21259,1.14646,1.13274,0.030656,0.089536,0.01536,0.187392,0.809792,0.036622,1244819,1244819,415283,33.3609,1920,1080,raygs,triangles,1,off,0,on,-4
1781754695295479358,3225.87,826.827,1.20944,1.14717,1.13488,0.0304,0.089312,0.015712,0.188448,0.811008,0.033063,1244819,1244819,415283,33.3609,1920,1080,raygs,triangles,1,off,0,on,-4
1781754695296623526,3227.01,826.716,1.20961,1.14714,1.13363,0.030336,0.089536,0.016384,0.187392,0.809984,0.01885,1244819,1244819,415283,33.3609,1920,1080,raygs,triangles,1,off,0,on,-4
1781754695297809271,3228.2,827.528,1.20842,1.14976,1.14058,0.029856,0.088768,0.016384,0.19456,0.811008,0.034939,1244819,1244819,415283,33.3609,1920,1080,raygs,triangles,1,off,0,on,-4
1781754695298967989,3229.36,826.974,1.20923,1.14675,1.13306,0.02992,0.089184,0.016576,0.187392,0.809984,0.022563,1244819,1244819,415283,33.3609,1920,1080,raygs,triangles,1,off,0,on,-4
1781754695300142310,3230.53,827.164,1.20895,1.14611,1.13248,0.02928,0.08944,0.016384,0.187392,0.809984,0.027194,1244819,1244819,415283,33.3609,1920,1080,raygs,triangles,1,off,0,on,-4
1781754695301339717,3231.73,828.396,1.20715,1.14605,1.1328,0.030272,0.088768,0.016384,0.186368,0.811008,0.034159,1244819,1244819,415283,33.3609,1920,1080,raygs,triangles,1,off,0,on,-4
1781754695302486487,3232.88,828.846,1.2065,1.14794,1.13446,0.03008,0.08976,0.017248,0.187392,0.809984,0.018348,1244819,1244819,415283,33.3609,1920,1080,raygs,triangles,1,off,0,on,-4
1781754695303835535,3234.23,829.627,1.20536,1.31328,1.30077,0.028544,0.089568,0.016384,0.355328,0.810944,0.026426,1244819,1244819,415283,33.3609,1920,1080,raygs,triangles,1,off,0,on,-4
1781754695305240387,3235.63,826.615,1.20975,1.33613,1.32266,0.029888,0.088544,0.016384,0.377856,0.809984,0.039649,1244819,1244819,415283,33.3609,1920,1080,raygs,triangles,1,off,0,on,-4
1781754695306372091,3236.76,824.052,1.21351,1.14544,1.13331,0.030656,0.08992,0.016384,0.186368,0.809984,0.017457,1244819,1244819,415283,33.3609,1920,1080,raygs,triangles,1,off,0,on,-4
1781754695307544623,3237.94,824.883,1.21229,1.14291,1.13008,0.028128,0.089344,0.016384,0.185344,0.81088,0.026906,1244819,1244819,415283,33.3609,1920,1080,raygs,triangles,1,off,0,on,-4
1781754695308724900,3239.12,824.725,1.21253,1.14614,1.13203,0.030368,0.088928,0.01536,0.187392,0.809984,0.031878,1244819,1244819,415283,33.3609,1920,1080,raygs,triangles,1,off,0,on,-4
1781754695309889893,3240.28,824.201,1.2133,1.14406,1.13011,0.028256,0.08928,0.016544,0.186368,0.809664,0.023691,1244819,1244819,415283,33.3609,1920,1080,raygs,triangles,1,off,0,on,-4
1781754695311205870,3241.6,826.527,1.20988,1.14653,1.13354,0.028672,0.09008,0.016384,0.188416,0.809984,0.039829,1244819,1244819,415283,33.3609,1920,1080,raygs,triangles,1,off,0,on,-4
1781754695312350265,3242.74,826.684,1.20965,1.1496,1.13629,0.03072,0.08976,0.016384,0.188416,0.811008,0.020181,1244819,1244819,415283,33.3609,1920,1080,raygs,triangles,1,off,0,on,-4
1781754695313528167,3243.92,828.73,1.20667,1.14598,1.13232,0.02816,0.0896,0.016384,0.187392,0.810784,0.027358,1244819,1244819,415283,33.3609,1920,1080,raygs,triangles,1,off,0,on,-4
1781754695314698508,3245.09,827.835,1.20797,1.14806,1.13677,0.028192,0.088896,0.01632,0.192512,0.810848,0.026875,1244819,1244819,415283,33.3609,1920,1080,raygs,triangles,1,off,0,on,-4
1781754695315883085,3246.27,827.15,1.20897,1.14624,1.13507,0.030432,0.089984,0.016384,0.187392,0.81088,0.029088,1244819,1244819,415283,33.3609,1920,1080,raygs,triangles,1,off,0,on,-4
1781754695317053118,3247.44,827.36,1.20866,1.1433,1.12947,0.028512,0.088672,0.01536,0.186368,0.81056,0.032097,1244819,1244819,415283,33.3609,1920,1080,raygs,triangles,1,off,0,on,-4
1781754695318215622,3248.61,828.449,1.20708,1.14806,1.13434,0.029184,0.089632,0.01536,0.18944,0.81072,0.024768,1244819,1244819,415283,33.3609,1920,1080,raygs,triangles,1,off,0,on,-4
1781754695319583299,3249.97,829.292,1.20585,1.32109,1.30787,0.030176,0.088832,0.016384,0.362496,0.809984,0.035106,1244819,1244819,415283,33.3609,1920,1080,raygs,triangles,1,off,0,on,-4
1781754695320951790,3251.34,826.744,1.20956,1.33443,1.31974,0.02816,0.089376,0.01536,0.37616,0.810688,0.028722,1244819,1244819,415283,33.3609,1920,1080,raygs,triangles,1,off,0,on,-4
1781754695322104053,3252.5,824.274,1.21319,1.14598,1.13386,0.029184,0.090208,0.016256,0.187392,0.810816,0.021233,1244819,1244819,415283,33.3609,1920,1080,raygs,triangles,1,off,0,on,-4
1781754695323282088,3253.67,824.446,1.21294,1.14723,1.1359,0.030432,0.089664,0.016384,0.188416,0.811008,0.027147,1244819,1244819,415283,33.3609,1920,1080,raygs,triangles,1,off,0,on,-4
1781754695324459733,3254.85,824.459,1.21292,1.14573,1.13427,0.030144,0.089792,0.016384,0.187392,0.81056,0.027187,1244819,1244819,415283,33.3609,1920,1080,raygs,triangles,1,off,0,on,-4
1781754695325624795,3256.02,824.183,1.21332,1.14582,1.13226,0.030016,0.089504,0.01536,0.187392,0.809984,0.027119,1244819,1244819,415283,33.3609,1920,1080,raygs,triangles,1,off,0,on,-4
1781754695326823660,3257.21,826.41,1.21005,1.14582,1.13264,0.0304,0.089568,0.01632,0.186368,0.809984,0.03518,1244819,1244819,415283,33.3609,1920,1080,raygs,triangles,1,off,0,on,-4
1781754695328077893,3258.47,827.887,1.20789,1.14598,1.13274,0.030176,0.089824,0.016384,0.186368,0.809984,0.017806,1244819,1244819,415283,33.3609,1920,1080,raygs,triangles,1,off,0,on,-4
1781754695329282684,3259.67,827.073,1.20908,1.14906,1.1359,0.0312,0.090944,0.016384,0.187392,0.809984,0.036048,1244819,1244819,415283,33.3609,1920,1080,raygs,triangles,1,off,0,on,-4
1781754695330434944,3260.83,827.97,1.20777,1.14589,1.1328,0.030112,0.089952,0.016384,0.186368,0.809984,0.019962,1244819,1244819,415283,33.3609,1920,1080,raygs,triangles,1,off,0,on,-4
1781754695331607927,3262,828.08,1.20761,1.15082,1.13926,0.02992,0.089184,0.015616,0.19456,0.809984,0.026201,1244819,1244819,415283,33.3609,1920,1080,raygs,triangles,1,off,0,on,-4
1781754695332787083,3263.18,828.796,1.20657,1.14678,1.13363,0.030432,0.089344,0.01536,0.187616,0.81088,0.028465,1244819,1244819,415283,33.3609,1920,1080,raygs,triangles,1,off,0,on,-4
1781754695333958513,3264.35,828.67,1.20675,1.14771,1.13379,0.030368,0.09056,0.01536,0.18672,0.810784,0.026189,1244819,1244819,415283,33.3609,1920,1080,raygs,triangles,1,off,0,on,-4
1781754695335130654,3265.52,829.875,1.205,1.14659,1.13242,0.028736,0.08992,0.01536,0.188416,0.809984,0.026149,1244819,1244819,415283,33.3609,1920,1080,raygs,triangles,1,off,0,on,-4
1781754695336620845,3267.01,829.658,1.20532,1.31446,1.30275,0.028704,0.089728,0.016384,0.3584,0.809536,0.04856,1244819,1244819,415283,33.3609,1920,1080,raygs,triangles,1,off,0,on,-4
1781754695337944224,3268.34,826,1.21065,1.32003,1.30611,0.030176,0.088736,0.015744,0.361472,0.809984,0.036827,1244819,1244819,415283,33.3609,1920,1080,raygs,triangles,1,off,0,on,-4
1781754695339112282,3269.5,824.13,1.2134,1.14528,1.13258,0.02848,0.090656,0.016384,0.186368,0.810688,0.036493,1244819,1244819,415283,33.3609,1920,1080,raygs,triangles,1,off,0,on,-4
1781754695340295582,3270.69,823.691,1.21405,1.14288,1.1295,0.028128,0.08944,0.015584,0.186368,0.809984,0.037158,1244819,1244819,415283,33.3609,1920,1080,raygs,triangles,1,off,0,on,-4
1781754695341452463,3271.84,824.603,1.2127,1.1447,1.13334,0.03008,0.089792,0.016384,0.186368,0.81072,0.038487,1244819,1244819,415283,33.3609,1920,1080,raygs,triangles,1,off,0,on,-4
1781754695342658905,3273.05,826.589,1.20979,1.16717,1.1551,0.028832,0.089216,0.016384,0.20992,0.810752,0.036718,1244819,1244819,415283,33.3609,1920,1080,raygs,triangles,1,off,0,on,-4
1781754695343825795,3274.22,829.495,1.20555,1.14701,1.13418,0.028864,0.089792,0.016384,0.188416,0.81072,0.036562,1244819,1244819,415283,33.3609,1920,1080,raygs,triangles,1,off,0,on,-4
1781754695345118560,3275.51,829.448,1.20562,1.14675,1.1337,0.030592,0.089344,0.01536,0.187392,0.811008,0.036974,1244819,1244819,415283,33.3609,1920,1080,raygs,triangles,1,off,0,on,-4
1781754695346298295,3276.69,828.033,1.20768,1.14566,1.13254,0.029888,0.088896,0.016384,0.187392,0.809984,0.040037,1244819,1244819,415283,33.3609,1920,1080,raygs,triangles,1,off,0,on,-4
1781754695347452123,3277.84,827.941,1.20782,1.14496,1.13104,0.029152,0.089152,0.01536,0.187392,0.809984,0.025088,1244819,1244819,415283,33.3609,1920,1080,raygs,triangles,1,off,0,on,-4
1781754695348669358,3279.06,828.175,1.20747,1.15546,1.14666,0.030496,0.088288,0.01536,0.201728,0.810784,0.049836,1244819,1244819,415283,33.3609,1920,1080,raygs,triangles,1,off,0,on,-4
1781754695349867764,3280.26,827.73,1.20812,1.14502,1.13021,0.028224,0.089248,0.01536,0.186368,0.811008,0.041336,1244819,1244819,415283,33.3609,1920,1080,raygs,triangles,1,off,0,on,-4
1781754695350997503,3281.39,827.396,1.20861,1.14493,1.13184,0.028096,0.08928,0.01536,0.188416,0.810688,0.03682,1244819,1244819,415283,33.3609,1920,1080,raygs,triangles,1,off,0,on,-4
1781754695352155943,3282.55,829.527,1.20551,1.14723,1.13571,0.030432,0.08976,0.016384,0.188416,0.81072,0.035816,1244819,1244819,415283,33.3609,1920,1080,raygs,triangles,1,off,0,on,-4
1781754695353497656,3283.89,829.404,1.20569,1.3207,1.30746,0.02896,0.089696,0.01632,0.362496,0.809984,0.034551,1244819,1244819,415283,33.3609,1920,1080,raygs,triangles,1,off,0,on,-4
1781754695354840461,3285.23,827.901,1.20787,1.30067,1.2864,0.028224,0.089792,0.167936,0.190464,0.809984,0.036512,1244819,1244819,415283,33.3609,1920,1080,raygs,triangles,1,off,0,on,-4
1781754695356006990,3286.4,825.633,1.21119,1.14566,1.13299,0.029888,0.08944,0.016288,0.187392,0.809984,0.040447,1244819,1244819,415283,33.3609,1920,1080,raygs,triangles,1,off,0,on,-4
1781754695357188969,3287.58,826.105,1.2105,1.14371,1.13059,0.02896,0.089984,0.01632,0.185344,0.809984,0.035203,1244819,1244819,415283,33.3609,1920,1080,raygs,triangles,1,off,0,on,-4
1781754695358490933,3288.88,825.789,1.21096,1.14275,1.13142,0.028992,0.089696,0.016384,0.186368,0.809984,0.037958,1244819,1244819,415283,33.3609,1920,1080,raygs,triangles,1,off,0,on,-4
1781754695359647613,3290.04,824.033,1.21354,1.14755,1.13654,0.03104,0.089696,0.016384,0.188416,0.811008,0.031662,1244819,1244819,415283,33.3609,1920,1080,raygs,triangles,1,off,0,on,-4
1781754695360775141,3291.17,825.058,1.21204,1.1463,1.1327,0.030208,0.089184,0.01536,0.187392,0.81056,0.030852,1244819,1244819,415283,33.3609,1920,1080,raygs,triangles,1,off,0,on,-4
1781754695362031788,3292.42,833.413,1.19989,1.14656,1.13443,0.02976,0.089888,0.016384,0.187392,0.811008,0.025491,1244819,1244819,415283,33.3609,1920,1080,raygs,triangles,1,off,0,on,-4
1781754695363218526,3293.61,828.999,1.20627,1.14835,1.13587,0.03088,0.089536,0.016384,0.188416,0.810656,0.037648,1244819,1244819,415283,33.3609,1920,1080,raygs,triangles,1,off,0,on,-4
1781754695364380391,3294.77,828.522,1.20697,1.14582,1.13392,0.030016,0.089728,0.01616,0.187392,0.810624,0.021971,1244819,1244819,415283,33.3609,1920,1080,raygs,triangles,1,off,0,on,-4
1781754695365559852,3295.95,828.593,1.20687,1.14966,1.13878,0.030784,0.088768,0.015712,0.193536,0.809984,0.036234,1244819,1244819,415283,33.3609,1920,1080,raygs,triangles,1,off,0,on,-4
1781754695366712938,3297.1,828.559,1.20691,1.14582,1.13216,0.030176,0.089248,0.01536,0.186368,0.811008,0.020181,1244819,1244819,415283,33.3609,1920,1080,raygs,triangles,1,off,0,on,-4
1781754695367902934,3298.29,828.823,1.20653,1.14707,1.13501,0.030272,0.088992,0.016384,0.188416,0.810944,0.034066,1244819,1244819,415283,33.3609,1920,1080,raygs,triangles,1,off,0,on,-4
1781754695369111482,3299.5,828.527,1.20696,1.14874,1.13664,0.03024,0.089568,0.016384,0.18944,0.811008,0.037962,1244819,1244819,415283,33.3609,1920,1080,raygs,triangles,1,off,0,on,-4
1781754695370440884,3300.83,827.608,1.2083,1.32122,1.30816,0.030304,0.088992,0.016384,0.362496,0.809984,0.026703,1244819,1244819,415283,33.3609,1920,1080,raygs,triangles,1,off,0,on,-4
1781754695371785128,3302.18,826.012,1.21064,1.34179,1.32874,0.030432,0.088832,0.016384,0.382336,0.810752,0.019219,1244819,1244819,415283,33.3609,1920,1080,raygs,triangles,1,off,0,on,-4
1781754695372964985,3303.36,823.982,1.21362,1.14758,1.13491,0.029728,0.0904,0.016384,0.188416,0.809984,0.027066,1244819,1244819,415283,33.3609,1920,1080,raygs,triangles,1,off,0,on,-4
1781754695374136528,3304.53,823.924,1.2137,1.14614,1.13459,0.030368,0.08944,0.016384,0.187392,0.811008,0.026544,1244819,1244819,415283,33.3609,1920,1080,raygs,triangles,1,off,0,on,-4
1781754695375323389,3305.71,824.22,1.21327,1.14598,1.1321,0.030176,0.089248,0.015584,0.186368,0.81072,0.033404,1244819,1244819,415283,33.3609,1920,1080,raygs,triangles,1,off,0,on,-4
1781754695376483823,3306.88,823.751,1.21396,1.14589,1.13418,0.029056,0.089312,0.016384,0.188416,0.811008,0.024294,1244819,1244819,415283,33.3609,1920,1080,raygs,triangles,1,off,0,on,-4
1781754695377679112,3308.07,825.883,1.21082,1.14787,1.13408,0.030016,0.089696,0.016384,0.187392,0.810592,0.035036,1244819,1244819,415283,33.3609,1920,1080,raygs,triangles,1,off,0,on,-4
1781754695378945653,3309.34,828.354,1.20721,1.14509,1.1319,0.028256,0.089792,0.016384,0.186464,0.811008,0.020675,1244819,1244819,415283,33.3609,1920,1080,raygs,triangles,1,off,0,on,-4
1781754695380126343,3310.52,826.77,1.20953,1.14762,1.13421,0.029792,0.088608,0.01536,0.18944,0.811008,0.029743,1244819,1244819,415283,33.3609,1920,1080,raygs,triangles,1,off,0,on,-4
1781754695381306039,3311.7,826.659,1.20969,1.14723,1.13539,0.0304,0.089184,0.016384,0.188416,0.811008,0.027022,1244819,1244819,415283,33.3609,1920,1080,raygs,triangles,1,off,0,on,-4
1781754695382474263,3312.87,826.645,1.20971,1.14797,1.13856,0.02944,0.089216,0.016384,0.192512,0.811008,0.027294,1244819,1244819,415283,33.3609,1920,1080,raygs,triangles,1,off,0,on,-4
1781754695383655139,3314.05,826.669,1.20967,1.14595,1.13395,0.02912,0.088992,0.016384,0.188448,0.811008,0.028194,1244819,1244819,415283,33.3609,1920,1080,raygs,triangles,1,off,0,on,-4
1781754695384871242,3315.26,828.205,1.20743,1.14739,1.13498,0.030592,0.089664,0.016384,0.187392,0.810944,0.040519,1244819,1244819,415283,33.3609,1920,1080,raygs,triangles,1,off,0,on,-4
1781754695386152025,3316.54,827.318,1.20873,1.14867,1.13565,0.028768,0.090048,0.016384,0.190464,0.809984,0.017571,1244819,1244819,415283,33.3609,1920,1080,raygs,triangles,1,off,0,on,-4
1781754695387493866,3317.89,826.17,1.2104,1.14816,1.13472,0.030304,0.088608,0.016384,0.18944,0.809984,0.02707,1244819,1244819,415283,33.3609,1920,1080,raygs,triangles,1,off,0,on,-4
1781754695388673789,3319.07,824.275,1.21319,1.15274,1.14029,0.035936,0.089568,0.016384,0.187392,0.811008,0.026688,1244819,1244819,415283,33.3609,1920,1080,raygs,triangles,1,off,0,on,-4
1781754695389837826,3320.23,824.295,1.21316,1.14426,1.13142,0.028448,0.089216,0.016384,0.187392,0.809984,0.025904,1244819,1244819,415283,33.3609,1920,1080,raygs,triangles,1,off,0,on,-4
1781754695391011797,3321.4,824.357,1.21307,1.14566,1.13251,0.028896,0.089856,0.016384,0.187392,0.809984,0.027234,1244819,1244819,415283,33.3609,1920,1080,raygs,triangles,1,off,0,on,-4
1781754695392190880,3322.58,824.229,1.21325,1.14566,1.13306,0.029856,0.089664,0.016384,0.186368,0.810784,0.025905,1244819,1244819,415283,33.3609,1920,1080,raygs,triangles,1,off,0,on,-4
1781754695393363663,3323.75,826.308,1.2102,1.14762,1.13309,0.029792,0.089152,0.015744,0.188416,0.809984,0.025729,1244819,1244819,415283,33.3609,1920,1080,raygs,triangles,1,off,0,on,-4
1781754695394559095,3324.95,828.644,1.20679,1.14579,1.13379,0.028832,0.090176,0.016384,0.188416,0.809984,0.035451,1244819,1244819,415283,33.3609,1920,1080,raygs,triangles,1,off,0,on,-4
1781754695395840889,3326.23,828.06,1.20764,1.27798,1.264,0.030112,0.09008,0.01536,0.318464,0.809984,0.018832,1244819,1244819,415283,33.3609,1920,1080,raygs,triangles,1,off,0,on,-4
1781754695397030708,3327.42,826.863,1.20939,1.14464,1.13235,0.030368,0.088352,0.016384,0.186368,0.81088,0.034482,1244819,1244819,415283,33.3609,1920,1080,raygs,triangles,1,off,0,on,-4
1781754695398187463,3328.58,826.772,1.20952,1.14698,1.13331,0.030176,0.089376,0.01536,0.188416,0.809984,0.021294,1244819,1244819,415283,33.3609,1920,1080,raygs,triangles,1,off,0,on,-4
1781754695399382236,3329.77,826.787,1.2095,1.14902,1.1399,0.030144,0.089152,0.016384,0.193536,0.810688,0.036771,1244819,1244819,415283,33.3609,1920,1080,raygs,triangles,1,off,0,on,-4
1781754695400552835,3330.94,826.938,1.20928,1.1464,1.13434,0.030592,0.08896,0.016384,0.187392,0.811008,0.028692,1244819,1244819,415283,33.3609,1920,1080,raygs,triangles,1,off,0,on,-4
1781754695401751063,3332.14,827.862,1.20793,1.1455,1.13309,0.03072,0.089568,0.016384,0.186592,0.809824,0.033312,1244819,1244819,415283,33.3609,1920,1080,raygs,triangles,1,off,0,on,-4
1781754695403046088,3333.44,827.871,1.20792,1.14691,1.13376,0.030112,0.089888,0.016384,0.187392,0.809984,0.017437,1244819,1244819,415283,33.3609,1920,1080,raygs,triangles,1,off,0,on,-4
1781754695404389531,3334.78,826.317,1.21019,1.14611,1.13363,0.031328,0.089568,0.016384,0.185344,0.811008,0.027781,1244819,1244819,415283,33.3609,1920,1080,raygs,triangles,1,off,0,on,-4
1781754695405571814,3335.96,824.367,1.21305,1.15229,1.13898,0.035744,0.089728,0.016128,0.186368,0.811008,0.034012,1244819,1244819,415283,33.3609,1920,1080,raygs,triangles,1,off,0,on,-4
1781754695406733362,3337.12,824.352,1.21307,1.14669,1.13418,0.029888,0.089504,0.016384,0.187392,0.811008,0.020838,1244819,1244819,415283,33.3609,1920,1080,raygs,triangles,1,off,0,on,-4
1781754695408002922,3338.39,824.46,1.21292,1.14528,1.13245,0.028448,0.089216,0.016384,0.187392,0.811008,0.045877,1244819,1244819,415283,33.3609,1920,1080,raygs,triangles,1,off,0,on,-4
1781754695409217807,3339.61,823.195,1.21478,1.1439,1.13078,0.029088,0.08896,0.01536,0.187392,0.809984,0.040444,1244819,1244819,415283,33.3609,1920,1080,raygs,triangles,1,off,0,on,-4
1781754695410393006,3340.78,826.536,1.20987,1.14518,1.13232,0.0304,0.090208,0.016384,0.185344,0.809984,0.038546,1244819,1244819,415283,33.3609,1920,1080,raygs,triangles,1,off,0,on,-4
1781754695411661133,3342.05,828.154,1.20751,1.14458,1.13264,0.0288,0.089408,0.016384,0.187392,0.810656,0.037787,1244819,1244819,415283,33.3609,1920,1080,raygs,triangles,1,off,0,on,-4
1781754695412837700,3343.23,826.944,1.20927,1.14736,1.13526,0.0304,0.090112,0.016384,0.187392,0.810976,0.036116,1244819,1244819,415283,33.3609,1920,1080,raygs,triangles,1,off,0,on,-4
1781754695414015595,3344.41,827.097,1.20905,1.14573,1.13376,0.030208,0.089632,0.016384,0.186688,0.810848,0.047019,1244819,1244819,415283,33.3609,1920,1080,raygs,triangles,1,off,0,on,-4
1781754695415170170,3345.56,826.929,1.20929,1.1448,1.13162,0.028992,0.090016,0.016384,0.186368,0.809856,0.024127,1244819,1244819,415283,33.3609,1920,1080,raygs,triangles,1,off,0,on,-4
1781754695416362568,3346.75,827.451,1.20853,1.15626,1.14429,0.029216,0.088,0.01536,0.201728,0.809984,0.04964,1244819,1244819,415283,33.3609,1920,1080,raygs,triangles,1,off,0,on,-4
1781754695417543477,3347.93,827.187,1.20892,1.14554,1.13331,0.029728,0.089792,0.016384,0.186784,0.810624,0.0375,1244819,1244819,415283,33.3609,1920,1080,raygs,triangles,1,off,0,on,-4
1781754695418715276,3349.11,828.422,1.20711,1.1441,1.13056,0.028224,0.088576,0.016384,0.187392,0.809984,0.036639,1244819,1244819,415283,33.3609,1920,1080,raygs,triangles,1,off,0,on,-4
1781754695420053035,3350.44,828.507,1.20699,1.3184,1.30518,0.028512,0.089696,0.01552,0.360448,0.811008,0.035855,1244819,1244819,415283,33.3609,1920,1080,raygs,triangles,1,off,0,on,-4
1781754695421385310,3351.78,826.375,1.2101,1.30211,1.2879,0.029632,0.089184,0.167936,0.19024,0.810912,0.03586,1244819,1244819,415283,33.3609,1920,1080,raygs,triangles,1,off,0,on,-4
1781754695422559892,3352.95,825.143,1.21191,1.14598,1.13251,0.030272,0.089504,0.016384,0.186368,0.809984,0.036624,1244819,1244819,415283,33.3609,1920,1080,raygs,triangles,1,off,0,on,-4
1781754695423731605,3354.12,825.416,1.21151,1.14448,1.13242,0.02896,0.089696,0.016384,0.187392,0.809984,0.038355,1244819,1244819,415283,33.3609,1920,1080,raygs,triangles,1,off,0,on,-4
1781754695424907398,3355.3,824.912,1.21225,1.14771,1.13504,0.029824,0.089664,0.016384,0.188416,0.810752,0.038202,1244819,1244819,415283,33.3609,1920,1080,raygs,triangles,1,off,0,on,-4
1781754695426121667,3356.51,824.649,1.21264,1.16954,1.15712,0.030208,0.0896,0.016384,0.210944,0.809984,0.03772,1244819,1244819,415283,33.3609,1920,1080,raygs,triangles,1,off,0,on,-4
1781754695427275646,3357.67,826.112,1.21049,1.14701,1.13421,0.030208,0.089216,0.016384,0.188416,0.809984,0.036832,1244819,1244819,415283,33.3609,1920,1080,raygs,triangles,1,off,0,on,-4
1781754695428559507,3358.95,828.353,1.20721,1.14739,1.13398,0.0304,0.0888,0.016384,0.188416,0.809984,0.038802,1244819,1244819,415283,33.3609,1920,1080,raygs,triangles,1,off,0,on,-4
1781754695429743868,3360.14,826.826,1.20944,1.1479,1.13408,0.031072,0.089504,0.01536,0.187392,0.810752,0.03666,1244819,1244819,415283,33.3609,1920,1080,raygs,triangles,1,off,0,on,-4
1781754695430911379,3361.3,827.014,1.20917,1.14675,1.13338,0.02992,0.088832,0.016384,0.187392,0.810848,0.041352,1244819,1244819,415283,33.3609,1920,1080,raygs,triangles,1,off,0,on,-4
1781754695432068346,3362.46,828.556,1.20692,1.14627,1.13475,0.030528,0.08928,0.016384,0.187552,0.811008,0.023512,1244819,1244819,415283,33.3609,1920,1080,raygs,triangles,1,off,0,on,-4
1781754695433280974,3363.67,828.438,1.20709,1.15587,1.1456,0.029824,0.087968,0.016096,0.200704,0.811008,0.046894,1244819,1244819,415283,33.3609,1920,1080,raygs,triangles,1,off,0,on,-4
1781754695434506356,3364.9,827.51,1.20844,1.14666,1.13302,0.029856,0.089344,0.016384,0.187616,0.809824,0.031092,1244819,1244819,415283,33.3609,1920,1080,raygs,triangles,1,off,0,on,-4
1781754695435814836,3366.21,827.797,1.20803,1.14771,1.13555,0.03088,0.089184,0.016384,0.188416,0.810688,0.024206,1244819,1244819,415283,33.3609,1920,1080,raygs,triangles,1,off,0,on,-4
1781754695437145660,3367.54,826.478,1.20995,1.14666,1.13318,0.029856,0.08944,0.016384,0.186496,0.811008,0.030554,1244819,1244819,415283,33.3609,1920,1080,raygs,triangles,1,off,0,on,-4
1781754695438340985,3368.73,824.556,1.21277,1.15075,1.13872,0.034976,0.089856,0.01632,0.186624,0.810944,0.032674,1244819,1244819,415283,33.3609,1920,1080,raygs,triangles,1,off,0,on,-4
1781754695439476809,3369.87,824.368,1.21305,1.14643,1.13254,0.0296,0.089408,0.01616,0.187392,0.809984,0.016965,1244819,1244819,415283,33.3609,1920,1080,raygs,triangles,1,off,0,on,-4
1781754695440652810,3371.04,824.57,1.21275,1.1439,1.13104,0.029152,0.089152,0.016384,0.186368,0.809984,0.026884,1244819,1244819,415283,33.3609,1920,1080,raygs,triangles,1,off,0,on,-4
1781754695441821908,3372.21,824.753,1.21248,1.14496,1.1329,0.029248,0.089888,0.016384,0.186368,0.811008,0.026377,1244819,1244819,415283,33.3609,1920,1080,raygs,triangles,1,off,0,on,-4
1781754695443011356,3373.4,825.322,1.21165,1.14534,1.13261,0.03056,0.089152,0.016384,0.185728,0.810784,0.034667,1244819,1244819,415283,33.3609,1920,1080,raygs,triangles,1,off,0,on,-4
1781754695444168588,3374.56,826.872,1.20938,1.14586,1.13296,0.029024,0.090048,0.016384,0.18672,0.810784,0.020768,1244819,1244819,415283,33.3609,1920,1080,raygs,triangles,1,off,0,on,-4
1781754695445474182,3375.87,828.88,1.20645,1.2753,1.26288,0.028832,0.089088,0.016384,0.318816,0.80976,0.027379,1244819,1244819,415283,33.3609,1920,1080,raygs,triangles,1,off,0,on,-4
1781754695446646808,3377.04,827.479,1.20849,1.14845,1.13354,0.030592,0.089184,0.016384,0.187392,0.809984,0.026745,1244819,1244819,415283,33.3609,1920,1080,raygs,triangles,1,off,0,on,-4
1781754695447839947,3378.23,827.472,1.2085,1.14582,1.13328,0.029024,0.089472,0.016384,0.188416,0.809984,0.037491,1244819,1244819,415283,33.3609,1920,1080,raygs,triangles,1,off,0,on,-4
1781754695449028165,3379.42,827.377,1.20864,1.14534,1.13389,0.028544,0.0896,0.016384,0.188416,0.810944,0.021771,1244819,1244819,415283,33.3609,1920,1080,raygs,triangles,1,off,0,on,-4
1781754695450183803,3380.58,826.995,1.2092,1.14986,1.14112,0.029984,0.089504,0.016384,0.19456,0.810688,0.034629,1244819,1244819,415283,33.3609,1920,1080,raygs,triangles,1,off,0,on,-4
1781754695451346677,3381.74,827.493,1.20847,1.14653,1.1337,0.028704,0.089184,0.016384,0.18944,0.809984,0.021933,1244819,1244819,415283,33.3609,1920,1080,raygs,triangles,1,off,0,on,-4
1781754695452680998,3383.07,828.705,1.2067,1.14496,1.13082,0.028128,0.089472,0.016128,0.187392,0.809696,0.027123,1244819,1244819,415283,33.3609,1920,1080,raygs,triangles,1,off,0,on,-4
1781754695454017431,3384.41,826.962,1.20925,1.14902,1.13536,0.0312,0.089376,0.016384,0.188416,0.809984,0.026779,1244819,1244819,415283,33.3609,1920,1080,raygs,triangles,1,off,0,on,-4
1781754695455196317,3385.59,824.848,1.21235,1.14906,1.13645,0.035296,0.089632,0.016384,0.18432,0.810816,0.026897,1244819,1244819,415283,33.3609,1920,1080,raygs,triangles,1,off,0,on,-4
1781754695456367441,3386.76,824.87,1.21231,1.14426,1.1311,0.028864,0.089504,0.01536,0.187392,0.809984,0.026038,1244819,1244819,415283,33.3609,1920,1080,raygs,triangles,1,off,0,on,-4
1781754695457537341,3387.93,824.972,1.21216,1.1455,1.13229,0.030208,0.089504,0.016384,0.185344,0.810848,0.025729,1244819,1244819,415283,33.3609,1920,1080,raygs,triangles,1,off,0,on,-4
1781754695458713484,3389.1,825.562,1.2113,1.14678,1.13517,0.030336,0.08992,0.016384,0.18752,0.811008,0.026684,1244819,1244819,415283,33.3609,1920,1080,raygs,triangles,1,off,0,on,-4
1781754695459886105,3390.28,826.624,1.20974,1.14496,1.13443,0.028992,0.090016,0.016384,0.188416,0.810624,0.026725,1244819,1244819,415283,33.3609,1920,1080,raygs,triangles,1,off,0,on,-4
1781754695461057392,3391.45,828.542,1.20694,1.14637,1.13261,0.029536,0.090336,0.016384,0.186368,0.809984,0.02594,1244819,1244819,415283,33.3609,1920,1080,raygs,triangles,1,off,0,on,-4
1781754695462364442,3392.76,828.926,1.20638,1.27498,1.26298,0.030144,0.090048,0.016384,0.316416,0.809984,0.026549,1244819,1244819,415283,33.3609,1920,1080,raygs,triangles,1,off,0,on,-4
1781754695463540667,3393.93,827.267,1.2088,1.14707,1.13507,0.030464,0.089824,0.016384,0.188416,0.809984,0.025585,1244819,1244819,415283,33.3609,1920,1080,raygs,triangles,1,off,0,on,-4
1781754695464729403,3395.12,827.27,1.2088,1.15229,1.14029,0.030368,0.095104,0.016384,0.187744,0.810688,0.030589,1244819,1244819,415283,33.3609,1920,1080,raygs,triangles,1,off,0,on,-4
1781754695465915475,3396.31,827.174,1.20894,1.14678,1.1336,0.030464,0.089376,0.016384,0.186368,0.811008,0.028351,1244819,1244819,415283,33.3609,1920,1080,raygs,triangles,1,off,0,on,-4
1781754695467070232,3397.46,826.924,1.2093,1.14986,1.13946,0.031008,0.088704,0.016224,0.193536,0.809984,0.027871,1244819,1244819,415283,33.3609,1920,1080,raygs,triangles,1,off,0,on,-4
1781754695468256811,3398.65,827.5,1.20846,1.1481,1.13475,0.030336,0.088608,0.016384,0.18944,0.809984,0.028919,1244819,1244819,415283,33.3609,1920,1080,raygs,triangles,1,off,0,on,-4
1781754695469578346,3399.97,828.626,1.20682,1.14902,1.13626,0.030176,0.08928,0.015616,0.18944,0.811744,0.02679,1244819,1244819,415283,33.3609,1920,1080,raygs,triangles,1,off,0,on,-4
1781754695470912164,3401.3,827.062,1.2091,1.14669,1.13376,0.031456,0.089664,0.01536,0.186368,0.810912,0.029691,1244819,1244819,415283,33.3609,1920,1080,raygs,triangles,1,off,0,on,-4
1781754695472101865,3402.49,825.14,1.21192,1.14992,1.13549,0.035168,0.089856,0.01536,0.18432,0.810784,0.034859,1244819,1244819,415283,33.3609,1920,1080,raygs,triangles,1,off,0,on,-4
1781754695473258117,3403.65,825.094,1.21198,1.1448,1.1329,0.030048,0.089696,0.016672,0.18576,0.81072,0.019801,1244819,1244819,415283,33.3609,1920,1080,raygs,triangles,1,off,0,on,-4
1781754695474431932,3404.82,825.291,1.21169,1.14515,1.13245,0.030048,0.089696,0.016384,0.186368,0.809952,0.026295,1244819,1244819,415283,33.3609,1920,1080,raygs,triangles,1,off,0,on,-4
1781754695475602021,3405.99,825.644,1.21118,1.14573,1.13242,0.03024,0.089728,0.016384,0.185344,0.81072,0.02556,1244819,1244819,415283,33.3609,1920,1080,raygs,triangles,1,off,0,on,-4
1781754695476783976,3407.18,826.968,1.20924,1.14614,1.13331,0.029312,0.089216,0.016384,0.187392,0.811008,0.026334,1244819,1244819,415283,33.3609,1920,1080,raygs,triangles,1,off,0,on,-4
1781754695477956999,3408.35,828.725,1.20667,1.14746,1.13434,0.030272,0.08928,0.016384,0.187392,0.811008,0.026138,1244819,1244819,415283,33.3609,1920,1080,raygs,triangles,1,off,0,on,-4
1781754695479270797,3409.66,828.911,1.2064,1.27453,1.26128,0.030112,0.089568,0.016384,0.314368,0.810848,0.03289,1244819,1244819,415283,33.3609,1920,1080,raygs,triangles,1,off,0,on,-4
1781754695480439138,3410.83,827.151,1.20897,1.14566,1.13245,0.028832,0.088864,0.016384,0.187392,0.810976,0.027387,1244819,1244819,415283,33.3609,1920,1080,raygs,triangles,1,off,0,on,-4
1781754695481639469,3412.03,828.467,1.20705,1.14502,1.13254,0.028224,0.089536,0.016384,0.188416,0.809984,0.03521,1244819,1244819,415283,33.3609,1920,1080,raygs,triangles,1,off,0,on,-4
1781754695482783266,3413.17,828.604,1.20685,1.14659,1.13328,0.029792,0.089728,0.016384,0.187392,0.809984,0.019336,1244819,1244819,415283,33.3609,1920,1080,raygs,triangles,1,off,0,on,-4
1781754695484076219,3414.47,829.059,1.20619,1.14768,1.13837,0.028832,0.089472,0.016384,0.192864,0.810816,0.050959,1244819,1244819,415283,33.3609,1920,1080,raygs,triangles,1,off,0,on,-4
1781754695485247058,3415.64,828.604,1.20685,1.1455,1.13248,0.029024,0.08976,0.01536,0.187392,0.810944,0.036232,1244819,1244819,415283,33.3609,1920,1080,raygs,triangles,1,off,0,on,-4
1781754695486513363,3416.9,828.663,1.20676,1.14582,1.13232,0.030016,0.088704,0.015648,0.187392,0.81056,0.030997,1244819,1244819,415283,33.3609,1920,1080,raygs,triangles,1,off,0,on,-4
1781754695487824052,3418.22,827.667,1.20821,1.14659,1.13462,0.030656,0.089184,0.016384,0.187392,0.811008,0.025826,1244819,1244819,415283,33.3609,1920,1080,raygs,triangles,1,off,0,on,-4
1781754695489000569,3419.39,826.021,1.21062,1.15101,1.13725,0.035232,0.089152,0.01536,0.186784,0.81072,0.029529,1244819,1244819,415283,33.3609,1920,1080,raygs,triangles,1,off,0,on,-4
1781754695490175596,3420.57,826.164,1.21041,1.14765,1.13402,0.029792,0.08944,0.016384,0.187392,0.811008,0.030252,1244819,1244819,415283,33.3609,1920,1080,raygs,triangles,1,off,0,on,-4
1781754695491366897,3421.76,826.254,1.21028,1.14397,1.13085,0.028896,0.089216,0.016384,0.186368,0.809984,0.031564,1244819,1244819,415283,33.3609,1920,1080,raygs,triangles,1,off,0,on,-4
1781754695492521393,3422.91,826.015,1.21063,1.14573,1.13357,0.028896,0.089888,0.016384,0.188416,0.809984,0.025491,1244819,1244819,415283,33.3609,1920,1080,raygs,triangles,1,off,0,on,-4
1781754695493679040,3424.07,828.153,1.20751,1.14566,1.13226,0.029856,0.088736,0.01536,0.187392,0.810912,0.020849,1244819,1244819,415283,33.3609,1920,1080,raygs,triangles,1,off,0,on,-4
1781754695495022923,3425.41,830.154,1.2046,1.14598,1.13226,0.028128,0.089344,0.016384,0.188416,0.809984,0.041762,1244819,1244819,415283,33.3609,1920,1080,raygs,triangles,1,off,0,on,-4
1781754695496181372,3426.57,828.216,1.20742,1.14698,1.13539,0.030144,0.08944,0.016384,0.188416,0.811008,0.029646,1244819,1244819,415283,33.3609,1920,1080,raygs,triangles,1,off,0,on,-4
1781754695497352793,3427.74,828.252,1.20736,1.14858,1.13501,0.030688,0.089536,0.016384,0.187392,0.811008,0.02901,1244819,1244819,415283,33.3609,1920,1080,raygs,triangles,1,off,0,on,-4
1781754695498502112,3428.89,828.443,1.20708,1.14803,1.13562,0.03008,0.089728,0.016384,0.188416,0.811008,0.022193,1244819,1244819,415283,33.3609,1920,1080,raygs,triangles,1,off,0,on,-4
1781754695499689776,3430.08,829.164,1.20603,1.14653,1.13325,0.030208,0.08944,0.016224,0.187392,0.809984,0.02868,1244819,1244819,415283,33.3609,1920,1080,raygs,triangles,1,off,0,on,-4
1781754695500861036,3431.25,828.712,1.20669,1.14813,1.13968,0.030272,0.089504,0.016384,0.192512,0.811008,0.037846,1244819,1244819,415283,33.3609,1920,1080,raygs,triangles,1,off,0,on,-4
1781754695502052685,3432.44,830.185,1.20455,1.14662,1.1336,0.029792,0.08944,0.016384,0.187392,0.810592,0.035647,1244819,1244819,415283,33.3609,1920,1080,raygs,triangles,1,off,0,on,-4
1781754695503376703,3433.77,829.997,1.20482,1.33059,1.31808,0.030368,0.08944,0.01536,0.372096,0.810816,0.016648,1244819,1244819,415283,33.3609,1920,1080,raygs,triangles,1,off,0,on,-4
1781754695504727564,3435.12,828.059,1.20764,1.29926,1.28653,0.029888,0.241856,0.01536,0.18944,0.809984,0.036409,1244819,1244819,415283,33.3609,1920,1080,raygs,triangles,1,off,0,on,-4
1781754695506222444,3436.61,824.789,1.21243,1.2839,1.19162,0.092032,0.088896,0.01536,0.185344,0.809984,0.048193,1244819,1244819,415283,33.3609,1920,1080,raygs,triangles,1,off,0,on,-4
1781754695507337829,3437.73,822.267,1.21615,1.1448,1.13261,0.0304,0.089472,0.016384,0.186368,0.809984,0.036587,1244819,1244819,415283,33.3609,1920,1080,raygs,triangles,1,off,0,on,-4
1781754695508507850,3438.9,823.589,1.2142,1.14579,1.13334,0.030016,0.089568,0.016384,0.186368,0.811008,0.036152,1244819,1244819,415283,33.3609,1920,1080,raygs,triangles,1,off,0,on,-4
1781754695509674263,3440.07,825.12,1.21194,1.1456,1.13469,0.030816,0.090112,0.016384,0.186368,0.811008,0.035864,1244819,1244819,415283,33.3609,1920,1080,raygs,triangles,1,off,0,on,-4
1781754695510797765,3441.19,826.983,1.20921,1.1447,1.13283,0.028928,0.088928,0.016576,0.188416,0.809984,0.032137,1244819,1244819,415283,33.3609,1920,1080,raygs,triangles,1,off,0,on,-4
1781754695512054644,3442.45,828.029,1.20769,1.14803,1.13379,0.030048,0.0896,0.015584,0.1888,0.80976,0.045512,1244819,1244819,415283,33.3609,1920,1080,raygs,triangles,1,off,0,on,-4
1781754695513225218,3443.62,826.668,1.20967,1.14685,1.13299,0.029024,0.089184,0.016384,0.188416,0.809984,0.049048,1244819,1244819,415283,33.3609,1920,1080,raygs,triangles,1,off,0,on,-4
1781754695514392437,3444.78,826.734,1.20958,1.1447,1.13178,0.028896,0.088928,0.016384,0.187584,0.809984,0.043582,1244819,1244819,415283,33.3609,1920,1080,raygs,triangles,1,off,0,on,-4
1781754695515552142,3445.94,826.771,1.20953,1.14621,1.13366,0.030432,0.088832,0.016384,0.187392,0.810624,0.042419,1244819,1244819,415283,33.3609,1920,1080,raygs,triangles,1,off,0,on,-4
1781754695516706569,3447.1,827.119,1.20902,1.1449,1.13101,0.029088,0.089184,0.016384,0.186368,0.809984,0.025427,1244819,1244819,415283,33.3609,1920,1080,raygs,triangles,1,off,0,on,-4
1781754695517931949,3448.32,827.151,1.20897,1.14858,1.1393,0.029504,0.088768,0.016384,0.193856,0.810784,0.05606,1244819,1244819,415283,33.3609,1920,1080,raygs,triangles,1,off,0,on,-4
1781754695519050503,3449.44,828.056,1.20765,1.14723,1.13491,0.0304,0.089728,0.016384,0.188416,0.809984,0.017987,1244819,1244819,415283,33.3609,1920,1080,raygs,triangles,1,off,0,on,-4
1781754695520443714,3450.84,828.489,1.20702,1.33456,1.32109,0.028288,0.088448,0.016384,0.378304,0.809664,0.053672,1244819,1244819,415283,33.3609,1920,1080,raygs,triangles,1,off,0,on,-4
1781754695521753218,3452.14,826.423,1.21003,1.31888,1.1329,0.029024,0.089888,0.015584,0.188416,0.809984,0.016613,1244819,1244819,415283,33.3609,1920,1080,raygs,triangles,1,off,0,on,-4
1781754695522956119,3453.35,824.956,1.21219,1.14483,1.13277,0.030432,0.089536,0.016384,0.185408,0.811008,0.048169,1244819,1244819,415283,33.3609,1920,1080,raygs,triangles,1,off,0,on,-4
1781754695524130717,3454.52,824.527,1.21282,1.14317,1.13005,0.028992,0.089344,0.016384,0.185344,0.809984,0.044521,1244819,1244819,415283,33.3609,1920,1080,raygs,triangles,1,off,0,on,-4
1781754695525305924,3455.7,824.372,1.21304,1.14474,1.13174,0.028928,0.089056,0.015616,0.187392,0.810752,0.041663,1244819,1244819,415283,33.3609,1920,1080,raygs,triangles,1,off,0,on,-4
1781754695526446568,3456.84,826.158,1.21042,1.14643,1.1329,0.03008,0.089888,0.015552,0.187392,0.809984,0.0163,1244819,1244819,415283,33.3609,1920,1080,raygs,triangles,1,off,0,on,-4
1781754695527679629,3458.07,828.582,1.20688,1.14589,1.1319,0.028032,0.089216,0.01536,0.187392,0.811904,0.054854,1244819,1244819,415283,33.3609,1920,1080,raygs,triangles,1,off,0,on,-4
1781754695528943475,3459.33,827.925,1.20784,1.14579,1.1335,0.0288,0.088992,0.016384,0.188416,0.810912,0.042765,1244819,1244819,415283,33.3609,1920,1080,raygs,triangles,1,off,0,on,-4
1781754695530113109,3460.5,826.889,1.20935,1.14701,1.13491,0.031232,0.089184,0.016384,0.187392,0.81072,0.046093,1244819,1244819,415283,33.3609,1920,1080,raygs,triangles,1,off,0,on,-4
1781754695531293277,3461.68,826.85,1.20941,1.1463,1.13139,0.029472,0.089184,0.01536,0.187392,0.809984,0.04611,1244819,1244819,415283,33.3609,1920,1080,raygs,triangles,1,off,0,on,-4
1781754695532465578,3462.86,826.961,1.20925,1.14666,1.13427,0.029824,0.089664,0.016384,0.188416,0.809984,0.041865,1244819,1244819,415283,33.3609,1920,1080,raygs,triangles,1,off,0,on,-4
1781754695533615236,3464.01,826.956,1.20925,1.14803,1.13635,0.030208,0.089312,0.016384,0.18944,0.811008,0.02077,1244819,1244819,415283,33.3609,1920,1080,raygs,triangles,1,off,0,on,-4
1781754695534848639,3465.24,826.918,1.20931,1.15117,1.14109,0.030336,0.0888,0.016384,0.195584,0.809984,0.071381,1244819,1244819,415283,33.3609,1920,1080,raygs,triangles,1,off,0,on,-4
1781754695535959764,3466.35,827.761,1.20808,1.14771,1.13555,0.030432,0.08976,0.016384,0.188416,0.81056,0.017125,1244819,1244819,415283,33.3609,1920,1080,raygs,triangles,1,off,0,on,-4
1781754695537391267,3467.78,828.153,1.20751,1.36272,1.35024,0.029856,0.089632,0.016288,0.403456,0.811008,0.052926,1244819,1244819,415283,33.3609,1920,1080,raygs,triangles,1,off,0,on,-4
1781754695538661909,3469.05,825.79,1.21096,1.28746,1.27491,0.0304,0.08944,0.016384,0.328704,0.809984,0.016537,1244819,1244819,415283,33.3609,1920,1080,raygs,triangles,1,off,0,on,-4
1781754695539864889,3470.26,824.692,1.21257,1.1463,1.13238,0.029472,0.090272,0.01632,0.185344,0.810976,0.048668,1244819,1244819,415283,33.3609,1920,1080,raygs,triangles,1,off,0,on,-4
1781754695541018634,3471.41,824.252,1.21322,1.14698,1.13571,0.0304,0.089504,0.016384,0.188416,0.811008,0.025549,1244819,1244819,415283,33.3609,1920,1080,raygs,triangles,1,off,0,on,-4
1781754695542230849,3472.62,824.454,1.21292,1.14694,1.13453,0.0304,0.089664,0.016384,0.187392,0.810688,0.050626,1244819,1244819,415283,33.3609,1920,1080,raygs,triangles,1,off,0,on,-4
1781754695543391876,3473.78,825.848,1.21088,1.14714,1.13437,0.028288,0.090272,0.016384,0.188416,0.811008,0.036924,1244819,1244819,415283,33.3609,1920,1080,raygs,triangles,1,off,0,on,-4
1781754695544834092,3475.23,827.19,1.20891,1.14528,1.13261,0.030496,0.089376,0.016384,0.186368,0.809984,0.043467,1244819,1244819,415283,33.3609,1920,1080,raygs,triangles,1,off,0,on,-4
1781754695545972234,3476.36,824.561,1.21277,1.14653,1.13309,0.029728,0.089216,0.015744,0.187392,0.811008,0.0371,1244819,1244819,415283,33.3609,1920,1080,raygs,triangles,1,off,0,on,-4
1781754695547135877,3477.53,824.793,1.21242,1.14598,1.1321,0.028128,0.089344,0.01536,0.188416,0.810848,0.036798,1244819,1244819,415283,33.3609,1920,1080,raygs,triangles,1,off,0,on,-4
1781754695548322671,3478.71,824.895,1.21228,1.14765,1.13453,0.030112,0.089728,0.016384,0.187392,0.810912,0.038103,1244819,1244819,415283,33.3609,1920,1080,raygs,triangles,1,off,0,on,-4
1781754695549497711,3479.89,824.712,1.21254,1.14448,1.1319,0.028576,0.088576,0.016384,0.187392,0.810976,0.04203,1244819,1244819,415283,33.3609,1920,1080,raygs,triangles,1,off,0,on,-4
1781754695550649220,3481.04,824.901,1.21227,1.14512,1.13264,0.028288,0.0896,0.016384,0.187392,0.810976,0.025443,1244819,1244819,415283,33.3609,1920,1080,raygs,triangles,1,off,0,on,-4
1781754695551851336,3482.24,825.077,1.21201,1.15594,1.14582,0.030336,0.088416,0.01536,0.200704,0.811008,0.051781,1244819,1244819,415283,33.3609,1920,1080,raygs,triangles,1,off,0,on,-4
1781754695553215434,3483.61,826.357,1.21013,1.32832,1.31648,0.029408,0.090016,0.016384,0.370688,0.809984,0.045667,1244819,1244819,415283,33.3609,1920,1080,raygs,triangles,1,off,0,on,-4
1781754695554546659,3484.94,824.068,1.21349,1.31715,1.13296,0.028736,0.08944,0.01536,0.18944,0.809984,0.037255,1244819,1244819,415283,33.3609,1920,1080,raygs,triangles,1,off,0,on,-4
1781754695555716467,3486.11,822.704,1.2155,1.14573,1.1335,0.030784,0.08896,0.016384,0.186368,0.811008,0.03679,1244819,1244819,415283,33.3609,1920,1080,raygs,triangles,1,off,0,on,-4
1781754695556887737,3487.28,822.364,1.21601,1.14464,1.13226,0.028832,0.088992,0.016384,0.187392,0.810656,0.036992,1244819,1244819,415283,33.3609,1920,1080,raygs,triangles,1,off,0,on,-4
1781754695558102114,3488.49,823.964,1.21364,1.1448,1.13277,0.028992,0.090016,0.016384,0.187392,0.809984,0.040239,1244819,1244819,415283,33.3609,1920,1080,raygs,triangles,1,off,0,on,-4
1781754695559176309,3489.57,823.419,1.21445,1.14627,1.13491,0.030496,0.089728,0.016384,0.187392,0.810912,0.031531,1244819,1244819,415283,33.3609,1920,1080,raygs,triangles,1,off,0,on,-4
1781754695560324068,3490.72,825.772,1.21099,1.1433,1.13114,0.028544,0.089856,0.016384,0.186368,0.809984,0.030048,1244819,1244819,415283,33.3609,1920,1080,raygs,triangles,1,off,0,on,-4
1781754695561614366,3492.01,827.558,1.20837,1.14448,1.13235,0.02864,0.0888,0.016384,0.187808,0.81072,0.04426,1244819,1244819,415283,33.3609,1920,1080,raygs,triangles,1,off,0,on,-4
1781754695562777281,3493.17,826.264,1.21027,1.14934,1.13712,0.031712,0.089696,0.016288,0.188416,0.811008,0.048006,1244819,1244819,415283,33.3609,1920,1080,raygs,triangles,1,off,0,on,-4
1781754695563950748,3494.34,826.474,1.20996,1.14714,1.13424,0.030336,0.08912,0.01536,0.188416,0.811008,0.044559,1244819,1244819,415283,33.3609,1920,1080,raygs,triangles,1,off,0,on,-4
1781754695565089903,3495.48,826.679,1.20966,1.1463,1.13402,0.030496,0.0896,0.016544,0.186368,0.811008,0.017076,1244819,1244819,415283,33.3609,1920,1080,raygs,triangles,1,off,0,on,-4
1781754695566308433,3496.7,826.656,1.20969,1.14512,1.132,0.029312,0.08928,0.01632,0.186368,0.81072,0.057285,1244819,1244819,415283,33.3609,1920,1080,raygs,triangles,1,off,0,on,-4
1781754695567439545,3497.83,826.123,1.21047,1.14701,1.13434,0.030368,0.090208,0.016384,0.187392,0.809984,0.017903,1244819,1244819,415283,33.3609,1920,1080,raygs,triangles,1,off,0,on,-4
1781754695568661447,3499.05,828.632,1.20681,1.15264,1.14109,0.030752,0.088544,0.01536,0.195584,0.810848,0.069154,1244819,1244819,415283,33.3609,1920,1080,raygs,triangles,1,off,0,on,-4
1781754695569978185,3500.37,827.932,1.20783,1.34387,1.33104,0.030464,0.089184,0.016384,0.385024,0.809984,0.017141,1244819,1244819,415283,33.3609,1920,1080,raygs,triangles,1,off,0,on,-4
1781754695571348424,3501.74,825.854,1.21087,1.28477,1.27258,0.029728,0.08864,0.016384,0.326976,0.810848,0.067046,1244819,1244819,415283,33.3609,1920,1080,raygs,triangles,1,off,0,on,-4
1781754695572469948,3502.86,823.619,1.21415,1.14874,1.13574,0.029856,0.090368,0.017408,0.187392,0.81072,0.018786,1244819,1244819,415283,33.3609,1920,1080,raygs,triangles,1,off,0,on,-4
1781754695573679651,3504.07,824.262,1.21321,1.1448,1.13293,0.030016,0.089024,0.016512,0.186368,0.811008,0.051668,1244819,1244819,415283,33.3609,1920,1080,raygs,triangles,1,off,0,on,-4
1781754695574855766,3505.25,823.952,1.21366,1.14534,1.13258,0.03024,0.089824,0.016384,0.185344,0.810784,0.044546,1244819,1244819,415283,33.3609,1920,1080,raygs,triangles,1,off,0,on,-4
1781754695576009250,3506.4,824.145,1.21338,1.16006,1.14752,0.02992,0.089152,0.015744,0.201728,0.810976,0.017455,1244819,1244819,415283,33.3609,1920,1080,raygs,triangles,1,off,0,on,-4
1781754695577232005,3507.62,825.945,1.21073,1.14765,1.13488,0.029792,0.089696,0.016384,0.188416,0.810592,0.057918,1244819,1244819,415283,33.3609,1920,1080,raygs,triangles,1,off,0,on,-4
1781754695578613220,3509,828.665,1.20676,1.1463,1.13235,0.030496,0.08912,0.01536,0.187392,0.809984,0.03725,1244819,1244819,415283,33.3609,1920,1080,raygs,triangles,1,off,0,on,-4
1781754695579795468,3510.19,829.026,1.20623,1.14918,1.1369,0.03136,0.090048,0.016384,0.188416,0.810688,0.036779,1244819,1244819,415283,33.3609,1920,1080,raygs,triangles,1,off,0,on,-4
1781754695580970006,3511.36,828.162,1.20749,1.14701,1.13462,0.030176,0.08976,0.016384,0.187392,0.810912,0.037254,1244819,1244819,415283,33.3609,1920,1080,raygs,triangles,1,off,0,on,-4
1781754695582130775,3512.52,828.139,1.20753,1.14496,1.13283,0.029184,0.089888,0.016384,0.186368,0.811008,0.036399,1244819,1244819,415283,33.3609,1920,1080,raygs,triangles,1,off,0,on,-4
1781754695583296473,3513.69,828.23,1.20739,1.14637,1.13386,0.028544,0.089504,0.016384,0.188416,0.811008,0.040616,1244819,1244819,415283,33.3609,1920,1080,raygs,triangles,1,off,0,on,-4
1781754695584387147,3514.78,827.486,1.20848,1.14582,1.13338,0.030048,0.08864,0.016384,0.18752,0.810784,0.020388,1244819,1244819,415283,33.3609,1920,1080,raygs,triangles,1,off,0,on,-4
1781754695585586143,3515.98,829.414,1.20567,1.15699,1.14608,0.028736,0.088288,0.015296,0.202752,0.811008,0.057095,1244819,1244819,415283,33.3609,1920,1080,raygs,triangles,1,off,0,on,-4
1781754695586912726,3517.3,829.186,1.206,1.3281,1.31597,0.029024,0.089888,0.016384,0.370688,0.809984,0.043113,1244819,1244819,415283,33.3609,1920,1080,raygs,triangles,1,off,0,on,-4
1781754695588252123,3518.64,827.304,1.20875,1.29968,1.28838,0.030272,0.2416,0.016384,0.18944,0.810688,0.044251,1244819,1244819,415283,33.3609,1920,1080,raygs,triangles,1,off,0,on,-4
1781754695589533206,3519.92,825.269,1.21173,1.14346,1.12976,0.028704,0.089344,0.016384,0.185344,0.809984,0.038809,1244819,1244819,415283,33.3609,1920,1080,raygs,triangles,1,off,0,on,-4
1781754695590721712,3521.11,823.89,1.21375,1.14685,1.13571,0.030016,0.089888,0.016384,0.188416,0.811008,0.05663,1244819,1244819,415283,33.3609,1920,1080,raygs,triangles,1,off,0,on,-4
1781754695591902949,3522.29,824.294,1.21316,1.1473,1.13418,0.030496,0.089216,0.016384,0.187392,0.810688,0.060886,1244819,1244819,415283,33.3609,1920,1080,raygs,triangles,1,off,0,on,-4
1781754695593074675,3523.47,823.75,1.21396,1.14448,1.13091,0.028672,0.089504,0.01632,0.1856,0.810816,0.05783,1244819,1244819,415283,33.3609,1920,1080,raygs,triangles,1,off,0,on,-4
1781754695594253305,3524.64,826.067,1.21056,1.14432,1.13053,0.028544,0.089248,0.01536,0.186368,0.811008,0.043755,1244819,1244819,415283,33.3609,1920,1080,raygs,triangles,1,off,0,on,-4
1781754695595529537,3525.92,827.718,1.20814,1.14704,1.13427,0.030208,0.0888,0.01568,0.188832,0.810752,0.042268,1244819,1244819,415283,33.3609,1920,1080,raygs,triangles,1,off,0,on,-4
1781754695596710000,3527.1,826.732,1.20958,1.14678,1.13472,0.029952,0.08896,0.016384,0.188416,0.811008,0.04514,1244819,1244819,415283,33.3609,1920,1080,raygs,triangles,1,off,0,on,-4
1781754695597881417,3528.27,826.658,1.20969,1.14422,1.13187,0.028736,0.089376,0.016384,0.187392,0.809984,0.046588,1244819,1244819,415283,33.3609,1920,1080,raygs,triangles,1,off,0,on,-4
1781754695599042360,3529.43,826.711,1.20961,1.14614,1.13363,0.030336,0.089344,0.015648,0.187392,0.810912,0.039316,1244819,1244819,415283,33.3609,1920,1080,raygs,triangles,1,off,0,on,-4
1781754695600228475,3530.62,826.644,1.20971,1.14765,1.1329,0.029792,0.089344,0.01536,0.188416,0.809984,0.052927,1244819,1244819,415283,33.3609,1920,1080,raygs,triangles,1,off,0,on,-4
1781754695601365499,3531.76,827.078,1.20908,1.14566,1.13267,0.028832,0.09008,0.016384,0.187392,0.809984,0.017546,1244819,1244819,415283,33.3609,1920,1080,raygs,triangles,1,off,0,on,-4
1781754695602587624,3532.98,828.514,1.20698,1.15059,1.14125,0.030688,0.088544,0.016384,0.194624,0.811008,0.055877,1244819,1244819,415283,33.3609,1920,1080,raygs,triangles,1,off,0,on,-4
1781754695603905252,3534.3,827.938,1.20782,1.31914,1.30816,0.030464,0.089856,0.016384,0.360448,0.811008,0.037943,1244819,1244819,415283,33.3609,1920,1080,raygs,triangles,1,off,0,on,-4
1781754695605262367,3535.65,826.298,1.21022,1.31888,1.30547,0.029024,0.088768,0.185344,0.191328,0.811008,0.042704,1244819,1244819,415283,33.3609,1920,1080,raygs,triangles,1,off,0,on,-4
1781754695606460579,3536.85,824.218,1.21327,1.14669,1.13277,0.029888,0.089376,0.016384,0.186368,0.810752,0.03304,1244819,1244819,415283,33.3609,1920,1080,raygs,triangles,1,off,0,on,-4
1781754695607611204,3538,823.659,1.2141,1.1463,1.13459,0.030496,0.089632,0.016384,0.187392,0.810688,0.042268,1244819,1244819,415283,33.3609,1920,1080,raygs,triangles,1,off,0,on,-4
1781754695608779705,3539.17,824.599,1.21271,1.14685,1.1345,0.030336,0.0896,0.016384,0.186368,0.811808,0.038295,1244819,1244819,415283,33.3609,1920,1080,raygs,triangles,1,off,0,on,-4
1781754695609972033,3540.36,824.293,1.21316,1.14534,1.1328,0.029536,0.08976,0.016128,0.187392,0.809984,0.047973,1244819,1244819,415283,33.3609,1920,1080,raygs,triangles,1,off,0,on,-4
1781754695611146418,3541.54,826.662,1.20968,1.14653,1.1353,0.030656,0.089856,0.016384,0.187392,0.811008,0.043395,1244819,1244819,415283,33.3609,1920,1080,raygs,triangles,1,off,0,on,-4
1781754695612431193,3542.82,827.828,1.20798,1.14557,1.13376,0.029728,0.088608,0.016384,0.188416,0.810624,0.053324,1244819,1244819,415283,33.3609,1920,1080,raygs,triangles,1,off,0,on,-4
1781754695613603844,3544,826.804,1.20948,1.14826,1.13437,0.030432,0.089792,0.016384,0.187776,0.809984,0.054229,1244819,1244819,415283,33.3609,1920,1080,raygs,triangles,1,off,0,on,-4
1781754695614808424,3545.2,826.764,1.20953,1.14685,1.13405,0.030048,0.089472,0.016384,0.187392,0.810752,0.065155,1244819,1244819,415283,33.3609,1920,1080,raygs,triangles,1,off,0,on,-4
1781754695616129843,3546.52,826.689,1.20964,1.14669,1.13466,0.030144,0.089728,0.016384,0.187392,0.811008,0.041237,1244819,1244819,415283,33.3609,1920,1080,raygs,triangles,1,off,0,on,-4
1781754695617251322,3547.64,824.885,1.21229,1.14541,1.13434,0.030016,0.089536,0.016384,0.187392,0.811008,0.04297,1244819,1244819,415283,33.3609,1920,1080,raygs,triangles,1,off,0,on,-4
1781754695618423419,3548.81,828.575,1.20689,1.14582,1.13366,0.028992,0.088768,0.016384,0.188512,0.811008,0.022094,1244819,1244819,415283,33.3609,1920,1080,raygs,triangles,1,off,0,on,-4
1781754695619490019,3549.88,827.901,1.20787,1.15488,1.14621,0.028864,0.088512,0.016096,0.201728,0.811008,0.04255,1244819,1244819,415283,33.3609,1920,1080,raygs,triangles,1,off,0,on,-4
1781754695620810140,3551.2,829.584,1.20542,1.34109,1.32838,0.029696,0.090368,0.016384,0.381952,0.809984,0.018328,1244819,1244819,415283,33.3609,1920,1080,raygs,triangles,1,off,0,on,-4
1781754695622326481,3552.72,827.743,1.2081,1.31786,1.30531,0.030048,0.26048,0.01536,0.18944,0.809984,0.049056,1244819,1244819,415283,33.3609,1920,1080,raygs,triangles,1,off,0,on,-4
1781754695623482707,3553.87,823.803,1.21388,1.14368,1.13226,0.029024,0.089728,0.016384,0.186368,0.810752,0.03947,1244819,1244819,415283,33.3609,1920,1080,raygs,triangles,1,off,0,on,-4
1781754695624669091,3555.06,823.758,1.21395,1.1447,1.13258,0.030176,0.088704,0.01632,0.186368,0.811008,0.04038,1244819,1244819,415283,33.3609,1920,1080,raygs,triangles,1,off,0,on,-4
1781754695625845713,3556.24,823.94,1.21368,1.14566,1.13466,0.02896,0.089888,0.016384,0.188416,0.811008,0.038186,1244819,1244819,415283,33.3609,1920,1080,raygs,triangles,1,off,0,on,-4
1781754695626989613,3557.38,826.093,1.21052,1.14525,1.13155,0.028448,0.08832,0.016384,0.188416,0.809984,0.0366,1244819,1244819,415283,33.3609,1920,1080,raygs,triangles,1,off,0,on,-4
1781754695628339916,3558.73,828.249,1.20737,1.14685,1.1337,0.030304,0.089632,0.016384,0.187392,0.809984,0.041008,1244819,1244819,415283,33.3609,1920,1080,raygs,triangles,1,off,0,on,-4
1781754695629475323,3559.87,826.049,1.21058,1.14787,1.1351,0.030016,0.088992,0.015648,0.18944,0.811008,0.039008,1244819,1244819,415283,33.3609,1920,1080,raygs,triangles,1,off,0,on,-4
1781754695630637218,3561.03,826.557,1.20984,1.14643,1.13315,0.028896,0.089504,0.016352,0.188416,0.809984,0.036571,1244819,1244819,415283,33.3609,1920,1080,raygs,triangles,1,off,0,on,-4
1781754695631810222,3562.2,827.172,1.20894,1.14861,1.1361,0.029728,0.089536,0.016384,0.190464,0.809984,0.037907,1244819,1244819,415283,33.3609,1920,1080,raygs,triangles,1,off,0,on,-4
1781754695632989090,3563.38,825.85,1.21087,1.14464,1.13174,0.028864,0.089568,0.016384,0.186368,0.81056,0.037116,1244819,1244819,415283,33.3609,1920,1080,raygs,triangles,1,off,0,on,-4
1781754695634156479,3564.55,825.423,1.2115,1.14467,1.13152,0.028896,0.089888,0.016384,0.186368,0.809984,0.041606,1244819,1244819,415283,33.3609,1920,1080,raygs,triangles,1,off,0,on,-4
1781754695635338645,3565.73,826.792,1.20949,1.14694,1.1345,0.030144,0.089568,0.016384,0.188416,0.809984,0.024798,1244819,1244819,415283,33.3609,1920,1080,raygs,triangles,1,off,0,on,-4
1781754695636606871,3567,826.378,1.2101,1.33654,1.32554,0.028256,0.087936,0.01536,0.384,0.809984,0.042631,1244819,1244819,415283,33.3609,1920,1080,raygs,triangles,1,off,0,on,-4
1781754695637902939,3568.29,825.764,1.211,1.31558,1.30339,0.029056,0.25872,0.016192,0.18944,0.809984,0.025277,1244819,1244819,415283,33.3609,1920,1080,raygs,triangles,1,off,0,on,-4
1781754695639069862,3569.46,824.16,1.21336,1.14714,1.13357,0.03072,0.08976,0.015712,0.187392,0.809984,0.022092,1244819,1244819,415283,33.3609,1920,1080,raygs,triangles,1,off,0,on,-4
1781754695640257521,3570.65,824.428,1.21296,1.14525,1.13325,0.030496,0.088992,0.016384,0.186368,0.811008,0.036495,1244819,1244819,415283,33.3609,1920,1080,raygs,triangles,1,off,0,on,-4
1781754695641411501,3571.8,823.964,1.21365,1.14422,1.13283,0.028448,0.0896,0.016384,0.187392,0.811008,0.019977,1244819,1244819,415283,33.3609,1920,1080,raygs,triangles,1,off,0,on,-4
1781754695642586927,3572.98,824.499,1.21286,1.14448,1.1319,0.029728,0.08944,0.016384,0.186368,0.809984,0.032656,1244819,1244819,415283,33.3609,1920,1080,raygs,triangles,1,off,0,on,-4
1781754695643750768,3574.14,826.555,1.20984,1.1455,1.13162,0.029696,0.089184,0.01536,0.186368,0.811008,0.024915,1244819,1244819,415283,33.3609,1920,1080,raygs,triangles,1,off,0,on,-4
1781754695645048641,3575.44,828.471,1.20704,1.14662,1.1343,0.030784,0.089664,0.016384,0.186528,0.810944,0.028349,1244819,1244819,415283,33.3609,1920,1080,raygs,triangles,1,off,0,on,-4
1781754695646404919,3576.8,826.534,1.20987,1.14819,1.13302,0.030336,0.089184,0.01536,0.187392,0.810752,0.051156,1244819,1244819,415283,33.3609,1920,1080,raygs,triangles,1,off,0,on,-4
1781754695647538336,3577.93,824.697,1.21257,1.1463,1.13325,0.029472,0.089248,0.016384,0.187392,0.810752,0.036798,1244819,1244819,415283,33.3609,1920,1080,raygs,triangles,1,off,0,on,-4
1781754695648703944,3579.1,825.227,1.21179,1.14557,1.13338,0.030336,0.089344,0.016384,0.187392,0.80992,0.036159,1244819,1244819,415283,33.3609,1920,1080,raygs,triangles,1,off,0,on,-4
1781754695649882164,3580.27,825.268,1.21173,1.14739,1.13453,0.030592,0.08896,0.016384,0.187808,0.810784,0.038478,1244819,1244819,415283,33.3609,1920,1080,raygs,triangles,1,off,0,on,-4
1781754695651184094,3581.58,825.656,1.21116,1.14621,1.13331,0.030144,0.089248,0.016384,0.186688,0.810848,0.048688,1244819,1244819,415283,33.3609,1920,1080,raygs,triangles,1,off,0,on,-4
1781754695652244355,3582.64,826.366,1.21012,1.14669,1.1343,0.030912,0.089632,0.016384,0.187392,0.809984,0.027056,1244819,1244819,415283,33.3609,1920,1080,raygs,triangles,1,off,0,on,-4
1781754695653592703,3583.98,828.071,1.20763,1.32118,1.3112,0.02928,0.087936,0.01536,0.367616,0.811008,0.049339,1244819,1244819,415283,33.3609,1920,1080,raygs,triangles,1,off,0,on,-4
1781754695654911257,3585.3,826.058,1.21057,1.3032,1.28899,0.03024,0.089344,0.167936,0.190464,0.811008,0.038479,1244819,1244819,415283,33.3609,1920,1080,raygs,triangles,1,off,0,on,-4
1781754695656082224,3586.47,824.238,1.21324,1.14598,1.13251,0.030176,0.0896,0.016384,0.186368,0.809984,0.036707,1244819,1244819,415283,33.3609,1920,1080,raygs,triangles,1,off,0,on,-4
1781754695657260480,3587.65,824.223,1.21326,1.14685,1.13344,0.030368,0.089888,0.015616,0.18672,0.810848,0.036622,1244819,1244819,415283,33.3609,1920,1080,raygs,triangles,1,off,0,on,-4
1781754695658411289,3588.8,823.159,1.21483,1.14582,1.13293,0.030016,0.088512,0.016384,0.187392,0.810624,0.036782,1244819,1244819,415283,33.3609,1920,1080,raygs,triangles,1,off,0,on,-4
1781754695659535930,3589.93,823.61,1.21417,1.17094,1.15859,0.030592,0.08896,0.016384,0.211968,0.810688,0.032583,1244819,1244819,415283,33.3609,1920,1080,raygs,triangles,1,off,0,on,-4
1781754695660696597,3591.09,826.177,1.21039,1.14518,1.13101,0.029408,0.0896,0.015616,0.1864,0.809984,0.032645,1244819,1244819,415283,33.3609,1920,1080,raygs,triangles,1,off,0,on,-4
1781754695661988522,3592.38,828.173,1.20748,1.14442,1.13242,0.02912,0.08944,0.016384,0.187584,0.809888,0.030932,1244819,1244819,415283,33.3609,1920,1080,raygs,triangles,1,off,0,on,-4
1781754695663128525,3593.52,828.055,1.20765,1.14643,1.1328,0.0296,0.088416,0.016384,0.187392,0.811008,0.018124,1244819,1244819,415283,33.3609,1920,1080,raygs,triangles,1,off,0,on,-4
1781754695664328096,3594.72,828.64,1.2068,1.14835,1.13632,0.030688,0.089824,0.016384,0.188416,0.811008,0.039038,1244819,1244819,415283,33.3609,1920,1080,raygs,triangles,1,off,0,on,-4
1781754695665470147,3595.86,828.446,1.20708,1.14512,1.13133,0.02896,0.08928,0.015584,0.18752,0.809984,0.017926,1244819,1244819,415283,33.3609,1920,1080,raygs,triangles,1,off,0,on,-4
1781754695666673857,3597.07,828.752,1.20663,1.14704,1.13485,0.029152,0.089856,0.016384,0.188608,0.810848,0.039186,1244819,1244819,415283,33.3609,1920,1080,raygs,triangles,1,off,0,on,-4
1781754695667974841,3598.37,828.479,1.20703,1.14598,1.13338,0.030208,0.089056,0.016096,0.187392,0.810624,0.033596,1244819,1244819,415283,33.3609,1920,1080,raygs,triangles,1,off,0,on,-4
1781754695669313914,3599.71,828.227,1.2074,1.14842,1.13494,0.029536,0.089376,0.016608,0.18944,0.809984,0.019622,1244819,1244819,415283,33.3609,1920,1080,raygs,triangles,1,off,0,on,-4
1781754695670612317,3601,826.377,1.2101,1.14336,1.13318,0.034272,0.087968,0.015616,0.185344,0.809984,0.035747,1244819,1244819,415283,33.3609,1920,1080,raygs,triangles,1,off,0,on,-4
1781754695671769193,3602.16,824.949,1.2122,1.15008,1.13853,0.031232,0.08976,0.016384,0.18944,0.811712,0.020344,1244819,1244819,415283,33.3609,1920,1080,raygs,triangles,1,off,0,on,-4
1781754695672941822,3603.33,825.001,1.21212,1.14323,1.13082,0.028448,0.089632,0.016384,0.186368,0.809984,0.026811,1244819,1244819,415283,33.3609,1920,1080,raygs,triangles,1,off,0,on,-4
1781754695674118195,3604.51,825.16,1.21189,1.14566,1.13296,0.028864,0.089888,0.016128,0.187392,0.810688,0.02729,1244819,1244819,415283,33.3609,1920,1080,raygs,triangles,1,off,0,on,-4
1781754695675305845,3605.7,824.688,1.21258,1.14669,1.13453,0.03024,0.089504,0.016384,0.187392,0.811008,0.033815,1244819,1244819,415283,33.3609,1920,1080,raygs,triangles,1,off,0,on,-4
1781754695676482440,3606.87,825.111,1.21196,1.14614,1.13411,0.029344,0.089984,0.016384,0.188416,0.809984,0.027577,1244819,1244819,415283,33.3609,1920,1080,raygs,triangles,1,off,0,on,-4
1781754695677648757,3608.04,826.681,1.20966,1.1441,1.13168,0.028288,0.089632,0.016384,0.187392,0.809984,0.023666,1244819,1244819,415283,33.3609,1920,1080,raygs,triangles,1,off,0,on,-4
1781754695679155734,3609.55,827.369,1.20865,1.27488,1.26285,0.030048,0.088992,0.016384,0.316416,0.811008,0.054426,1244819,1244819,415283,33.3609,1920,1080,raygs,triangles,1,off,0,on,-4
1781754695680268067,3610.66,824.922,1.21224,1.14432,1.13312,0.028928,0.089472,0.016384,0.187392,0.810944,0.032132,1244819,1244819,415283,33.3609,1920,1080,raygs,triangles,1,off,0,on,-4
1781754695681341551,3611.73,825.663,1.21115,1.14598,1.13434,0.029152,0.090208,0.016608,0.187392,0.810976,0.031605,1244819,1244819,415283,33.3609,1920,1080,raygs,triangles,1,off,0,on,-4
1781754695682489104,3612.88,826.822,1.20945,1.14621,1.13328,0.029376,0.089216,0.016288,0.187392,0.811008,0.02763,1244819,1244819,415283,33.3609,1920,1080,raygs,triangles,1,off,0,on,-4
1781754695683666078,3614.06,827.376,1.20864,1.14678,1.13325,0.029952,0.089536,0.016384,0.187392,0.809984,0.031628,1244819,1244819,415283,33.3609,1920,1080,raygs,triangles,1,off,0,on,-4
1781754695684835432,3615.23,827.409,1.20859,1.14755,1.13325,0.029696,0.08896,0.01536,0.188416,0.810816,0.030074,1244819,1244819,415283,33.3609,1920,1080,raygs,triangles,1,off,0,on,-4
1781754695685994091,3616.39,828.671,1.20675,1.14701,1.13488,0.03056,0.089536,0.016384,0.188416,0.809984,0.021033,1244819,1244819,415283,33.3609,1920,1080,raygs,triangles,1,off,0,on,-4
1781754695687314370,3617.71,828.822,1.20653,1.14746,1.13642,0.029632,0.089024,0.016288,0.191488,0.809984,0.027515,1244819,1244819,415283,33.3609,1920,1080,raygs,triangles,1,off,0,on,-4
1781754695688701930,3619.09,827.488,1.20848,1.14781,1.13488,0.031488,0.089504,0.016384,0.187648,0.809856,0.02843,1244819,1244819,415283,33.3609,1920,1080,raygs,triangles,1,off,0,on,-4
1781754695689857949,3620.25,827.356,1.20867,1.15062,1.13766,0.035872,0.08896,0.016384,0.18544,0.811008,0.028116,1244819,1244819,415283,33.3609,1920,1080,raygs,triangles,1,off,0,on,-4
1781754695691035155,3621.43,826.712,1.20961,1.14429,1.13152,0.029536,0.089248,0.016384,0.186368,0.809984,0.031635,1244819,1244819,415283,33.3609,1920,1080,raygs,triangles,1,off,0,on,-4
1781754695692192426,3622.58,826.89,1.20935,1.14682,1.13338,0.030016,0.089856,0.016384,0.186368,0.810752,0.02064,1244819,1244819,415283,33.3609,1920,1080,raygs,triangles,1,off,0,on,-4
1781754695693373138,3623.76,825.184,1.21185,1.14787,1.1352,0.030048,0.089792,0.016384,0.188416,0.81056,0.026318,1244819,1244819,415283,33.3609,1920,1080,raygs,triangles,1,off,0,on,-4
1781754695694552917,3624.94,827.219,1.20887,1.14733,1.13414,0.029984,0.089376,0.016384,0.188416,0.809984,0.028365,1244819,1244819,415283,33.3609,1920,1080,raygs,triangles,1,off,0,on,-4
1781754695695889031,3626.28,831.056,1.20329,1.14698,1.13418,0.030176,0.088576,0.016384,0.188416,0.810624,0.039147,1244819,1244819,415283,33.3609,1920,1080,raygs,triangles,1,off,0,on,-4
1781754695697011261,3627.4,828.95,1.20635,1.14701,1.13478,0.0312,0.088864,0.015744,0.188416,0.81056,0.016131,1244819,1244819,415283,33.3609,1920,1080,raygs,triangles,1,off,0,on,-4
1781754695698197224,3628.59,829.751,1.20518,1.14717,1.13334,0.030368,0.089152,0.01536,0.187456,0.811008,0.029369,1244819,1244819,415283,33.3609,1920,1080,raygs,triangles,1,off,0,on,-4
1781754695699370202,3629.76,829.689,1.20527,1.14566,1.13366,0.028864,0.090016,0.016384,0.188416,0.809984,0.02726,1244819,1244819,415283,33.3609,1920,1080,raygs,triangles,1,off,0,on,-4
1781754695700544052,3630.94,829.243,1.20592,1.14803,1.13382,0.030432,0.089728,0.01536,0.187392,0.810912,0.030896,1244819,1244819,415283,33.3609,1920,1080,raygs,triangles,1,off,0,on,-4
1781754695701729791,3632.12,831.436,1.20274,1.14394,1.1311,0.02816,0.089184,0.016384,0.186368,0.811008,0.038192,1244819,1244819,415283,33.3609,1920,1080,raygs,triangles,1,off,0,on,-4
1781754695703083103,3633.47,830.763,1.20371,1.14858,1.13744,0.029088,0.089472,0.016384,0.192512,0.809984,0.021106,1244819,1244819,415283,33.3609,1920,1080,raygs,triangles,1,off,0,on,-4
1781754695704377649,3634.77,828.535,1.20695,1.14406,1.1335,0.035424,0.088416,0.01536,0.183296,0.811008,0.027509,1244819,1244819,415283,33.3609,1920,1080,raygs,triangles,1,off,0,on,-4
1781754695705554447,3635.95,827.143,1.20898,1.14586,1.13552,0.03056,0.09056,0.016384,0.187392,0.810624,0.02795,1244819,1244819,415283,33.3609,1920,1080,raygs,triangles,1,off,0,on,-4
1781754695706736211,3637.13,827.199,1.2089,1.1448,1.13133,0.028992,0.089152,0.01616,0.186368,0.810656,0.033002,1244819,1244819,415283,33.3609,1920,1080,raygs,triangles,1,off,0,on,-4
1781754695707891894,3638.28,826.83,1.20944,1.14653,1.13264,0.029728,0.08928,0.016256,0.187392,0.809984,0.020769,1244819,1244819,415283,33.3609,1920,1080,raygs,triangles,1,off,0,on,-4
1781754695709072494,3639.46,827.289,1.20877,1.14394,1.13126,0.02816,0.089344,0.016384,0.187392,0.809984,0.026931,1244819,1244819,415283,33.3609,1920,1080,raygs,triangles,1,off,0,on,-4
1781754695710247720,3640.64,827.818,1.20799,1.14659,1.13338,0.029024,0.089568,0.016384,0.188416,0.809984,0.029437,1244819,1244819,415283,33.3609,1920,1080,raygs,triangles,1,off,0,on,-4
1781754695711421188,3641.81,829.211,1.20597,1.14838,1.13456,0.029504,0.089376,0.016384,0.188416,0.81088,0.027478,1244819,1244819,415283,33.3609,1920,1080,raygs,triangles,1,off,0,on,-4
1781754695712926571,3643.32,828.171,1.20748,1.27309,1.26038,0.028288,0.090336,0.016384,0.315392,0.809984,0.053998,1244819,1244819,415283,33.3609,1920,1080,raygs,triangles,1,off,0,on,-4
1781754695714042681,3644.43,825.282,1.21171,1.14643,1.13526,0.028832,0.0896,0.016384,0.18944,0.811008,0.037164,1244819,1244819,415283,33.3609,1920,1080,raygs,triangles,1,off,0,on,-4
1781754695715210848,3645.6,826.02,1.21062,1.1457,1.1312,0.029888,0.088576,0.016384,0.186368,0.809984,0.040922,1244819,1244819,415283,33.3609,1920,1080,raygs,triangles,1,off,0,on,-4
1781754695716356847,3646.75,826.012,1.21064,1.14429,1.13088,0.02848,0.08864,0.016384,0.187392,0.809984,0.031713,1244819,1244819,415283,33.3609,1920,1080,raygs,triangles,1,off,0,on,-4
1781754695717441808,3647.83,826.553,1.20984,1.14858,1.13642,0.028672,0.089888,0.016384,0.190464,0.811008,0.025594,1244819,1244819,415283,33.3609,1920,1080,raygs,triangles,1,off,0,on,-4
1781754695718600969,3648.99,829.076,1.20616,1.14787,1.13411,0.030016,0.089376,0.01536,0.188416,0.810944,0.024418,1244819,1244819,415283,33.3609,1920,1080,raygs,triangles,1,off,0,on,-4
1781754695719961261,3650.35,831.237,1.20303,1.14432,1.13072,0.028512,0.089472,0.016384,0.186368,0.809984,0.028251,1244819,1244819,415283,33.3609,1920,1080,raygs,triangles,1,off,0,on,-4
1781754695721267390,3651.66,828.649,1.20678,1.1449,1.13418,0.036256,0.087584,0.01536,0.18432,0.810656,0.037865,1244819,1244819,415283,33.3609,1920,1080,raygs,triangles,1,off,0,on,-4
1781754695722448575,3652.84,827.167,1.20895,1.14842,1.1353,0.031584,0.090016,0.01632,0.187392,0.809984,0.02952,1244819,1244819,415283,33.3609,1920,1080,raygs,triangles,1,off,0,on,-4
1781754695723596018,3653.99,827.072,1.20908,1.14525,1.13315,0.030048,0.089344,0.016384,0.186368,0.811008,0.020663,1244819,1244819,415283,33.3609,1920,1080,raygs,triangles,1,off,0,on,-4
1781754695724771237,3655.16,828.983,1.2063,1.14698,1.13514,0.029152,0.089152,0.016384,0.190464,0.809984,0.027757,1244819,1244819,415283,33.3609,1920,1080,raygs,triangles,1,off,0,on,-4
1781754695725974312,3656.37,827.452,1.20853,1.1448,1.13056,0.030016,0.088832,0.01536,0.186368,0.809984,0.03849,1244819,1244819,415283,33.3609,1920,1080,raygs,triangles,1,off,0,on,-4
1781754695727115718,3657.51,829.228,1.20594,1.14531,1.13174,0.029504,0.089216,0.016512,0.185664,0.810848,0.017727,1244819,1244819,415283,33.3609,1920,1080,raygs,triangles,1,off,0,on,-4
1781754695728421035,3658.81,831.106,1.20322,1.14778,1.1343,0.029952,0.089568,0.016384,0.188416,0.809984,0.033183,1244819,1244819,415283,33.3609,1920,1080,raygs,triangles,1,off,0,on,-4
1781754695729567375,3659.96,829.628,1.20536,1.14755,1.13504,0.030624,0.089632,0.016384,0.188416,0.809984,0.021367,1244819,1244819,415283,33.3609,1920,1080,raygs,triangles,1,off,0,on,-4
1781754695730747868,3661.14,829.907,1.20495,1.14595,1.13389,0.0304,0.089728,0.016384,0.186368,0.811008,0.026699,1244819,1244819,415283,33.3609,1920,1080,raygs,triangles,1,off,0,on,-4
1781754695731911557,3662.3,829.492,1.20556,1.14954,1.1368,0.029632,0.08944,0.016384,0.190464,0.81088,0.024979,1244819,1244819,415283,33.3609,1920,1080,raygs,triangles,1,off,0,on,-4
1781754695733081476,3663.47,828.821,1.20653,1.14685,1.1343,0.030048,0.089472,0.016384,0.188416,0.809984,0.025163,1244819,1244819,415283,33.3609,1920,1080,raygs,triangles,1,off,0,on,-4
1781754695734256030,3664.65,829.037,1.20622,1.14803,1.13594,0.030496,0.089632,0.016384,0.18944,0.809984,0.024084,1244819,1244819,415283,33.3609,1920,1080,raygs,triangles,1,off,0,on,-4
1781754695735450354,3665.84,830.021,1.20479,1.14826,1.13635,0.030432,0.089088,0.016384,0.18944,0.811008,0.030709,1244819,1244819,415283,33.3609,1920,1080,raygs,triangles,1,off,0,on,-4
1781754695736804800,3667.2,829.278,1.20587,1.33981,1.32662,0.030496,0.089152,0.016384,0.379904,0.810688,0.026098,1244819,1244819,415283,33.3609,1920,1080,raygs,triangles,1,off,0,on,-4
1781754695738112964,3668.5,827.585,1.20834,1.28643,1.27414,0.030336,0.088928,0.01616,0.326944,0.811776,0.025226,1244819,1244819,415283,33.3609,1920,1080,raygs,triangles,1,off,0,on,-4
1781754695739294371,3669.69,825.93,1.21076,1.14637,1.1352,0.03056,0.090176,0.016384,0.187392,0.810688,0.027627,1244819,1244819,415283,33.3609,1920,1080,raygs,triangles,1,off,0,on,-4
1781754695740462781,3670.85,826.023,1.21062,1.14707,1.13494,0.03024,0.088896,0.016384,0.188416,0.811008,0.025987,1244819,1244819,415283,33.3609,1920,1080,raygs,triangles,1,off,0,on,-4
1781754695741627749,3672.02,827.461,1.20852,1.14685,1.13347,0.030688,0.089216,0.016192,0.187392,0.809984,0.024969,1244819,1244819,415283,33.3609,1920,1080,raygs,triangles,1,off,0,on,-4
1781754695742822849,3673.21,829.512,1.20553,1.16922,1.15565,0.029824,0.089248,0.015648,0.20992,0.811008,0.024947,1244819,1244819,415283,33.3609,1920,1080,raygs,triangles,1,off,0,on,-4
1781754695744009464,3674.4,830.671,1.20385,1.14666,1.13453,0.030112,0.089632,0.016384,0.187392,0.811008,0.02863,1244819,1244819,415283,33.3609,1920,1080,raygs,triangles,1,off,0,on,-4
1781754695745335779,3675.73,830.347,1.20432,1.14675,1.13469,0.030304,0.08848,0.016384,0.188512,0.811008,0.036016,1244819,1244819,415283,33.3609,1920,1080,raygs,triangles,1,off,0,on,-4
1781754695746513079,3676.9,828.758,1.20663,1.14803,1.1343,0.030176,0.089376,0.016352,0.188416,0.809984,0.030856,1244819,1244819,415283,33.3609,1920,1080,raygs,triangles,1,off,0,on,-4
1781754695747683959,3678.08,828.722,1.20668,1.14624,1.13328,0.030432,0.089088,0.01536,0.188416,0.809984,0.028117,1244819,1244819,415283,33.3609,1920,1080,raygs,triangles,1,off,0,on,-4
1781754695748822331,3679.21,828.967,1.20632,1.14845,1.13555,0.030304,0.089184,0.015616,0.18944,0.811008,0.017815,1244819,1244819,415283,33.3609,1920,1080,raygs,triangles,1,off,0,on,-4
1781754695749998733,3680.39,829.253,1.2059,1.14774,1.13318,0.029824,0.089248,0.015712,0.188416,0.809984,0.025009,1244819,1244819,415283,33.3609,1920,1080,raygs,triangles,1,off,0,on,-4
1781754695751172110,3681.56,830.727,1.20376,1.14787,1.13578,0.030272,0.089696,0.016384,0.18944,0.809984,0.024967,1244819,1244819,415283,33.3609,1920,1080,raygs,triangles,1,off,0,on,-4
1781754695752350456,3682.74,833.436,1.19985,1.14659,1.13459,0.030368,0.08944,0.016384,0.188416,0.809984,0.025774,1244819,1244819,415283,33.3609,1920,1080,raygs,triangles,1,off,0,on,-4
1781754695753732684,3684.12,832.382,1.20137,1.32605,1.31466,0.03024,0.089696,0.016384,0.367616,0.81072,0.038411,1244819,1244819,415283,33.3609,1920,1080,raygs,triangles,1,off,0,on,-4
1781754695755027834,3685.42,828.801,1.20656,1.30368,1.29238,0.030176,0.089024,0.16896,0.192512,0.811712,0.018111,1244819,1244819,415283,33.3609,1920,1080,raygs,triangles,1,off,0,on,-4
1781754695756263059,3686.65,826.774,1.20952,1.14499,1.13414,0.030208,0.0896,0.016352,0.187392,0.810592,0.039035,1244819,1244819,415283,33.3609,1920,1080,raygs,triangles,1,off,0,on,-4
1781754695757366371,3687.76,826.433,1.21002,1.14733,1.13366,0.030496,0.089408,0.01536,0.187392,0.811008,0.014581,1244819,1244819,415283,33.3609,1920,1080,raygs,triangles,1,off,0,on,-4
1781754695758544423,3688.94,826.975,1.20923,1.14714,1.13434,0.030336,0.089216,0.01536,0.188416,0.811008,0.028951,1244819,1244819,415283,33.3609,1920,1080,raygs,triangles,1,off,0,on,-4
1781754695759726654,3690.12,826.853,1.2094,1.14739,1.13555,0.030592,0.090016,0.016384,0.187584,0.810976,0.026253,1244819,1244819,415283,33.3609,1920,1080,raygs,triangles,1,off,0,on,-4
1781754695760888898,3691.28,828.357,1.20721,1.14934,1.13808,0.030176,0.089952,0.016384,0.190848,0.81072,0.025049,1244819,1244819,415283,33.3609,1920,1080,raygs,triangles,1,off,0,on,-4
1781754695762178861,3692.57,830.941,1.20345,1.14938,1.13728,0.0304,0.089184,0.016224,0.191488,0.809984,0.024781,1244819,1244819,415283,33.3609,1920,1080,raygs,triangles,1,off,0,on,-4
1781754695763347665,3693.74,829.297,1.20584,1.14717,1.13402,0.030592,0.08864,0.01536,0.18944,0.809984,0.024801,1244819,1244819,415283,33.3609,1920,1080,raygs,triangles,1,off,0,on,-4
1781754695764518274,3694.91,829.509,1.20553,1.14749,1.13338,0.029632,0.089248,0.016096,0.188416,0.809984,0.025112,1244819,1244819,415283,33.3609,1920,1080,raygs,triangles,1,off,0,on,-4
1781754695765693298,3696.08,829.483,1.20557,1.14931,1.13597,0.030432,0.089728,0.016384,0.188416,0.811008,0.024176,1244819,1244819,415283,33.3609,1920,1080,raygs,triangles,1,off,0,on,-4
1781754695766861384,3697.25,829.32,1.20581,1.14688,1.13504,0.030016,0.089632,0.016384,0.188416,0.810592,0.024116,1244819,1244819,415283,33.3609,1920,1080,raygs,triangles,1,off,0,on,-4
1781754695768034037,3698.43,829.862,1.20502,1.14858,1.13549,0.030368,0.089312,0.016384,0.188416,0.811008,0.0232,1244819,1244819,415283,33.3609,1920,1080,raygs,triangles,1,off,0,on,-4
1781754695769226355,3699.62,831.752,1.20228,1.14938,1.13606,0.029504,0.089728,0.01536,0.190464,0.811008,0.033931,1244819,1244819,415283,33.3609,1920,1080,raygs,triangles,1,off,0,on,-4
1781754695770657171,3701.05,830.622,1.20392,1.38854,1.37494,0.030048,0.089472,0.01536,0.429056,0.811008,0.025225,1244819,1244819,415283,33.3609,1920,1080,raygs,triangles,1,off,0,on,-4
1781754695771939746,3702.33,827.831,1.20798,1.28672,1.27395,0.0296,0.08928,0.016384,0.32768,0.811008,0.024319,1244819,1244819,415283,33.3609,1920,1080,raygs,triangles,1,off,0,on,-4
1781754695773115194,3703.51,826.566,1.20983,1.14816,1.13507,0.030336,0.090176,0.015552,0.188416,0.810592,0.024076,1244819,1244819,415283,33.3609,1920,1080,raygs,triangles,1,off,0,on,-4
1781754695774289977,3704.68,826.407,1.21006,1.14582,1.13226,0.02992,0.088416,0.01536,0.18768,0.81088,0.024237,1244819,1244819,415283,33.3609,1920,1080,raygs,triangles,1,off,0,on,-4
1781754695775456979,3705.85,826.921,1.20931,1.14954,1.13651,0.030656,0.089024,0.01536,0.190464,0.811008,0.024603,1244819,1244819,415283,33.3609,1920,1080,raygs,triangles,1,off,0,on,-4
1781754695776637119,3707.03,829.053,1.2062,1.14717,1.1328,0.030336,0.088832,0.015552,0.187392,0.810688,0.029601,1244819,1244819,415283,33.3609,1920,1080,raygs,triangles,1,off,0,on,-4
1781754695777806642,3708.2,830.069,1.20472,1.14656,1.13555,0.030176,0.089568,0.016384,0.188416,0.811008,0.024561,1244819,1244819,415283,33.3609,1920,1080,raygs,triangles,1,off,0,on,-4
1781754695779242104,3709.63,830.439,1.20418,1.15024,1.13683,0.030336,0.089664,0.016384,0.18944,0.811008,0.04018,1244819,1244819,415283,33.3609,1920,1080,raygs,triangles,1,off,0,on,-4
1781754695780347088,3710.74,827.643,1.20825,1.14947,1.13642,0.030592,0.090016,0.016384,0.18944,0.809984,0.027028,1244819,1244819,415283,33.3609,1920,1080,raygs,triangles,1,off,0,on,-4
1781754695781510170,3711.9,828.295,1.2073,1.14502,1.13379,0.03024,0.089792,0.016384,0.187392,0.809984,0.02728,1244819,1244819,415283,33.3609,1920,1080,raygs,triangles,1,off,0,on,-4
1781754695782673968,3713.07,828.498,1.207,1.14768,1.13645,0.029984,0.089824,0.016384,0.188416,0.81184,0.026916,1244819,1244819,415283,33.3609,1920,1080,raygs,triangles,1,off,0,on,-4
1781754695783846978,3714.24,828.609,1.20684,1.14835,1.13574,0.029472,0.08944,0.016384,0.18944,0.811008,0.025105,1244819,1244819,415283,33.3609,1920,1080,raygs,triangles,1,off,0,on,-4
1781754695784973592,3715.36,829.745,1.20519,1.15024,1.13571,0.030368,0.088704,0.01536,0.190464,0.810816,0.014837,1244819,1244819,415283,33.3609,1920,1080,raygs,triangles,1,off,0,on,-4
1781754695786150031,3716.54,832.9,1.20062,1.14858,1.13469,0.029728,0.089152,0.01536,0.18944,0.811008,0.02539,1244819,1244819,415283,33.3609,1920,1080,raygs,triangles,1,off,0,on,-4
1781754695787549955,3717.94,832.111,1.20176,1.38301,1.36826,0.029664,0.089312,0.01536,0.423936,0.809984,0.024864,1244819,1244819,415283,33.3609,1920,1080,raygs,triangles,1,off,0,on,-4
1781754695788861328,3719.25,829.51,1.20553,1.28832,1.27568,0.030176,0.089472,0.016384,0.328704,0.810944,0.024852,1244819,1244819,415283,33.3609,1920,1080,raygs,triangles,1,off,0,on,-4
1781754695790035798,3720.43,827.388,1.20862,1.14717,1.13635,0.030368,0.090176,0.016384,0.188416,0.811008,0.024527,1244819,1244819,415283,33.3609,1920,1080,raygs,triangles,1,off,0,on,-4
1781754695791225642,3721.62,826.575,1.20981,1.14819,1.13421,0.030304,0.08912,0.01536,0.18944,0.809984,0.034483,1244819,1244819,415283,33.3609,1920,1080,raygs,triangles,1,off,0,on,-4
1781754695792383756,3722.78,826.063,1.21056,1.14733,1.1359,0.030528,0.090048,0.016384,0.188416,0.810528,0.025996,1244819,1244819,415283,33.3609,1920,1080,raygs,triangles,1,off,0,on,-4
1781754695793556388,3723.95,828.504,1.20699,1.14826,1.13507,0.030432,0.088832,0.016384,0.18944,0.809984,0.024615,1244819,1244819,415283,33.3609,1920,1080,raygs,triangles,1,off,0,on,-4
1781754695794856714,3725.25,829.781,1.20514,1.14858,1.13613,0.029728,0.089568,0.016384,0.190464,0.809984,0.024557,1244819,1244819,415283,33.3609,1920,1080,raygs,triangles,1,off,0,on,-4
1781754695796026231,3726.42,828.462,1.20706,1.14803,1.13478,0.031232,0.0896,0.015552,0.187392,0.811008,0.025004,1244819,1244819,415283,33.3609,1920,1080,raygs,triangles,1,off,0,on,-4
1781754695797207263,3727.6,828.337,1.20724,1.14874,1.13629,0.029888,0.089568,0.016384,0.18944,0.811008,0.028476,1244819,1244819,415283,33.3609,1920,1080,raygs,triangles,1,off,0,on,-4
1781754695798370465,3728.76,828.238,1.20738,1.14816,1.13405,0.030336,0.089152,0.01536,0.18944,0.80976,0.025044,1244819,1244819,415283,33.3609,1920,1080,raygs,triangles,1,off,0,on,-4
1781754695799541346,3729.93,828.547,1.20693,1.14733,1.13654,0.030208,0.089888,0.016384,0.188416,0.811648,0.02415,1244819,1244819,415283,33.3609,1920,1080,raygs,triangles,1,off,0,on,-4
1781754695800714745,3731.11,828.315,1.20727,1.14723,1.13338,0.0304,0.089408,0.01536,0.187392,0.810816,0.024546,1244819,1244819,415283,33.3609,1920,1080,raygs,triangles,1,off,0,on,-4
1781754695801890536,3732.28,829.746,1.20519,1.14982,1.13584,0.030368,0.089472,0.015552,0.190464,0.809984,0.024493,1244819,1244819,415283,33.3609,1920,1080,raygs,triangles,1,off,0,on,-4
1781754695803296061,3733.69,829.602,1.2054,1.37837,1.36413,0.030272,0.088864,0.01536,0.418816,0.810816,0.024368,1244819,1244819,415283,33.3609,1920,1080,raygs,triangles,1,off,0,on,-4
1781754695804609613,3735,827.084,1.20907,1.28931,1.27709,0.030144,0.089824,0.016384,0.330752,0.809984,0.02517,1244819,1244819,415283,33.3609,1920,1080,raygs,triangles,1,off,0,on,-4
1781754695805789072,3736.18,825.593,1.21125,1.14733,1.13459,0.029472,0.090336,0.016384,0.188416,0.809984,0.023726,1244819,1244819,415283,33.3609,1920,1080,raygs,triangles,1,off,0,on,-4
1781754695806957277,3737.35,824.884,1.21229,1.1463,1.13402,0.03056,0.089888,0.016384,0.186368,0.810816,0.025137,1244819,1244819,415283,33.3609,1920,1080,raygs,triangles,1,off,0,on,-4
1781754695808125609,3738.52,825.397,1.21154,1.14787,1.13427,0.030048,0.089344,0.01536,0.188512,0.811008,0.024278,1244819,1244819,415283,33.3609,1920,1080,raygs,triangles,1,off,0,on,-4
1781754695809298834,3739.69,825.98,1.21068,1.14822,1.13408,0.030368,0.088928,0.01536,0.18944,0.809984,0.02389,1244819,1244819,415283,33.3609,1920,1080,raygs,triangles,1,off,0,on,-4
1781754695810476919,3740.87,827.975,1.20777,1.14643,1.13392,0.030304,0.089856,0.01536,0.187392,0.811008,0.024394,1244819,1244819,415283,33.3609,1920,1080,raygs,triangles,1,off,0,on,-4
1781754695811784366,3742.18,829.036,1.20622,1.1481,1.13462,0.030272,0.089696,0.016256,0.188416,0.809984,0.025217,1244819,1244819,415283,33.3609,1920,1080,raygs,triangles,1,off,0,on,-4
1781754695812948424,3743.34,827.638,1.20826,1.14966,1.13648,0.031392,0.089472,0.016192,0.188416,0.811008,0.024726,1244819,1244819,415283,33.3609,1920,1080,raygs,triangles,1,off,0,on,-4
1781754695814116461,3744.51,827.798,1.20802,1.14685,1.13494,0.030304,0.088704,0.016384,0.188544,0.811008,0.024118,1244819,1244819,415283,33.3609,1920,1080,raygs,triangles,1,off,0,on,-4
1781754695815301064,3745.69,827.691,1.20818,1.1481,1.13478,0.03024,0.08976,0.016384,0.187392,0.811008,0.027755,1244819,1244819,415283,33.3609,1920,1080,raygs,triangles,1,off,0,on,-4
1781754695816486317,3746.88,827.797,1.20803,1.1489,1.1345,0.030016,0.088832,0.01536,0.18944,0.810848,0.027269,1244819,1244819,415283,33.3609,1920,1080,raygs,triangles,1,off,0,on,-4
1781754695817650748,3748.04,827.982,1.20776,1.14851,1.13648,0.030304,0.089344,0.016384,0.18944,0.811008,0.025768,1244819,1244819,415283,33.3609,1920,1080,raygs,triangles,1,off,0,on,-4
1781754695818816135,3749.21,829.618,1.20537,1.1488,1.13562,0.030368,0.08944,0.016384,0.188416,0.811008,0.025655,1244819,1244819,415283,33.3609,1920,1080,raygs,triangles,1,off,0,on,-4
1781754695820206000,3750.6,829.817,1.20508,1.34896,1.33664,0.0304,0.089536,0.01536,0.3896,0.811744,0.03366,1244819,1244819,415283,33.3609,1920,1080,raygs,triangles,1,off,0,on,-4
1781754695821507249,3751.9,827.099,1.20905,1.28765,1.27398,0.031584,0.089312,0.015424,0.326656,0.811008,0.026095,1244819,1244819,415283,33.3609,1920,1080,raygs,triangles,1,off,0,on,-4
1781754695822683488,3753.07,825.463,1.21144,1.14717,1.13514,0.030272,0.09008,0.016384,0.187392,0.811008,0.026021,1244819,1244819,415283,33.3609,1920,1080,raygs,triangles,1,off,0,on,-4
1781754695823856571,3754.25,825.292,1.21169,1.14803,1.1368,0.030176,0.089792,0.016384,0.18944,0.811008,0.025411,1244819,1244819,415283,33.3609,1920,1080,raygs,triangles,1,off,0,on,-4
1781754695825021995,3755.41,825.416,1.21151,1.14592,1.13277,0.030112,0.088896,0.01536,0.187392,0.811008,0.023932,1244819,1244819,415283,33.3609,1920,1080,raygs,triangles,1,off,0,on,-4
1781754695826222610,3756.61,825.506,1.21138,1.16458,1.15258,0.029344,0.089312,0.016384,0.206848,0.810688,0.025569,1244819,1244819,415283,33.3609,1920,1080,raygs,triangles,1,off,0,on,-4
1781754695827424830,3757.82,827.583,1.20834,1.14816,1.1351,0.029312,0.08944,0.01616,0.18944,0.810752,0.037572,1244819,1244819,415283,33.3609,1920,1080,raygs,triangles,1,off,0,on,-4
1781754695828776560,3759.17,829.078,1.20616,1.14819,1.13469,0.030336,0.089856,0.016384,0.187392,0.81072,0.030813,1244819,1244819,415283,33.3609,1920,1080,raygs,triangles,1,off,0,on,-4
1781754695829863656,3760.25,827.482,1.20849,1.14848,1.13587,0.03056,0.089504,0.016384,0.188416,0.811008,0.01574,1244819,1244819,415283,33.3609,1920,1080,raygs,triangles,1,off,0,on,-4
1781754695831036138,3761.43,827.654,1.20823,1.14867,1.13603,0.029824,0.089376,0.016384,0.190464,0.809984,0.024954,1244819,1244819,415283,33.3609,1920,1080,raygs,triangles,1,off,0,on,-4
1781754695832227203,3762.62,827.639,1.20826,1.14742,1.13328,0.029568,0.089312,0.01536,0.188416,0.810624,0.025729,1244819,1244819,415283,33.3609,1920,1080,raygs,triangles,1,off,0,on,-4
1781754695833397643,3763.79,827.73,1.20812,1.14835,1.13456,0.029376,0.089216,0.016384,0.1896,0.809984,0.025241,1244819,1244819,415283,33.3609,1920,1080,raygs,triangles,1,off,0,on,-4
1781754695834561234,3764.95,827.418,1.20858,1.14787,1.13594,0.030016,0.089472,0.016384,0.18944,0.810624,0.024522,1244819,1244819,415283,33.3609,1920,1080,raygs,triangles,1,off,0,on,-4
1781754695835743533,3766.13,829.049,1.2062,1.14701,1.13485,0.030176,0.089888,0.016384,0.188416,0.809984,0.026236,1244819,1244819,415283,33.3609,1920,1080,raygs,triangles,1,off,0,on,-4
1781754695837197987,3767.59,828.707,1.2067,1.34509,1.33206,0.029632,0.08928,0.016096,0.386048,0.811008,0.045537,1244819,1244819,415283,33.3609,1920,1080,raygs,triangles,1,off,0,on,-4
1781754695838432914,3768.82,825.627,1.2112,1.28685,1.27258,0.03072,0.088832,0.01536,0.32768,0.809984,0.022209,1244819,1244819,415283,33.3609,1920,1080,raygs,triangles,1,off,0,on,-4
1781754695839599073,3769.99,824.958,1.21218,1.14714,1.13366,0.030368,0.089952,0.01536,0.187392,0.810592,0.027045,1244819,1244819,415283,33.3609,1920,1080,raygs,triangles,1,off,0,on,-4
1781754695840771898,3771.16,824.615,1.21269,1.14816,1.13482,0.030304,0.089728,0.016384,0.188416,0.809984,0.027106,1244819,1244819,415283,33.3609,1920,1080,raygs,triangles,1,off,0,on,-4
1781754695841940201,3772.33,824.657,1.21263,1.14669,1.13446,0.0304,0.089312,0.016384,0.187392,0.810976,0.026663,1244819,1244819,415283,33.3609,1920,1080,raygs,triangles,1,off,0,on,-4
1781754695843103001,3773.49,825.273,1.21172,1.14566,1.13331,0.030272,0.089536,0.016384,0.186368,0.810752,0.025042,1244819,1244819,415283,33.3609,1920,1080,raygs,triangles,1,off,0,on,-4
1781754695844280210,3774.67,828.091,1.2076,1.14662,1.13491,0.029824,0.08944,0.016384,0.188416,0.810848,0.025496,1244819,1244819,415283,33.3609,1920,1080,raygs,triangles,1,off,0,on,-4
1781754695845562348,3775.95,829.391,1.2057,1.14954,1.13469,0.030688,0.088992,0.015584,0.18944,0.809984,0.024065,1244819,1244819,415283,33.3609,1920,1080,raygs,triangles,1,off,0,on,-4
1781754695846738119,3777.13,828.348,1.20722,1.14819,1.13453,0.030336,0.0896,0.016192,0.188416,0.809984,0.024086,1244819,1244819,415283,33.3609,1920,1080,raygs,triangles,1,off,0,on,-4
1781754695847909397,3778.3,827.885,1.2079,1.14851,1.13542,0.030144,0.089472,0.016384,0.18944,0.809984,0.024002,1244819,1244819,415283,33.3609,1920,1080,raygs,triangles,1,off,0,on,-4
1781754695849088991,3779.48,827.851,1.20795,1.14781,1.13568,0.03056,0.089312,0.016384,0.188416,0.811008,0.024897,1244819,1244819,415283,33.3609,1920,1080,raygs,triangles,1,off,0,on,-4
1781754695850269636,3780.66,828.192,1.20745,1.14938,1.1368,0.030496,0.088832,0.016384,0.190464,0.810624,0.026095,1244819,1244819,415283,33.3609,1920,1080,raygs,triangles,1,off,0,on,-4
1781754695851432004,3781.82,827.761,1.20808,1.14778,1.13677,0.030368,0.089472,0.016384,0.189696,0.810848,0.024226,1244819,1244819,415283,33.3609,1920,1080,raygs,triangles,1,off,0,on,-4
1781754695852604016,3783,830.927,1.20348,1.14803,1.13392,0.030528,0.088608,0.01536,0.18944,0.809984,0.023648,1244819,1244819,415283,33.3609,1920,1080,raygs,triangles,1,off,0,on,-4
1781754695854003049,3784.39,830.124,1.20464,1.3799,1.36618,0.029632,0.08944,0.016256,0.420864,0.809984,0.024052,1244819,1244819,415283,33.3609,1920,1080,raygs,triangles,1,off,0,on,-4
1781754695855324226,3785.72,827.488,1.20848,1.2864,1.2737,0.030336,0.089312,0.016384,0.32768,0.809984,0.024092,1244819,1244819,415283,33.3609,1920,1080,raygs,triangles,1,off,0,on,-4
1781754695856493910,3786.89,825.618,1.21121,1.14672,1.13462,0.02992,0.089888,0.016384,0.187424,0.811008,0.023883,1244819,1244819,415283,33.3609,1920,1080,raygs,triangles,1,off,0,on,-4
1781754695857657170,3788.05,825.662,1.21115,1.14637,1.13386,0.030592,0.08944,0.016448,0.187392,0.809984,0.023327,1244819,1244819,415283,33.3609,1920,1080,raygs,triangles,1,off,0,on,-4
1781754695858832893,3789.22,825.815,1.21092,1.14746,1.13565,0.029632,0.08928,0.016384,0.18944,0.810912,0.023693,1244819,1244819,415283,33.3609,1920,1080,raygs,triangles,1,off,0,on,-4
1781754695860006778,3790.4,825.547,1.21132,1.14803,1.13514,0.030176,0.089312,0.016384,0.188416,0.810848,0.024844,1244819,1244819,415283,33.3609,1920,1080,raygs,triangles,1,off,0,on,-4
1781754695861186102,3791.58,828.1,1.20758,1.14771,1.13478,0.029888,0.089408,0.016224,0.188416,0.810848,0.024784,1244819,1244819,415283,33.3609,1920,1080,raygs,triangles,1,off,0,on,-4
1781754695862476071,3792.87,829.556,1.20546,1.15187,1.13923,0.030464,0.089696,0.015552,0.192512,0.811008,0.024071,1244819,1244819,415283,33.3609,1920,1080,raygs,triangles,1,off,0,on,-4
1781754695863652459,3794.04,827.996,1.20773,1.15024,1.13789,0.031392,0.089664,0.016384,0.18944,0.811008,0.025857,1244819,1244819,415283,33.3609,1920,1080,raygs,triangles,1,off,0,on,-4
1781754695864824133,3795.22,828.445,1.20708,1.14771,1.13366,0.030368,0.089376,0.01552,0.187392,0.811008,0.024371,1244819,1244819,415283,33.3609,1920,1080,raygs,triangles,1,off,0,on,-4
1781754695865993519,3796.38,828.107,1.20757,1.14851,1.13709,0.030336,0.089248,0.016384,0.18944,0.81168,0.024031,1244819,1244819,415283,33.3609,1920,1080,raygs,triangles,1,off,0,on,-4
1781754695867169070,3797.56,828.565,1.20691,1.14717,1.13411,0.030336,0.088992,0.016384,0.188416,0.809984,0.024544,1244819,1244819,415283,33.3609,1920,1080,raygs,triangles,1,off,0,on,-4
1781754695868349145,3798.74,829.738,1.2052,1.14787,1.13446,0.030048,0.089472,0.01536,0.188768,0.810816,0.023861,1244819,1244819,415283,33.3609,1920,1080,raygs,triangles,1,off,0,on,-4
1781754695869522625,3799.91,829.688,1.20527,1.14797,1.13645,0.030112,0.089504,0.016384,0.18944,0.811008,0.026164,1244819,1244819,415283,33.3609,1920,1080,raygs,triangles,1,off,0,on,-4
1781754695870929367,3801.32,829.676,1.20529,1.3849,1.37258,0.03072,0.089504,0.016384,0.42496,0.811008,0.024873,1244819,1244819,415283,33.3609,1920,1080,raygs,triangles,1,off,0,on,-4
1781754695872243711,3802.64,826.958,1.20925,1.28909,1.27702,0.030496,0.089408,0.016384,0.329728,0.811008,0.024102,1244819,1244819,415283,33.3609,1920,1080,raygs,triangles,1,off,0,on,-4
1781754695873415761,3803.81,825.388,1.21155,1.14774,1.13549,0.030272,0.090496,0.016384,0.187392,0.810944,0.024826,1244819,1244819,415283,33.3609,1920,1080,raygs,triangles,1,off,0,on,-4
1781754695874584107,3804.98,825.366,1.21158,1.1479,1.13482,0.030464,0.089568,0.016384,0.188416,0.809984,0.023879,1244819,1244819,415283,33.3609,1920,1080,raygs,triangles,1,off,0,on,-4
1781754695875756993,3806.15,825.623,1.21121,1.1457,1.13424,0.029888,0.089568,0.016384,0.187392,0.811008,0.023145,1244819,1244819,415283,33.3609,1920,1080,raygs,triangles,1,off,0,on,-4
1781754695876977861,3807.37,827.918,1.20785,1.14694,1.13594,0.030112,0.090016,0.016384,0.188416,0.811008,0.032383,1244819,1244819,415283,33.3609,1920,1080,raygs,triangles,1,off,0,on,-4
1781754695878278541,3808.67,829.126,1.20609,1.14835,1.13357,0.029472,0.089312,0.01536,0.18944,0.809984,0.026836,1244819,1244819,415283,33.3609,1920,1080,raygs,triangles,1,off,0,on,-4
1781754695879498225,3809.89,827.995,1.20774,1.14864,1.13616,0.030784,0.089696,0.016384,0.188416,0.81088,0.030593,1244819,1244819,415283,33.3609,1920,1080,raygs,triangles,1,off,0,on,-4
1781754695880626530,3811.02,827.273,1.20879,1.14832,1.13539,0.02944,0.08912,0.016384,0.190464,0.809984,0.028852,1244819,1244819,415283,33.3609,1920,1080,raygs,triangles,1,off,0,on,-4
1781754695881796061,3812.19,827.498,1.20846,1.1488,1.13546,0.029952,0.088576,0.016384,0.188736,0.811808,0.025562,1244819,1244819,415283,33.3609,1920,1080,raygs,triangles,1,off,0,on,-4
1781754695882931352,3813.32,827.514,1.20844,1.14678,1.13475,0.030336,0.088544,0.016384,0.188576,0.810912,0.016497,1244819,1244819,415283,33.3609,1920,1080,raygs,triangles,1,off,0,on,-4
1781754695884138726,3814.53,828.187,1.20746,1.14691,1.13539,0.030112,0.089632,0.016384,0.188416,0.810848,0.041739,1244819,1244819,415283,33.3609,1920,1080,raygs,triangles,1,off,0,on,-4
1781754695885300771,3815.69,829.526,1.20551,1.14835,1.13747,0.03056,0.089504,0.016384,0.190464,0.81056,0.025737,1244819,1244819,415283,33.3609,1920,1080,raygs,triangles,1,off,0,on,-4
1781754695886489734,3816.88,829.436,1.20564,1.14787,1.13539,0.030016,0.089568,0.016384,0.188416,0.811008,0.030918,1244819,1244819,415283,33.3609,1920,1080,raygs,triangles,1,off,0,on,-4
1781754695887849018,3818.24,829.264,1.20589,1.34851,1.33632,0.029984,0.089824,0.016384,0.38912,0.811008,0.022374,1244819,1244819,415283,33.3609,1920,1080,raygs,triangles,1,off,0,on,-4
1781754695889189463,3819.58,827.251,1.20882,1.31469,1.30381,0.199168,0.087936,0.01536,0.190464,0.81088,0.025263,1244819,1244819,415283,33.3609,1920,1080,raygs,triangles,1,off,0,on,-4
1781754695890366023,3820.76,825.348,1.21161,1.14579,1.13459,0.029984,0.089824,0.016384,0.187392,0.811008,0.026611,1244819,1244819,415283,33.3609,1920,1080,raygs,triangles,1,off,0,on,-4
1781754695891616017,3822.01,825.245,1.21176,1.14848,1.1375,0.030656,0.090016,0.016384,0.18944,0.811008,0.035773,1244819,1244819,415283,33.3609,1920,1080,raygs,triangles,1,off,0,on,-4
1781754695892731361,3823.12,824.126,1.21341,1.14749,1.13459,0.029632,0.089152,0.016384,0.18944,0.809984,0.027637,1244819,1244819,415283,33.3609,1920,1080,raygs,triangles,1,off,0,on,-4
1781754695893895693,3824.29,827.513,1.20844,1.14714,1.13482,0.030336,0.089568,0.01536,0.187552,0.812,0.027637,1244819,1244819,415283,33.3609,1920,1080,raygs,triangles,1,off,0,on,-4
1781754695895184770,3825.58,829.068,1.20617,1.1489,1.13626,0.030048,0.089824,0.016384,0.18944,0.81056,0.026113,1244819,1244819,415283,33.3609,1920,1080,raygs,triangles,1,off,0,on,-4
1781754695896314596,3826.71,827.804,1.20802,1.14819,1.136,0.031328,0.089952,0.016384,0.188416,0.80992,0.01776,1244819,1244819,415283,33.3609,1920,1080,raygs,triangles,1,off,0,on,-4
1781754695897489725,3827.88,828.075,1.20762,1.14749,1.13562,0.030176,0.08944,0.016384,0.188704,0.810912,0.026182,1244819,1244819,415283,33.3609,1920,1080,raygs,triangles,1,off,0,on,-4
1781754695898654643,3829.05,827.956,1.20779,1.14954,1.13798,0.030304,0.089824,0.016384,0.190464,0.811008,0.024858,1244819,1244819,415283,33.3609,1920,1080,raygs,triangles,1,off,0,on,-4
1781754695899887015,3830.28,828.346,1.20723,1.14803,1.13546,0.030368,0.088768,0.01568,0.188704,0.811936,0.0355,1244819,1244819,415283,33.3609,1920,1080,raygs,triangles,1,off,0,on,-4
1781754695901162869,3831.55,828.111,1.20757,1.14678,1.13411,0.029888,0.089504,0.016384,0.187392,0.810944,0.023612,1244819,1244819,415283,33.3609,1920,1080,raygs,triangles,1,off,0,on,-4
1781754695902348178,3832.74,828.871,1.20646,1.14934,1.13581,0.030464,0.089376,0.01536,0.188736,0.811872,0.025322,1244819,1244819,415283,33.3609,1920,1080,raygs,triangles,1,off,0,on,-4
1781754695903608495,3834,828.038,1.20767,1.14717,1.1352,0.030336,0.089952,0.016384,0.18768,0.810848,0.014564,1244819,1244819,415283,33.3609,1920,1080,raygs,triangles,1,off,0,on,-4
1781754695904965873,3835.36,826.995,1.2092,1.1495,1.13616,0.031648,0.089568,0.01536,0.188896,0.810688,0.024163,1244819,1244819,415283,33.3609,1920,1080,raygs,triangles,1,off,0,on,-4
1781754695906148745,3836.54,825.018,1.2121,1.15331,1.14016,0.034944,0.088512,0.016384,0.18944,0.81088,0.028759,1244819,1244819,415283,33.3609,1920,1080,raygs,triangles,1,off,0,on,-4
1781754695907330390,3837.72,825.082,1.212,1.14691,1.13466,0.030112,0.08976,0.016384,0.188416,0.809984,0.026331,1244819,1244819,415283,33.3609,1920,1080,raygs,triangles,1,off,0,on,-4
1781754695908515964,3838.91,824.501,1.21285,1.14576,1.13466,0.030208,0.089664,0.016384,0.187392,0.811008,0.02647,1244819,1244819,415283,33.3609,1920,1080,raygs,triangles,1,off,0,on,-4
1781754695909709161,3840.1,824.559,1.21277,1.17293,1.15917,0.029472,0.089312,0.01536,0.214016,0.811008,0.025053,1244819,1244819,415283,33.3609,1920,1080,raygs,triangles,1,off,0,on,-4
1781754695910867666,3841.26,827.326,1.20871,1.14803,1.13363,0.030336,0.088768,0.01536,0.188416,0.810752,0.024311,1244819,1244819,415283,33.3609,1920,1080,raygs,triangles,1,off,0,on,-4
1781754695912360365,3842.75,828.281,1.20732,1.14672,1.13309,0.029888,0.089472,0.01536,0.187392,0.810976,0.043551,1244819,1244819,415283,33.3609,1920,1080,raygs,triangles,1,off,0,on,-4
1781754695913416810,3843.81,824.629,1.21267,1.15053,1.13818,0.030624,0.089696,0.016384,0.191488,0.809984,0.029166,1244819,1244819,415283,33.3609,1920,1080,raygs,triangles,1,off,0,on,-4
1781754695914530133,3844.92,826.06,1.21057,1.14803,1.13488,0.030176,0.088992,0.01536,0.188416,0.811936,0.017316,1244819,1244819,415283,33.3609,1920,1080,raygs,triangles,1,off,0,on,-4
1781754695915715764,3846.11,826.426,1.21003,1.14701,1.13443,0.030176,0.089792,0.016384,0.187392,0.810688,0.036088,1244819,1244819,415283,33.3609,1920,1080,raygs,triangles,1,off,0,on,-4
1781754695916895612,3847.29,826.512,1.2099,1.14701,1.13331,0.030176,0.089376,0.01536,0.188416,0.809984,0.03165,1244819,1244819,415283,33.3609,1920,1080,raygs,triangles,1,off,0,on,-4
1781754695918038597,3848.43,826.424,1.21003,1.14707,1.136,0.0304,0.089792,0.016384,0.188416,0.811008,0.018639,1244819,1244819,415283,33.3609,1920,1080,raygs,triangles,1,off,0,on,-4
1781754695919228499,3849.62,827.778,1.20805,1.14954,1.13638,0.030656,0.088896,0.01536,0.190464,0.811008,0.028428,1244819,1244819,415283,33.3609,1920,1080,raygs,triangles,1,off,0,on,-4
1781754695920559634,3850.95,827.826,1.20798,1.31981,1.30771,0.029952,0.08992,0.016384,0.361472,0.809984,0.026105,1244819,1244819,415283,33.3609,1920,1080,raygs,triangles,1,off,0,on,-4
1781754695921932161,3852.32,825.878,1.21083,1.34448,1.33152,0.030016,0.088608,0.01568,0.386208,0.811008,0.026683,1244819,1244819,415283,33.3609,1920,1080,raygs,triangles,1,off,0,on,-4
1781754695923105429,3853.5,823.663,1.21409,1.14614,1.1343,0.030368,0.090176,0.016384,0.186368,0.811008,0.026208,1244819,1244819,415283,33.3609,1920,1080,raygs,triangles,1,off,0,on,-4
1781754695924326891,3854.72,823.802,1.21388,1.14739,1.13606,0.030656,0.089568,0.016384,0.188448,0.811008,0.038167,1244819,1244819,415283,33.3609,1920,1080,raygs,triangles,1,off,0,on,-4
1781754695925438121,3855.83,823.376,1.21451,1.14896,1.13584,0.030016,0.088864,0.016384,0.18976,0.810816,0.015543,1244819,1244819,415283,33.3609,1920,1080,raygs,triangles,1,off,0,on,-4
1781754695926624196,3857.02,823.856,1.2138,1.14723,1.13482,0.0304,0.088992,0.016384,0.188416,0.810624,0.026708,1244819,1244819,415283,33.3609,1920,1080,raygs,triangles,1,off,0,on,-4
1781754695927798481,3858.19,826.158,1.21042,1.14883,1.13629,0.030144,0.089312,0.01536,0.190464,0.811008,0.026789,1244819,1244819,415283,33.3609,1920,1080,raygs,triangles,1,off,0,on,-4
1781754695929083832,3859.48,827.924,1.20784,1.14922,1.13782,0.030368,0.0896,0.016384,0.190464,0.811008,0.026642,1244819,1244819,415283,33.3609,1920,1080,raygs,triangles,1,off,0,on,-4
1781754695930266166,3860.66,826.533,1.20987,1.15053,1.13846,0.030848,0.08976,0.016384,0.190464,0.811008,0.028978,1244819,1244819,415283,33.3609,1920,1080,raygs,triangles,1,off,0,on,-4
1781754695931473239,3861.86,826.088,1.21052,1.14819,1.13456,0.030304,0.088832,0.01536,0.18944,0.810624,0.039825,1244819,1244819,415283,33.3609,1920,1080,raygs,triangles,1,off,0,on,-4
1781754695932596137,3862.99,826.155,1.21043,1.14717,1.1343,0.030336,0.089152,0.015392,0.188416,0.811008,0.0153,1244819,1244819,415283,33.3609,1920,1080,raygs,triangles,1,off,0,on,-4
1781754695933774580,3864.17,826.531,1.20988,1.1471,1.13309,0.030272,0.089056,0.01536,0.188416,0.809984,0.025974,1244819,1244819,415283,33.3609,1920,1080,raygs,triangles,1,off,0,on,-4
1781754695934948594,3865.34,826.661,1.20969,1.14717,1.13418,0.030368,0.089024,0.01536,0.188416,0.811008,0.026051,1244819,1244819,415283,33.3609,1920,1080,raygs,triangles,1,off,0,on,-4
1781754695936153598,3866.54,827.828,1.20798,1.14694,1.1353,0.030112,0.089472,0.016384,0.188416,0.810912,0.040639,1244819,1244819,415283,33.3609,1920,1080,raygs,triangles,1,off,0,on,-4
1781754695937469788,3867.86,827.724,1.20813,1.31558,1.30192,0.030336,0.08976,0.01552,0.355328,0.810976,0.01821,1244819,1244819,415283,33.3609,1920,1080,raygs,triangles,1,off,0,on,-4
1781754695938838415,3869.23,825.87,1.21084,1.33856,1.32614,0.030272,0.0896,0.01536,0.379904,0.811008,0.025861,1244819,1244819,415283,33.3609,1920,1080,raygs,triangles,1,off,0,on,-4
1781754695940010161,3870.4,823.468,1.21438,1.14698,1.13462,0.030144,0.089984,0.016384,0.187392,0.81072,0.025294,1244819,1244819,415283,33.3609,1920,1080,raygs,triangles,1,off,0,on,-4
1781754695941189636,3871.58,823.767,1.21393,1.1464,1.13475,0.030592,0.089376,0.016384,0.187392,0.811008,0.032844,1244819,1244819,415283,33.3609,1920,1080,raygs,triangles,1,off,0,on,-4
1781754695942351117,3872.74,823.811,1.21387,1.14717,1.13443,0.030368,0.08896,0.01568,0.188416,0.811008,0.021482,1244819,1244819,415283,33.3609,1920,1080,raygs,triangles,1,off,0,on,-4
1781754695943528027,3873.92,823.786,1.21391,1.14762,1.13488,0.02976,0.089312,0.016384,0.18944,0.809984,0.026913,1244819,1244819,415283,33.3609,1920,1080,raygs,triangles,1,off,0,on,-4
1781754695944712211,3875.1,826.478,1.20995,1.14736,1.13354,0.02944,0.089152,0.01552,0.188416,0.811008,0.033823,1244819,1244819,415283,33.3609,1920,1080,raygs,triangles,1,off,0,on,-4
1781754695945978935,3876.37,828.029,1.20769,1.14739,1.13395,0.029536,0.08976,0.016384,0.187392,0.81088,0.018739,1244819,1244819,415283,33.3609,1920,1080,raygs,triangles,1,off,0,on,-4
1781754695947174418,3877.57,826.887,1.20936,1.14906,1.13715,0.0312,0.089344,0.016384,0.18944,0.810784,0.026883,1244819,1244819,415283,33.3609,1920,1080,raygs,triangles,1,off,0,on,-4
1781754695948386885,3878.78,826.376,1.2101,1.14778,1.13622,0.029952,0.08976,0.016384,0.18944,0.810688,0.039338,1244819,1244819,415283,33.3609,1920,1080,raygs,triangles,1,off,0,on,-4
1781754695949502081,3879.89,826.416,1.21004,1.14934,1.1367,0.030496,0.089376,0.01536,0.190464,0.811008,0.020359,1244819,1244819,415283,33.3609,1920,1080,raygs,triangles,1,off,0,on,-4
1781754695950693499,3881.08,827.051,1.20911,1.14877,1.13616,0.029888,0.08944,0.016384,0.18944,0.811008,0.028544,1244819,1244819,415283,33.3609,1920,1080,raygs,triangles,1,off,0,on,-4
1781754695951864740,3882.26,828.382,1.20717,1.14749,1.13446,0.029664,0.090016,0.01536,0.188416,0.811008,0.02726,1244819,1244819,415283,33.3609,1920,1080,raygs,triangles,1,off,0,on,-4
1781754695953038653,3883.43,828.982,1.2063,1.15024,1.13648,0.029312,0.08928,0.016384,0.190496,0.811008,0.027646,1244819,1244819,415283,33.3609,1920,1080,raygs,triangles,1,off,0,on,-4
1781754695954459073,3884.85,828.441,1.20709,1.38573,1.37459,0.030368,0.089952,0.016384,0.427008,0.81088,0.034563,1244819,1244819,415283,33.3609,1920,1080,raygs,triangles,1,off,0,on,-4
1781754695955756083,3886.15,825.683,1.21112,1.2873,1.2729,0.030176,0.088608,0.01536,0.327872,0.81088,0.021966,1244819,1244819,415283,33.3609,1920,1080,raygs,triangles,1,off,0,on,-4
1781754695956959463,3887.35,823.779,1.21392,1.14646,1.13386,0.029632,0.090496,0.016352,0.187392,0.809984,0.041754,1244819,1244819,415283,33.3609,1920,1080,raygs,triangles,1,off,0,on,-4
1781754695958094476,3888.49,823.862,1.2138,1.14771,1.13629,0.03024,0.089568,0.016352,0.18944,0.810688,0.016738,1244819,1244819,415283,33.3609,1920,1080,raygs,triangles,1,off,0,on,-4
1781754695959300091,3889.69,824.076,1.21348,1.14803,1.13654,0.030208,0.0896,0.015744,0.18944,0.811552,0.039698,1244819,1244819,415283,33.3609,1920,1080,raygs,triangles,1,off,0,on,-4
1781754695960452088,3890.84,824.022,1.21356,1.14723,1.13286,0.029408,0.089344,0.015712,0.188416,0.809984,0.019535,1244819,1244819,415283,33.3609,1920,1080,raygs,triangles,1,off,0,on,-4
1781754695961747866,3892.14,826.299,1.21021,1.14858,1.13472,0.029728,0.089408,0.016384,0.188416,0.810784,0.027623,1244819,1244819,415283,33.3609,1920,1080,raygs,triangles,1,off,0,on,-4
1781754695962963393,3893.35,826.501,1.20992,1.14864,1.13642,0.031136,0.089472,0.016384,0.18944,0.809984,0.054529,1244819,1244819,415283,33.3609,1920,1080,raygs,triangles,1,off,0,on,-4
1781754695964262935,3894.65,826.02,1.21062,1.14778,1.13402,0.02992,0.089312,0.01536,0.188416,0.811008,0.032549,1244819,1244819,415283,33.3609,1920,1080,raygs,triangles,1,off,0,on,-4
1781754695965399375,3895.79,825.656,1.21116,1.14803,1.13398,0.030176,0.088832,0.015552,0.18944,0.809984,0.04278,1244819,1244819,415283,33.3609,1920,1080,raygs,triangles,1,off,0,on,-4
1781754695966556794,3896.95,825.341,1.21162,1.14851,1.13568,0.030176,0.089696,0.01536,0.18944,0.811008,0.03728,1244819,1244819,415283,33.3609,1920,1080,raygs,triangles,1,off,0,on,-4
1781754695967726119,3898.12,825.458,1.21145,1.14691,1.13584,0.0304,0.089632,0.016384,0.188416,0.811008,0.035816,1244819,1244819,415283,33.3609,1920,1080,raygs,triangles,1,off,0,on,-4
1781754695968898486,3899.29,826.865,1.20939,1.15024,1.13933,0.0304,0.090048,0.016384,0.191488,0.811008,0.03495,1244819,1244819,415283,33.3609,1920,1080,raygs,triangles,1,off,0,on,-4
1781754695970293664,3900.68,826.54,1.20986,1.3232,1.30925,0.030272,0.088736,0.015712,0.364544,0.809984,0.038062,1244819,1244819,415283,33.3609,1920,1080,raygs,triangles,1,off,0,on,-4
1781754695971648366,3902.04,823.98,1.21362,1.3737,1.36096,0.030112,0.089728,0.238624,0.191488,0.811008,0.035594,1244819,1244819,415283,33.3609,1920,1080,raygs,triangles,1,off,0,on,-4
1781754695972820929,3903.21,821.926,1.21666,1.14819,1.13578,0.030336,0.089632,0.016384,0.18944,0.809984,0.03622,1244819,1244819,415283,33.3609,1920,1080,raygs,triangles,1,off,0,on,-4
1781754695973987675,3904.38,822.376,1.21599,1.14787,1.1343,0.030048,0.089472,0.01536,0.188416,0.811008,0.034196,1244819,1244819,415283,33.3609,1920,1080,raygs,triangles,1,off,0,on,-4
1781754695975161754,3905.55,823.666,1.21408,1.14835,1.13386,0.029472,0.0896,0.01536,0.188416,0.811008,0.034142,1244819,1244819,415283,33.3609,1920,1080,raygs,triangles,1,off,0,on,-4
1781754695976338422,3906.73,823.656,1.2141,1.14717,1.13443,0.030336,0.089632,0.01536,0.188416,0.810688,0.036218,1244819,1244819,415283,33.3609,1920,1080,raygs,triangles,1,off,0,on,-4
1781754695977512728,3907.9,824.637,1.21266,1.14614,1.1351,0.03008,0.089216,0.016384,0.188416,0.811008,0.035048,1244819,1244819,415283,33.3609,1920,1080,raygs,triangles,1,off,0,on,-4
1781754695978700529,3909.09,826.726,1.20959,1.14794,1.13645,0.030048,0.089568,0.016384,0.18944,0.811008,0.038374,1244819,1244819,415283,33.3609,1920,1080,raygs,triangles,1,off,0,on,-4
1781754695979979648,3910.37,826.592,1.20979,1.26499,1.25123,0.0304,0.089408,0.01552,0.305152,0.810752,0.034578,1244819,1244819,415283,33.3609,1920,1080,raygs,triangles,1,off,0,on,-4
1781754695981144762,3911.54,825.821,1.21092,1.14874,1.13488,0.031936,0.090208,0.01536,0.187392,0.809984,0.03459,1244819,1244819,415283,33.3609,1920,1080,raygs,triangles,1,off,0,on,-4
1781754695982264292,3912.66,825.297,1.21169,1.14922,1.13709,0.030592,0.090688,0.016384,0.18944,0.809984,0.034868,1244819,1244819,415283,33.3609,1920,1080,raygs,triangles,1,off,0,on,-4
1781754695983383258,3913.77,827.174,1.20894,1.14771,1.1345,0.029888,0.089536,0.01552,0.18864,0.810912,0.017076,1244819,1244819,415283,33.3609,1920,1080,raygs,triangles,1,off,0,on,-4
1781754695984558792,3914.95,827.678,1.2082,1.14717,1.13347,0.029312,0.08928,0.015456,0.188416,0.811008,0.027028,1244819,1244819,415283,33.3609,1920,1080,raygs,triangles,1,off,0,on,-4
1781754695985725262,3916.12,831.287,1.20295,1.14966,1.13738,0.02976,0.08976,0.016384,0.190464,0.811008,0.026648,1244819,1244819,415283,33.3609,1920,1080,raygs,triangles,1,off,0,on,-4
1781754695987095267,3917.49,829.86,1.20502,1.14765,1.1344,0.030336,0.08944,0.016224,0.188416,0.809984,0.026252,1244819,1244819,415283,33.3609,1920,1080,raygs,triangles,1,off,0,on,-4
1781754695988393656,3918.78,827.067,1.20909,1.15139,1.13834,0.035808,0.088768,0.016384,0.186368,0.811008,0.026444,1244819,1244819,415283,33.3609,1920,1080,raygs,triangles,1,off,0,on,-4
1781754695989556160,3919.95,825.681,1.21112,1.14832,1.1352,0.031392,0.090016,0.015552,0.187392,0.810848,0.023844,1244819,1244819,415283,33.3609,1920,1080,raygs,triangles,1,off,0,on,-4
1781754695990729432,3921.12,825.817,1.21092,1.14778,1.13629,0.029952,0.089504,0.016384,0.18944,0.811008,0.023712,1244819,1244819,415283,33.3609,1920,1080,raygs,triangles,1,off,0,on,-4
1781754695991908103,3922.3,825.744,1.21103,1.14598,1.13494,0.030176,0.08896,0.016384,0.188416,0.811008,0.025346,1244819,1244819,415283,33.3609,1920,1080,raygs,triangles,1,off,0,on,-4
1781754695993100097,3923.49,825.698,1.2111,1.17085,1.15885,0.030496,0.088992,0.016384,0.212992,0.809984,0.024812,1244819,1244819,415283,33.3609,1920,1080,raygs,triangles,1,off,0,on,-4
1781754695994288463,3924.68,827.365,1.20866,1.14621,1.13421,0.030176,0.089248,0.016384,0.188416,0.809984,0.026603,1244819,1244819,415283,33.3609,1920,1080,raygs,triangles,1,off,0,on,-4
1781754695995756518,3926.15,829.476,1.20558,1.14749,1.13491,0.029632,0.089472,0.016384,0.188416,0.811008,0.049985,1244819,1244819,415283,33.3609,1920,1080,raygs,triangles,1,off,0,on,-4
1781754695996889490,3927.28,825.661,1.21115,1.15005,1.13616,0.0312,0.08896,0.015552,0.18944,0.811008,0.036639,1244819,1244819,415283,33.3609,1920,1080,raygs,triangles,1,off,0,on,-4
1781754695998048565,3928.44,826.587,1.20979,1.14736,1.13453,0.029504,0.089216,0.016384,0.18944,0.809984,0.036004,1244819,1244819,415283,33.3609,1920,1080,raygs,triangles,1,off,0,on,-4
1781754695999224788,3929.62,826.215,1.21034,1.14848,1.13421,0.029632,0.088576,0.015552,0.18944,0.811008,0.040498,1244819,1244819,415283,33.3609,1920,1080,raygs,triangles,1,off,0,on,-4
1781754696000364475,3930.76,826.387,1.21009,1.14877,1.13546,0.029888,0.089568,0.016384,0.188864,0.810752,0.029999,1244819,1244819,415283,33.3609,1920,1080,raygs,triangles,1,off,0,on,-4
1781754696001569081,3931.96,826.655,1.20969,1.14765,1.13619,0.030336,0.08944,0.016384,0.18944,0.810592,0.035288,1244819,1244819,415283,33.3609,1920,1080,raygs,triangles,1,off,0,on,-4
1781754696002732789,3933.12,827.739,1.20811,1.14954,1.13606,0.030272,0.089312,0.01536,0.18944,0.81168,0.034729,1244819,1244819,415283,33.3609,1920,1080,raygs,triangles,1,off,0,on,-4
1781754696004137400,3934.53,827.901,1.20787,1.37482,1.3631,0.029632,0.089312,0.016384,0.416768,0.811008,0.034965,1244819,1244819,415283,33.3609,1920,1080,raygs,triangles,1,off,0,on,-4
1781754696005450290,3935.84,825.471,1.21143,1.2895,1.27648,0.030624,0.088608,0.016384,0.330112,0.810752,0.034501,1244819,1244819,415283,33.3609,1920,1080,raygs,triangles,1,off,0,on,-4
1781754696006619465,3937.01,823.523,1.2143,1.14838,1.13546,0.030528,0.091168,0.016384,0.187392,0.809984,0.034318,1244819,1244819,415283,33.3609,1920,1080,raygs,triangles,1,off,0,on,-4
1781754696007793507,3938.18,823.601,1.21418,1.14842,1.13459,0.029568,0.089408,0.016192,0.188416,0.811008,0.034574,1244819,1244819,415283,33.3609,1920,1080,raygs,triangles,1,off,0,on,-4
1781754696008964261,3939.36,823.718,1.21401,1.14637,1.1353,0.031008,0.0896,0.016384,0.187392,0.810912,0.034296,1244819,1244819,415283,33.3609,1920,1080,raygs,triangles,1,off,0,on,-4
1781754696010138154,3940.53,823.885,1.21376,1.14614,1.13171,0.030336,0.089696,0.015584,0.185344,0.810752,0.034535,1244819,1244819,415283,33.3609,1920,1080,raygs,triangles,1,off,0,on,-4
1781754696011321130,3941.71,825.65,1.21117,1.14746,1.13411,0.0296,0.0896,0.016384,0.187808,0.81072,0.036591,1244819,1244819,415283,33.3609,1920,1080,raygs,triangles,1,off,0,on,-4
1781754696012647349,3943.04,827.623,1.20828,1.14768,1.13315,0.029856,0.08944,0.015456,0.188416,0.809984,0.038539,1244819,1244819,415283,33.3609,1920,1080,raygs,triangles,1,off,0,on,-4
1781754696013801688,3944.19,825.836,1.21089,1.14758,1.13347,0.030752,0.089984,0.01536,0.187392,0.809984,0.035878,1244819,1244819,415283,33.3609,1920,1080,raygs,triangles,1,off,0,on,-4
1781754696014966272,3945.36,826.095,1.21051,1.14794,1.13344,0.03008,0.088896,0.01536,0.188416,0.810688,0.035439,1244819,1244819,415283,33.3609,1920,1080,raygs,triangles,1,off,0,on,-4
1781754696016145315,3946.54,826.301,1.21021,1.14762,1.13562,0.029792,0.089248,0.016384,0.18944,0.810752,0.037336,1244819,1244819,415283,33.3609,1920,1080,raygs,triangles,1,off,0,on,-4
1781754696017328575,3947.72,826.083,1.21053,1.14717,1.13491,0.030528,0.089824,0.01616,0.187392,0.811008,0.036325,1244819,1244819,415283,33.3609,1920,1080,raygs,triangles,1,off,0,on,-4
1781754696018528925,3948.92,825.968,1.2107,1.14819,1.13542,0.029312,0.089312,0.016352,0.190464,0.809984,0.041036,1244819,1244819,415283,33.3609,1920,1080,raygs,triangles,1,off,0,on,-4
1781754696019674721,3950.07,826.84,1.20942,1.14707,1.13299,0.03024,0.088992,0.01536,0.188416,0.809984,0.036819,1244819,1244819,415283,33.3609,1920,1080,raygs,triangles,1,off,0,on,-4
1781754696021026530,3951.42,827.429,1.20856,1.33882,1.32643,0.030048,0.089312,0.016384,0.379904,0.810784,0.035533,1244819,1244819,415283,33.3609,1920,1080,raygs,triangles,1,off,0,on,-4
1781754696022373124,3952.76,825.703,1.21109,1.32006,1.13584,0.030176,0.089664,0.015424,0.189728,0.810848,0.038506,1244819,1244819,415283,33.3609,1920,1080,raygs,triangles,1,off,0,on,-4
1781754696023538888,3953.93,823.271,1.21467,1.15008,1.13702,0.032224,0.088992,0.016384,0.188416,0.811008,0.037033,1244819,1244819,415283,33.3609,1920,1080,raygs,triangles,1,off,0,on,-4
1781754696024741918,3955.13,823.533,1.21428,1.14717,1.13517,0.030464,0.08992,0.016384,0.188416,0.809984,0.03872,1244819,1244819,415283,33.3609,1920,1080,raygs,triangles,1,off,0,on,-4
1781754696025889951,3956.28,823.136,1.21487,1.14691,1.13491,0.03008,0.089024,0.016384,0.188416,0.811008,0.035057,1244819,1244819,415283,33.3609,1920,1080,raygs,triangles,1,off,0,on,-4
1781754696027051634,3957.44,823.502,1.21433,1.14688,1.13482,0.03024,0.089792,0.016384,0.188416,0.809984,0.034085,1244819,1244819,415283,33.3609,1920,1080,raygs,triangles,1,off,0,on,-4
1781754696028229231,3958.62,826.351,1.21014,1.14528,1.13219,0.029472,0.089312,0.016384,0.187392,0.809632,0.039122,1244819,1244819,415283,33.3609,1920,1080,raygs,triangles,1,off,0,on,-4
1781754696029525031,3959.92,827.847,1.20795,1.14758,1.13296,0.029728,0.089344,0.015488,0.188416,0.809984,0.036343,1244819,1244819,415283,33.3609,1920,1080,raygs,triangles,1,off,0,on,-4
1781754696030684951,3961.08,826.64,1.20972,1.1496,1.13722,0.03072,0.089696,0.016352,0.190464,0.809984,0.033646,1244819,1244819,415283,33.3609,1920,1080,raygs,triangles,1,off,0,on,-4
1781754696031855900,3962.25,826.514,1.2099,1.14739,1.13277,0.029568,0.089312,0.015488,0.188416,0.809984,0.034184,1244819,1244819,415283,33.3609,1920,1080,raygs,triangles,1,off,0,on,-4
1781754696033030130,3963.42,826.75,1.20956,1.14877,1.13715,0.029888,0.089536,0.016384,0.18944,0.811904,0.034494,1244819,1244819,415283,33.3609,1920,1080,raygs,triangles,1,off,0,on,-4
1781754696034209244,3964.6,826.625,1.20974,1.14717,1.13523,0.030336,0.089088,0.016384,0.18944,0.809984,0.040027,1244819,1244819,415283,33.3609,1920,1080,raygs,triangles,1,off,0,on,-4
1781754696035382203,3965.77,828.193,1.20745,1.14813,1.13389,0.02928,0.089248,0.01536,0.18944,0.81056,0.033956,1244819,1244819,415283,33.3609,1920,1080,raygs,triangles,1,off,0,on,-4
1781754696036559385,3966.95,828.72,1.20668,1.15078,1.13917,0.029888,0.089632,0.016384,0.192512,0.810752,0.03402,1244819,1244819,415283,33.3609,1920,1080,raygs,triangles,1,off,0,on,-4
1781754696037942303,3968.33,830.057,1.20474,1.34685,1.33574,0.030368,0.089888,0.016384,0.388096,0.811008,0.036118,1244819,1244819,415283,33.3609,1920,1080,raygs,triangles,1,off,0,on,-4
1781754696039272829,3969.66,827.16,1.20896,1.2872,1.27315,0.030112,0.090016,0.01536,0.32768,0.809984,0.040891,1244819,1244819,415283,33.3609,1920,1080,raygs,triangles,1,off,0,on,-4
1781754696040380829,3970.77,825.162,1.21188,1.1495,1.13629,0.030048,0.090592,0.016384,0.188416,0.810848,0.028886,1244819,1244819,415283,33.3609,1920,1080,raygs,triangles,1,off,0,on,-4
1781754696041481685,3971.87,826.049,1.21058,1.14851,1.13606,0.030656,0.0896,0.016384,0.18944,0.809984,0.017823,1244819,1244819,415283,33.3609,1920,1080,raygs,triangles,1,off,0,on,-4
1781754696042646544,3973.04,826.893,1.20935,1.14582,1.13274,0.030528,0.088448,0.016384,0.187392,0.809984,0.025743,1244819,1244819,415283,33.3609,1920,1080,raygs,triangles,1,off,0,on,-4
1781754696043822630,3974.21,829.709,1.20524,1.14669,1.13443,0.029856,0.089792,0.016384,0.188416,0.809984,0.026774,1244819,1244819,415283,33.3609,1920,1080,raygs,triangles,1,off,0,on,-4
1781754696045270805,3975.66,831.544,1.20258,1.14813,1.13411,0.030272,0.088832,0.015616,0.1888,0.810592,0.050314,1244819,1244819,415283,33.3609,1920,1080,raygs,triangles,1,off,0,on,-4
1781754696046408932,3976.8,828.107,1.20757,1.14918,1.13651,0.030304,0.08928,0.016384,0.189792,0.810752,0.035119,1244819,1244819,415283,33.3609,1920,1080,raygs,triangles,1,off,0,on,-4
1781754696047580727,3977.97,828.494,1.20701,1.14928,1.1359,0.0304,0.088672,0.016384,0.18944,0.811008,0.035251,1244819,1244819,415283,33.3609,1920,1080,raygs,triangles,1,off,0,on,-4
1781754696048750389,3979.14,828.563,1.20691,1.14832,1.13514,0.030464,0.08912,0.01536,0.18944,0.810752,0.034093,1244819,1244819,415283,33.3609,1920,1080,raygs,triangles,1,off,0,on,-4
1781754696049951893,3980.34,828.631,1.20681,1.14646,1.13386,0.029632,0.08944,0.016384,0.188416,0.809984,0.037908,1244819,1244819,415283,33.3609,1920,1080,raygs,triangles,1,off,0,on,-4
1781754696051241142,3981.63,828.206,1.20743,1.14864,1.13718,0.030304,0.08944,0.016384,0.190464,0.810592,0.035658,1244819,1244819,415283,33.3609,1920,1080,raygs,triangles,1,off,0,on,-4
1781754696052401223,3982.79,827.145,1.20898,1.14832,1.13664,0.030496,0.089312,0.016384,0.18944,0.811008,0.034491,1244819,1244819,415283,33.3609,1920,1080,raygs,triangles,1,off,0,on,-4
1781754696053719348,3984.11,828.479,1.20703,1.14803,1.13568,0.030208,0.088992,0.016384,0.18944,0.810656,0.034527,1244819,1244819,415283,33.3609,1920,1080,raygs,triangles,1,off,0,on,-4
1781754696055062114,3985.45,827.415,1.20858,1.1496,1.13642,0.032128,0.089504,0.016384,0.187392,0.811008,0.034089,1244819,1244819,415283,33.3609,1920,1080,raygs,triangles,1,off,0,on,-4
1781754696056242302,3986.63,823.972,1.21363,1.15139,1.13677,0.034592,0.08944,0.01536,0.187392,0.809984,0.033756,1244819,1244819,415283,33.3609,1920,1080,raygs,triangles,1,off,0,on,-4
1781754696057420176,3987.81,823.225,1.21474,1.14848,1.13603,0.0296,0.0896,0.016384,0.18944,0.811008,0.036074,1244819,1244819,415283,33.3609,1920,1080,raygs,triangles,1,off,0,on,-4
1781754696058585556,3988.98,823.181,1.2148,1.14669,1.13402,0.029856,0.089504,0.016256,0.187392,0.811008,0.033273,1244819,1244819,415283,33.3609,1920,1080,raygs,triangles,1,off,0,on,-4
1781754696059771273,3990.16,823.215,1.21475,1.14995,1.13846,0.030048,0.089888,0.016384,0.191488,0.810656,0.034983,1244819,1244819,415283,33.3609,1920,1080,raygs,triangles,1,off,0,on,-4
1781754696060941504,3991.33,825.313,1.21166,1.1463,1.13318,0.030528,0.089728,0.015552,0.187392,0.809984,0.034986,1244819,1244819,415283,33.3609,1920,1080,raygs,triangles,1,off,0,on,-4
1781754696062164172,3992.56,826.588,1.20979,1.14669,1.13472,0.02992,0.089312,0.016384,0.188416,0.810688,0.030992,1244819,1244819,415283,33.3609,1920,1080,raygs,triangles,1,off,0,on,-4
1781754696063296072,3993.69,826.13,1.21046,1.14918,1.1375,0.031264,0.089856,0.016384,0.190464,0.809536,0.017276,1244819,1244819,415283,33.3609,1920,1080,raygs,triangles,1,off,0,on,-4
1781754696064462528,3994.85,826.752,1.20955,1.14733,1.13632,0.030496,0.090016,0.016384,0.188416,0.811008,0.027415,1244819,1244819,415283,33.3609,1920,1080,raygs,triangles,1,off,0,on,-4
1781754696065638897,3996.03,826.958,1.20925,1.14614,1.13328,0.030752,0.088512,0.015616,0.187392,0.811008,0.026737,1244819,1244819,415283,33.3609,1920,1080,raygs,triangles,1,off,0,on,-4
1781754696066810381,3997.2,827.15,1.20897,1.14819,1.13507,0.030336,0.088832,0.016384,0.188736,0.810784,0.025693,1244819,1244819,415283,33.3609,1920,1080,raygs,triangles,1,off,0,on,-4
1781754696067970487,3998.36,827.349,1.20868,1.14586,1.13312,0.03008,0.08928,0.01536,0.187392,0.811008,0.02657,1244819,1244819,415283,33.3609,1920,1080,raygs,triangles,1,off,0,on,-4
1781754696069147128,3999.54,831.298,1.20294,1.14906,1.13597,0.030176,0.088864,0.016384,0.189824,0.81072,0.025865,1244819,1244819,415283,33.3609,1920,1080,raygs,triangles,1,off,0,on,-4
1781754696070563559,4000.95,830.711,1.20379,1.39002,1.37715,0.030528,0.089152,0.016384,0.431104,0.809984,0.025171,1244819,1244819,415283,33.3609,1920,1080,raygs,triangles,1,off,0,on,-4
1781754696071871468,4002.26,827.67,1.20821,1.28643,1.27293,0.030336,0.089568,0.01536,0.32768,0.809984,0.025037,1244819,1244819,415283,33.3609,1920,1080,raygs,triangles,1,off,0,on,-4
1781754696073039563,4003.43,826.25,1.21029,1.14832,1.13632,0.030496,0.09104,0.016384,0.187392,0.811008,0.024074,1244819,1244819,415283,33.3609,1920,1080,raygs,triangles,1,off,0,on,-4
1781754696074220207,4004.61,826.038,1.2106,1.14755,1.13514,0.029728,0.0896,0.016384,0.188416,0.811008,0.03132,1244819,1244819,415283,33.3609,1920,1080,raygs,triangles,1,off,0,on,-4
1781754696075391347,4005.78,826.167,1.21041,1.14688,1.13258,0.03008,0.089024,0.01536,0.187392,0.81072,0.023957,1244819,1244819,415283,33.3609,1920,1080,raygs,triangles,1,off,0,on,-4
1781754696076581546,4006.97,826.05,1.21058,1.16016,1.14595,0.030048,0.088832,0.01536,0.201728,0.809984,0.025803,1244819,1244819,415283,33.3609,1920,1080,raygs,triangles,1,off,0,on,-4
1781754696077770145,4008.16,828.474,1.20704,1.14813,1.13603,0.030208,0.090016,0.016384,0.18944,0.809984,0.02793,1244819,1244819,415283,33.3609,1920,1080,raygs,triangles,1,off,0,on,-4
1781754696079061679,4009.45,829.881,1.20499,1.14851,1.1361,0.029632,0.088608,0.016384,0.190464,0.811008,0.025463,1244819,1244819,415283,33.3609,1920,1080,raygs,triangles,1,off,0,on,-4
1781754696080225714,4010.62,828.494,1.20701,1.14714,1.13613,0.030624,0.089696,0.016384,0.188416,0.811008,0.025914,1244819,1244819,415283,33.3609,1920,1080,raygs,triangles,1,off,0,on,-4
1781754696081408987,4011.8,828.664,1.20676,1.1503,1.1383,0.0304,0.089024,0.016384,0.191488,0.811008,0.026887,1244819,1244819,415283,33.3609,1920,1080,raygs,triangles,1,off,0,on,-4
1781754696082592591,4012.98,828.523,1.20697,1.14653,1.13325,0.029728,0.089856,0.01536,0.187392,0.810912,0.027479,1244819,1244819,415283,33.3609,1920,1080,raygs,triangles,1,off,0,on,-4
1781754696083807851,4014.2,828.378,1.20718,1.14778,1.13526,0.029952,0.0896,0.016384,0.188416,0.810912,0.0415,1244819,1244819,415283,33.3609,1920,1080,raygs,triangles,1,off,0,on,-4
1781754696084916266,4015.31,827.988,1.20775,1.14717,1.13318,0.030336,0.089088,0.01536,0.188416,0.809984,0.016255,1244819,1244819,415283,33.3609,1920,1080,raygs,triangles,1,off,0,on,-4
1781754696086105905,4016.5,830.575,1.20398,1.14874,1.13494,0.030912,0.089504,0.01536,0.188416,0.810752,0.026582,1244819,1244819,415283,33.3609,1920,1080,raygs,triangles,1,off,0,on,-4
1781754696087488794,4017.88,830.138,1.20462,1.36237,1.3503,0.030496,0.08896,0.016384,0.403456,0.811008,0.025456,1244819,1244819,415283,33.3609,1920,1080,raygs,triangles,1,off,0,on,-4
1781754696088787514,4019.18,827.642,1.20825,1.28541,1.27283,0.030464,0.089344,0.01536,0.32688,0.810784,0.027938,1244819,1244819,415283,33.3609,1920,1080,raygs,triangles,1,off,0,on,-4
1781754696089994618,4020.39,826.352,1.21014,1.14646,1.13558,0.030656,0.090176,0.016384,0.187616,0.810752,0.036199,1244819,1244819,415283,33.3609,1920,1080,raygs,triangles,1,off,0,on,-4
1781754696091126746,4021.52,826.078,1.21054,1.14573,1.13414,0.029952,0.089408,0.016384,0.187392,0.811008,0.021396,1244819,1244819,415283,33.3609,1920,1080,raygs,triangles,1,off,0,on,-4
1781754696092309082,4022.7,826.897,1.20934,1.14576,1.13354,0.029952,0.08864,0.016384,0.187552,0.811008,0.02544,1244819,1244819,415283,33.3609,1920,1080,raygs,triangles,1,off,0,on,-4
1781754696093466891,4023.86,826.4,1.21007,1.14835,1.13616,0.030432,0.088928,0.016384,0.18944,0.810976,0.023946,1244819,1244819,415283,33.3609,1920,1080,raygs,triangles,1,off,0,on,-4
1781754696094650842,4025.04,828.633,1.20681,1.1488,1.13434,0.029952,0.0896,0.01536,0.18944,0.809984,0.023823,1244819,1244819,415283,33.3609,1920,1080,raygs,triangles,1,off,0,on,-4
1781754696095938837,4026.33,830.471,1.20414,1.14896,1.13546,0.030144,0.0888,0.016384,0.18944,0.810688,0.023631,1244819,1244819,415283,33.3609,1920,1080,raygs,triangles,1,off,0,on,-4
1781754696097106471,4027.5,829.075,1.20616,1.1489,1.1369,0.031072,0.089376,0.01536,0.18944,0.811648,0.023366,1244819,1244819,415283,33.3609,1920,1080,raygs,triangles,1,off,0,on,-4
1781754696098290321,4028.68,829.523,1.20551,1.14826,1.13443,0.030432,0.089216,0.01536,0.18944,0.809984,0.025142,1244819,1244819,415283,33.3609,1920,1080,raygs,triangles,1,off,0,on,-4
1781754696099462685,4029.85,828.914,1.2064,1.14922,1.13709,0.030336,0.08992,0.016384,0.190464,0.809984,0.024948,1244819,1244819,415283,33.3609,1920,1080,raygs,triangles,1,off,0,on,-4
1781754696100626912,4031.02,828.947,1.20635,1.14771,1.13389,0.029888,0.089504,0.016096,0.188416,0.809984,0.023506,1244819,1244819,415283,33.3609,1920,1080,raygs,triangles,1,off,0,on,-4
1781754696101799072,4032.19,829.101,1.20613,1.14723,1.13366,0.0304,0.089504,0.01536,0.188416,0.809984,0.023586,1244819,1244819,415283,33.3609,1920,1080,raygs,triangles,1,off,0,on,-4
1781754696102979332,4033.37,830.537,1.20404,1.14819,1.13565,0.030368,0.089504,0.015616,0.18944,0.81072,0.029354,1244819,1244819,415283,33.3609,1920,1080,raygs,triangles,1,off,0,on,-4
1781754696104390663,4034.78,830.209,1.20452,1.3881,1.37501,0.030048,0.088512,0.01536,0.43008,0.811008,0.024305,1244819,1244819,415283,33.3609,1920,1080,raygs,triangles,1,off,0,on,-4
1781754696105701221,4036.09,827.5,1.20846,1.2872,1.27504,0.030112,0.088896,0.01632,0.329728,0.809984,0.024026,1244819,1244819,415283,33.3609,1920,1080,raygs,triangles,1,off,0,on,-4
1781754696106874719,4037.27,825.956,1.21072,1.14938,1.13837,0.03008,0.090336,0.016384,0.189792,0.811776,0.023265,1244819,1244819,415283,33.3609,1920,1080,raygs,triangles,1,off,0,on,-4
1781754696108051101,4038.44,825.982,1.21068,1.14589,1.13296,0.03008,0.088768,0.015712,0.187392,0.811008,0.024997,1244819,1244819,415283,33.3609,1920,1080,raygs,triangles,1,off,0,on,-4
1781754696109233374,4039.62,825.989,1.21067,1.14864,1.13587,0.029792,0.089472,0.016384,0.18944,0.810784,0.024495,1244819,1244819,415283,33.3609,1920,1080,raygs,triangles,1,off,0,on,-4
1781754696110408114,4040.8,825.913,1.21078,1.14774,1.1361,0.02992,0.089632,0.016384,0.18944,0.81072,0.024098,1244819,1244819,415283,33.3609,1920,1080,raygs,triangles,1,off,0,on,-4
1781754696111576859,4041.97,828.322,1.20726,1.14714,1.13408,0.030336,0.08896,0.016384,0.188416,0.809984,0.024185,1244819,1244819,415283,33.3609,1920,1080,raygs,triangles,1,off,0,on,-4
1781754696112866261,4043.26,830.132,1.20463,1.14934,1.13462,0.029472,0.08928,0.01536,0.1896,0.810912,0.024089,1244819,1244819,415283,33.3609,1920,1080,raygs,triangles,1,off,0,on,-4
1781754696114031163,4044.42,827.864,1.20793,1.14848,1.13578,0.03168,0.089312,0.01536,0.188416,0.811008,0.025306,1244819,1244819,415283,33.3609,1920,1080,raygs,triangles,1,off,0,on,-4
1781754696115215798,4045.61,827.12,1.20901,1.14835,1.13402,0.03024,0.089152,0.015456,0.188416,0.810752,0.029047,1244819,1244819,415283,33.3609,1920,1080,raygs,triangles,1,off,0,on,-4
1781754696116384675,4046.78,826.83,1.20944,1.14739,1.13536,0.030592,0.090112,0.016384,0.187392,0.81088,0.024788,1244819,1244819,415283,33.3609,1920,1080,raygs,triangles,1,off,0,on,-4
1781754696117551890,4047.94,826.994,1.2092,1.1481,1.13469,0.030272,0.088608,0.016384,0.18944,0.809984,0.024016,1244819,1244819,415283,33.3609,1920,1080,raygs,triangles,1,off,0,on,-4
1781754696118725665,4049.12,830.489,1.20411,1.14733,1.13645,0.029472,0.089472,0.016384,0.18944,0.81168,0.023706,1244819,1244819,415283,33.3609,1920,1080,raygs,triangles,1,off,0,on,-4
1781754696120072632,4050.46,830.018,1.20479,1.14992,1.13686,0.030048,0.088832,0.015584,0.191488,0.810912,0.024831,1244819,1244819,415283,33.3609,1920,1080,raygs,triangles,1,off,0,on,-4
1781754696121376925,4051.77,828.001,1.20773,1.15286,1.13997,0.03504,0.089984,0.016384,0.187712,0.810848,0.024756,1244819,1244819,415283,33.3609,1920,1080,raygs,triangles,1,off,0,on,-4
1781754696122546227,4052.94,826.465,1.20997,1.14832,1.13517,0.03152,0.088992,0.015584,0.188416,0.810656,0.023871,1244819,1244819,415283,33.3609,1920,1080,raygs,triangles,1,off,0,on,-4
1781754696123731634,4054.12,826.933,1.20929,1.14819,1.13478,0.030368,0.089536,0.015456,0.18944,0.809984,0.023959,1244819,1244819,415283,33.3609,1920,1080,raygs,triangles,1,off,0,on,-4
1781754696124905912,4055.3,828.065,1.20763,1.14627,1.13357,0.029472,0.089312,0.016384,0.188416,0.809984,0.026394,1244819,1244819,415283,33.3609,1920,1080,raygs,triangles,1,off,0,on,-4
1781754696126095574,4056.49,827.801,1.20802,1.14717,1.13325,0.030336,0.089184,0.01536,0.187392,0.810976,0.028813,1244819,1244819,415283,33.3609,1920,1080,raygs,triangles,1,off,0,on,-4
1781754696127257996,4057.65,829.366,1.20574,1.14714,1.13373,0.0304,0.088896,0.01616,0.187392,0.81088,0.026699,1244819,1244819,415283,33.3609,1920,1080,raygs,triangles,1,off,0,on,-4
1781754696128432217,4058.82,831.386,1.20281,1.14758,1.13395,0.029728,0.0896,0.01552,0.188416,0.810688,0.027001,1244819,1244819,415283,33.3609,1920,1080,raygs,triangles,1,off,0,on,-4
1781754696129741458,4060.13,831.43,1.20275,1.27901,1.26464,0.03008,0.088864,0.01536,0.319488,0.810848,0.025308,1244819,1244819,415283,33.3609,1920,1080,raygs,triangles,1,off,0,on,-4
1781754696130900458,4061.29,829.891,1.20498,1.14851,1.1345,0.029632,0.089408,0.016224,0.188416,0.810816,0.024452,1244819,1244819,415283,33.3609,1920,1080,raygs,triangles,1,off,0,on,-4
1781754696132205234,4062.6,830.005,1.20481,1.284,1.27197,0.029984,0.22512,0.015392,0.190464,0.811008,0.029351,1244819,1244819,415283,33.3609,1920,1080,raygs,triangles,1,off,0,on,-4
1781754696133381939,4063.77,828.66,1.20677,1.14848,1.1369,0.030176,0.089952,0.016384,0.18944,0.810944,0.025388,1244819,1244819,415283,33.3609,1920,1080,raygs,triangles,1,off,0,on,-4
1781754696134549652,4064.94,828.731,1.20666,1.1479,1.13542,0.030016,0.0896,0.016384,0.18944,0.809984,0.024126,1244819,1244819,415283,33.3609,1920,1080,raygs,triangles,1,off,0,on,-4
1781754696135723733,4066.12,829.231,1.20594,1.14954,1.13546,0.030368,0.089152,0.01552,0.189472,0.810944,0.024038,1244819,1244819,415283,33.3609,1920,1080,raygs,triangles,1,off,0,on,-4
1781754696137094768,4067.49,828.494,1.20701,1.14685,1.1344,0.030176,0.08944,0.01536,0.188416,0.811008,0.027265,1244819,1244819,415283,33.3609,1920,1080,raygs,triangles,1,off,0,on,-4
1781754696138388251,4068.78,826.076,1.21054,1.15094,1.1376,0.035104,0.0896,0.01552,0.186368,0.811008,0.025053,1244819,1244819,415283,33.3609,1920,1080,raygs,triangles,1,off,0,on,-4
1781754696139557310,4069.95,824.778,1.21245,1.148,1.13459,0.032192,0.089664,0.01536,0.187392,0.809984,0.024793,1244819,1244819,415283,33.3609,1920,1080,raygs,triangles,1,off,0,on,-4
1781754696140727050,4071.12,824.796,1.21242,1.14614,1.13386,0.030336,0.0896,0.01536,0.18784,0.81072,0.024131,1244819,1244819,415283,33.3609,1920,1080,raygs,triangles,1,off,0,on,-4
1781754696141905871,4072.3,824.678,1.21259,1.14746,1.13472,0.0296,0.08944,0.016384,0.188416,0.81088,0.025471,1244819,1244819,415283,33.3609,1920,1080,raygs,triangles,1,off,0,on,-4
1781754696143087177,4073.48,824.64,1.21265,1.15722,1.1448,0.030176,0.08976,0.016384,0.197632,0.810848,0.025011,1244819,1244819,415283,33.3609,1920,1080,raygs,triangles,1,off,0,on,-4
1781754696144264209,4074.66,827.404,1.2086,1.14736,1.13517,0.03056,0.089952,0.016384,0.187392,0.81088,0.024991,1244819,1244819,415283,33.3609,1920,1080,raygs,triangles,1,off,0,on,-4
1781754696145563676,4075.95,828.813,1.20654,1.14819,1.13536,0.030336,0.089216,0.016384,0.18944,0.809984,0.024599,1244819,1244819,415283,33.3609,1920,1080,raygs,triangles,1,off,0,on,-4
1781754696146726904,4077.12,827.236,1.20885,1.15101,1.13885,0.031136,0.08992,0.01632,0.191488,0.809984,0.025439,1244819,1244819,415283,33.3609,1920,1080,raygs,triangles,1,off,0,on,-4
1781754696147895051,4078.29,827.537,1.20841,1.14675,1.13274,0.029952,0.088768,0.015616,0.188416,0.809984,0.024104,1244819,1244819,415283,33.3609,1920,1080,raygs,triangles,1,off,0,on,-4
1781754696149070207,4079.46,827.599,1.20831,1.14771,1.13504,0.029792,0.08976,0.01632,0.188416,0.810752,0.0263,1244819,1244819,415283,33.3609,1920,1080,raygs,triangles,1,off,0,on,-4
1781754696150252797,4080.64,827.809,1.20801,1.14707,1.13414,0.030656,0.089728,0.016384,0.187392,0.809984,0.025108,1244819,1244819,415283,33.3609,1920,1080,raygs,triangles,1,off,0,on,-4
1781754696151492157,4081.88,827.801,1.20802,1.14749,1.13488,0.029632,0.08944,0.016384,0.18944,0.809984,0.041426,1244819,1244819,415283,33.3609,1920,1080,raygs,triangles,1,off,0,on,-4
1781754696152590321,4082.98,828.292,1.2073,1.15024,1.13792,0.030336,0.08992,0.016384,0.190464,0.810816,0.015289,1244819,1244819,415283,33.3609,1920,1080,raygs,triangles,1,off,0,on,-4
1781754696153943169,4084.33,829.136,1.20607,1.33171,1.31798,0.029568,0.089408,0.016288,0.372736,0.809984,0.024581,1244819,1244819,415283,33.3609,1920,1080,raygs,triangles,1,off,0,on,-4
1781754696155297500,4085.69,827.2,1.2089,1.324,1.13469,0.030048,0.088608,0.015584,0.190464,0.809984,0.024802,1244819,1244819,415283,33.3609,1920,1080,raygs,triangles,1,off,0,on,-4
1781754696156462511,4086.85,825.354,1.2116,1.14832,1.13459,0.030496,0.089536,0.01616,0.188416,0.809984,0.024372,1244819,1244819,415283,33.3609,1920,1080,raygs,triangles,1,off,0,on,-4
1781754696157640086,4088.03,825.958,1.21072,1.14675,1.1343,0.029952,0.089472,0.016384,0.188576,0.80992,0.024674,1244819,1244819,415283,33.3609,1920,1080,raygs,triangles,1,off,0,on,-4
1781754696158809457,4089.2,825.12,1.21194,1.14762,1.13501,0.029792,0.08944,0.016384,0.188416,0.810976,0.024553,1244819,1244819,415283,33.3609,1920,1080,raygs,triangles,1,off,0,on,-4
1781754696160003333,4090.39,825.291,1.21169,1.15773,1.14422,0.03008,0.088448,0.016384,0.197632,0.81168,0.027371,1244819,1244819,415283,33.3609,1920,1080,raygs,triangles,1,off,0,on,-4
1781754696161180922,4091.57,827.444,1.20854,1.14701,1.13312,0.030208,0.088992,0.01536,0.188736,0.809824,0.024684,1244819,1244819,415283,33.3609,1920,1080,raygs,triangles,1,off,0,on,-4
1781754696162480871,4092.87,828.778,1.2066,1.14816,1.13667,0.030304,0.089536,0.016384,0.18944,0.811008,0.024826,1244819,1244819,415283,33.3609,1920,1080,raygs,triangles,1,off,0,on,-4
1781754696163629262,4094.02,827.779,1.20805,1.148,1.1352,0.031104,0.089312,0.01536,0.188416,0.811008,0.024558,1244819,1244819,415283,33.3609,1920,1080,raygs,triangles,1,off,0,on,-4
1781754696164803314,4095.19,827.597,1.20832,1.14976,1.13702,0.029856,0.089312,0.016384,0.190464,0.811008,0.024234,1244819,1244819,415283,33.3609,1920,1080,raygs,triangles,1,off,0,on,-4
1781754696166204066,4096.6,827.673,1.20821,1.14803,1.13558,0.030176,0.0896,0.016384,0.188416,0.811008,0.050485,1244819,1244819,415283,33.3609,1920,1080,raygs,triangles,1,off,0,on,-4
1781754696167213372,4097.6,824.665,1.21261,1.14829,1.13424,0.030432,0.089024,0.01536,0.188416,0.811008,0.045525,1244819,1244819,415283,33.3609,1920,1080,raygs,triangles,1,off,0,on,-4
1781754696168345507,4098.74,826.856,1.2094,1.14685,1.13542,0.030048,0.089568,0.016384,0.188416,0.811008,0.01774,1244819,1244819,415283,33.3609,1920,1080,raygs,triangles,1,off,0,on,-4
1781754696169519181,4099.91,828.493,1.20701,1.14781,1.13658,0.030592,0.089216,0.01632,0.18944,0.811008,0.026649,1244819,1244819,415283,33.3609,1920,1080,raygs,triangles,1,off,0,on,-4
1781754696170858407,4101.25,828.352,1.20722,1.32083,1.30771,0.030272,0.0896,0.016384,0.361472,0.809984,0.026615,1244819,1244819,415283,33.3609,1920,1080,raygs,triangles,1,off,0,on,-4
1781754696172232196,4102.62,826.754,1.20955,1.34061,1.32835,0.030272,0.089952,0.016384,0.380928,0.810816,0.030455,1244819,1244819,415283,33.3609,1920,1080,raygs,triangles,1,off,0,on,-4
1781754696173406357,4103.8,824.354,1.21307,1.14746,1.13542,0.030656,0.089984,0.016384,0.187392,0.811008,0.030526,1244819,1244819,415283,33.3609,1920,1080,raygs,triangles,1,off,0,on,-4
1781754696174573549,4104.96,824.217,1.21327,1.14934,1.13699,0.030528,0.089632,0.016384,0.190464,0.809984,0.025465,1244819,1244819,415283,33.3609,1920,1080,raygs,triangles,1,off,0,on,-4
1781754696175737695,4106.13,824.296,1.21316,1.14672,1.13427,0.02992,0.089408,0.016384,0.187808,0.810752,0.02543,1244819,1244819,415283,33.3609,1920,1080,raygs,triangles,1,off,0,on,-4
1781754696176972835,4107.36,824.497,1.21286,1.14794,1.13536,0.03008,0.089472,0.016384,0.188416,0.811008,0.040142,1244819,1244819,415283,33.3609,1920,1080,raygs,triangles,1,off,0,on,-4
1781754696178086269,4108.48,826.495,1.20993,1.14733,1.1335,0.030528,0.088992,0.015584,0.188416,0.809984,0.017129,1244819,1244819,415283,33.3609,1920,1080,raygs,triangles,1,off,0,on,-4
1781754696179376996,4109.77,828.54,1.20694,1.14787,1.13629,0.030016,0.089408,0.016384,0.189472,0.811008,0.026767,1244819,1244819,415283,33.3609,1920,1080,raygs,triangles,1,off,0,on,-4
1781754696180545550,4110.94,827.297,1.20876,1.14698,1.13366,0.0312,0.089568,0.01536,0.187584,0.809952,0.026012,1244819,1244819,415283,33.3609,1920,1080,raygs,triangles,1,off,0,on,-4
1781754696181723754,4112.12,827.409,1.20859,1.1463,1.13453,0.029472,0.089312,0.016384,0.188416,0.810944,0.026349,1244819,1244819,415283,33.3609,1920,1080,raygs,triangles,1,off,0,on,-4
1781754696182891691,4113.28,827.477,1.20849,1.14749,1.13491,0.029664,0.089472,0.016384,0.188416,0.810976,0.026601,1244819,1244819,415283,33.3609,1920,1080,raygs,triangles,1,off,0,on,-4
1781754696184054952,4114.45,827.54,1.2084,1.14749,1.13501,0.030048,0.08848,0.016384,0.18944,0.810656,0.025014,1244819,1244819,415283,33.3609,1920,1080,raygs,triangles,1,off,0,on,-4
1781754696185236674,4115.63,827.577,1.20835,1.14982,1.13587,0.029888,0.089632,0.016288,0.18944,0.810624,0.025029,1244819,1244819,415283,33.3609,1920,1080,raygs,triangles,1,off,0,on,-4
1781754696186407914,4116.8,828.754,1.20663,1.1503,1.13824,0.030432,0.089856,0.016384,0.190848,0.81072,0.024197,1244819,1244819,415283,33.3609,1920,1080,raygs,triangles,1,off,0,on,-4
1781754696187817768,4118.21,828.776,1.2066,1.38163,1.36931,0.030336,0.089984,0.016384,0.421888,0.81072,0.025178,1244819,1244819,415283,33.3609,1920,1080,raygs,triangles,1,off,0,on,-4
1781754696189338465,4119.73,826.176,1.2104,1.288,1.27674,0.0304,0.08944,0.01632,0.329728,0.810848,0.050813,1244819,1244819,415283,33.3609,1920,1080,raygs,triangles,1,off,0,on,-4
1781754696190466675,4120.86,820.993,1.21804,1.14803,1.13616,0.030176,0.0904,0.016384,0.188416,0.810784,0.039531,1244819,1244819,415283,33.3609,1920,1080,raygs,triangles,1,off,0,on,-4
1781754696191644193,4122.04,820.416,1.21889,1.14781,1.13357,0.030208,0.089664,0.01536,0.187392,0.810944,0.038988,1244819,1244819,415283,33.3609,1920,1080,raygs,triangles,1,off,0,on,-4
1781754696192775796,4123.17,822.403,1.21595,1.14749,1.13482,0.030688,0.089184,0.01536,0.188736,0.810848,0.034853,1244819,1244819,415283,33.3609,1920,1080,raygs,triangles,1,off,0,on,-4
1781754696193946371,4124.34,824.944,1.2122,1.14794,1.13562,0.03024,0.089728,0.016384,0.188416,0.810848,0.034753,1244819,1244819,415283,33.3609,1920,1080,raygs,triangles,1,off,0,on,-4
1781754696195125597,4125.52,826.452,1.20999,1.15187,1.13747,0.03088,0.08976,0.01536,0.190464,0.811008,0.036644,1244819,1244819,415283,33.3609,1920,1080,raygs,triangles,1,off,0,on,-4
1781754696196420488,4126.81,826.33,1.21017,1.14829,1.13594,0.030432,0.089696,0.016384,0.18944,0.809984,0.034848,1244819,1244819,415283,33.3609,1920,1080,raygs,triangles,1,off,0,on,-4
1781754696197534047,4127.93,825.117,1.21195,1.14829,1.13622,0.031488,0.088928,0.016384,0.188416,0.811008,0.030601,1244819,1244819,415283,33.3609,1920,1080,raygs,triangles,1,off,0,on,-4
1781754696198692797,4129.08,826.018,1.21063,1.14496,1.13162,0.030176,0.08896,0.01536,0.186368,0.810752,0.05351,1244819,1244819,415283,33.3609,1920,1080,raygs,triangles,1,off,0,on,-4
1781754696199821725,4130.21,826.496,1.20993,1.14627,1.13501,0.030496,0.089152,0.016384,0.188416,0.81056,0.020715,1244819,1244819,415283,33.3609,1920,1080,raygs,triangles,1,off,0,on,-4
1781754696200996168,4131.39,826.671,1.20967,1.14621,1.13328,0.0304,0.08912,0.016384,0.187392,0.809984,0.027057,1244819,1244819,415283,33.3609,1920,1080,raygs,triangles,1,off,0,on,-4
1781754696202166641,4132.56,826.68,1.20966,1.14781,1.13539,0.02992,0.088736,0.016384,0.18944,0.810912,0.026744,1244819,1244819,415283,33.3609,1920,1080,raygs,triangles,1,off,0,on,-4
1781754696203489765,4133.88,828.278,1.20732,1.15139,1.14,0.030528,0.089568,0.016384,0.192512,0.811008,0.028332,1244819,1244819,415283,33.3609,1920,1080,raygs,triangles,1,off,0,on,-4
1781754696204890900,4135.28,826.213,1.21034,1.14768,1.13312,0.030592,0.089792,0.01536,0.187392,0.809984,0.062015,1244819,1244819,415283,33.3609,1920,1080,raygs,triangles,1,off,0,on,-4
1781754696206013666,4136.4,825.438,1.21148,1.1521,1.14035,0.03504,0.08992,0.016384,0.188416,0.810592,0.020164,1244819,1244819,415283,33.3609,1920,1080,raygs,triangles,1,off,0,on,-4
1781754696207245566,4137.64,825.822,1.21091,1.14733,1.1353,0.030496,0.088992,0.016384,0.18944,0.809984,0.05575,1244819,1244819,415283,33.3609,1920,1080,raygs,triangles,1,off,0,on,-4
1781754696208442085,4138.83,825.306,1.21167,1.14627,1.13277,0.030496,0.089344,0.015552,0.187392,0.809984,0.083165,1244819,1244819,415283,33.3609,1920,1080,raygs,triangles,1,off,0,on,-4
1781754696209535224,4139.93,825.033,1.21207,1.14701,1.13338,0.030336,0.089152,0.01536,0.187712,0.810816,0.015588,1244819,1244819,415283,33.3609,1920,1080,raygs,triangles,1,off,0,on,-4
1781754696210786255,4141.18,828.094,1.20759,1.14675,1.13494,0.02992,0.089216,0.016384,0.188416,0.811008,0.041228,1244819,1244819,415283,33.3609,1920,1080,raygs,triangles,1,off,0,on,-4
1781754696211973239,4142.36,828.652,1.20678,1.14746,1.13357,0.030336,0.089472,0.01536,0.188416,0.809984,0.03259,1244819,1244819,415283,33.3609,1920,1080,raygs,triangles,1,off,0,on,-4
1781754696213361890,4143.75,828.407,1.20714,1.28131,1.26778,0.030368,0.089504,0.01536,0.32256,0.809984,0.039803,1244819,1244819,415283,33.3609,1920,1080,raygs,triangles,1,off,0,on,-4
1781754696214484151,4144.88,825.613,1.21122,1.14858,1.13504,0.029696,0.088512,0.016384,0.190464,0.809984,0.035914,1244819,1244819,415283,33.3609,1920,1080,raygs,triangles,1,off,0,on,-4
1781754696215655993,4146.05,826.387,1.21009,1.14912,1.136,0.030272,0.089984,0.016384,0.188416,0.810944,0.037009,1244819,1244819,415283,33.3609,1920,1080,raygs,triangles,1,off,0,on,-4
1781754696216838589,4147.23,826.454,1.20999,1.14662,1.13414,0.029792,0.088544,0.016384,0.188416,0.811008,0.03666,1244819,1244819,415283,33.3609,1920,1080,raygs,triangles,1,off,0,on,-4
1781754696218038246,4148.43,826.392,1.21008,1.14627,1.13443,0.030496,0.089152,0.016384,0.188416,0.809984,0.040912,1244819,1244819,415283,33.3609,1920,1080,raygs,triangles,1,off,0,on,-4
1781754696219215213,4149.61,827.556,1.20838,1.14701,1.13299,0.030368,0.088736,0.015488,0.188416,0.809984,0.044015,1244819,1244819,415283,33.3609,1920,1080,raygs,triangles,1,off,0,on,-4
1781754696220534576,4150.93,827.342,1.20869,1.14787,1.13526,0.030016,0.090208,0.015488,0.18768,0.811872,0.036721,1244819,1244819,415283,33.3609,1920,1080,raygs,triangles,1,off,0,on,-4
1781754696221861926,4152.25,825.613,1.21122,1.14922,1.13693,0.031904,0.089504,0.016096,0.188416,0.811008,0.036602,1244819,1244819,415283,33.3609,1920,1080,raygs,triangles,1,off,0,on,-4
1781754696223034751,4153.43,823.94,1.21368,1.15203,1.13875,0.034208,0.089632,0.015552,0.188576,0.810784,0.035691,1244819,1244819,415283,33.3609,1920,1080,raygs,triangles,1,off,0,on,-4
1781754696224214939,4154.61,824.101,1.21344,1.1455,1.13354,0.029696,0.089472,0.016384,0.187392,0.810592,0.043746,1244819,1244819,415283,33.3609,1920,1080,raygs,triangles,1,off,0,on,-4
1781754696225512857,4155.9,824.449,1.21293,1.14771,1.13334,0.029856,0.0896,0.015488,0.188416,0.809984,0.036546,1244819,1244819,415283,33.3609,1920,1080,raygs,triangles,1,off,0,on,-4
1781754696226678242,4157.07,822.478,1.21584,1.16883,1.15683,0.03152,0.089024,0.016384,0.208896,0.811008,0.034372,1244819,1244819,415283,33.3609,1920,1080,raygs,triangles,1,off,0,on,-4
1781754696227862750,4158.25,824.606,1.2127,1.14749,1.13619,0.030656,0.090176,0.016384,0.188416,0.81056,0.035683,1244819,1244819,415283,33.3609,1920,1080,raygs,triangles,1,off,0,on,-4
1781754696229163766,4159.56,826.42,1.21004,1.14787,1.13408,0.030048,0.089248,0.016384,0.188416,0.809984,0.037848,1244819,1244819,415283,33.3609,1920,1080,raygs,triangles,1,off,0,on,-4
1781754696230324701,4160.72,824.9,1.21227,1.14922,1.13725,0.03136,0.089152,0.016288,0.18944,0.811008,0.034687,1244819,1244819,415283,33.3609,1920,1080,raygs,triangles,1,off,0,on,-4
1781754696231487864,4161.88,825.159,1.21189,1.14704,1.13536,0.030208,0.089184,0.016384,0.18864,0.810944,0.034169,1244819,1244819,415283,33.3609,1920,1080,raygs,triangles,1,off,0,on,-4
1781754696232664222,4163.06,825.282,1.21171,1.15005,1.1375,0.030112,0.089536,0.016384,0.191488,0.809984,0.034176,1244819,1244819,415283,33.3609,1920,1080,raygs,triangles,1,off,0,on,-4
1781754696233839123,4164.23,825.469,1.21143,1.14826,1.13549,0.030368,0.089248,0.015776,0.18944,0.810656,0.035103,1244819,1244819,415283,33.3609,1920,1080,raygs,triangles,1,off,0,on,-4
1781754696235009311,4165.4,825.464,1.21144,1.14749,1.13424,0.030368,0.089216,0.01536,0.188416,0.81088,0.033928,1244819,1244819,415283,33.3609,1920,1080,raygs,triangles,1,off,0,on,-4
1781754696236191973,4166.58,826.991,1.2092,1.14733,1.13507,0.030208,0.089152,0.016384,0.188416,0.810912,0.03445,1244819,1244819,415283,33.3609,1920,1080,raygs,triangles,1,off,0,on,-4
1781754696237545189,4167.94,826.465,1.20997,1.32483,1.31283,0.030304,0.089568,0.016384,0.365568,0.811008,0.035255,1244819,1244819,415283,33.3609,1920,1080,raygs,triangles,1,off,0,on,-4
1781754696238886649,4169.28,824.494,1.21286,1.32298,1.30979,0.030016,0.088736,0.18752,0.192512,0.811008,0.034391,1244819,1244819,415283,33.3609,1920,1080,raygs,triangles,1,off,0,on,-4
1781754696240057892,4170.45,825.393,1.21154,1.14746,1.13338,0.030656,0.08896,0.01536,0.188416,0.809984,0.034064,1244819,1244819,415283,33.3609,1920,1080,raygs,triangles,1,off,0,on,-4
1781754696241237562,4171.63,823.403,1.21447,1.14646,1.13427,0.03024,0.089312,0.016384,0.187392,0.810944,0.040667,1244819,1244819,415283,33.3609,1920,1080,raygs,triangles,1,off,0,on,-4
1781754696242416186,4172.81,823.005,1.21506,1.14646,1.1345,0.030336,0.090208,0.016384,0.186784,0.810784,0.035023,1244819,1244819,415283,33.3609,1920,1080,raygs,triangles,1,off,0,on,-4
1781754696243574886,4173.97,822.979,1.2151,1.14787,1.13354,0.030944,0.089056,0.01536,0.187392,0.810784,0.034174,1244819,1244819,415283,33.3609,1920,1080,raygs,triangles,1,off,0,on,-4
1781754696244749092,4175.14,825.031,1.21207,1.14794,1.13686,0.030112,0.089792,0.016384,0.189568,0.811008,0.033878,1244819,1244819,415283,33.3609,1920,1080,raygs,triangles,1,off,0,on,-4
1781754696246081188,4176.47,827.086,1.20906,1.14733,1.13427,0.030496,0.088992,0.01536,0.188416,0.811008,0.038261,1244819,1244819,415283,33.3609,1920,1080,raygs,triangles,1,off,0,on,-4
1781754696247234577,4177.63,825.325,1.21164,1.15056,1.13779,0.031328,0.089568,0.016384,0.189696,0.810816,0.036304,1244819,1244819,415283,33.3609,1920,1080,raygs,triangles,1,off,0,on,-4
1781754696248402015,4178.79,825.472,1.21143,1.14723,1.13478,0.030144,0.089408,0.016192,0.188416,0.810624,0.035249,1244819,1244819,415283,33.3609,1920,1080,raygs,triangles,1,off,0,on,-4
1781754696249569857,4179.96,825.585,1.21126,1.1472,1.13443,0.030368,0.089088,0.015552,0.188416,0.811008,0.035086,1244819,1244819,415283,33.3609,1920,1080,raygs,triangles,1,off,0,on,-4
1781754696250741256,4181.13,826.315,1.21019,1.14739,1.13389,0.03056,0.08912,0.016192,0.187392,0.810624,0.035636,1244819,1244819,415283,33.3609,1920,1080,raygs,triangles,1,off,0,on,-4
1781754696251892205,4182.28,825.844,1.21088,1.14835,1.13626,0.030752,0.089696,0.016384,0.18944,0.809984,0.03334,1244819,1244819,415283,33.3609,1920,1080,raygs,triangles,1,off,0,on,-4
1781754696253015872,4183.41,827.486,1.20848,1.14717,1.13405,0.030336,0.088928,0.01536,0.187392,0.812032,0.044024,1244819,1244819,415283,33.3609,1920,1080,raygs,triangles,1,off,0,on,-4
1781754696254309619,4184.7,828.14,1.20753,1.32006,1.30659,0.030144,0.089344,0.01552,0.360896,0.810688,0.016205,1244819,1244819,415283,33.3609,1920,1080,raygs,triangles,1,off,0,on,-4
1781754696255685714,4186.08,826.619,1.20975,1.33747,1.32326,0.030208,0.088576,0.015552,0.37792,0.811008,0.031991,1244819,1244819,415283,33.3609,1920,1080,raygs,triangles,1,off,0,on,-4
1781754696256854922,4187.25,824.324,1.21312,1.14749,1.13507,0.03008,0.090496,0.016384,0.187392,0.81072,0.026256,1244819,1244819,415283,33.3609,1920,1080,raygs,triangles,1,off,0,on,-4
1781754696258070108,4188.46,824.248,1.21323,1.14614,1.13411,0.030336,0.090016,0.016384,0.187392,0.809984,0.052444,1244819,1244819,415283,33.3609,1920,1080,raygs,triangles,1,off,0,on,-4
1781754696259197455,4189.59,824.099,1.21345,1.14723,1.13491,0.0304,0.089984,0.016384,0.187392,0.810752,0.018733,1244819,1244819,415283,33.3609,1920,1080,raygs,triangles,1,off,0,on,-4
1781754696260394105,4190.79,824.346,1.21308,1.14637,1.13286,0.029568,0.088352,0.016384,0.187648,0.810912,0.046255,1244819,1244819,415283,33.3609,1920,1080,raygs,triangles,1,off,0,on,-4
1781754696261592820,4191.98,826.933,1.20929,1.148,1.1359,0.030432,0.089664,0.016384,0.18944,0.809984,0.046529,1244819,1244819,415283,33.3609,1920,1080,raygs,triangles,1,off,0,on,-4
1781754696262829253,4193.22,831.776,1.20225,1.14874,1.13565,0.03088,0.089184,0.01616,0.188416,0.811008,0.016557,1244819,1244819,415283,33.3609,1920,1080,raygs,triangles,1,off,0,on,-4
1781754696264007136,4194.4,831.461,1.2027,1.14813,1.13466,0.030272,0.0896,0.016384,0.188416,0.809984,0.027077,1244819,1244819,415283,33.3609,1920,1080,raygs,triangles,1,off,0,on,-4
1781754696265175494,4195.57,829.429,1.20565,1.14736,1.13453,0.02944,0.08928,0.016384,0.188416,0.811008,0.025535,1244819,1244819,415283,33.3609,1920,1080,raygs,triangles,1,off,0,on,-4
1781754696266394060,4196.79,828.882,1.20644,1.14938,1.13914,0.030496,0.090144,0.016384,0.190464,0.811648,0.061172,1244819,1244819,415283,33.3609,1920,1080,raygs,triangles,1,off,0,on,-4
1781754696267565965,4197.96,828.525,1.20696,1.14669,1.13354,0.029888,0.088864,0.016384,0.188416,0.809984,0.057212,1244819,1244819,415283,33.3609,1920,1080,raygs,triangles,1,off,0,on,-4
1781754696268690206,4199.08,828.599,1.20686,1.14918,1.13715,0.03024,0.089056,0.016384,0.190464,0.811008,0.018606,1244819,1244819,415283,33.3609,1920,1080,raygs,triangles,1,off,0,on,-4
1781754696269872200,4200.26,830.231,1.20448,1.14928,1.1368,0.030432,0.089568,0.016352,0.190464,0.809984,0.026308,1244819,1244819,415283,33.3609,1920,1080,raygs,triangles,1,off,0,on,-4
1781754696271314639,4201.71,829.461,1.2056,1.3857,1.37379,0.030272,0.089216,0.016384,0.428032,0.809888,0.057022,1244819,1244819,415283,33.3609,1920,1080,raygs,triangles,1,off,0,on,-4
1781754696272644963,4203.04,826.193,1.21037,1.28611,1.27366,0.030048,0.088832,0.015488,0.328704,0.810592,0.054655,1244819,1244819,415283,33.3609,1920,1080,raygs,triangles,1,off,0,on,-4
1781754696273769390,4204.16,824.088,1.21346,1.14858,1.13542,0.030784,0.089856,0.01536,0.18944,0.809984,0.019129,1244819,1244819,415283,33.3609,1920,1080,raygs,triangles,1,off,0,on,-4
1781754696274946893,4205.34,824.545,1.21279,1.14797,1.13485,0.030144,0.089248,0.016384,0.188416,0.810656,0.027354,1244819,1244819,415283,33.3609,1920,1080,raygs,triangles,1,off,0,on,-4
1781754696276179516,4206.57,824.456,1.21292,1.14717,1.13376,0.029312,0.089312,0.015712,0.188416,0.811008,0.068908,1244819,1244819,415283,33.3609,1920,1080,raygs,triangles,1,off,0,on,-4
1781754696277285560,4207.68,825.758,1.21101,1.14621,1.13347,0.030432,0.0896,0.01536,0.187392,0.810688,0.016776,1244819,1244819,415283,33.3609,1920,1080,raygs,triangles,1,off,0,on,-4
1781754696278660766,4209.05,828.583,1.20688,1.14678,1.13562,0.030304,0.089312,0.016384,0.18864,0.810976,0.040527,1244819,1244819,415283,33.3609,1920,1080,raygs,triangles,1,off,0,on,-4
1781754696279900157,4210.29,825.701,1.21109,1.14934,1.13526,0.031488,0.08912,0.01536,0.188416,0.81088,0.037392,1244819,1244819,415283,33.3609,1920,1080,raygs,triangles,1,off,0,on,-4
1781754696281041655,4211.43,825.5,1.21139,1.1495,1.13558,0.029632,0.089376,0.016384,0.18944,0.810752,0.034646,1244819,1244819,415283,33.3609,1920,1080,raygs,triangles,1,off,0,on,-4
1781754696282234947,4212.63,826.187,1.21038,1.14864,1.13405,0.02976,0.089056,0.01616,0.188416,0.810656,0.04243,1244819,1244819,415283,33.3609,1920,1080,raygs,triangles,1,off,0,on,-4
1781754696283412194,4213.8,825.138,1.21192,1.14819,1.13466,0.030336,0.088928,0.01536,0.18944,0.810592,0.036557,1244819,1244819,415283,33.3609,1920,1080,raygs,triangles,1,off,0,on,-4
1781754696284572074,4214.96,825.922,1.21077,1.14653,1.1352,0.029696,0.089696,0.016384,0.188416,0.811008,0.035401,1244819,1244819,415283,33.3609,1920,1080,raygs,triangles,1,off,0,on,-4
1781754696285739770,4216.13,826.224,1.21032,1.14861,1.13434,0.029632,0.08992,0.01536,0.18944,0.809984,0.034413,1244819,1244819,415283,33.3609,1920,1080,raygs,triangles,1,off,0,on,-4
1781754696287123983,4217.52,829.082,1.20615,1.3329,1.31942,0.029728,0.089376,0.015552,0.37376,0.811008,0.039338,1244819,1244819,415283,33.3609,1920,1080,raygs,triangles,1,off,0,on,-4
1781754696288484815,4218.88,825.798,1.21095,1.30592,1.13504,0.030368,0.089184,0.015136,0.189728,0.810624,0.041377,1244819,1244819,415283,33.3609,1920,1080,raygs,triangles,1,off,0,on,-4
1781754696289650663,4220.04,823.776,1.21392,1.14765,1.13267,0.029792,0.089152,0.01536,0.187392,0.810976,0.03989,1244819,1244819,415283,33.3609,1920,1080,raygs,triangles,1,off,0,on,-4
1781754696290799656,4221.19,824.013,1.21357,1.14762,1.13549,0.02976,0.08976,0.016384,0.188576,0.811008,0.037266,1244819,1244819,415283,33.3609,1920,1080,raygs,triangles,1,off,0,on,-4
1781754696291955797,4222.35,824.652,1.21263,1.148,1.136,0.030464,0.089728,0.016384,0.18944,0.809984,0.036695,1244819,1244819,415283,33.3609,1920,1080,raygs,triangles,1,off,0,on,-4
1781754696293099541,4223.49,824.897,1.21227,1.1457,1.13341,0.029888,0.08976,0.016384,0.187392,0.809984,0.037108,1244819,1244819,415283,33.3609,1920,1080,raygs,triangles,1,off,0,on,-4
1781754696294216551,4224.61,826.965,1.20924,1.14771,1.13418,0.029888,0.089504,0.01536,0.188416,0.811008,0.033802,1244819,1244819,415283,33.3609,1920,1080,raygs,triangles,1,off,0,on,-4
1781754696295643685,4226.03,829.271,1.20588,1.14819,1.13674,0.030368,0.089888,0.016384,0.18944,0.810656,0.039276,1244819,1244819,415283,33.3609,1920,1080,raygs,triangles,1,off,0,on,-4
1781754696296778581,4227.17,826.274,1.21025,1.1488,1.1344,0.030944,0.088736,0.01536,0.188416,0.810944,0.035912,1244819,1244819,415283,33.3609,1920,1080,raygs,triangles,1,off,0,on,-4
1781754696297955361,4228.35,827.301,1.20875,1.15187,1.13965,0.02992,0.089952,0.016256,0.192512,0.811008,0.037814,1244819,1244819,415283,33.3609,1920,1080,raygs,triangles,1,off,0,on,-4
1781754696299119680,4229.51,828.251,1.20736,1.14851,1.13546,0.030656,0.088992,0.01536,0.18944,0.811008,0.036678,1244819,1244819,415283,33.3609,1920,1080,raygs,triangles,1,off,0,on,-4
1781754696300301189,4230.69,828.233,1.20739,1.14701,1.13536,0.030176,0.089312,0.016384,0.187456,0.812032,0.035738,1244819,1244819,415283,33.3609,1920,1080,raygs,triangles,1,off,0,on,-4
1781754696301464355,4231.86,828.368,1.20719,1.14637,1.13258,0.029536,0.089344,0.01632,0.187392,0.809984,0.035155,1244819,1244819,415283,33.3609,1920,1080,raygs,triangles,1,off,0,on,-4
1781754696302637024,4233.03,829.932,1.20492,1.14922,1.13664,0.030176,0.089888,0.016384,0.18944,0.810752,0.037328,1244819,1244819,415283,33.3609,1920,1080,raygs,triangles,1,off,0,on,-4
1781754696303995216,4234.39,829.73,1.20521,1.33101,1.31904,0.030432,0.089504,0.016384,0.371712,0.811008,0.0347,1244819,1244819,415283,33.3609,1920,1080,raygs,triangles,1,off,0,on,-4
1781754696305319747,4235.71,827.474,1.2085,1.30211,1.29133,0.030112,0.08976,0.16896,0.191488,0.811008,0.034894,1244819,1244819,415283,33.3609,1920,1080,raygs,triangles,1,off,0,on,-4
1781754696306485828,4236.88,825.801,1.21095,1.14614,1.13306,0.03024,0.089376,0.016384,0.186368,0.810688,0.034573,1244819,1244819,415283,33.3609,1920,1080,raygs,triangles,1,off,0,on,-4
1781754696307657605,4238.05,825.966,1.2107,1.14496,1.13059,0.030016,0.088672,0.01536,0.185792,0.810752,0.034902,1244819,1244819,415283,33.3609,1920,1080,raygs,triangles,1,off,0,on,-4
1781754696308830646,4239.22,825.884,1.21082,1.14701,1.13507,0.030208,0.08912,0.016256,0.189504,0.809984,0.034752,1244819,1244819,415283,33.3609,1920,1080,raygs,triangles,1,off,0,on,-4
1781754696310019950,4240.41,826.089,1.21052,1.1552,1.14339,0.030176,0.089216,0.016384,0.196608,0.811008,0.041274,1244819,1244819,415283,33.3609,1920,1080,raygs,triangles,1,off,0,on,-4
1781754696311185246,4241.58,827.883,1.2079,1.14509,1.13155,0.030432,0.088864,0.01536,0.186368,0.810528,0.034559,1244819,1244819,415283,33.3609,1920,1080,raygs,triangles,1,off,0,on,-4
1781754696312490840,4242.88,829.859,1.20502,1.14787,1.13683,0.030368,0.089632,0.016384,0.18944,0.811008,0.035989,1244819,1244819,415283,33.3609,1920,1080,raygs,triangles,1,off,0,on,-4
1781754696313651261,4244.04,828.261,1.20735,1.14922,1.13635,0.03136,0.089184,0.016384,0.18944,0.809984,0.034822,1244819,1244819,415283,33.3609,1920,1080,raygs,triangles,1,off,0,on,-4
1781754696314824799,4245.22,828.553,1.20692,1.14979,1.13613,0.029888,0.089504,0.016384,0.18944,0.810912,0.035047,1244819,1244819,415283,33.3609,1920,1080,raygs,triangles,1,off,0,on,-4
1781754696315998083,4246.39,828.565,1.20691,1.14896,1.13699,0.030368,0.089792,0.016384,0.190464,0.809984,0.034354,1244819,1244819,415283,33.3609,1920,1080,raygs,triangles,1,off,0,on,-4
1781754696317172913,4247.56,828.444,1.20708,1.14656,1.13338,0.030272,0.08944,0.016288,0.187392,0.809984,0.034783,1244819,1244819,415283,33.3609,1920,1080,raygs,triangles,1,off,0,on,-4
1781754696318362553,4248.75,828.576,1.20689,1.14614,1.13261,0.0304,0.08928,0.01536,0.186784,0.810784,0.035328,1244819,1244819,415283,33.3609,1920,1080,raygs,triangles,1,off,0,on,-4
1781754696319536207,4249.93,830.178,1.20456,1.14918,1.13683,0.030336,0.08976,0.016384,0.18944,0.810912,0.035866,1244819,1244819,415283,33.3609,1920,1080,raygs,triangles,1,off,0,on,-4
1781754696320983327,4251.37,829.952,1.20489,1.32179,1.30973,0.029888,0.089344,0.01536,0.364544,0.810592,0.041021,1244819,1244819,415283,33.3609,1920,1080,raygs,triangles,1,off,0,on,-4
1781754696322227384,4252.62,826.035,1.2106,1.32102,1.30698,0.030304,0.088672,0.186464,0.191648,0.809888,0.039158,1244819,1244819,415283,33.3609,1920,1080,raygs,triangles,1,off,0,on,-4
1781754696323393631,4253.78,825.793,1.21096,1.14701,1.13363,0.030176,0.088672,0.016384,0.187392,0.811008,0.034846,1244819,1244819,415283,33.3609,1920,1080,raygs,triangles,1,off,0,on,-4
1781754696324562383,4254.95,825.85,1.21087,1.14851,1.13462,0.030336,0.08928,0.015584,0.18944,0.809984,0.034206,1244819,1244819,415283,33.3609,1920,1080,raygs,triangles,1,off,0,on,-4
1781754696325728874,4256.12,825.553,1.21131,1.14701,1.13584,0.030272,0.08976,0.016384,0.188416,0.811008,0.034266,1244819,1244819,415283,33.3609,1920,1080,raygs,triangles,1,off,0,on,-4
1781754696326911098,4257.3,824.869,1.21231,1.15904,1.14582,0.02992,0.08976,0.01536,0.199936,0.810848,0.035191,1244819,1244819,415283,33.3609,1920,1080,raygs,triangles,1,off,0,on,-4
1781754696328093015,4258.48,826.327,1.21018,1.14755,1.13616,0.029728,0.08976,0.016224,0.18944,0.811008,0.034613,1244819,1244819,415283,33.3609,1920,1080,raygs,triangles,1,off,0,on,-4
1781754696329378023,4259.77,828.484,1.20702,1.14608,1.13398,0.030272,0.088928,0.016384,0.188416,0.809984,0.034401,1244819,1244819,415283,33.3609,1920,1080,raygs,triangles,1,off,0,on,-4
1781754696330548757,4260.94,827.189,1.20891,1.14848,1.136,0.031104,0.08944,0.016288,0.187392,0.811776,0.034659,1244819,1244819,415283,33.3609,1920,1080,raygs,triangles,1,off,0,on,-4
1781754696331722000,4262.11,827.54,1.2084,1.15027,1.13706,0.030368,0.08912,0.01536,0.190464,0.811744,0.033983,1244819,1244819,415283,33.3609,1920,1080,raygs,triangles,1,off,0,on,-4
1781754696332897385,4263.29,827.154,1.20896,1.14717,1.13501,0.030336,0.089056,0.016384,0.188416,0.810816,0.035407,1244819,1244819,415283,33.3609,1920,1080,raygs,triangles,1,off,0,on,-4
1781754696334071976,4264.46,827.279,1.20878,1.14659,1.1352,0.02976,0.0896,0.016384,0.188704,0.810752,0.034224,1244819,1244819,415283,33.3609,1920,1080,raygs,triangles,1,off,0,on,-4
1781754696335244644,4265.64,827.624,1.20828,1.14717,1.13315,0.030368,0.089024,0.01536,0.188416,0.809984,0.033369,1244819,1244819,415283,33.3609,1920,1080,raygs,triangles,1,off,0,on,-4
1781754696336419362,4266.81,828.472,1.20704,1.14717,1.13475,0.030336,0.089696,0.01568,0.188416,0.810624,0.034407,1244819,1244819,415283,33.3609,1920,1080,raygs,triangles,1,off,0,on,-4
1781754696337821871,4268.21,828.451,1.20707,1.38179,1.3705,0.02944,0.089536,0.016384,0.424256,0.81088,0.034066,1244819,1244819,415283,33.3609,1920,1080,raygs,triangles,1,off,0,on,-4
1781754696339135888,4269.53,825.813,1.21093,1.28906,1.27581,0.030784,0.089056,0.016384,0.328704,0.81088,0.033317,1244819,1244819,415283,33.3609,1920,1080,raygs,triangles,1,off,0,on,-4
1781754696340313582,4270.7,824.489,1.21287,1.14819,1.13606,0.030464,0.090752,0.016384,0.187456,0.811008,0.0334,1244819,1244819,415283,33.3609,1920,1080,raygs,triangles,1,off,0,on,-4
1781754696341481540,4271.87,824.475,1.21289,1.14614,1.13309,0.030336,0.088992,0.01536,0.187392,0.811008,0.033855,1244819,1244819,415283,33.3609,1920,1080,raygs,triangles,1,off,0,on,-4
1781754696342657224,4273.05,824.235,1.21325,1.14803,1.13578,0.030144,0.08976,0.016384,0.189504,0.809984,0.034773,1244819,1244819,415283,33.3609,1920,1080,raygs,triangles,1,off,0,on,-4
1781754696343830347,4274.22,824.208,1.21329,1.14646,1.1327,0.029632,0.089312,0.01536,0.187392,0.811008,0.035313,1244819,1244819,415283,33.3609,1920,1080,raygs,triangles,1,off,0,on,-4
1781754696345001337,4275.39,827.134,1.20899,1.14851,1.13699,0.030144,0.08944,0.016384,0.190464,0.81056,0.033821,1244819,1244819,415283,33.3609,1920,1080,raygs,triangles,1,off,0,on,-4
1781754696346310275,4276.7,828.925,1.20638,1.14851,1.13632,0.030656,0.088992,0.015584,0.18944,0.811648,0.03557,1244819,1244819,415283,33.3609,1920,1080,raygs,triangles,1,off,0,on,-4
1781754696347473950,4277.87,826.934,1.20929,1.14816,1.1367,0.030304,0.08944,0.016384,0.189664,0.810912,0.035086,1244819,1244819,415283,33.3609,1920,1080,raygs,triangles,1,off,0,on,-4
1781754696348641486,4279.03,827.137,1.20899,1.14794,1.13462,0.030112,0.088704,0.016384,0.18944,0.809984,0.034397,1244819,1244819,415283,33.3609,1920,1080,raygs,triangles,1,off,0,on,-4
1781754696349817380,4280.21,827.76,1.20808,1.14867,1.1377,0.030304,0.08944,0.016384,0.190816,0.810752,0.034505,1244819,1244819,415283,33.3609,1920,1080,raygs,triangles,1,off,0,on,-4
1781754696350992358,4281.38,827.161,1.20895,1.14851,1.1351,0.029664,0.089728,0.015552,0.18944,0.81072,0.034685,1244819,1244819,415283,33.3609,1920,1080,raygs,triangles,1,off,0,on,-4
1781754696352169129,4282.56,829.69,1.20527,1.14909,1.13571,0.030528,0.088672,0.015456,0.190464,0.810592,0.034185,1244819,1244819,415283,33.3609,1920,1080,raygs,triangles,1,off,0,on,-4
1781754696353286849,4283.68,830.293,1.20439,1.14826,1.13616,0.030432,0.090112,0.016384,0.188416,0.810816,0.032052,1244819,1244819,415283,33.3609,1920,1080,raygs,triangles,1,off,0,on,-4
1781754696354608024,4285,830.746,1.20374,1.35229,1.33824,0.029408,0.089248,0.01536,0.393216,0.811008,0.016939,1244819,1244819,415283,33.3609,1920,1080,raygs,triangles,1,off,0,on,-4
1781754696355959097,4286.35,829.351,1.20576,1.31731,1.30426,0.030176,0.257248,0.01536,0.191488,0.809984,0.032976,1244819,1244819,415283,33.3609,1920,1080,raygs,triangles,1,off,0,on,-4
1781754696357130546,4287.52,827.347,1.20868,1.14646,1.13379,0.029568,0.08944,0.016384,0.188416,0.809984,0.027771,1244819,1244819,415283,33.3609,1920,1080,raygs,triangles,1,off,0,on,-4
1781754696358311838,4288.7,827.229,1.20886,1.1463,1.13334,0.030496,0.08912,0.016384,0.186368,0.810976,0.03264,1244819,1244819,415283,33.3609,1920,1080,raygs,triangles,1,off,0,on,-4
1781754696359633253,4290.02,826.954,1.20926,1.14656,1.13542,0.030144,0.089472,0.016384,0.188416,0.811008,0.042788,1244819,1244819,415283,33.3609,1920,1080,raygs,triangles,1,off,0,on,-4
1781754696360764739,4291.16,827.615,1.20829,1.1463,1.13501,0.030496,0.089728,0.016384,0.188416,0.809984,0.035653,1244819,1244819,415283,33.3609,1920,1080,raygs,triangles,1,off,0,on,-4
1781754696362050567,4292.44,830.19,1.20454,1.14819,1.13446,0.030272,0.089408,0.01536,0.18944,0.809984,0.037155,1244819,1244819,415283,33.3609,1920,1080,raygs,triangles,1,off,0,on,-4
1781754696363371558,4293.76,828.729,1.20667,1.15056,1.13754,0.030624,0.089408,0.01536,0.190464,0.81168,0.036252,1244819,1244819,415283,33.3609,1920,1080,raygs,triangles,1,off,0,on,-4
1781754696364531149,4294.92,826.78,1.20951,1.14954,1.13552,0.030656,0.089312,0.016128,0.188416,0.811008,0.036622,1244819,1244819,415283,33.3609,1920,1080,raygs,triangles,1,off,0,on,-4
1781754696365695569,4296.09,826.757,1.20955,1.14864,1.13542,0.030112,0.089664,0.016384,0.188416,0.810848,0.034163,1244819,1244819,415283,33.3609,1920,1080,raygs,triangles,1,off,0,on,-4
1781754696366873381,4297.26,826.449,1.21,1.14771,1.13658,0.030144,0.0896,0.016384,0.18944,0.811008,0.036796,1244819,1244819,415283,33.3609,1920,1080,raygs,triangles,1,off,0,on,-4
1781754696368043567,4298.43,825.837,1.21089,1.14867,1.13488,0.029792,0.089728,0.01536,0.18944,0.81056,0.034406,1244819,1244819,415283,33.3609,1920,1080,raygs,triangles,1,off,0,on,-4
1781754696369111189,4299.5,828.784,1.20659,1.14851,1.13597,0.029664,0.089632,0.016384,0.18944,0.810848,0.016958,1244819,1244819,415283,33.3609,1920,1080,raygs,triangles,1,off,0,on,-4
1781754696370417978,4300.81,829.778,1.20514,1.14787,1.13514,0.030176,0.088832,0.01568,0.18944,0.811008,0.026153,1244819,1244819,415283,33.3609,1920,1080,raygs,triangles,1,off,0,on,-4
1781754696371764246,4302.16,828.32,1.20726,1.14976,1.13632,0.03088,0.089632,0.01536,0.18944,0.811008,0.025968,1244819,1244819,415283,33.3609,1920,1080,raygs,triangles,1,off,0,on,-4
1781754696372935648,4303.33,826.281,1.21024,1.15091,1.13946,0.03504,0.089952,0.016384,0.186368,0.811712,0.024945,1244819,1244819,415283,33.3609,1920,1080,raygs,triangles,1,off,0,on,-4
1781754696374105746,4304.5,826.418,1.21004,1.14803,1.13443,0.030176,0.089504,0.01552,0.188416,0.810816,0.024454,1244819,1244819,415283,33.3609,1920,1080,raygs,triangles,1,off,0,on,-4
1781754696375279656,4305.67,826.266,1.21026,1.14742,1.13398,0.030592,0.088992,0.01536,0.188416,0.810624,0.023925,1244819,1244819,415283,33.3609,1920,1080,raygs,triangles,1,off,0,on,-4
1781754696376450726,4306.84,826.309,1.2102,1.14557,1.1345,0.029984,0.089056,0.016384,0.188416,0.810656,0.024753,1244819,1244819,415283,33.3609,1920,1080,raygs,triangles,1,off,0,on,-4
1781754696377622941,4308.01,828.442,1.20709,1.14787,1.13475,0.030208,0.088736,0.016384,0.18944,0.809984,0.024362,1244819,1244819,415283,33.3609,1920,1080,raygs,triangles,1,off,0,on,-4
1781754696378924746,4309.32,830.165,1.20458,1.14573,1.13248,0.030016,0.088736,0.015424,0.187392,0.810912,0.028964,1244819,1244819,415283,33.3609,1920,1080,raygs,triangles,1,off,0,on,-4
1781754696380096881,4310.49,828.56,1.20691,1.14614,1.13402,0.030912,0.089344,0.016384,0.186368,0.811008,0.02527,1244819,1244819,415283,33.3609,1920,1080,raygs,triangles,1,off,0,on,-4
1781754696381268650,4311.66,828.606,1.20685,1.14835,1.13558,0.030496,0.08912,0.01552,0.18944,0.811008,0.025027,1244819,1244819,415283,33.3609,1920,1080,raygs,triangles,1,off,0,on,-4
1781754696382429394,4312.82,828.632,1.20681,1.14749,1.13411,0.030336,0.089312,0.015424,0.188416,0.810624,0.024238,1244819,1244819,415283,33.3609,1920,1080,raygs,triangles,1,off,0,on,-4
1781754696383603354,4313.99,828.976,1.20631,1.14592,1.13328,0.030112,0.088704,0.01536,0.188416,0.810688,0.023918,1244819,1244819,415283,33.3609,1920,1080,raygs,triangles,1,off,0,on,-4
1781754696384779742,4315.17,828.922,1.20639,1.14733,1.13376,0.029504,0.089504,0.016352,0.188416,0.809984,0.02423,1244819,1244819,415283,33.3609,1920,1080,raygs,triangles,1,off,0,on,-4
1781754696385951109,4316.34,830.435,1.20419,1.14803,1.13504,0.030208,0.088768,0.015616,0.190464,0.809984,0.02495,1244819,1244819,415283,33.3609,1920,1080,raygs,triangles,1,off,0,on,-4
1781754696387356844,4317.75,830.236,1.20448,1.38506,1.37309,0.030656,0.09008,0.016384,0.425984,0.809984,0.024405,1244819,1244819,415283,33.3609,1920,1080,raygs,triangles,1,off,0,on,-4
1781754696388686072,4319.08,827.62,1.20828,1.28502,1.2711,0.029952,0.089152,0.01536,0.326656,0.809984,0.025184,1244819,1244819,415283,33.3609,1920,1080,raygs,triangles,1,off,0,on,-4
1781754696389846886,4320.24,825.764,1.211,1.14787,1.13539,0.030048,0.091616,0.016352,0.187392,0.809984,0.025443,1244819,1244819,415283,33.3609,1920,1080,raygs,triangles,1,off,0,on,-4
1781754696391017260,4321.41,825.99,1.21067,1.14749,1.13514,0.030208,0.089216,0.016288,0.188416,0.811008,0.024061,1244819,1244819,415283,33.3609,1920,1080,raygs,triangles,1,off,0,on,-4
1781754696392193055,4322.58,826.212,1.21034,1.14794,1.13648,0.030112,0.089568,0.016384,0.188416,0.812,0.023896,1244819,1244819,415283,33.3609,1920,1080,raygs,triangles,1,off,0,on,-4
1781754696393386228,4323.78,826.122,1.21047,1.1703,1.15949,0.030624,0.089312,0.016384,0.21216,0.811008,0.023616,1244819,1244819,415283,33.3609,1920,1080,raygs,triangles,1,off,0,on,-4
1781754696394558135,4324.95,829.692,1.20527,1.14701,1.13491,0.030176,0.089824,0.016384,0.187648,0.81088,0.023596,1244819,1244819,415283,33.3609,1920,1080,raygs,triangles,1,off,0,on,-4
1781754696395850917,4326.24,829.863,1.20502,1.14787,1.13565,0.030304,0.089696,0.016224,0.188416,0.811008,0.023435,1244819,1244819,415283,33.3609,1920,1080,raygs,triangles,1,off,0,on,-4
1781754696397030557,4327.42,828.36,1.2072,1.14733,1.13507,0.030912,0.089472,0.016384,0.187392,0.810912,0.023466,1244819,1244819,415283,33.3609,1920,1080,raygs,triangles,1,off,0,on,-4
1781754696398199377,4328.59,828.284,1.20731,1.14688,1.13552,0.030016,0.089696,0.016384,0.188416,0.811008,0.026891,1244819,1244819,415283,33.3609,1920,1080,raygs,triangles,1,off,0,on,-4
1781754696399554202,4329.95,828.254,1.20736,1.1489,1.13466,0.030464,0.089472,0.01536,0.188416,0.810944,0.0486,1244819,1244819,415283,33.3609,1920,1080,raygs,triangles,1,off,0,on,-4
1781754696400689619,4331.08,824.838,1.21236,1.14726,1.13334,0.030432,0.089152,0.01536,0.188416,0.809984,0.034998,1244819,1244819,415283,33.3609,1920,1080,raygs,triangles,1,off,0,on,-4
1781754696401869760,4332.26,826.442,1.21001,1.14573,1.13322,0.02992,0.088736,0.016384,0.187392,0.810784,0.036946,1244819,1244819,415283,33.3609,1920,1080,raygs,triangles,1,off,0,on,-4
1781754696403025029,4333.42,827.679,1.2082,1.14787,1.13437,0.03024,0.089792,0.016384,0.187392,0.81056,0.034605,1244819,1244819,415283,33.3609,1920,1080,raygs,triangles,1,off,0,on,-4
1781754696404437554,4334.83,827.84,1.20796,1.38576,1.37453,0.030368,0.0896,0.016384,0.427168,0.811008,0.034094,1244819,1244819,415283,33.3609,1920,1080,raygs,triangles,1,off,0,on,-4
1781754696405743695,4336.14,825.131,1.21193,1.28573,1.27482,0.030624,0.08912,0.016384,0.32768,0.811008,0.03411,1244819,1244819,415283,33.3609,1920,1080,raygs,triangles,1,off,0,on,-4
1781754696406917206,4337.31,823.647,1.21411,1.14656,1.13536,0.03008,0.090528,0.016384,0.187392,0.810976,0.034365,1244819,1244819,415283,33.3609,1920,1080,raygs,triangles,1,off,0,on,-4
1781754696408089559,4338.48,823.648,1.21411,1.14698,1.1345,0.030176,0.089536,0.01536,0.188416,0.811008,0.03462,1244819,1244819,415283,33.3609,1920,1080,raygs,triangles,1,off,0,on,-4
1781754696409263828,4339.66,823.638,1.21413,1.1457,1.13203,0.02992,0.089376,0.016384,0.186368,0.809984,0.033942,1244819,1244819,415283,33.3609,1920,1080,raygs,triangles,1,off,0,on,-4
1781754696410435410,4340.83,823.651,1.21411,1.14938,1.13837,0.030496,0.090016,0.016384,0.190464,0.811008,0.031954,1244819,1244819,415283,33.3609,1920,1080,raygs,triangles,1,off,0,on,-4
1781754696411532610,4341.92,825.595,1.21125,1.14781,1.13606,0.029952,0.089632,0.016384,0.18944,0.810656,0.027496,1244819,1244819,415283,33.3609,1920,1080,raygs,triangles,1,off,0,on,-4
1781754696412789802,4343.18,828.965,1.20632,1.14851,1.13613,0.030112,0.089472,0.016384,0.18944,0.81072,0.021303,1244819,1244819,415283,33.3609,1920,1080,raygs,triangles,1,off,0,on,-4
1781754696413984290,4344.38,828.095,1.20759,1.14976,1.13846,0.030912,0.089728,0.016384,0.190464,0.810976,0.033985,1244819,1244819,415283,33.3609,1920,1080,raygs,triangles,1,off,0,on,-4
1781754696415134822,4345.53,827.879,1.20791,1.14717,1.13514,0.030336,0.089888,0.016384,0.188544,0.809984,0.020294,1244819,1244819,415283,33.3609,1920,1080,raygs,triangles,1,off,0,on,-4
1781754696416308976,4346.7,828.107,1.20757,1.14653,1.13258,0.030208,0.089632,0.01536,0.187392,0.809984,0.02502,1244819,1244819,415283,33.3609,1920,1080,raygs,triangles,1,off,0,on,-4
1781754696417485992,4347.88,828.091,1.2076,1.14893,1.13648,0.030048,0.089632,0.016352,0.18944,0.811008,0.026081,1244819,1244819,415283,33.3609,1920,1080,raygs,triangles,1,off,0,on,-4
1781754696418662387,4349.05,828.017,1.20771,1.14835,1.13517,0.030496,0.08944,0.015776,0.188448,0.811008,0.025468,1244819,1244819,415283,33.3609,1920,1080,raygs,triangles,1,off,0,on,-4
1781754696419877145,4350.27,829.538,1.20549,1.14541,1.13386,0.029632,0.089632,0.016384,0.187392,0.810816,0.039538,1244819,1244819,415283,33.3609,1920,1080,raygs,triangles,1,off,0,on,-4
1781754696421169871,4351.56,828.9,1.20642,1.32547,1.31187,0.02944,0.08928,0.015584,0.366592,0.810976,0.014204,1244819,1244819,415283,33.3609,1920,1080,raygs,triangles,1,off,0,on,-4
1781754696422517566,4352.91,827.476,1.20849,1.31802,1.30496,0.03024,0.088928,0.182272,0.193536,0.809984,0.025041,1244819,1244819,415283,33.3609,1920,1080,raygs,triangles,1,off,0,on,-4
1781754696423692466,4354.08,825.518,1.21136,1.14701,1.13514,0.0312,0.089152,0.016384,0.188416,0.809984,0.025445,1244819,1244819,415283,33.3609,1920,1080,raygs,triangles,1,off,0,on,-4
1781754696424908901,4355.3,825.589,1.21126,1.14701,1.13581,0.030176,0.089856,0.016384,0.188416,0.810976,0.045049,1244819,1244819,415283,33.3609,1920,1080,raygs,triangles,1,off,0,on,-4
1781754696426096292,4356.49,825.079,1.21201,1.14685,1.13494,0.03008,0.089408,0.016384,0.188416,0.810656,0.030338,1244819,1244819,415283,33.3609,1920,1080,raygs,triangles,1,off,0,on,-4
1781754696427210763,4357.6,824.073,1.21349,1.14733,1.1351,0.030496,0.089472,0.015744,0.188416,0.810976,0.017978,1244819,1244819,415283,33.3609,1920,1080,raygs,triangles,1,off,0,on,-4
1781754696428391873,4358.78,826.462,1.20998,1.14701,1.13638,0.030176,0.08976,0.016384,0.18944,0.810624,0.029033,1244819,1244819,415283,33.3609,1920,1080,raygs,triangles,1,off,0,on,-4
1781754696429705455,4360.1,828.354,1.20721,1.14928,1.13642,0.0304,0.090208,0.01536,0.18944,0.811008,0.033667,1244819,1244819,415283,33.3609,1920,1080,raygs,triangles,1,off,0,on,-4
1781754696431053671,4361.44,825.29,1.2117,1.14902,1.13661,0.031168,0.089984,0.016384,0.188416,0.810656,0.046181,1244819,1244819,415283,33.3609,1920,1080,raygs,triangles,1,off,0,on,-4
1781754696432160099,4362.55,824.559,1.21277,1.14835,1.13734,0.030496,0.090016,0.016384,0.18944,0.811008,0.036984,1244819,1244819,415283,33.3609,1920,1080,raygs,triangles,1,off,0,on,-4
1781754696433326814,4363.72,827.291,1.20876,1.14851,1.13702,0.03024,0.089952,0.016384,0.190464,0.809984,0.035608,1244819,1244819,415283,33.3609,1920,1080,raygs,triangles,1,off,0,on,-4
1781754696434493688,4364.88,826.91,1.20932,1.14627,1.13376,0.030496,0.089504,0.01536,0.187392,0.811008,0.03665,1244819,1244819,415283,33.3609,1920,1080,raygs,triangles,1,off,0,on,-4
1781754696435668286,4366.06,828.296,1.2073,1.14922,1.13693,0.030368,0.090016,0.016384,0.18944,0.81072,0.035523,1244819,1244819,415283,33.3609,1920,1080,raygs,triangles,1,off,0,on,-4
1781754696436950389,4367.34,830.113,1.20466,1.1479,1.13619,0.03008,0.089568,0.016384,0.18944,0.81072,0.017013,1244819,1244819,415283,33.3609,1920,1080,raygs,triangles,1,off,0,on,-4
1781754696438314126,4368.71,828.598,1.20686,1.15062,1.13856,0.032128,0.090624,0.016384,0.188416,0.811008,0.032275,1244819,1244819,415283,33.3609,1920,1080,raygs,triangles,1,off,0,on,-4
1781754696439523845,4369.92,826.327,1.21018,1.1521,1.14061,0.035264,0.089376,0.016384,0.188736,0.810848,0.062328,1244819,1244819,415283,33.3609,1920,1080,raygs,triangles,1,off,0,on,-4
1781754696440644603,4371.04,826.168,1.21041,1.14637,1.13325,0.030592,0.089632,0.015648,0.187392,0.809984,0.019055,1244819,1244819,415283,33.3609,1920,1080,raygs,triangles,1,off,0,on,-4
1781754696441830569,4372.22,826.617,1.20975,1.14646,1.13488,0.029632,0.08944,0.016384,0.188416,0.811008,0.02706,1244819,1244819,415283,33.3609,1920,1080,raygs,triangles,1,off,0,on,-4
1781754696443000019,4373.39,824.963,1.21218,1.14573,1.13347,0.029952,0.0896,0.016384,0.186624,0.810912,0.026357,1244819,1244819,415283,33.3609,1920,1080,raygs,triangles,1,off,0,on,-4
1781754696444166599,4374.56,826.341,1.21015,1.14842,1.13674,0.03056,0.089152,0.016416,0.18864,0.811968,0.029341,1244819,1244819,415283,33.3609,1920,1080,raygs,triangles,1,off,0,on,-4
1781754696445414632,4375.81,828.532,1.20695,1.14896,1.13677,0.030112,0.089792,0.01632,0.189536,0.811008,0.040819,1244819,1244819,415283,33.3609,1920,1080,raygs,triangles,1,off,0,on,-4
1781754696446643215,4377.03,827.739,1.20811,1.2769,1.26422,0.030016,0.089248,0.01536,0.318816,0.810784,0.017077,1244819,1244819,415283,33.3609,1920,1080,raygs,triangles,1,off,0,on,-4
1781754696447826518,4378.22,827.011,1.20917,1.14851,1.13539,0.030272,0.089536,0.016384,0.188416,0.810784,0.030973,1244819,1244819,415283,33.3609,1920,1080,raygs,triangles,1,off,0,on,-4
1781754696448996862,4379.39,826.867,1.20938,1.14749,1.13523,0.030112,0.090336,0.016384,0.187392,0.811008,0.026338,1244819,1244819,415283,33.3609,1920,1080,raygs,triangles,1,off,0,on,-4
1781754696450173133,4380.56,826.823,1.20945,1.14787,1.13411,0.030016,0.089312,0.016384,0.188416,0.809984,0.030972,1244819,1244819,415283,33.3609,1920,1080,raygs,triangles,1,off,0,on,-4
1781754696451341069,4381.73,826.785,1.2095,1.14781,1.13402,0.029856,0.088352,0.01536,0.18944,0.811008,0.026515,1244819,1244819,415283,33.3609,1920,1080,raygs,triangles,1,off,0,on,-4
1781754696452501527,4382.89,828.443,1.20708,1.14848,1.13555,0.029632,0.08944,0.016384,0.188416,0.81168,0.025219,1244819,1244819,415283,33.3609,1920,1080,raygs,triangles,1,off,0,on,-4
1781754696453891103,4384.28,828.476,1.20704,1.1463,1.13187,0.029472,0.088416,0.015584,0.188416,0.809984,0.024576,1244819,1244819,415283,33.3609,1920,1080,raygs,triangles,1,off,0,on,-4
1781754696455248899,4385.64,826.185,1.21038,1.15203,1.14006,0.035552,0.08864,0.016384,0.188512,0.810976,0.065604,1244819,1244819,415283,33.3609,1920,1080,raygs,triangles,1,off,0,on,-4
1781754696456366503,4386.76,823.928,1.2137,1.14858,1.1345,0.031648,0.090016,0.015456,0.187392,0.809984,0.01846,1244819,1244819,415283,33.3609,1920,1080,raygs,triangles,1,off,0,on,-4
1781754696457541299,4387.93,824.384,1.21303,1.14762,1.13552,0.0304,0.089312,0.016384,0.18944,0.809984,0.024967,1244819,1244819,415283,33.3609,1920,1080,raygs,triangles,1,off,0,on,-4
1781754696458805420,4389.2,824.451,1.21293,1.14848,1.13517,0.030656,0.08912,0.01616,0.188416,0.810816,0.071053,1244819,1244819,415283,33.3609,1920,1080,raygs,triangles,1,off,0,on,-4
1781754696459888813,4390.28,823.49,1.21434,1.14598,1.13405,0.030176,0.089152,0.016384,0.187392,0.810944,0.015977,1244819,1244819,415283,33.3609,1920,1080,raygs,triangles,1,off,0,on,-4
1781754696461119268,4391.51,826.868,1.20938,1.14758,1.13645,0.030272,0.089408,0.016384,0.18944,0.810944,0.05975,1244819,1244819,415283,33.3609,1920,1080,raygs,triangles,1,off,0,on,-4
1781754696462396530,4392.79,828.257,1.20735,1.14851,1.13645,0.029664,0.089952,0.016384,0.18944,0.811008,0.037881,1244819,1244819,415283,33.3609,1920,1080,raygs,triangles,1,off,0,on,-4
1781754696463531425,4393.92,826.952,1.20926,1.14749,1.13366,0.030656,0.089248,0.016384,0.186368,0.811008,0.019141,1244819,1244819,415283,33.3609,1920,1080,raygs,triangles,1,off,0,on,-4
1781754696464704844,4395.1,827.246,1.20883,1.14848,1.13507,0.0296,0.089536,0.016384,0.189568,0.809984,0.025628,1244819,1244819,415283,33.3609,1920,1080,raygs,triangles,1,off,0,on,-4
1781754696465878128,4396.27,827.159,1.20896,1.14906,1.13603,0.030816,0.089472,0.016128,0.188704,0.810912,0.025507,1244819,1244819,415283,33.3609,1920,1080,raygs,triangles,1,off,0,on,-4
1781754696467053678,4397.44,827.459,1.20852,1.14781,1.13539,0.029952,0.089632,0.016384,0.188416,0.811008,0.025424,1244819,1244819,415283,33.3609,1920,1080,raygs,triangles,1,off,0,on,-4
1781754696468230505,4398.62,827.407,1.20859,1.14765,1.13418,0.029792,0.088416,0.016384,0.188832,0.810752,0.024892,1244819,1244819,415283,33.3609,1920,1080,raygs,triangles,1,off,0,on,-4
1781754696469399662,4399.79,828.831,1.20652,1.14771,1.13616,0.029856,0.089408,0.016352,0.189632,0.810912,0.02456,1244819,1244819,415283,33.3609,1920,1080,raygs,triangles,1,off,0,on,-4
1781754696470805176,4401.2,828.949,1.20635,1.38416,1.36899,0.029664,0.089184,0.01536,0.423936,0.810848,0.029747,1244819,1244819,415283,33.3609,1920,1080,raygs,triangles,1,off,0,on,-4
1781754696472118388,4402.51,826.234,1.21031,1.28909,1.27606,0.02992,0.088736,0.015648,0.330752,0.811008,0.024911,1244819,1244819,415283,33.3609,1920,1080,raygs,triangles,1,off,0,on,-4
1781754696473294345,4403.69,828.157,1.2075,1.14986,1.13731,0.030976,0.090528,0.016384,0.188416,0.811008,0.025412,1244819,1244819,415283,33.3609,1920,1080,raygs,triangles,1,off,0,on,-4
1781754696474473619,4404.86,826.599,1.20978,1.14733,1.13274,0.029472,0.089312,0.015552,0.187392,0.811008,0.025817,1244819,1244819,415283,33.3609,1920,1080,raygs,triangles,1,off,0,on,-4
1781754696475638329,4406.03,826.586,1.2098,1.14621,1.13414,0.029984,0.089376,0.016384,0.188416,0.809984,0.025702,1244819,1244819,415283,33.3609,1920,1080,raygs,triangles,1,off,0,on,-4
1781754696476829927,4407.22,826.462,1.20998,1.17229,1.15965,0.030592,0.089568,0.016384,0.212128,0.810976,0.024383,1244819,1244819,415283,33.3609,1920,1080,raygs,triangles,1,off,0,on,-4
1781754696478000180,4408.39,828.974,1.20631,1.14576,1.13267,0.029984,0.088928,0.01536,0.187392,0.811008,0.025009,1244819,1244819,415283,33.3609,1920,1080,raygs,triangles,1,off,0,on,-4
1781754696479373000,4409.76,830.512,1.20408,1.14918,1.13622,0.030336,0.089056,0.016384,0.18944,0.811008,0.041275,1244819,1244819,415283,33.3609,1920,1080,raygs,triangles,1,off,0,on,-4
1781754696480477659,4410.87,828.32,1.20726,1.14934,1.13587,0.03152,0.089568,0.01536,0.18944,0.809984,0.015496,1244819,1244819,415283,33.3609,1920,1080,raygs,triangles,1,off,0,on,-4
1781754696481647107,4412.04,829.012,1.20625,1.14685,1.13571,0.030208,0.089696,0.016384,0.188416,0.811008,0.026438,1244819,1244819,415283,33.3609,1920,1080,raygs,triangles,1,off,0,on,-4
1781754696482824218,4413.22,829.092,1.20614,1.14566,1.13162,0.02992,0.088864,0.015456,0.187392,0.809984,0.026818,1244819,1244819,415283,33.3609,1920,1080,raygs,triangles,1,off,0,on,-4
1781754696484037557,4414.43,829.7,1.20525,1.15018,1.13798,0.030304,0.08992,0.01632,0.190528,0.810912,0.05952,1244819,1244819,415283,33.3609,1920,1080,raygs,triangles,1,off,0,on,-4
1781754696485222078,4415.61,827.68,1.2082,1.14733,1.13459,0.029504,0.089344,0.01632,0.18944,0.809984,0.053102,1244819,1244819,415283,33.3609,1920,1080,raygs,triangles,1,off,0,on,-4
1781754696486378361,4416.77,828.363,1.2072,1.14739,1.13443,0.030176,0.089664,0.01536,0.188416,0.810816,0.03762,1244819,1244819,415283,33.3609,1920,1080,raygs,triangles,1,off,0,on,-4
1781754696487720716,4418.11,828.79,1.20658,1.31946,1.3055,0.030592,0.088928,0.015424,0.35968,0.81088,0.041376,1244819,1244819,415283,33.3609,1920,1080,raygs,triangles,1,off,0,on,-4
1781754696489102126,4419.49,826.607,1.20976,1.34186,1.3287,0.030144,0.08992,0.01568,0.382976,0.809984,0.045711,1244819,1244819,415283,33.3609,1920,1080,raygs,triangles,1,off,0,on,-4
1781754696490222791,4420.61,824.212,1.21328,1.14698,1.13555,0.030656,0.09056,0.016384,0.187392,0.81056,0.015377,1244819,1244819,415283,33.3609,1920,1080,raygs,triangles,1,off,0,on,-4
1781754696491407509,4421.8,824.804,1.21241,1.14723,1.13341,0.030368,0.089472,0.01536,0.187392,0.810816,0.027288,1244819,1244819,415283,33.3609,1920,1080,raygs,triangles,1,off,0,on,-4
1781754696492584934,4422.98,824.705,1.21256,1.14851,1.13622,0.030688,0.090112,0.016384,0.188416,0.810624,0.02729,1244819,1244819,415283,33.3609,1920,1080,raygs,triangles,1,off,0,on,-4
1781754696493800002,4424.19,825.146,1.21191,1.14938,1.13539,0.030528,0.089056,0.01536,0.18944,0.811008,0.055606,1244819,1244819,415283,33.3609,1920,1080,raygs,triangles,1,off,0,on,-4
1781754696494927077,4425.32,826.152,1.21043,1.14739,1.13488,0.03056,0.089536,0.016384,0.188416,0.809984,0.016487,1244819,1244819,415283,33.3609,1920,1080,raygs,triangles,1,off,0,on,-4
1781754696496266927,4426.66,828.53,1.20696,1.14698,1.13498,0.030176,0.088832,0.016384,0.188896,0.810688,0.064347,1244819,1244819,415283,33.3609,1920,1080,raygs,triangles,1,off,0,on,-4
1781754696497376566,4427.77,826.764,1.20953,1.14858,1.1352,0.030752,0.089536,0.016384,0.187616,0.810912,0.014373,1244819,1244819,415283,33.3609,1920,1080,raygs,triangles,1,off,0,on,-4
1781754696498566626,4428.96,827.84,1.20796,1.14819,1.13667,0.030336,0.08992,0.016384,0.18944,0.810592,0.0314,1244819,1244819,415283,33.3609,1920,1080,raygs,triangles,1,off,0,on,-4
1781754696499794468,4430.19,827.802,1.20802,1.14714,1.1335,0.030304,0.08944,0.01536,0.188416,0.809984,0.064247,1244819,1244819,415283,33.3609,1920,1080,raygs,triangles,1,off,0,on,-4
1781754696500895735,4431.29,826.642,1.20971,1.14771,1.13379,0.030112,0.08992,0.01536,0.188416,0.809984,0.014857,1244819,1244819,415283,33.3609,1920,1080,raygs,triangles,1,off,0,on,-4
1781754696502079453,4432.47,827.445,1.20854,1.14778,1.13568,0.030272,0.0896,0.016384,0.18944,0.809984,0.024702,1244819,1244819,415283,33.3609,1920,1080,raygs,triangles,1,off,0,on,-4
1781754696503250779,4433.64,830.408,1.20423,1.14544,1.13379,0.029664,0.089344,0.016384,0.187392,0.811008,0.024687,1244819,1244819,415283,33.3609,1920,1080,raygs,triangles,1,off,0,on,-4
1781754696504667617,4435.06,831.269,1.20298,1.34739,1.33526,0.030528,0.089376,0.016224,0.388128,0.811008,0.062807,1244819,1244819,415283,33.3609,1920,1080,raygs,triangles,1,off,0,on,-4
1781754696505932112,4436.32,827.877,1.20791,1.28746,1.27526,0.030336,0.089856,0.016384,0.328704,0.809984,0.020791,1244819,1244819,415283,33.3609,1920,1080,raygs,triangles,1,off,0,on,-4
1781754696507115173,4437.51,826.391,1.21008,1.1463,1.13475,0.03008,0.090336,0.016384,0.187392,0.81056,0.030987,1244819,1244819,415283,33.3609,1920,1080,raygs,triangles,1,off,0,on,-4
1781754696508339120,4438.73,826.195,1.21037,1.14656,1.13334,0.030144,0.089536,0.01536,0.187392,0.810912,0.065888,1244819,1244819,415283,33.3609,1920,1080,raygs,triangles,1,off,0,on,-4
1781754696509440020,4439.83,825.778,1.21098,1.14579,1.13283,0.029984,0.08896,0.015488,0.187392,0.811008,0.015304,1244819,1244819,415283,33.3609,1920,1080,raygs,triangles,1,off,0,on,-4
1781754696510665187,4441.06,827.723,1.20813,1.1473,1.13578,0.030464,0.08944,0.016448,0.188416,0.811008,0.05156,1244819,1244819,415283,33.3609,1920,1080,raygs,triangles,1,off,0,on,-4
1781754696511798498,4442.19,829.482,1.20557,1.14848,1.1369,0.030656,0.089824,0.016384,0.18944,0.810592,0.019405,1244819,1244819,415283,33.3609,1920,1080,raygs,triangles,1,off,0,on,-4
1781754696513099982,4443.49,830.034,1.20477,1.14803,1.13594,0.0304,0.089728,0.016384,0.18944,0.809984,0.026551,1244819,1244819,415283,33.3609,1920,1080,raygs,triangles,1,off,0,on,-4
1781754696514270296,4444.66,827.956,1.20779,1.15027,1.13808,0.031456,0.089792,0.016384,0.18944,0.811008,0.027371,1244819,1244819,415283,33.3609,1920,1080,raygs,triangles,1,off,0,on,-4
1781754696515441522,4445.83,828.292,1.2073,1.14896,1.13475,0.03008,0.088864,0.01536,0.18944,0.811008,0.029931,1244819,1244819,415283,33.3609,1920,1080,raygs,triangles,1,off,0,on,-4
1781754696516749801,4447.14,828.43,1.2071,1.14733,1.13546,0.030528,0.089184,0.016352,0.188416,0.810976,0.028504,1244819,1244819,415283,33.3609,1920,1080,raygs,triangles,1,off,0,on,-4
1781754696518097547,4448.49,824.917,1.21224,1.14934,1.13574,0.0304,0.089536,0.01536,0.18944,0.811008,0.050318,1244819,1244819,415283,33.3609,1920,1080,raygs,triangles,1,off,0,on,-4
1781754696519216202,4449.61,825.196,1.21183,1.14848,1.13462,0.029632,0.08944,0.016384,0.188416,0.810752,0.039875,1244819,1244819,415283,33.3609,1920,1080,raygs,triangles,1,off,0,on,-4
1781754696520557191,4450.95,826.625,1.20974,1.1496,1.13699,0.029728,0.089408,0.016384,0.190464,0.811008,0.034845,1244819,1244819,415283,33.3609,1920,1080,raygs,triangles,1,off,0,on,-4
1781754696521854453,4452.25,824.778,1.21245,1.15293,1.14064,0.035072,0.088736,0.016384,0.18944,0.811008,0.03408,1244819,1244819,415283,33.3609,1920,1080,raygs,triangles,1,off,0,on,-4
1781754696523024260,4453.42,823.451,1.2144,1.14835,1.13594,0.03152,0.089632,0.016384,0.188416,0.809984,0.033692,1244819,1244819,415283,33.3609,1920,1080,raygs,triangles,1,off,0,on,-4
1781754696524201099,4454.59,823.513,1.21431,1.14659,1.13216,0.029792,0.089472,0.01552,0.187392,0.809984,0.036994,1244819,1244819,415283,33.3609,1920,1080,raygs,triangles,1,off,0,on,-4
1781754696525375414,4455.77,823.339,1.21457,1.1471,1.13517,0.030272,0.08992,0.016384,0.187808,0.810784,0.033687,1244819,1244819,415283,33.3609,1920,1080,raygs,triangles,1,off,0,on,-4
1781754696526542324,4456.93,823.234,1.21472,1.1463,1.13238,0.030496,0.089152,0.01536,0.187392,0.809984,0.033826,1244819,1244819,415283,33.3609,1920,1080,raygs,triangles,1,off,0,on,-4
1781754696527720212,4458.11,825.554,1.21131,1.14717,1.13578,0.030368,0.0896,0.016384,0.188416,0.811008,0.035431,1244819,1244819,415283,33.3609,1920,1080,raygs,triangles,1,off,0,on,-4
1781754696528894262,4459.29,827.598,1.20832,1.1456,1.13146,0.030144,0.088576,0.01536,0.187392,0.809984,0.034088,1244819,1244819,415283,33.3609,1920,1080,raygs,triangles,1,off,0,on,-4
1781754696530200977,4460.59,827.116,1.20902,1.27824,1.26525,0.030368,0.089024,0.01536,0.319488,0.811008,0.037828,1244819,1244819,415283,33.3609,1920,1080,raygs,triangles,1,off,0,on,-4
1781754696531302022,4461.69,825.683,1.21112,1.14915,1.13542,0.03024,0.089632,0.01536,0.18944,0.810752,0.030021,1244819,1244819,415283,33.3609,1920,1080,raygs,triangles,1,off,0,on,-4
1781754696532431092,4462.82,827.635,1.20826,1.14822,1.13485,0.030368,0.090336,0.015744,0.188416,0.809984,0.016992,1244819,1244819,415283,33.3609,1920,1080,raygs,triangles,1,off,0,on,-4
1781754696533609689,4464,827.441,1.20855,1.14787,1.13584,0.030016,0.090016,0.016384,0.18944,0.809984,0.027619,1244819,1244819,415283,33.3609,1920,1080,raygs,triangles,1,off,0,on,-4
1781754696534780052,4465.17,827.774,1.20806,1.14736,1.13456,0.030144,0.089376,0.015616,0.188416,0.811008,0.026554,1244819,1244819,415283,33.3609,1920,1080,raygs,triangles,1,off,0,on,-4
1781754696535942072,4466.33,828.92,1.20639,1.1463,1.13494,0.029504,0.089472,0.016384,0.188576,0.811008,0.025476,1244819,1244819,415283,33.3609,1920,1080,raygs,triangles,1,off,0,on,-4
1781754696537298795,4467.69,828.777,1.2066,1.1481,1.1359,0.03024,0.09008,0.016384,0.187392,0.811808,0.02588,1244819,1244819,415283,33.3609,1920,1080,raygs,triangles,1,off,0,on,-4
1781754696538623060,4469.01,826.826,1.20944,1.14992,1.13731,0.031776,0.089728,0.016384,0.188416,0.811008,0.025908,1244819,1244819,415283,33.3609,1920,1080,raygs,triangles,1,off,0,on,-4
1781754696539887921,4470.28,824.997,1.21213,1.15005,1.13686,0.035232,0.089792,0.016384,0.185504,0.809952,0.068562,1244819,1244819,415283,33.3609,1920,1080,raygs,triangles,1,off,0,on,-4
1781754696540987883,4471.38,823.962,1.21365,1.14717,1.13546,0.030336,0.089312,0.016384,0.188416,0.811008,0.015703,1244819,1244819,415283,33.3609,1920,1080,raygs,triangles,1,off,0,on,-4
1781754696542236643,4472.63,824.635,1.21266,1.14659,1.13494,0.029792,0.089632,0.016384,0.188416,0.81072,0.071857,1244819,1244819,415283,33.3609,1920,1080,raygs,triangles,1,off,0,on,-4
1781754696543326866,4473.72,823.866,1.21379,1.14701,1.13411,0.029216,0.089088,0.016384,0.18944,0.809984,0.015996,1244819,1244819,415283,33.3609,1920,1080,raygs,triangles,1,off,0,on,-4
1781754696544503722,4474.9,827.283,1.20878,1.14701,1.13446,0.030432,0.089632,0.016384,0.187392,0.810624,0.026536,1244819,1244819,415283,33.3609,1920,1080,raygs,triangles,1,off,0,on,-4
1781754696545793264,4476.18,828.863,1.20647,1.14582,1.13443,0.029984,0.089504,0.016384,0.187616,0.810944,0.025867,1244819,1244819,415283,33.3609,1920,1080,raygs,triangles,1,off,0,on,-4
1781754696546961746,4477.35,827.601,1.20831,1.1481,1.13546,0.03024,0.089536,0.016256,0.18944,0.809984,0.025196,1244819,1244819,415283,33.3609,1920,1080,raygs,triangles,1,off,0,on,-4
1781754696548141242,4478.53,827.666,1.20822,1.14938,1.13485,0.029472,0.08928,0.015648,0.18944,0.811008,0.02603,1244819,1244819,415283,33.3609,1920,1080,raygs,triangles,1,off,0,on,-4
1781754696549365643,4479.76,827.539,1.2084,1.14749,1.13597,0.029664,0.089312,0.016384,0.18992,0.810688,0.066848,1244819,1244819,415283,33.3609,1920,1080,raygs,triangles,1,off,0,on,-4
1781754696550484947,4480.88,827.313,1.20873,1.14803,1.136,0.030176,0.088992,0.016384,0.18944,0.811008,0.020401,1244819,1244819,415283,33.3609,1920,1080,raygs,triangles,1,off,0,on,-4
1781754696551660350,4482.05,827.725,1.20813,1.14749,1.13267,0.029568,0.08928,0.01536,0.18848,0.809984,0.025795,1244819,1244819,415283,33.3609,1920,1080,raygs,triangles,1,off,0,on,-4
1781754696552925388,4483.32,829.98,1.20485,1.14851,1.13661,0.030656,0.089216,0.016288,0.190464,0.809984,0.043457,1244819,1244819,415283,33.3609,1920,1080,raygs,triangles,1,off,0,on,-4
1781754696554208281,4484.6,828.238,1.20738,1.34403,1.3319,0.030144,0.08944,0.016384,0.385024,0.810912,0.02026,1244819,1244819,415283,33.3609,1920,1080,raygs,triangles,1,off,0,on,-4
1781754696555546661,4485.94,826.836,1.20943,1.31219,1.2993,0.030496,0.252992,0.01536,0.190464,0.809984,0.026404,1244819,1244819,415283,33.3609,1920,1080,raygs,triangles,1,off,0,on,-4
1781754696556716218,4487.11,825.027,1.21208,1.14755,1.1351,0.030752,0.089568,0.016384,0.188416,0.809984,0.025565,1244819,1244819,415283,33.3609,1920,1080,raygs,triangles,1,off,0,on,-4
1781754696557892733,4488.28,825.406,1.21152,1.14771,1.13366,0.029888,0.089856,0.01536,0.187616,0.810944,0.02706,1244819,1244819,415283,33.3609,1920,1080,raygs,triangles,1,off,0,on,-4
1781754696559106276,4489.5,825.463,1.21144,1.14778,1.13472,0.030464,0.089472,0.016384,0.188416,0.809984,0.054731,1244819,1244819,415283,33.3609,1920,1080,raygs,triangles,1,off,0,on,-4
1781754696560334715,4490.73,825.012,1.2121,1.17158,1.1593,0.030176,0.08976,0.016384,0.212992,0.809984,0.030437,1244819,1244819,415283,33.3609,1920,1080,raygs,triangles,1,off,0,on,-4
1781754696561428802,4491.82,826.257,1.21028,1.14803,1.13466,0.030176,0.088608,0.016384,0.18864,0.810848,0.0162,1244819,1244819,415283,33.3609,1920,1080,raygs,triangles,1,off,0,on,-4
1781754696562895181,4493.29,829.06,1.20619,1.14851,1.13619,0.030624,0.08976,0.016384,0.18944,0.809984,0.052567,1244819,1244819,415283,33.3609,1920,1080,raygs,triangles,1,off,0,on,-4
1781754696564024895,4494.42,825.357,1.2116,1.14896,1.1375,0.031136,0.089696,0.016384,0.18944,0.810848,0.035467,1244819,1244819,415283,33.3609,1920,1080,raygs,triangles,1,off,0,on,-4
1781754696565181510,4495.57,826.089,1.21052,1.14608,1.13389,0.030272,0.089248,0.016384,0.188416,0.809568,0.034951,1244819,1244819,415283,33.3609,1920,1080,raygs,triangles,1,off,0,on,-4
1781754696566346065,4496.74,826.316,1.21019,1.14816,1.13568,0.030336,0.089536,0.01536,0.190464,0.809984,0.030515,1244819,1244819,415283,33.3609,1920,1080,raygs,triangles,1,off,0,on,-4
1781754696567419764,4497.81,826.895,1.20934,1.14819,1.1359,0.030336,0.089056,0.01536,0.190464,0.810688,0.021434,1244819,1244819,415283,33.3609,1920,1080,raygs,triangles,1,off,0,on,-4
1781754696568588938,4498.98,827.777,1.20806,1.14954,1.13542,0.030528,0.089024,0.015424,0.18944,0.811008,0.026252,1244819,1244819,415283,33.3609,1920,1080,raygs,triangles,1,off,0,on,-4
1781754696569755971,4500.15,829.497,1.20555,1.14826,1.13485,0.0304,0.088992,0.015392,0.18944,0.810624,0.025494,1244819,1244819,415283,33.3609,1920,1080,raygs,triangles,1,off,0,on,-4
1781754696571099807,4501.49,829.123,1.20609,1.32291,1.30963,0.029952,0.088768,0.01536,0.364544,0.811008,0.024887,1244819,1244819,415283,33.3609,1920,1080,raygs,triangles,1,off,0,on,-4
1781754696572467347,4502.86,827.389,1.20862,1.33898,1.32595,0.030624,0.08912,0.01536,0.379904,0.810944,0.025775,1244819,1244819,415283,33.3609,1920,1080,raygs,triangles,1,off,0,on,-4
1781754696573635345,4504.03,825.624,1.21121,1.14714,1.1352,0.030336,0.090144,0.016384,0.187392,0.810944,0.026647,1244819,1244819,415283,33.3609,1920,1080,raygs,triangles,1,off,0,on,-4
1781754696574800463,4505.19,825.018,1.2121,1.14688,1.13498,0.030144,0.089888,0.016384,0.18768,0.81088,0.024196,1244819,1244819,415283,33.3609,1920,1080,raygs,triangles,1,off,0,on,-4
1781754696575969404,4506.36,825.241,1.21177,1.14717,1.13507,0.030336,0.089952,0.016384,0.188416,0.809984,0.024059,1244819,1244819,415283,33.3609,1920,1080,raygs,triangles,1,off,0,on,-4
1781754696577141281,4507.53,825.351,1.21161,1.14685,1.13411,0.030048,0.090304,0.016384,0.187392,0.809984,0.024106,1244819,1244819,415283,33.3609,1920,1080,raygs,triangles,1,off,0,on,-4
1781754696578319229,4508.71,827.916,1.20785,1.1488,1.13683,0.030336,0.089728,0.016384,0.18944,0.810944,0.024187,1244819,1244819,415283,33.3609,1920,1080,raygs,triangles,1,off,0,on,-4
1781754696579616714,4510.01,829.136,1.20607,1.14746,1.13459,0.029632,0.089312,0.016384,0.188416,0.810848,0.02532,1244819,1244819,415283,33.3609,1920,1080,raygs,triangles,1,off,0,on,-4
1781754696580780369,4511.17,827.851,1.20795,1.14854,1.13478,0.0312,0.089824,0.01536,0.188416,0.809984,0.024674,1244819,1244819,415283,33.3609,1920,1080,raygs,triangles,1,off,0,on,-4
1781754696581956257,4512.35,828.3,1.20729,1.14739,1.13539,0.03056,0.089152,0.016256,0.188416,0.811008,0.0261,1244819,1244819,415283,33.3609,1920,1080,raygs,triangles,1,off,0,on,-4
1781754696583124219,4513.52,827.62,1.20828,1.14646,1.13427,0.030176,0.089312,0.016384,0.187392,0.811008,0.024305,1244819,1244819,415283,33.3609,1920,1080,raygs,triangles,1,off,0,on,-4
1781754696584302386,4514.69,828.114,1.20756,1.14816,1.13587,0.030208,0.090016,0.016384,0.188416,0.810848,0.02436,1244819,1244819,415283,33.3609,1920,1080,raygs,triangles,1,off,0,on,-4
1781754696585471342,4515.86,827.633,1.20827,1.14669,1.13507,0.029856,0.089408,0.016384,0.188416,0.811008,0.025303,1244819,1244819,415283,33.3609,1920,1080,raygs,triangles,1,off,0,on,-4
1781754696586642687,4517.03,829.423,1.20566,1.14896,1.13478,0.03056,0.08944,0.01536,0.18944,0.809984,0.024032,1244819,1244819,415283,33.3609,1920,1080,raygs,triangles,1,off,0,on,-4
1781754696588014781,4518.41,829.238,1.20593,1.34358,1.33258,0.030304,0.089856,0.016384,0.385024,0.811008,0.023538,1244819,1244819,415283,33.3609,1920,1080,raygs,triangles,1,off,0,on,-4
1781754696589329201,4519.72,826.919,1.20931,1.28525,1.2721,0.030176,0.088832,0.01536,0.327072,0.810656,0.024681,1244819,1244819,415283,33.3609,1920,1080,raygs,triangles,1,off,0,on,-4
1781754696590523511,4520.91,828.557,1.20692,1.14739,1.13315,0.030528,0.089888,0.01536,0.187392,0.809984,0.027285,1244819,1244819,415283,33.3609,1920,1080,raygs,triangles,1,off,0,on,-4
1781754696591693198,4522.08,828.745,1.20664,1.14656,1.13245,0.029728,0.08896,0.01536,0.188416,0.809984,0.026762,1244819,1244819,415283,33.3609,1920,1080,raygs,triangles,1,off,0,on,-4
1781754696592884628,4523.28,828.119,1.20756,1.14598,1.13181,0.030208,0.088864,0.01536,0.187392,0.809984,0.036589,1244819,1244819,415283,33.3609,1920,1080,raygs,triangles,1,off,0,on,-4
1781754696594050965,4524.44,829.733,1.20521,1.14717,1.13402,0.030592,0.088704,0.016384,0.187392,0.810944,0.023392,1244819,1244819,415283,33.3609,1920,1080,raygs,triangles,1,off,0,on,-4
1781754696595216199,4525.61,831.261,1.20299,1.1471,1.13395,0.030304,0.088928,0.01536,0.188416,0.810944,0.028668,1244819,1244819,415283,33.3609,1920,1080,raygs,triangles,1,off,0,on,-4
1781754696596700799,4527.09,830.993,1.20338,1.14813,1.13405,0.030272,0.088992,0.01536,0.188416,0.811008,0.053715,1244819,1244819,415283,33.3609,1920,1080,raygs,triangles,1,off,0,on,-4
1781754696597809409,4528.2,827.484,1.20848,1.14698,1.13418,0.0312,0.089152,0.01536,0.187712,0.810752,0.037049,1244819,1244819,415283,33.3609,1920,1080,raygs,triangles,1,off,0,on,-4
1781754696599101364,4529.49,828.267,1.20734,1.1473,1.13626,0.030208,0.08928,0.016384,0.18944,0.810944,0.036421,1244819,1244819,415283,33.3609,1920,1080,raygs,triangles,1,off,0,on,-4
1781754696600276361,4530.67,826.899,1.20934,1.14893,1.13587,0.031104,0.08896,0.01536,0.18944,0.811008,0.03544,1244819,1244819,415283,33.3609,1920,1080,raygs,triangles,1,off,0,on,-4
1781754696601448711,4531.84,826.937,1.20928,1.14749,1.1344,0.030304,0.089312,0.016384,0.188416,0.809984,0.035244,1244819,1244819,415283,33.3609,1920,1080,raygs,triangles,1,off,0,on,-4
1781754696602611011,4533,826.962,1.20925,1.14858,1.13475,0.030304,0.089664,0.01536,0.18944,0.809984,0.034922,1244819,1244819,415283,33.3609,1920,1080,raygs,triangles,1,off,0,on,-4
1781754696603950187,4534.34,828.518,1.20697,1.14896,1.13853,0.030368,0.089632,0.016384,0.191488,0.810656,0.037622,1244819,1244819,415283,33.3609,1920,1080,raygs,triangles,1,off,0,on,-4
1781754696605289679,4535.68,825.59,1.21126,1.14992,1.1369,0.03104,0.090048,0.016384,0.188416,0.811008,0.035577,1244819,1244819,415283,33.3609,1920,1080,raygs,triangles,1,off,0,on,-4
1781754696606464289,4536.86,823.188,1.21479,1.15286,1.14048,0.03504,0.08944,0.016384,0.188704,0.810912,0.036019,1244819,1244819,415283,33.3609,1920,1080,raygs,triangles,1,off,0,on,-4
1781754696607633003,4538.02,823.266,1.21467,1.1463,1.13437,0.030144,0.089312,0.016384,0.18752,0.811008,0.035727,1244819,1244819,415283,33.3609,1920,1080,raygs,triangles,1,off,0,on,-4
1781754696608808625,4539.2,823.304,1.21462,1.14544,1.13293,0.030208,0.089408,0.016384,0.186368,0.81056,0.037674,1244819,1244819,415283,33.3609,1920,1080,raygs,triangles,1,off,0,on,-4
1781754696610045693,4540.44,823.08,1.21495,1.14896,1.1368,0.030112,0.08992,0.016384,0.18944,0.810944,0.042219,1244819,1244819,415283,33.3609,1920,1080,raygs,triangles,1,off,0,on,-4
1781754696611162667,4541.55,824.341,1.21309,1.14938,1.13651,0.030496,0.08896,0.015584,0.190464,0.811008,0.036583,1244819,1244819,415283,33.3609,1920,1080,raygs,triangles,1,off,0,on,-4
1781754696612275231,4542.67,825.309,1.21167,1.14646,1.13379,0.029632,0.089408,0.016384,0.187392,0.810976,0.033079,1244819,1244819,415283,33.3609,1920,1080,raygs,triangles,1,off,0,on,-4
1781754696613667395,4544.06,828.834,1.20651,1.28099,1.26733,0.030048,0.089536,0.01536,0.321536,0.810848,0.038739,1244819,1244819,415283,33.3609,1920,1080,raygs,triangles,1,off,0,on,-4
1781754696614808216,4545.2,825.366,1.21158,1.14723,1.13542,0.030432,0.08912,0.016384,0.18864,0.810848,0.037193,1244819,1244819,415283,33.3609,1920,1080,raygs,triangles,1,off,0,on,-4
1781754696615990853,4546.38,826.452,1.20999,1.14835,1.13523,0.030048,0.090432,0.016224,0.187584,0.810944,0.036244,1244819,1244819,415283,33.3609,1920,1080,raygs,triangles,1,off,0,on,-4
1781754696617177284,4547.57,825.562,1.2113,1.14826,1.13421,0.030016,0.089248,0.01536,0.188608,0.810976,0.037019,1244819,1244819,415283,33.3609,1920,1080,raygs,triangles,1,off,0,on,-4
1781754696618332591,4548.72,825.282,1.21171,1.14746,1.13664,0.030656,0.089152,0.016384,0.18944,0.811008,0.035604,1244819,1244819,415283,33.3609,1920,1080,raygs,triangles,1,off,0,on,-4
1781754696619499874,4549.89,826.99,1.2092,1.14806,1.13478,0.030208,0.089632,0.01536,0.188576,0.811008,0.036955,1244819,1244819,415283,33.3609,1920,1080,raygs,triangles,1,off,0,on,-4
1781754696620821238,4551.21,827.056,1.20911,1.14749,1.13536,0.03008,0.089472,0.016384,0.18944,0.809984,0.036478,1244819,1244819,415283,33.3609,1920,1080,raygs,triangles,1,off,0,on,-4
1781754696622184290,4552.58,825.373,1.21157,1.15536,1.14035,0.035456,0.090112,0.016384,0.188416,0.809984,0.035806,1244819,1244819,415283,33.3609,1920,1080,raygs,triangles,1,off,0,on,-4
1781754696623358884,4553.75,823.623,1.21415,1.15117,1.13968,0.035808,0.08944,0.016384,0.186368,0.81168,0.034932,1244819,1244819,415283,33.3609,1920,1080,raygs,triangles,1,off,0,on,-4
1781754696624526439,4554.92,823.238,1.21472,1.14717,1.136,0.030336,0.090016,0.016384,0.188416,0.810848,0.035066,1244819,1244819,415283,33.3609,1920,1080,raygs,triangles,1,off,0,on,-4
1781754696625699439,4556.09,823.253,1.21469,1.14954,1.1375,0.030688,0.089184,0.01616,0.18944,0.812032,0.036414,1244819,1244819,415283,33.3609,1920,1080,raygs,triangles,1,off,0,on,-4
1781754696626871766,4557.26,824.281,1.21318,1.14685,1.13293,0.030016,0.089184,0.015744,0.187392,0.810592,0.034277,1244819,1244819,415283,33.3609,1920,1080,raygs,triangles,1,off,0,on,-4
1781754696628075897,4558.47,825.625,1.2112,1.14758,1.13501,0.02976,0.089568,0.016096,0.188768,0.810816,0.03687,1244819,1244819,415283,33.3609,1920,1080,raygs,triangles,1,off,0,on,-4
1781754696629262673,4559.65,827,1.20919,1.14992,1.13811,0.0304,0.089728,0.016512,0.190464,0.811008,0.027391,1244819,1244819,415283,33.3609,1920,1080,raygs,triangles,1,off,0,on,-4
1781754696630389308,4560.78,827.16,1.20896,1.14896,1.13683,0.031264,0.08976,0.016384,0.188416,0.811008,0.015538,1244819,1244819,415283,33.3609,1920,1080,raygs,triangles,1,off,0,on,-4
1781754696631563213,4561.95,827.861,1.20793,1.14934,1.13597,0.030464,0.088896,0.016384,0.18944,0.810784,0.02608,1244819,1244819,415283,33.3609,1920,1080,raygs,triangles,1,off,0,on,-4
1781754696632736563,4563.13,828.115,1.20756,1.14954,1.13616,0.030656,0.089152,0.01536,0.18944,0.811552,0.02512,1244819,1244819,415283,33.3609,1920,1080,raygs,triangles,1,off,0,on,-4
1781754696633906039,4564.3,828.772,1.2066,1.14733,1.13507,0.030528,0.089152,0.016384,0.188416,0.810592,0.024859,1244819,1244819,415283,33.3609,1920,1080,raygs,triangles,1,off,0,on,-4
1781754696635078731,4565.47,828.442,1.20709,1.14637,1.13411,0.030528,0.0888,0.016384,0.188416,0.809984,0.023865,1244819,1244819,415283,33.3609,1920,1080,raygs,triangles,1,off,0,on,-4
1781754696636250105,4566.64,831.679,1.20239,1.14867,1.13472,0.030336,0.089472,0.015488,0.18944,0.809984,0.024057,1244819,1244819,415283,33.3609,1920,1080,raygs,triangles,1,off,0,on,-4
1781754696637645622,4568.04,831.105,1.20322,1.37363,1.36102,0.029472,0.08928,0.016384,0.415008,0.81088,0.023702,1244819,1244819,415283,33.3609,1920,1080,raygs,triangles,1,off,0,on,-4
1781754696638954891,4569.35,828.367,1.20719,1.28714,1.27322,0.030016,0.089248,0.015584,0.32768,0.810688,0.023032,1244819,1244819,415283,33.3609,1920,1080,raygs,triangles,1,off,0,on,-4
1781754696640159759,4570.55,826.519,1.20989,1.14944,1.13648,0.030592,0.089952,0.015488,0.18944,0.811008,0.027404,1244819,1244819,415283,33.3609,1920,1080,raygs,triangles,1,off,0,on,-4
1781754696641317712,4571.71,824.857,1.21233,1.1448,1.13242,0.030016,0.089728,0.016384,0.186368,0.80992,0.025623,1244819,1244819,415283,33.3609,1920,1080,raygs,triangles,1,off,0,on,-4
1781754696642481844,4572.87,825.089,1.21199,1.14803,1.13562,0.030464,0.089728,0.016384,0.188416,0.810624,0.025485,1244819,1244819,415283,33.3609,1920,1080,raygs,triangles,1,off,0,on,-4
1781754696643669398,4574.06,825.094,1.21198,1.1663,1.15344,0.030016,0.089248,0.016384,0.206848,0.810944,0.023571,1244819,1244819,415283,33.3609,1920,1080,raygs,triangles,1,off,0,on,-4
1781754696644840379,4575.23,826.855,1.2094,1.14746,1.13603,0.03024,0.089312,0.016352,0.18944,0.810688,0.0232,1244819,1244819,415283,33.3609,1920,1080,raygs,triangles,1,off,0,on,-4
1781754696646131251,4576.52,829.062,1.20618,1.14614,1.1321,0.030336,0.089024,0.01536,0.187392,0.809984,0.023962,1244819,1244819,415283,33.3609,1920,1080,raygs,triangles,1,off,0,on,-4
1781754696647311575,4577.7,827.64,1.20826,1.14912,1.1376,0.03152,0.089696,0.016384,0.18944,0.81056,0.0247,1244819,1244819,415283,33.3609,1920,1080,raygs,triangles,1,off,0,on,-4
1781754696648478503,4578.87,827.445,1.20854,1.14742,1.13501,0.029568,0.089632,0.016384,0.188416,0.811008,0.023498,1244819,1244819,415283,33.3609,1920,1080,raygs,triangles,1,off,0,on,-4
1781754696649656485,4580.05,827.48,1.20849,1.1488,1.13603,0.02992,0.08928,0.016384,0.190464,0.809984,0.025553,1244819,1244819,415283,33.3609,1920,1080,raygs,triangles,1,off,0,on,-4
1781754696650828096,4581.22,827.397,1.20861,1.14778,1.13373,0.030528,0.089312,0.015488,0.188416,0.809984,0.024226,1244819,1244819,415283,33.3609,1920,1080,raygs,triangles,1,off,0,on,-4
1781754696652168895,4582.56,827.564,1.20837,1.15158,1.13965,0.029632,0.089472,0.016384,0.193536,0.810624,0.042039,1244819,1244819,415283,33.3609,1920,1080,raygs,triangles,1,off,0,on,-4
1781754696653254539,4583.65,826.873,1.20938,1.14819,1.13475,0.03008,0.089248,0.016192,0.188416,0.810816,0.062167,1244819,1244819,415283,33.3609,1920,1080,raygs,triangles,1,off,0,on,-4
1781754696654552133,4584.94,827.826,1.20798,1.32352,1.31197,0.030592,0.089856,0.016384,0.364544,0.810592,0.018965,1244819,1244819,415283,33.3609,1920,1080,raygs,triangles,1,off,0,on,-4
1781754696655936906,4586.33,826.192,1.21037,1.31888,1.30694,0.030528,0.0896,0.183648,0.192512,0.810656,0.057555,1244819,1244819,415283,33.3609,1920,1080,raygs,triangles,1,off,0,on,-4
1781754696657106855,4587.5,823.899,1.21374,1.14998,1.13686,0.031136,0.088896,0.016384,0.190464,0.809984,0.045527,1244819,1244819,415283,33.3609,1920,1080,raygs,triangles,1,off,0,on,-4
1781754696658242951,4588.63,824.085,1.21347,1.14742,1.13619,0.030592,0.089792,0.016384,0.188416,0.811008,0.016165,1244819,1244819,415283,33.3609,1920,1080,raygs,triangles,1,off,0,on,-4
1781754696659443965,4589.84,824.148,1.21337,1.14848,1.13613,0.029632,0.089664,0.01632,0.189504,0.811008,0.04621,1244819,1244819,415283,33.3609,1920,1080,raygs,triangles,1,off,0,on,-4
1781754696660629682,4591.02,824.068,1.21349,1.14816,1.13443,0.030528,0.09008,0.015456,0.188416,0.809952,0.05915,1244819,1244819,415283,33.3609,1920,1080,raygs,triangles,1,off,0,on,-4
1781754696661765589,4592.16,826.212,1.21034,1.14736,1.13357,0.03056,0.08912,0.01536,0.187808,0.81072,0.019338,1244819,1244819,415283,33.3609,1920,1080,raygs,triangles,1,off,0,on,-4
1781754696663095344,4593.49,828.047,1.20766,1.14694,1.13322,0.030112,0.089632,0.01536,0.187392,0.81072,0.06119,1244819,1244819,415283,33.3609,1920,1080,raygs,triangles,1,off,0,on,-4
1781754696664229438,4594.62,826.74,1.20957,1.14832,1.13555,0.030464,0.08944,0.016224,0.188416,0.811008,0.019178,1244819,1244819,415283,33.3609,1920,1080,raygs,triangles,1,off,0,on,-4
1781754696665403820,4595.8,826.99,1.2092,1.14765,1.13658,0.03008,0.089664,0.016384,0.18944,0.811008,0.027118,1244819,1244819,415283,33.3609,1920,1080,raygs,triangles,1,off,0,on,-4
1781754696666609496,4597,827.24,1.20884,1.14874,1.13475,0.029888,0.089888,0.01536,0.18864,0.810976,0.049082,1244819,1244819,415283,33.3609,1920,1080,raygs,triangles,1,off,0,on,-4
1781754696667748866,4598.14,826.987,1.20921,1.14851,1.1369,0.030752,0.08976,0.016384,0.18944,0.81056,0.021033,1244819,1244819,415283,33.3609,1920,1080,raygs,triangles,1,off,0,on,-4
1781754696668952306,4599.34,827.42,1.20858,1.1463,1.13322,0.030496,0.089056,0.016288,0.187392,0.809984,0.049817,1244819,1244819,415283,33.3609,1920,1080,raygs,triangles,1,off,0,on,-4
1781754696670095930,4600.49,830.786,1.20368,1.14803,1.13594,0.030432,0.089696,0.016384,0.18944,0.809984,0.020815,1244819,1244819,415283,33.3609,1920,1080,raygs,triangles,1,off,0,on,-4
1781754696671461207,4601.85,830.179,1.20456,1.34259,1.32938,0.030176,0.089408,0.015648,0.383424,0.81072,0.027205,1244819,1244819,415283,33.3609,1920,1080,raygs,triangles,1,off,0,on,-4
1781754696672804047,4603.2,829.096,1.20613,1.28714,1.27382,0.030048,0.088704,0.01536,0.328704,0.811008,0.05286,1244819,1244819,415283,33.3609,1920,1080,raygs,triangles,1,off,0,on,-4
1781754696673948795,4604.34,827.52,1.20843,1.14787,1.13456,0.030048,0.090592,0.01552,0.187392,0.811008,0.019343,1244819,1244819,415283,33.3609,1920,1080,raygs,triangles,1,off,0,on,-4
1781754696675117998,4605.51,827.666,1.20822,1.14646,1.13386,0.0296,0.089472,0.016384,0.188416,0.809984,0.026422,1244819,1244819,415283,33.3609,1920,1080,raygs,triangles,1,off,0,on,-4
1781754696676372082,4606.76,827.389,1.20862,1.14803,1.13437,0.030304,0.08928,0.01536,0.18944,0.809984,0.038168,1244819,1244819,415283,33.3609,1920,1080,raygs,triangles,1,off,0,on,-4
1781754696677456627,4607.85,828.767,1.20661,1.14662,1.13283,0.02976,0.089312,0.016416,0.186368,0.810976,0.018762,1244819,1244819,415283,33.3609,1920,1080,raygs,triangles,1,off,0,on,-4
1781754696678793195,4609.18,831.498,1.20265,1.14643,1.13344,0.029632,0.088256,0.016384,0.187392,0.811776,0.052731,1244819,1244819,415283,33.3609,1920,1080,raygs,triangles,1,off,0,on,-4
1781754696679918872,4610.31,829.489,1.20556,1.14803,1.13459,0.031168,0.08912,0.01536,0.188416,0.810528,0.014995,1244819,1244819,415283,33.3609,1920,1080,raygs,triangles,1,off,0,on,-4
1781754696681145022,4611.54,830.123,1.20464,1.14918,1.13539,0.030336,0.089024,0.015584,0.18944,0.811008,0.064442,1244819,1244819,415283,33.3609,1920,1080,raygs,triangles,1,off,0,on,-4
1781754696682272994,4612.66,829.723,1.20522,1.14717,1.13466,0.030368,0.089504,0.01536,0.188416,0.811008,0.019748,1244819,1244819,415283,33.3609,1920,1080,raygs,triangles,1,off,0,on,-4
1781754696683492949,4613.88,830.927,1.20347,1.14858,1.13757,0.030752,0.089984,0.016384,0.18944,0.811008,0.055031,1244819,1244819,415283,33.3609,1920,1080,raygs,triangles,1,off,0,on,-4
1781754696684618652,4615.01,831.292,1.20295,1.14691,1.13434,0.03008,0.08944,0.01568,0.188416,0.81072,0.017544,1244819,1244819,415283,33.3609,1920,1080,raygs,triangles,1,off,0,on,-4
1781754696685852397,4616.24,829.208,1.20597,1.15043,1.13709,0.030528,0.089088,0.01536,0.191488,0.810624,0.054932,1244819,1244819,415283,33.3609,1920,1080,raygs,triangles,1,off,0,on,-4
1781754696687106121,4617.5,831.45,1.20272,1.28704,1.27408,0.029952,0.089472,0.016224,0.32768,0.810752,0.016161,1244819,1244819,415283,33.3609,1920,1080,raygs,triangles,1,off,0,on,-4
1781754696688471629,4618.86,829.998,1.20482,1.33174,1.31904,0.029568,0.088544,0.016384,0.37376,0.810784,0.027857,1244819,1244819,415283,33.3609,1920,1080,raygs,triangles,1,off,0,on,-4
1781754696689822950,4620.21,827.893,1.20789,1.30429,1.2913,0.029792,0.243648,0.01536,0.192512,0.809984,0.047116,1244819,1244819,415283,33.3609,1920,1080,raygs,triangles,1,off,0,on,-4
1781754696690972224,4621.36,826.359,1.21013,1.14701,1.13549,0.030208,0.089472,0.016384,0.188416,0.811008,0.020966,1244819,1244819,415283,33.3609,1920,1080,raygs,triangles,1,off,0,on,-4
1781754696692227399,4622.62,826.034,1.2106,1.14662,1.13405,0.029792,0.088448,0.016384,0.188416,0.811008,0.040657,1244819,1244819,415283,33.3609,1920,1080,raygs,triangles,1,off,0,on,-4
1781754696693361787,4623.75,825.226,1.21179,1.14851,1.1337,0.029632,0.0896,0.01536,0.188416,0.810688,0.058177,1244819,1244819,415283,33.3609,1920,1080,raygs,triangles,1,off,0,on,-4
1781754696694481381,4624.87,827.336,1.2087,1.14906,1.13792,0.030496,0.089568,0.016384,0.190464,0.811008,0.015396,1244819,1244819,415283,33.3609,1920,1080,raygs,triangles,1,off,0,on,-4
1781754696695809971,4626.2,829.963,1.20487,1.14637,1.13539,0.029536,0.089376,0.016384,0.188416,0.81168,0.053273,1244819,1244819,415283,33.3609,1920,1080,raygs,triangles,1,off,0,on,-4
1781754696696951381,4627.34,828.366,1.2072,1.14992,1.13814,0.031072,0.089728,0.016352,0.190464,0.810528,0.019801,1244819,1244819,415283,33.3609,1920,1080,raygs,triangles,1,off,0,on,-4
1781754696698170427,4628.56,828.53,1.20696,1.14867,1.1352,0.029664,0.089728,0.01536,0.18944,0.811008,0.063664,1244819,1244819,415283,33.3609,1920,1080,raygs,triangles,1,off,0,on,-4
1781754696699301365,4629.69,828.137,1.20753,1.14739,1.1344,0.03024,0.089344,0.016288,0.187776,0.810752,0.019532,1244819,1244819,415283,33.3609,1920,1080,raygs,triangles,1,off,0,on,-4
1781754696700476564,4630.87,828.475,1.20704,1.14954,1.13677,0.029632,0.08928,0.016384,0.190464,0.811008,0.028476,1244819,1244819,415283,33.3609,1920,1080,raygs,triangles,1,off,0,on,-4
1781754696701647700,4632.04,828.924,1.20638,1.14803,1.13565,0.030208,0.089536,0.016384,0.188832,0.810688,0.026227,1244819,1244819,415283,33.3609,1920,1080,raygs,triangles,1,off,0,on,-4
1781754696702818063,4633.21,828.739,1.20665,1.14701,1.13558,0.03024,0.089536,0.016384,0.188416,0.811008,0.025679,1244819,1244819,415283,33.3609,1920,1080,raygs,triangles,1,off,0,on,-4
1781754696704161752,4634.55,828.254,1.20736,1.31808,1.30502,0.03024,0.088896,0.016384,0.358752,0.810752,0.026292,1244819,1244819,415283,33.3609,1920,1080,raygs,triangles,1,off,0,on,-4
1781754696705706027,4636.1,825.092,1.21199,1.34307,1.3305,0.029664,0.088288,0.016384,0.385152,0.811008,0.050307,1244819,1244819,415283,33.3609,1920,1080,raygs,triangles,1,off,0,on,-4
1781754696706825342,4637.22,821.904,1.21669,1.14768,1.13344,0.029856,0.089856,0.01536,0.187392,0.810976,0.035482,1244819,1244819,415283,33.3609,1920,1080,raygs,triangles,1,off,0,on,-4
1781754696707990307,4638.38,822.497,1.21581,1.148,1.13434,0.030176,0.089248,0.01536,0.188736,0.810816,0.035081,1244819,1244819,415283,33.3609,1920,1080,raygs,triangles,1,off,0,on,-4
1781754696709161694,4639.55,822.577,1.21569,1.1471,1.13482,0.030272,0.089568,0.016384,0.187648,0.810944,0.034654,1244819,1244819,415283,33.3609,1920,1080,raygs,triangles,1,off,0,on,-4
1781754696710339744,4640.73,822.535,1.21575,1.1545,1.14314,0.0304,0.089056,0.016384,0.196608,0.810688,0.030272,1244819,1244819,415283,33.3609,1920,1080,raygs,triangles,1,off,0,on,-4
1781754696711401466,4641.79,825.141,1.21191,1.14768,1.13568,0.030272,0.089536,0.01632,0.188608,0.810944,0.018473,1244819,1244819,415283,33.3609,1920,1080,raygs,triangles,1,off,0,on,-4
1781754696712688585,4643.08,828.164,1.20749,1.14733,1.13328,0.030496,0.089024,0.01536,0.188416,0.809984,0.027204,1244819,1244819,415283,33.3609,1920,1080,raygs,triangles,1,off,0,on,-4
1781754696713852635,4644.24,827.289,1.20877,1.15014,1.13757,0.03024,0.089376,0.01648,0.18944,0.812032,0.025387,1244819,1244819,415283,33.3609,1920,1080,raygs,triangles,1,off,0,on,-4
1781754696715023233,4645.41,827.207,1.20889,1.14848,1.1375,0.030016,0.089632,0.016384,0.190464,0.811008,0.025032,1244819,1244819,415283,33.3609,1920,1080,raygs,triangles,1,off,0,on,-4
1781754696716198178,4646.59,827.106,1.20903,1.14848,1.13718,0.029632,0.089536,0.016384,0.1896,0.812032,0.028007,1244819,1244819,415283,33.3609,1920,1080,raygs,triangles,1,off,0,on,-4
1781754696717366072,4647.76,827.181,1.20892,1.14499,1.1313,0.030144,0.088416,0.016384,0.186368,0.809984,0.024598,1244819,1244819,415283,33.3609,1920,1080,raygs,triangles,1,off,0,on,-4
1781754696718534077,4648.93,827.229,1.20885,1.14787,1.13363,0.030016,0.090016,0.015616,0.187392,0.810592,0.023997,1244819,1244819,415283,33.3609,1920,1080,raygs,triangles,1,off,0,on,-4
1781754696719715045,4650.11,828.726,1.20667,1.15014,1.1367,0.030272,0.089632,0.01552,0.190464,0.810816,0.025507,1244819,1244819,415283,33.3609,1920,1080,raygs,triangles,1,off,0,on,-4
1781754696721131754,4651.52,828.565,1.20691,1.37962,1.36694,0.030368,0.089248,0.016384,0.420128,0.810816,0.025507,1244819,1244819,415283,33.3609,1920,1080,raygs,triangles,1,off,0,on,-4
1781754696722445187,4652.84,825.765,1.211,1.28714,1.27501,0.030048,0.089888,0.016384,0.328704,0.809984,0.026058,1244819,1244819,415283,33.3609,1920,1080,raygs,triangles,1,off,0,on,-4
1781754696723601646,4653.99,824.271,1.21319,1.14717,1.13443,0.029312,0.090336,0.016384,0.188416,0.809984,0.025785,1244819,1244819,415283,33.3609,1920,1080,raygs,triangles,1,off,0,on,-4
1781754696724783152,4655.17,824.452,1.21293,1.14566,1.13418,0.029856,0.089536,0.016384,0.187424,0.810976,0.025805,1244819,1244819,415283,33.3609,1920,1080,raygs,triangles,1,off,0,on,-4
1781754696725946687,4656.34,826.442,1.21001,1.14723,1.13501,0.030432,0.089632,0.01536,0.187584,0.812,0.024094,1244819,1244819,415283,33.3609,1920,1080,raygs,triangles,1,off,0,on,-4
1781754696727122076,4657.51,825.462,1.21144,1.15386,1.14074,0.029856,0.08912,0.015616,0.195584,0.81056,0.023981,1244819,1244819,415283,33.3609,1920,1080,raygs,triangles,1,off,0,on,-4
1781754696728362721,4658.75,827.117,1.20902,1.1488,1.13571,0.030432,0.088448,0.016384,0.190464,0.809984,0.056167,1244819,1244819,415283,33.3609,1920,1080,raygs,triangles,1,off,0,on,-4
1781754696729602508,4659.99,828.434,1.2071,1.14746,1.13485,0.0296,0.088416,0.016384,0.18944,0.811008,0.015884,1244819,1244819,415283,33.3609,1920,1080,raygs,triangles,1,off,0,on,-4
1781754696730819746,4661.21,827.298,1.20875,1.14829,1.13347,0.030432,0.089504,0.015488,0.187392,0.810656,0.052296,1244819,1244819,415283,33.3609,1920,1080,raygs,triangles,1,off,0,on,-4
1781754696731953349,4662.34,826.975,1.20923,1.14637,1.13446,0.029568,0.089248,0.016384,0.188416,0.810848,0.016709,1244819,1244819,415283,33.3609,1920,1080,raygs,triangles,1,off,0,on,-4
1781754696733135881,4663.53,827.278,1.20878,1.14701,1.13571,0.030432,0.089632,0.016384,0.188416,0.810848,0.026067,1244819,1244819,415283,33.3609,1920,1080,raygs,triangles,1,off,0,on,-4
1781754696734339497,4664.73,827.29,1.20877,1.14653,1.13344,0.03072,0.08896,0.01536,0.188416,0.809984,0.05359,1244819,1244819,415283,33.3609,1920,1080,raygs,triangles,1,off,0,on,-4
1781754696735531841,4665.92,826.959,1.20925,1.14829,1.13773,0.030432,0.089888,0.016384,0.18944,0.811584,0.06297,1244819,1244819,415283,33.3609,1920,1080,raygs,triangles,1,off,0,on,-4
1781754696736682998,4667.07,828.322,1.20726,1.1496,1.13674,0.029536,0.089344,0.016384,0.190464,0.811008,0.040423,1244819,1244819,415283,33.3609,1920,1080,raygs,triangles,1,off,0,on,-4
1781754696738001703,4668.39,828.272,1.20733,1.3199,1.30675,0.030048,0.089728,0.016384,0.360672,0.80992,0.019464,1244819,1244819,415283,33.3609,1920,1080,raygs,triangles,1,off,0,on,-4
1781754696739409889,4669.8,826.537,1.20987,1.33808,1.32566,0.029792,0.0896,0.016384,0.37888,0.811008,0.053976,1244819,1244819,415283,33.3609,1920,1080,raygs,triangles,1,off,0,on,-4
1781754696740536948,4670.93,824.161,1.21336,1.1488,1.13485,0.030208,0.090656,0.015584,0.188416,0.809984,0.017043,1244819,1244819,415283,33.3609,1920,1080,raygs,triangles,1,off,0,on,-4
1781754696741748359,4672.14,824.237,1.21324,1.14803,1.13395,0.030144,0.089024,0.01536,0.18944,0.809984,0.05287,1244819,1244819,415283,33.3609,1920,1080,raygs,triangles,1,off,0,on,-4
1781754696742932861,4673.32,824.207,1.21329,1.1457,1.13434,0.029888,0.089696,0.016384,0.187392,0.810976,0.030351,1244819,1244819,415283,33.3609,1920,1080,raygs,triangles,1,off,0,on,-4
1781754696744051738,4674.44,823.858,1.2138,1.14701,1.13376,0.030592,0.088448,0.016384,0.187392,0.810944,0.015668,1244819,1244819,415283,33.3609,1920,1080,raygs,triangles,1,off,0,on,-4
1781754696745262459,4675.65,826.716,1.20961,1.14787,1.13648,0.030272,0.08944,0.016384,0.18944,0.810944,0.05099,1244819,1244819,415283,33.3609,1920,1080,raygs,triangles,1,off,0,on,-4
1781754696746507961,4676.9,828.058,1.20764,1.14614,1.13216,0.030336,0.089344,0.01536,0.186368,0.810752,0.017595,1244819,1244819,415283,33.3609,1920,1080,raygs,triangles,1,off,0,on,-4
1781754696747725039,4678.12,826.787,1.2095,1.14979,1.13872,0.03104,0.089824,0.016384,0.190464,0.811008,0.053392,1244819,1244819,415283,33.3609,1920,1080,raygs,triangles,1,off,0,on,-4
1781754696748902425,4679.29,826.736,1.20958,1.14787,1.1351,0.030016,0.08992,0.015648,0.188576,0.810944,0.043676,1244819,1244819,415283,33.3609,1920,1080,raygs,triangles,1,off,0,on,-4
1781754696750079714,4680.47,827.219,1.20887,1.14851,1.13402,0.0296,0.089632,0.01536,0.188416,0.811008,0.052854,1244819,1244819,415283,33.3609,1920,1080,raygs,triangles,1,off,0,on,-4
1781754696751305848,4681.7,826.294,1.21022,1.14717,1.13411,0.030272,0.089184,0.016256,0.188416,0.809984,0.030269,1244819,1244819,415283,33.3609,1920,1080,raygs,triangles,1,off,0,on,-4
1781754696752432529,4682.82,827.738,1.20811,1.14803,1.13594,0.030464,0.089664,0.016384,0.18944,0.809984,0.059526,1244819,1244819,415283,33.3609,1920,1080,raygs,triangles,1,off,0,on,-4
1781754696753550704,4683.94,827.58,1.20834,1.14653,1.13366,0.029696,0.0896,0.016128,0.187392,0.810848,0.020327,1244819,1244819,415283,33.3609,1920,1080,raygs,triangles,1,off,0,on,-4
1781754696754945550,4685.34,828.48,1.20703,1.31981,1.30717,0.030144,0.089632,0.016384,0.360448,0.81056,0.054286,1244819,1244819,415283,33.3609,1920,1080,raygs,triangles,1,off,0,on,-4
1781754696756283480,4686.67,825.759,1.21101,1.30534,1.29283,0.029792,0.089568,0.016352,0.347136,0.809984,0.060474,1244819,1244819,415283,33.3609,1920,1080,raygs,triangles,1,off,0,on,-4
1781754696757562186,4687.95,824.288,1.21317,1.14701,1.13379,0.030176,0.088832,0.01536,0.188416,0.811008,0.042935,1244819,1244819,415283,33.3609,1920,1080,raygs,triangles,1,off,0,on,-4
1781754696758692478,4689.08,822.703,1.21551,1.14858,1.13491,0.030752,0.089376,0.01536,0.188416,0.811008,0.015428,1244819,1244819,415283,33.3609,1920,1080,raygs,triangles,1,off,0,on,-4
1781754696759905244,4690.3,823.647,1.21411,1.14618,1.13331,0.030368,0.089184,0.01536,0.187392,0.811008,0.048643,1244819,1244819,415283,33.3609,1920,1080,raygs,triangles,1,off,0,on,-4
1781754696761045739,4691.44,824.342,1.21309,1.1473,1.13456,0.029472,0.089312,0.016384,0.188416,0.810976,0.02006,1244819,1244819,415283,33.3609,1920,1080,raygs,triangles,1,off,0,on,-4
1781754696762255557,4692.65,826.792,1.20949,1.14938,1.13418,0.029504,0.089152,0.01536,0.18944,0.81072,0.051899,1244819,1244819,415283,33.3609,1920,1080,raygs,triangles,1,off,0,on,-4
1781754696763679497,4694.07,828.423,1.20711,1.1489,1.13635,0.03104,0.089248,0.015616,0.18944,0.811008,0.03954,1244819,1244819,415283,33.3609,1920,1080,raygs,triangles,1,off,0,on,-4
1781754696764810537,4695.2,825.039,1.21206,1.15053,1.1368,0.030592,0.090304,0.016448,0.188448,0.811008,0.035948,1244819,1244819,415283,33.3609,1920,1080,raygs,triangles,1,off,0,on,-4
1781754696765978179,4696.37,826.387,1.21009,1.14701,1.13414,0.030208,0.089152,0.01536,0.188416,0.811008,0.035231,1244819,1244819,415283,33.3609,1920,1080,raygs,triangles,1,off,0,on,-4
1781754696767145326,4697.54,826.068,1.21055,1.14794,1.13619,0.030112,0.09008,0.016384,0.188768,0.810848,0.034909,1244819,1244819,415283,33.3609,1920,1080,raygs,triangles,1,off,0,on,-4
1781754696768205755,4698.6,825.535,1.21134,1.14701,1.13539,0.030176,0.089408,0.016384,0.188416,0.811008,0.01938,1244819,1244819,415283,33.3609,1920,1080,raygs,triangles,1,off,0,on,-4
1781754696769387447,4699.78,828.514,1.20698,1.14922,1.13686,0.030496,0.089536,0.016384,0.190464,0.809984,0.031569,1244819,1244819,415283,33.3609,1920,1080,raygs,triangles,1,off,0,on,-4
1781754696770698548,4701.09,828.341,1.20723,1.1463,1.13443,0.029472,0.089216,0.016384,0.188416,0.810944,0.025361,1244819,1244819,415283,33.3609,1920,1080,raygs,triangles,1,off,0,on,-4
1781754696772047674,4702.44,827.158,1.20896,1.14902,1.13526,0.031168,0.089664,0.016224,0.187392,0.810816,0.024422,1244819,1244819,415283,33.3609,1920,1080,raygs,triangles,1,off,0,on,-4
1781754696773230876,4703.62,824.801,1.21241,1.15226,1.1391,0.035776,0.089664,0.016384,0.186368,0.810912,0.026486,1244819,1244819,415283,33.3609,1920,1080,raygs,triangles,1,off,0,on,-4
1781754696774398173,4704.79,824.784,1.21244,1.14733,1.1345,0.029472,0.089184,0.016384,0.188448,0.811008,0.025296,1244819,1244819,415283,33.3609,1920,1080,raygs,triangles,1,off,0,on,-4
1781754696775625136,4706.02,824.753,1.21248,1.14659,1.1336,0.029792,0.088416,0.01536,0.188416,0.811616,0.048701,1244819,1244819,415283,33.3609,1920,1080,raygs,triangles,1,off,0,on,-4
1781754696776727698,4707.12,824.238,1.21324,1.14778,1.13427,0.029952,0.089408,0.01536,0.188608,0.810944,0.014403,1244819,1244819,415283,33.3609,1920,1080,raygs,triangles,1,off,0,on,-4
1781754696777925549,4708.32,828.252,1.20736,1.14797,1.13552,0.0304,0.089152,0.01536,0.189856,0.810752,0.028046,1244819,1244819,415283,33.3609,1920,1080,raygs,triangles,1,off,0,on,-4
1781754696779391731,4709.78,831.021,1.20334,1.14678,1.13264,0.03024,0.089536,0.01536,0.187712,0.809792,0.050572,1244819,1244819,415283,33.3609,1920,1080,raygs,triangles,1,off,0,on,-4
1781754696780524921,4710.92,826.751,1.20955,1.14803,1.13632,0.030176,0.089312,0.016384,0.18944,0.811008,0.043994,1244819,1244819,415283,33.3609,1920,1080,raygs,triangles,1,off,0,on,-4
1781754696781680770,4712.07,827.17,1.20894,1.14851,1.13587,0.029632,0.08944,0.016384,0.18944,0.810976,0.036348,1244819,1244819,415283,33.3609,1920,1080,raygs,triangles,1,off,0,on,-4
1781754696782849747,4713.24,827.385,1.20863,1.14614,1.1328,0.03024,0.0888,0.01536,0.187392,0.811008,0.035433,1244819,1244819,415283,33.3609,1920,1080,raygs,triangles,1,off,0,on,-4
1781754696784019450,4714.41,827.378,1.20864,1.14643,1.13504,0.029632,0.0896,0.016384,0.188416,0.811008,0.035546,1244819,1244819,415283,33.3609,1920,1080,raygs,triangles,1,off,0,on,-4
1781754696785193272,4715.58,825.994,1.21066,1.1504,1.1368,0.030528,0.08944,0.01536,0.191488,0.809984,0.034768,1244819,1244819,415283,33.3609,1920,1080,raygs,triangles,1,off,0,on,-4
1781754696786371437,4716.76,827.228,1.20886,1.14752,1.13501,0.029664,0.089536,0.016384,0.188416,0.811008,0.035393,1244819,1244819,415283,33.3609,1920,1080,raygs,triangles,1,off,0,on,-4
1781754696787716061,4718.11,827.073,1.20908,1.31933,1.30714,0.029952,0.089408,0.01632,0.360448,0.811008,0.035752,1244819,1244819,415283,33.3609,1920,1080,raygs,triangles,1,off,0,on,-4
1781754696789070228,4719.46,825.048,1.21205,1.33862,1.32448,0.030304,0.088896,0.01536,0.379008,0.810912,0.035456,1244819,1244819,415283,33.3609,1920,1080,raygs,triangles,1,off,0,on,-4
1781754696790281980,4720.67,823.101,1.21492,1.1473,1.13555,0.030496,0.090144,0.016384,0.18752,0.811008,0.030169,1244819,1244819,415283,33.3609,1920,1080,raygs,triangles,1,off,0,on,-4
1781754696791334694,4721.73,822.104,1.21639,1.14733,1.13462,0.03024,0.0896,0.01536,0.188416,0.811008,0.026972,1244819,1244819,415283,33.3609,1920,1080,raygs,triangles,1,off,0,on,-4
1781754696792473731,4722.87,824.103,1.21344,1.14685,1.13267,0.030048,0.088608,0.015616,0.188416,0.809984,0.018672,1244819,1244819,415283,33.3609,1920,1080,raygs,triangles,1,off,0,on,-4
1781754696793656269,4724.05,824.759,1.21248,1.16064,1.14797,0.029504,0.089344,0.016384,0.202752,0.809984,0.026208,1244819,1244819,415283,33.3609,1920,1080,raygs,triangles,1,off,0,on,-4
1781754696794821866,4725.21,827.37,1.20865,1.14816,1.13526,0.029312,0.08928,0.016384,0.18944,0.810848,0.025525,1244819,1244819,415283,33.3609,1920,1080,raygs,triangles,1,off,0,on,-4
1781754696796148208,4726.54,829.021,1.20624,1.14787,1.13555,0.030432,0.089536,0.01616,0.188416,0.811008,0.033883,1244819,1244819,415283,33.3609,1920,1080,raygs,triangles,1,off,0,on,-4
1781754696797306908,4727.7,827.016,1.20917,1.15008,1.13808,0.0312,0.089152,0.016384,0.190464,0.81088,0.021133,1244819,1244819,415283,33.3609,1920,1080,raygs,triangles,1,off,0,on,-4
1781754696798470074,4728.86,827.316,1.20873,1.1489,1.13683,0.03008,0.089856,0.016384,0.189888,0.810624,0.026526,1244819,1244819,415283,33.3609,1920,1080,raygs,triangles,1,off,0,on,-4
1781754696799644455,4730.04,827.307,1.20874,1.14749,1.13283,0.030752,0.088576,0.01536,0.187392,0.810752,0.026903,1244819,1244819,415283,33.3609,1920,1080,raygs,triangles,1,off,0,on,-4
1781754696800808578,4731.2,827.298,1.20875,1.14701,1.13389,0.030208,0.088896,0.01536,0.188416,0.811008,0.025226,1244819,1244819,415283,33.3609,1920,1080,raygs,triangles,1,off,0,on,-4
1781754696801975254,4732.37,828.278,1.20732,1.14717,1.13411,0.030304,0.088896,0.016384,0.187712,0.810816,0.024639,1244819,1244819,415283,33.3609,1920,1080,raygs,triangles,1,off,0,on,-4
1781754696803144546,4733.54,829.505,1.20554,1.14851,1.13504,0.029664,0.0896,0.016384,0.18864,0.810752,0.024972,1244819,1244819,415283,33.3609,1920,1080,raygs,triangles,1,off,0,on,-4
1781754696804531145,4734.92,829.681,1.20528,1.35258,1.33946,0.02992,0.088768,0.015648,0.39424,0.81088,0.025553,1244819,1244819,415283,33.3609,1920,1080,raygs,triangles,1,off,0,on,-4
1781754696805840699,4736.23,826.984,1.20921,1.28438,1.27264,0.030336,0.08912,0.016416,0.325792,0.810976,0.025462,1244819,1244819,415283,33.3609,1920,1080,raygs,triangles,1,off,0,on,-4
1781754696807015233,4737.41,825.516,1.21136,1.14867,1.13507,0.030208,0.090496,0.01536,0.188416,0.810592,0.02527,1244819,1244819,415283,33.3609,1920,1080,raygs,triangles,1,off,0,on,-4
1781754696808184645,4738.58,825.694,1.2111,1.1448,1.13312,0.030016,0.088672,0.016384,0.187392,0.810656,0.026449,1244819,1244819,415283,33.3609,1920,1080,raygs,triangles,1,off,0,on,-4
1781754696809368761,4739.76,825.931,1.21075,1.14787,1.13437,0.030016,0.0888,0.01536,0.188416,0.811776,0.025954,1244819,1244819,415283,33.3609,1920,1080,raygs,triangles,1,off,0,on,-4
1781754696810540820,4740.93,825.532,1.21134,1.15286,1.13955,0.030368,0.0896,0.016384,0.192512,0.810688,0.025509,1244819,1244819,415283,33.3609,1920,1080,raygs,triangles,1,off,0,on,-4
1781754696811709944,4742.1,827.365,1.20866,1.14714,1.13306,0.030304,0.088896,0.015648,0.187392,0.810816,0.024816,1244819,1244819,415283,33.3609,1920,1080,raygs,triangles,1,off,0,on,-4
1781754696813074216,4743.47,829.935,1.20491,1.14867,1.13786,0.030208,0.089792,0.016384,0.190464,0.811008,0.054861,1244819,1244819,415283,33.3609,1920,1080,raygs,triangles,1,off,0,on,-4
1781754696814233801,4744.63,827.339,1.20869,1.14944,1.13722,0.031584,0.090112,0.016384,0.188416,0.81072,0.051786,1244819,1244819,415283,33.3609,1920,1080,raygs,triangles,1,off,0,on,-4
1781754696815408620,4745.8,827.795,1.20803,1.14832,1.13405,0.030464,0.089056,0.01536,0.188416,0.810752,0.044717,1244819,1244819,415283,33.3609,1920,1080,raygs,triangles,1,off,0,on,-4
1781754696816525917,4746.92,827.984,1.20775,1.14842,1.13626,0.030592,0.089856,0.016384,0.18944,0.809984,0.015292,1244819,1244819,415283,33.3609,1920,1080,raygs,triangles,1,off,0,on,-4
1781754696817711713,4748.1,827.965,1.20778,1.14813,1.13494,0.030304,0.088832,0.016384,0.18944,0.809984,0.025032,1244819,1244819,415283,33.3609,1920,1080,raygs,triangles,1,off,0,on,-4
1781754696818915618,4749.31,828.089,1.2076,1.14883,1.13546,0.029952,0.089696,0.01536,0.18944,0.811008,0.050264,1244819,1244819,415283,33.3609,1920,1080,raygs,triangles,1,off,0,on,-4
1781754696820053805,4750.45,828.995,1.20628,1.14701,1.1351,0.030176,0.089344,0.015424,0.188416,0.811744,0.0192,1244819,1244819,415283,33.3609,1920,1080,raygs,triangles,1,off,0,on,-4
1781754696821459105,4751.85,829.406,1.20568,1.32218,1.30864,0.03024,0.089568,0.01536,0.362656,0.810816,0.057216,1244819,1244819,415283,33.3609,1920,1080,raygs,triangles,1,off,0,on,-4
1781754696822937411,4753.33,826.614,1.20975,1.30531,1.29296,0.029792,0.089472,0.172032,0.190784,0.81088,0.04291,1244819,1244819,415283,33.3609,1920,1080,raygs,triangles,1,off,0,on,-4
1781754696824066676,4754.46,823.194,1.21478,1.14685,1.13341,0.030272,0.088352,0.01536,0.188416,0.811008,0.041527,1244819,1244819,415283,33.3609,1920,1080,raygs,triangles,1,off,0,on,-4
1781754696825224586,4755.62,824.286,1.21317,1.14717,1.13446,0.030336,0.089344,0.01536,0.18848,0.810944,0.04339,1244819,1244819,415283,33.3609,1920,1080,raygs,triangles,1,off,0,on,-4
1781754696826381335,4756.77,823.991,1.21361,1.1473,1.13437,0.030496,0.08912,0.016384,0.187392,0.810976,0.039771,1244819,1244819,415283,33.3609,1920,1080,raygs,triangles,1,off,0,on,-4
1781754696827537493,4757.93,823.773,1.21393,1.14685,1.13277,0.030272,0.088736,0.01536,0.188416,0.809984,0.03496,1244819,1244819,415283,33.3609,1920,1080,raygs,triangles,1,off,0,on,-4
1781754696828752868,4759.14,826.256,1.21028,1.14685,1.13642,0.030048,0.089856,0.016384,0.18944,0.810688,0.037823,1244819,1244819,415283,33.3609,1920,1080,raygs,triangles,1,off,0,on,-4
1781754696830023087,4760.41,827.618,1.20829,1.14944,1.13638,0.029568,0.089376,0.016384,0.190464,0.810592,0.036041,1244819,1244819,415283,33.3609,1920,1080,raygs,triangles,1,off,0,on,-4
1781754696831192961,4761.58,827.819,1.20799,1.15066,1.1376,0.031072,0.089568,0.016384,0.189568,0.811008,0.034678,1244819,1244819,415283,33.3609,1920,1080,raygs,triangles,1,off,0,on,-4
1781754696832293412,4762.68,827.428,1.20856,1.14803,1.13488,0.030208,0.088864,0.016384,0.18944,0.809984,0.030261,1244819,1244819,415283,33.3609,1920,1080,raygs,triangles,1,off,0,on,-4
1781754696833419586,4763.81,828.92,1.20639,1.14746,1.13395,0.029632,0.089472,0.016288,0.18864,0.80992,0.016939,1244819,1244819,415283,33.3609,1920,1080,raygs,triangles,1,off,0,on,-4
1781754696834592676,4764.98,829.161,1.20604,1.14848,1.13571,0.0296,0.08928,0.016384,0.18944,0.811008,0.026622,1244819,1244819,415283,33.3609,1920,1080,raygs,triangles,1,off,0,on,-4
1781754696835765342,4766.16,829.41,1.20568,1.14906,1.13731,0.030176,0.089696,0.016384,0.190464,0.810592,0.025753,1244819,1244819,415283,33.3609,1920,1080,raygs,triangles,1,off,0,on,-4
1781754696836933073,4767.32,832.82,1.20074,1.14912,1.1376,0.03024,0.08992,0.016384,0.190464,0.810592,0.024827,1244819,1244819,415283,33.3609,1920,1080,raygs,triangles,1,off,0,on,-4
1781754696838306103,4768.7,832.271,1.20153,1.34115,1.32896,0.03008,0.08944,0.01632,0.382336,0.810784,0.02644,1244819,1244819,415283,33.3609,1920,1080,raygs,triangles,1,off,0,on,-4
1781754696839642888,4770.03,829.892,1.20498,1.32298,1.30982,0.030048,0.262848,0.01536,0.19088,0.810688,0.024346,1244819,1244819,415283,33.3609,1920,1080,raygs,triangles,1,off,0,on,-4
1781754696840825831,4771.22,828.152,1.20751,1.14858,1.13645,0.031776,0.089888,0.016384,0.188416,0.809984,0.029764,1244819,1244819,415283,33.3609,1920,1080,raygs,triangles,1,off,0,on,-4
1781754696841991959,4772.38,826.571,1.20982,1.1463,1.13347,0.029472,0.089312,0.01632,0.187392,0.810976,0.025096,1244819,1244819,415283,33.3609,1920,1080,raygs,triangles,1,off,0,on,-4
1781754696843158965,4773.55,826.609,1.20976,1.14646,1.1344,0.029632,0.08896,0.016384,0.18944,0.809984,0.025809,1244819,1244819,415283,33.3609,1920,1080,raygs,triangles,1,off,0,on,-4
1781754696844337054,4774.73,828.272,1.20733,1.1447,1.13098,0.030176,0.088768,0.015552,0.186688,0.809792,0.02461,1244819,1244819,415283,33.3609,1920,1080,raygs,triangles,1,off,0,on,-4
1781754696845632225,4776.02,830.21,1.20451,1.1488,1.13629,0.029952,0.088736,0.016384,0.18944,0.811776,0.024513,1244819,1244819,415283,33.3609,1920,1080,raygs,triangles,1,off,0,on,-4
1781754696846797355,4777.19,828.879,1.20645,1.15056,1.13808,0.03168,0.090016,0.016384,0.18944,0.81056,0.023908,1244819,1244819,415283,33.3609,1920,1080,raygs,triangles,1,off,0,on,-4
1781754696847964280,4778.36,828.967,1.20632,1.14954,1.13645,0.030656,0.089152,0.016192,0.190464,0.809984,0.023591,1244819,1244819,415283,33.3609,1920,1080,raygs,triangles,1,off,0,on,-4
1781754696849146436,4779.54,829.48,1.20558,1.14787,1.13638,0.030016,0.089536,0.016384,0.18944,0.811008,0.02945,1244819,1244819,415283,33.3609,1920,1080,raygs,triangles,1,off,0,on,-4
1781754696850322911,4780.71,828.494,1.20701,1.14698,1.13507,0.030176,0.08944,0.016384,0.188416,0.810656,0.024765,1244819,1244819,415283,33.3609,1920,1080,raygs,triangles,1,off,0,on,-4
1781754696851485511,4781.88,828.933,1.20637,1.14794,1.1367,0.03008,0.089792,0.016384,0.18944,0.811008,0.024027,1244819,1244819,415283,33.3609,1920,1080,raygs,triangles,1,off,0,on,-4
1781754696852662825,4783.05,832.687,1.20093,1.14832,1.13459,0.029472,0.08944,0.016256,0.18944,0.809984,0.023964,1244819,1244819,415283,33.3609,1920,1080,raygs,triangles,1,off,0,on,-4
1781754696853836223,4784.23,832.112,1.20176,1.14963,1.13725,0.030752,0.089664,0.01536,0.190464,0.811008,0.02402,1244819,1244819,415283,33.3609,1920,1080,raygs,triangles,1,off,0,on,-4
1781754696855265640,4785.66,831.893,1.20208,1.3967,1.38458,0.030016,0.088896,0.015712,0.438272,0.81168,0.02466,1244819,1244819,415283,33.3609,1920,1080,raygs,triangles,1,off,0,on,-4
1781754696856569121,4786.96,828.812,1.20655,1.27395,1.26128,0.030176,0.215168,0.01536,0.18976,0.810816,0.025317,1244819,1244819,415283,33.3609,1920,1080,raygs,triangles,1,off,0,on,-4
1781754696857732103,4788.12,827.37,1.20865,1.14653,1.13392,0.030176,0.08944,0.01616,0.187392,0.810752,0.024571,1244819,1244819,415283,33.3609,1920,1080,raygs,triangles,1,off,0,on,-4
1781754696858905485,4789.3,827.539,1.2084,1.14643,1.1319,0.029632,0.088608,0.01536,0.187392,0.810912,0.026796,1244819,1244819,415283,33.3609,1920,1080,raygs,triangles,1,off,0,on,-4
1781754696860089808,4790.48,827.53,1.20842,1.1481,1.13469,0.03024,0.089664,0.01536,0.188416,0.811008,0.026162,1244819,1244819,415283,33.3609,1920,1080,raygs,triangles,1,off,0,on,-4
1781754696861266673,4791.66,829.337,1.20578,1.14672,1.13424,0.029888,0.088448,0.016384,0.188512,0.811008,0.031788,1244819,1244819,415283,33.3609,1920,1080,raygs,triangles,1,off,0,on,-4
1781754696862555691,4792.95,831.386,1.20281,1.14701,1.13584,0.030176,0.089792,0.016384,0.18848,0.811008,0.025581,1244819,1244819,415283,33.3609,1920,1080,raygs,triangles,1,off,0,on,-4
1781754696863717682,4794.11,830.862,1.20357,1.15005,1.13616,0.0312,0.089152,0.01536,0.18944,0.811008,0.024296,1244819,1244819,415283,33.3609,1920,1080,raygs,triangles,1,off,0,on,-4
1781754696864893039,4795.28,828.623,1.20682,1.14726,1.13434,0.030432,0.088992,0.01536,0.188704,0.810848,0.025107,1244819,1244819,415283,33.3609,1920,1080,raygs,triangles,1,off,0,on,-4
1781754696866060507,4796.45,828.237,1.20738,1.14835,1.13645,0.030528,0.090112,0.016384,0.18944,0.809984,0.023435,1244819,1244819,415283,33.3609,1920,1080,raygs,triangles,1,off,0,on,-4
1781754696867304045,4797.7,828.699,1.20671,1.14954,1.13552,0.03008,0.089504,0.015424,0.189728,0.810784,0.038745,1244819,1244819,415283,33.3609,1920,1080,raygs,triangles,1,off,0,on,-4
1781754696868411181,4798.8,827.717,1.20814,1.14749,1.13453,0.030656,0.089088,0.015488,0.188416,0.81088,0.01569,1244819,1244819,415283,33.3609,1920,1080,raygs,triangles,1,off,0,on,-4
1781754696869586988,4799.98,830.145,1.20461,1.14922,1.13718,0.03072,0.089568,0.016384,0.189504,0.811008,0.02496,1244819,1244819,415283,33.3609,1920,1080,raygs,triangles,1,off,0,on,-4
1781754696870987174,4801.38,829.854,1.20503,1.37946,1.36755,0.030176,0.08912,0.016384,0.421888,0.809984,0.023884,1244819,1244819,415283,33.3609,1920,1080,raygs,triangles,1,off,0,on,-4
1781754696872312386,4802.7,827.397,1.20861,1.28394,1.27069,0.029888,0.0888,0.01536,0.326656,0.809984,0.026799,1244819,1244819,415283,33.3609,1920,1080,raygs,triangles,1,off,0,on,-4
1781754696873480590,4803.87,825.466,1.21144,1.14742,1.13574,0.030624,0.089248,0.016384,0.188576,0.810912,0.025605,1244819,1244819,415283,33.3609,1920,1080,raygs,triangles,1,off,0,on,-4
1781754696874642472,4805.03,825.388,1.21155,1.14803,1.13571,0.03056,0.089472,0.016384,0.188416,0.81088,0.024418,1244819,1244819,415283,33.3609,1920,1080,raygs,triangles,1,off,0,on,-4
1781754696875815192,4806.21,825.417,1.21151,1.14669,1.13478,0.029856,0.089536,0.016384,0.188416,0.810592,0.024844,1244819,1244819,415283,33.3609,1920,1080,raygs,triangles,1,off,0,on,-4
1781754696876992239,4807.38,825.408,1.21152,1.15277,1.14128,0.029824,0.089504,0.016384,0.19456,0.811008,0.024501,1244819,1244819,415283,33.3609,1920,1080,raygs,triangles,1,off,0,on,-4
1781754696878166717,4808.56,828.053,1.20765,1.14832,1.13632,0.030496,0.089152,0.016384,0.18944,0.810848,0.024088,1244819,1244819,415283,33.3609,1920,1080,raygs,triangles,1,off,0,on,-4
1781754696879525103,4809.92,829.3,1.20584,1.14669,1.13562,0.030336,0.089472,0.016384,0.188416,0.811008,0.041122,1244819,1244819,415283,33.3609,1920,1080,raygs,triangles,1,off,0,on,-4
1781754696880652989,4811.04,827.41,1.20859,1.14851,1.13558,0.031328,0.089344,0.016384,0.187776,0.810752,0.015791,1244819,1244819,415283,33.3609,1920,1080,raygs,triangles,1,off,0,on,-4
1781754696881820795,4812.21,827.718,1.20814,1.1489,1.13658,0.030464,0.08944,0.016224,0.18944,0.811008,0.025806,1244819,1244819,415283,33.3609,1920,1080,raygs,triangles,1,off,0,on,-4
1781754696883004512,4813.4,827.846,1.20795,1.14701,1.13453,0.030208,0.089408,0.01536,0.188544,0.811008,0.027792,1244819,1244819,415283,33.3609,1920,1080,raygs,triangles,1,off,0,on,-4
1781754696884203984,4814.6,827.816,1.208,1.14618,1.13472,0.030368,0.089568,0.016384,0.187392,0.811008,0.043676,1244819,1244819,415283,33.3609,1920,1080,raygs,triangles,1,off,0,on,-4
1781754696885347847,4815.74,827.584,1.20834,1.14835,1.13632,0.030496,0.090016,0.016384,0.188416,0.811008,0.017945,1244819,1244819,415283,33.3609,1920,1080,raygs,triangles,1,off,0,on,-4
1781754696886558989,4816.95,830.018,1.20479,1.14797,1.13741,0.03024,0.089792,0.016384,0.18944,0.811552,0.0397,1244819,1244819,415283,33.3609,1920,1080,raygs,triangles,1,off,0,on,-4
1781754696887885461,4818.28,829.591,1.20541,1.34944,1.33514,0.029888,0.089632,0.015424,0.389216,0.810976,0.015445,1244819,1244819,415283,33.3609,1920,1080,raygs,triangles,1,off,0,on,-4
1781754696889209415,4819.6,827.652,1.20824,1.2889,1.27702,0.0304,0.089344,0.016384,0.329888,0.811008,0.030095,1244819,1244819,415283,33.3609,1920,1080,raygs,triangles,1,off,0,on,-4
1781754696890395530,4820.79,825.415,1.21151,1.14803,1.13597,0.030176,0.090176,0.016384,0.188416,0.810816,0.031464,1244819,1244819,415283,33.3609,1920,1080,raygs,triangles,1,off,0,on,-4
1781754696891554756,4821.95,825.542,1.21132,1.1465,1.13482,0.029664,0.089504,0.016384,0.187392,0.811872,0.018915,1244819,1244819,415283,33.3609,1920,1080,raygs,triangles,1,off,0,on,-4
1781754696892746535,4823.14,825.736,1.21104,1.15005,1.13555,0.030592,0.08944,0.01536,0.18944,0.81072,0.031658,1244819,1244819,415283,33.3609,1920,1080,raygs,triangles,1,off,0,on,-4
1781754696893890348,4824.28,825.511,1.21137,1.15901,1.14611,0.029888,0.089152,0.016384,0.200704,0.809984,0.017507,1244819,1244819,415283,33.3609,1920,1080,raygs,triangles,1,off,0,on,-4
1781754696895111315,4825.5,828.811,1.20655,1.14685,1.1336,0.030272,0.088736,0.01536,0.188416,0.810816,0.039828,1244819,1244819,415283,33.3609,1920,1080,raygs,triangles,1,off,0,on,-4
1781754696896409731,4826.8,831.698,1.20236,1.14685,1.13549,0.030208,0.089792,0.016384,0.188416,0.810688,0.029982,1244819,1244819,415283,33.3609,1920,1080,raygs,triangles,1,off,0,on,-4
1781754696897537222,4827.93,829.795,1.20512,1.14851,1.13507,0.031232,0.08928,0.01552,0.188416,0.810624,0.017772,1244819,1244819,415283,33.3609,1920,1080,raygs,triangles,1,off,0,on,-4
1781754696898717351,4829.11,829.822,1.20508,1.14851,1.13632,0.030048,0.089568,0.016256,0.18944,0.811008,0.026612,1244819,1244819,415283,33.3609,1920,1080,raygs,triangles,1,off,0,on,-4
1781754696899884690,4830.28,829.558,1.20546,1.14771,1.13453,0.030144,0.0896,0.016384,0.187616,0.810784,0.025823,1244819,1244819,415283,33.3609,1920,1080,raygs,triangles,1,off,0,on,-4
1781754696901096632,4831.49,829.423,1.20566,1.14787,1.13466,0.030016,0.088672,0.01536,0.189792,0.810816,0.038582,1244819,1244819,415283,33.3609,1920,1080,raygs,triangles,1,off,0,on,-4
1781754696902364607,4832.76,829.725,1.20522,1.14784,1.13616,0.030016,0.089664,0.016384,0.18944,0.810656,0.017036,1244819,1244819,415283,33.3609,1920,1080,raygs,triangles,1,off,0,on,-4
1781754696903699577,4834.09,829.497,1.20555,1.14816,1.13539,0.030336,0.089248,0.016384,0.18944,0.809984,0.024988,1244819,1244819,415283,33.3609,1920,1080,raygs,triangles,1,off,0,on,-4
1781754696904996691,4835.39,827.9,1.20788,1.15126,1.13722,0.0344,0.089824,0.015616,0.187392,0.809984,0.024147,1244819,1244819,415283,33.3609,1920,1080,raygs,triangles,1,off,0,on,-4
1781754696906167217,4836.56,825.337,1.21163,1.1463,1.1343,0.03152,0.089088,0.016384,0.186368,0.810944,0.023924,1244819,1244819,415283,33.3609,1920,1080,raygs,triangles,1,off,0,on,-4
1781754696907368883,4837.76,824.551,1.21278,1.14707,1.13392,0.03024,0.088928,0.016384,0.187392,0.810976,0.027223,1244819,1244819,415283,33.3609,1920,1080,raygs,triangles,1,off,0,on,-4
1781754696908525655,4838.92,824.241,1.21324,1.14762,1.13491,0.029792,0.089312,0.016384,0.18944,0.809984,0.025465,1244819,1244819,415283,33.3609,1920,1080,raygs,triangles,1,off,0,on,-4
1781754696909702270,4840.09,824.346,1.21308,1.14733,1.13318,0.030336,0.089504,0.01536,0.187392,0.810592,0.026505,1244819,1244819,415283,33.3609,1920,1080,raygs,triangles,1,off,0,on,-4
1781754696910869739,4841.26,824.285,1.21317,1.14893,1.13472,0.02992,0.089856,0.01552,0.18944,0.809984,0.024547,1244819,1244819,415283,33.3609,1920,1080,raygs,triangles,1,off,0,on,-4
1781754696912042533,4842.43,826.883,1.20936,1.14819,1.13443,0.030336,0.089312,0.01536,0.18944,0.809984,0.024384,1244819,1244819,415283,33.3609,1920,1080,raygs,triangles,1,off,0,on,-4
1781754696913352163,4843.74,828.427,1.20711,1.27722,1.264,0.030336,0.088992,0.016384,0.318464,0.809824,0.024518,1244819,1244819,415283,33.3609,1920,1080,raygs,triangles,1,off,0,on,-4
1781754696914511923,4844.9,827.077,1.20908,1.14922,1.13709,0.030624,0.089632,0.016384,0.190464,0.809984,0.023514,1244819,1244819,415283,33.3609,1920,1080,raygs,triangles,1,off,0,on,-4
1781754696915691838,4846.08,827.385,1.20863,1.14877,1.13424,0.029888,0.090592,0.01536,0.187392,0.811008,0.023962,1244819,1244819,415283,33.3609,1920,1080,raygs,triangles,1,off,0,on,-4
1781754696916859218,4847.25,827.169,1.20894,1.14573,1.13264,0.029952,0.088928,0.01536,0.187392,0.811008,0.023207,1244819,1244819,415283,33.3609,1920,1080,raygs,triangles,1,off,0,on,-4
1781754696918051569,4848.44,827.373,1.20864,1.14714,1.13309,0.030304,0.088896,0.01536,0.187744,0.810784,0.031646,1244819,1244819,415283,33.3609,1920,1080,raygs,triangles,1,off,0,on,-4
1781754696919232238,4849.62,828.334,1.20724,1.15066,1.13712,0.029696,0.089696,0.016384,0.190464,0.81088,0.024466,1244819,1244819,415283,33.3609,1920,1080,raygs,triangles,1,off,0,on,-4
1781754696920615476,4851.01,828.075,1.20762,1.14874,1.13776,0.03024,0.089664,0.016384,0.190464,0.811008,0.024006,1244819,1244819,415283,33.3609,1920,1080,raygs,triangles,1,off,0,on,-4
1781754696921907315,4852.3,825.536,1.21133,1.1537,1.13939,0.034848,0.08976,0.01536,0.188416,0.811008,0.023386,1244819,1244819,415283,33.3609,1920,1080,raygs,triangles,1,off,0,on,-4
1781754696923082293,4853.47,824.646,1.21264,1.14944,1.13712,0.031616,0.089536,0.01536,0.188608,0.812,0.023174,1244819,1244819,415283,33.3609,1920,1080,raygs,triangles,1,off,0,on,-4
1781754696924272616,4854.66,824.652,1.21263,1.14746,1.13539,0.030144,0.08944,0.016384,0.188416,0.811008,0.024555,1244819,1244819,415283,33.3609,1920,1080,raygs,triangles,1,off,0,on,-4
1781754696925441547,4855.83,824.107,1.21344,1.1473,1.13632,0.030016,0.08944,0.016384,0.188448,0.812032,0.024581,1244819,1244819,415283,33.3609,1920,1080,raygs,triangles,1,off,0,on,-4
1781754696926606434,4857,824.126,1.21341,1.14717,1.13405,0.030336,0.088864,0.016384,0.187456,0.811008,0.023702,1244819,1244819,415283,33.3609,1920,1080,raygs,triangles,1,off,0,on,-4
1781754696927775645,4858.17,824.541,1.2128,1.14912,1.13667,0.03008,0.08976,0.016384,0.190464,0.809984,0.023526,1244819,1244819,415283,33.3609,1920,1080,raygs,triangles,1,off,0,on,-4
1781754696928972517,4859.36,827.555,1.20838,1.1473,1.13466,0.030464,0.0896,0.01536,0.188416,0.810816,0.029769,1244819,1244819,415283,33.3609,1920,1080,raygs,triangles,1,off,0,on,-4
1781754696930268074,4860.66,828.46,1.20706,1.27677,1.26461,0.030528,0.089312,0.015744,0.318464,0.81056,0.025725,1244819,1244819,415283,33.3609,1920,1080,raygs,triangles,1,off,0,on,-4
1781754696931429635,4861.82,826.916,1.20931,1.1489,1.1368,0.030016,0.08992,0.016384,0.189728,0.810752,0.02438,1244819,1244819,415283,33.3609,1920,1080,raygs,triangles,1,off,0,on,-4
1781754696932609816,4863,827.043,1.20913,1.14813,1.13578,0.030304,0.090688,0.016384,0.188416,0.809984,0.025881,1244819,1244819,415283,33.3609,1920,1080,raygs,triangles,1,off,0,on,-4
1781754696933781544,4864.17,827.23,1.20885,1.14726,1.13587,0.03056,0.089888,0.016384,0.188416,0.810624,0.025492,1244819,1244819,415283,33.3609,1920,1080,raygs,triangles,1,off,0,on,-4
1781754696934951767,4865.34,827.154,1.20896,1.14717,1.1345,0.029312,0.08944,0.016384,0.188416,0.810944,0.024445,1244819,1244819,415283,33.3609,1920,1080,raygs,triangles,1,off,0,on,-4
1781754696936122754,4866.51,828.63,1.20681,1.14819,1.13696,0.030304,0.089984,0.016384,0.18944,0.810848,0.023945,1244819,1244819,415283,33.3609,1920,1080,raygs,triangles,1,off,0,on,-4
1781754696937533091,4867.92,829.004,1.20627,1.14765,1.13498,0.030816,0.089248,0.015488,0.188416,0.811008,0.026472,1244819,1244819,415283,33.3609,1920,1080,raygs,triangles,1,off,0,on,-4
1781754696938820277,4869.21,826.059,1.21057,1.15094,1.13786,0.035136,0.089824,0.01552,0.186368,0.811008,0.024433,1244819,1244819,415283,33.3609,1920,1080,raygs,triangles,1,off,0,on,-4
1781754696939990641,4870.38,824.356,1.21307,1.14938,1.13587,0.03152,0.088992,0.01536,0.18944,0.81056,0.024451,1244819,1244819,415283,33.3609,1920,1080,raygs,triangles,1,off,0,on,-4
1781754696941166207,4871.56,825.577,1.21127,1.14637,1.1327,0.029568,0.089568,0.016384,0.186368,0.810816,0.026179,1244819,1244819,415283,33.3609,1920,1080,raygs,triangles,1,off,0,on,-4
1781754696942344895,4872.74,824.597,1.21271,1.14733,1.13434,0.029504,0.089312,0.016096,0.188416,0.811008,0.02473,1244819,1244819,415283,33.3609,1920,1080,raygs,triangles,1,off,0,on,-4
1781754696943508283,4873.9,824.709,1.21255,1.14717,1.13514,0.030336,0.088992,0.016384,0.188416,0.811008,0.024298,1244819,1244819,415283,33.3609,1920,1080,raygs,triangles,1,off,0,on,-4
1781754696944696299,4875.09,827.362,1.20866,1.14803,1.136,0.030592,0.089536,0.016384,0.18864,0.810848,0.025565,1244819,1244819,415283,33.3609,1920,1080,raygs,triangles,1,off,0,on,-4
1781754696945892561,4876.28,828.892,1.20643,1.1471,1.13517,0.030464,0.08992,0.016384,0.187392,0.811008,0.032642,1244819,1244819,415283,33.3609,1920,1080,raygs,triangles,1,off,0,on,-4
1781754696947162986,4877.55,828.774,1.2066,1.28026,1.26925,0.030336,0.089856,0.016384,0.321696,0.810976,0.018792,1244819,1244819,415283,33.3609,1920,1080,raygs,triangles,1,off,0,on,-4
1781754696948350676,4878.74,827.365,1.20866,1.14634,1.13251,0.029504,0.089248,0.016384,0.187392,0.809984,0.025288,1244819,1244819,415283,33.3609,1920,1080,raygs,triangles,1,off,0,on,-4
1781754696949519307,4879.91,827.181,1.20893,1.15158,1.13955,0.030656,0.09104,0.016384,0.190464,0.811008,0.024227,1244819,1244819,415283,33.3609,1920,1080,raygs,triangles,1,off,0,on,-4
1781754696950707593,4881.1,826.993,1.2092,1.14787,1.13549,0.030048,0.088608,0.016384,0.18944,0.811008,0.027498,1244819,1244819,415283,33.3609,1920,1080,raygs,triangles,1,off,0,on,-4
1781754696951874273,4882.27,827.231,1.20885,1.14678,1.13421,0.029952,0.0896,0.016256,0.187392,0.811008,0.026721,1244819,1244819,415283,33.3609,1920,1080,raygs,triangles,1,off,0,on,-4
1781754696953055168,4883.45,829.07,1.20617,1.14835,1.13632,0.03056,0.088928,0.016384,0.18944,0.811008,0.027487,1244819,1244819,415283,33.3609,1920,1080,raygs,triangles,1,off,0,on,-4
1781754696954446418,4884.84,828.747,1.20664,1.14832,1.1359,0.030624,0.089824,0.016384,0.188416,0.810656,0.025624,1244819,1244819,415283,33.3609,1920,1080,raygs,triangles,1,off,0,on,-4
1781754696955724877,4886.12,826.261,1.21027,1.15299,1.14013,0.035584,0.089632,0.016512,0.187392,0.811008,0.0241,1244819,1244819,415283,33.3609,1920,1080,raygs,triangles,1,off,0,on,-4
1781754696956896023,4887.29,824.981,1.21215,1.148,1.13373,0.0312,0.089824,0.015424,0.187392,0.809888,0.024538,1244819,1244819,415283,33.3609,1920,1080,raygs,triangles,1,off,0,on,-4
1781754696958069442,4888.46,825.495,1.21139,1.14707,1.1343,0.03024,0.088896,0.015744,0.188416,0.811008,0.024045,1244819,1244819,415283,33.3609,1920,1080,raygs,triangles,1,off,0,on,-4
1781754696959246431,4889.64,825.391,1.21155,1.14701,1.13434,0.030208,0.08944,0.015648,0.188416,0.810624,0.024163,1244819,1244819,415283,33.3609,1920,1080,raygs,triangles,1,off,0,on,-4
1781754696960429580,4890.82,825.283,1.21171,1.15712,1.1457,0.030048,0.089632,0.016352,0.198656,0.811008,0.02436,1244819,1244819,415283,33.3609,1920,1080,raygs,triangles,1,off,0,on,-4
1781754696961600979,4891.99,827.051,1.20912,1.14598,1.13315,0.030176,0.08928,0.01632,0.187392,0.809984,0.024315,1244819,1244819,415283,33.3609,1920,1080,raygs,triangles,1,off,0,on,-4
1781754696962958915,4893.35,828.84,1.20651,1.14739,1.13507,0.030272,0.089184,0.015488,0.18944,0.810688,0.034758,1244819,1244819,415283,33.3609,1920,1080,raygs,triangles,1,off,0,on,-4
1781754696964113313,4894.5,826.906,1.20933,1.14787,1.13398,0.031104,0.089856,0.015456,0.186592,0.810976,0.024558,1244819,1244819,415283,33.3609,1920,1080,raygs,triangles,1,off,0,on,-4
1781754696965302337,4895.69,827.231,1.20885,1.14803,1.13475,0.030176,0.088768,0.016384,0.18944,0.809984,0.025338,1244819,1244819,415283,33.3609,1920,1080,raygs,triangles,1,off,0,on,-4
1781754696966470279,4896.86,827.07,1.20909,1.14749,1.1327,0.029632,0.088288,0.01536,0.18944,0.809984,0.024252,1244819,1244819,415283,33.3609,1920,1080,raygs,triangles,1,off,0,on,-4
1781754696967638776,4898.03,826.651,1.2097,1.14749,1.13434,0.030112,0.089504,0.016384,0.187392,0.810944,0.026045,1244819,1244819,415283,33.3609,1920,1080,raygs,triangles,1,off,0,on,-4
1781754696968801717,4899.19,827.382,1.20863,1.14723,1.13312,0.030528,0.088832,0.01536,0.187392,0.811008,0.022425,1244819,1244819,415283,33.3609,1920,1080,raygs,triangles,1,off,0,on,-4
1781754696969969747,4900.36,828.848,1.20649,1.14662,1.13286,0.029792,0.088288,0.01536,0.188416,0.811008,0.023805,1244819,1244819,415283,33.3609,1920,1080,raygs,triangles,1,off,0,on,-4
1781754696971373509,4901.76,828.599,1.20686,1.36426,1.35104,0.030336,0.088832,0.016384,0.40448,0.811008,0.026899,1244819,1244819,415283,33.3609,1920,1080,raygs,triangles,1,off,0,on,-4
1781754696972672553,4903.06,826.031,1.21061,1.28627,1.27341,0.030336,0.089472,0.016384,0.326656,0.81056,0.022358,1244819,1244819,415283,33.3609,1920,1080,raygs,triangles,1,off,0,on,-4
1781754696973845855,4904.24,824.61,1.2127,1.14819,1.13395,0.030336,0.089856,0.01536,0.188416,0.809984,0.024704,1244819,1244819,415283,33.3609,1920,1080,raygs,triangles,1,off,0,on,-4
1781754696975029253,4905.42,824.825,1.21238,1.14461,1.13238,0.029824,0.089184,0.01536,0.187392,0.810624,0.027745,1244819,1244819,415283,33.3609,1920,1080,raygs,triangles,1,off,0,on,-4
1781754696976212017,4906.6,825.969,1.2107,1.14749,1.13482,0.029664,0.089344,0.016384,0.18944,0.809984,0.033794,1244819,1244819,415283,33.3609,1920,1080,raygs,triangles,1,off,0,on,-4
1781754696977395111,4907.79,827.418,1.20858,1.15526,1.14291,0.030304,0.089632,0.016384,0.196608,0.809984,0.026906,1244819,1244819,415283,33.3609,1920,1080,raygs,triangles,1,off,0,on,-4
1781754696978500850,4908.89,828.724,1.20667,1.14851,1.13712,0.030208,0.089056,0.016384,0.190464,0.811008,0.01534,1244819,1244819,415283,33.3609,1920,1080,raygs,triangles,1,off,0,on,-4
1781754696979799187,4910.19,829.511,1.20553,1.1489,1.13498,0.030016,0.089472,0.016384,0.188416,0.810688,0.025665,1244819,1244819,415283,33.3609,1920,1080,raygs,triangles,1,off,0,on,-4
1781754696980969463,4911.36,828.416,1.20712,1.1481,1.13498,0.031296,0.088896,0.016384,0.188416,0.809984,0.02576,1244819,1244819,415283,33.3609,1920,1080,raygs,triangles,1,off,0,on,-4
1781754696982357482,4912.75,828.23,1.20739,1.14794,1.13654,0.030112,0.0896,0.016384,0.18944,0.811008,0.044772,1244819,1244819,415283,33.3609,1920,1080,raygs,triangles,1,off,0,on,-4
1781754696983439832,4913.83,825.962,1.21071,1.14698,1.1352,0.0312,0.08944,0.016384,0.187392,0.810784,0.015834,1244819,1244819,415283,33.3609,1920,1080,raygs,triangles,1,off,0,on,-4
1781754696984617045,4915.01,826.52,1.20989,1.14912,1.13619,0.03024,0.090144,0.016384,0.18944,0.809984,0.025015,1244819,1244819,415283,33.3609,1920,1080,raygs,triangles,1,off,0,on,-4
1781754696985786749,4916.18,826.792,1.20949,1.14749,1.13622,0.030656,0.089152,0.016384,0.188416,0.811616,0.024513,1244819,1244819,415283,33.3609,1920,1080,raygs,triangles,1,off,0,on,-4
1781754696986980626,4917.37,828.287,1.20731,1.14906,1.13546,0.030272,0.089376,0.01536,0.190464,0.809984,0.032233,1244819,1244819,415283,33.3609,1920,1080,raygs,triangles,1,off,0,on,-4
1781754696988333719,4918.73,827.617,1.20829,1.14717,1.13539,0.030336,0.089248,0.016384,0.188416,0.811008,0.025837,1244819,1244819,415283,33.3609,1920,1080,raygs,triangles,1,off,0,on,-4
1781754696989618730,4920.01,825.79,1.21096,1.15123,1.1393,0.035456,0.089056,0.016384,0.187392,0.811008,0.025285,1244819,1244819,415283,33.3609,1920,1080,raygs,triangles,1,off,0,on,-4
1781754696990784586,4921.18,824.388,1.21302,1.14944,1.13619,0.031584,0.089856,0.016352,0.187392,0.811008,0.024587,1244819,1244819,415283,33.3609,1920,1080,raygs,triangles,1,off,0,on,-4
1781754696991957423,4922.35,824.84,1.21236,1.1471,1.13395,0.030432,0.08976,0.01536,0.187392,0.811008,0.02437,1244819,1244819,415283,33.3609,1920,1080,raygs,triangles,1,off,0,on,-4
1781754696993128577,4923.52,824.999,1.21212,1.14605,1.13546,0.030496,0.089632,0.016352,0.188416,0.81056,0.023774,1244819,1244819,415283,33.3609,1920,1080,raygs,triangles,1,off,0,on,-4
1781754696994306675,4924.7,827.776,1.20806,1.14643,1.13379,0.0296,0.08944,0.016352,0.187392,0.811008,0.024976,1244819,1244819,415283,33.3609,1920,1080,raygs,triangles,1,off,0,on,-4
1781754696995477122,4925.87,828.611,1.20684,1.14778,1.1361,0.029952,0.089312,0.016384,0.18944,0.811008,0.025207,1244819,1244819,415283,33.3609,1920,1080,raygs,triangles,1,off,0,on,-4
1781754696996767208,4927.16,828.523,1.20697,1.14922,1.13482,0.030336,0.088992,0.01536,0.188416,0.811712,0.024241,1244819,1244819,415283,33.3609,1920,1080,raygs,triangles,1,off,0,on,-4
1781754696997939210,4928.33,827.562,1.20837,1.1473,1.13309,0.030496,0.088576,0.015616,0.188416,0.809984,0.025584,1244819,1244819,415283,33.3609,1920,1080,raygs,triangles,1,off,0,on,-4
1781754696999110841,4929.5,827.671,1.20821,1.14739,1.13462,0.03056,0.089152,0.01536,0.188544,0.811008,0.025181,1244819,1244819,415283,33.3609,1920,1080,raygs,triangles,1,off,0,on,-4
1781754697000295999,4930.69,827.528,1.20842,1.14765,1.13555,0.030112,0.089632,0.016384,0.18944,0.809984,0.024787,1244819,1244819,415283,33.3609,1920,1080,raygs,triangles,1,off,0,on,-4
1781754697001464351,4931.86,827.127,1.209,1.14669,1.13539,0.030176,0.089696,0.016384,0.188416,0.81072,0.026399,1244819,1244819,415283,33.3609,1920,1080,raygs,triangles,1,off,0,on,-4
1781754697002631799,4933.02,827.666,1.20822,1.14954,1.13786,0.029664,0.089312,0.016384,0.191488,0.811008,0.024912,1244819,1244819,415283,33.3609,1920,1080,raygs,triangles,1,off,0,on,-4
1781754697003800081,4934.19,829.12,1.2061,1.14611,1.13376,0.030304,0.089696,0.016384,0.187392,0.809984,0.024113,1244819,1244819,415283,33.3609,1920,1080,raygs,triangles,1,off,0,on,-4
1781754697005221186,4935.61,829.346,1.20577,1.38195,1.37043,0.029632,0.08928,0.016384,0.423392,0.811744,0.030978,1244819,1244819,415283,33.3609,1920,1080,raygs,triangles,1,off,0,on,-4
1781754697006566463,4936.96,826.239,1.2103,1.28602,1.2736,0.029952,0.088576,0.016384,0.32768,0.811008,0.037015,1244819,1244819,415283,33.3609,1920,1080,raygs,triangles,1,off,0,on,-4
1781754697007699631,4938.09,824.596,1.21271,1.14803,1.1359,0.030464,0.090656,0.016384,0.187392,0.811008,0.01639,1244819,1244819,415283,33.3609,1920,1080,raygs,triangles,1,off,0,on,-4
1781754697008882088,4939.27,824.826,1.21238,1.14685,1.13472,0.03024,0.089696,0.016384,0.188416,0.809984,0.024748,1244819,1244819,415283,33.3609,1920,1080,raygs,triangles,1,off,0,on,-4
1781754697010049852,4940.44,824.41,1.21299,1.14749,1.13562,0.030656,0.089152,0.016384,0.188416,0.811008,0.027572,1244819,1244819,415283,33.3609,1920,1080,raygs,triangles,1,off,0,on,-4
1781754697011233983,4941.63,827.314,1.20873,1.14778,1.13437,0.029952,0.0896,0.016384,0.187744,0.810688,0.026119,1244819,1244819,415283,33.3609,1920,1080,raygs,triangles,1,off,0,on,-4
1781754697012561152,4942.95,828.618,1.20683,1.14685,1.13539,0.030272,0.089664,0.016384,0.188416,0.810656,0.040136,1244819,1244819,415283,33.3609,1920,1080,raygs,triangles,1,off,0,on,-4
1781754697013681176,4944.07,826.707,1.20962,1.1489,1.13632,0.03104,0.089472,0.016384,0.188416,0.811008,0.015262,1244819,1244819,415283,33.3609,1920,1080,raygs,triangles,1,off,0,on,-4
1781754697014850614,4945.24,827.459,1.20852,1.14605,1.13222,0.030272,0.089056,0.01536,0.187552,0.809984,0.024466,1244819,1244819,415283,33.3609,1920,1080,raygs,triangles,1,off,0,on,-4
1781754697016023736,4946.42,827.476,1.20849,1.14819,1.13411,0.030336,0.088992,0.01536,0.18944,0.809984,0.023958,1244819,1244819,415283,33.3609,1920,1080,raygs,triangles,1,off,0,on,-4
1781754697017233506,4947.62,827.112,1.20903,1.14672,1.1321,0.029888,0.089408,0.015424,0.187392,0.809984,0.041968,1244819,1244819,415283,33.3609,1920,1080,raygs,triangles,1,off,0,on,-4
1781754697018460514,4948.85,827.223,1.20886,1.14909,1.13606,0.030208,0.089024,0.01536,0.190464,0.811008,0.036174,1244819,1244819,415283,33.3609,1920,1080,raygs,triangles,1,off,0,on,-4
1781754697019550941,4949.94,826.837,1.20943,1.14954,1.13526,0.030624,0.088832,0.01536,0.190464,0.809984,0.015181,1244819,1244819,415283,33.3609,1920,1080,raygs,triangles,1,off,0,on,-4
1781754697020934968,4951.33,828.843,1.2065,1.36221,1.35104,0.030336,0.089856,0.016384,0.403456,0.811008,0.024708,1244819,1244819,415283,33.3609,1920,1080,raygs,triangles,1,off,0,on,-4
1781754697022265294,4952.66,826.588,1.20979,1.28886,1.27494,0.030752,0.088992,0.01536,0.32912,0.81072,0.030883,1244819,1244819,415283,33.3609,1920,1080,raygs,triangles,1,off,0,on,-4
1781754697023440594,4953.83,824.776,1.21245,1.14685,1.13459,0.030048,0.08976,0.016384,0.187392,0.811008,0.026316,1244819,1244819,415283,33.3609,1920,1080,raygs,triangles,1,off,0,on,-4
1781754697024597398,4954.99,824.925,1.21223,1.14848,1.13542,0.030176,0.088416,0.016384,0.190464,0.809984,0.024966,1244819,1244819,415283,33.3609,1920,1080,raygs,triangles,1,off,0,on,-4
1781754697025771136,4956.16,825.085,1.212,1.14614,1.1329,0.030368,0.089024,0.016384,0.186368,0.810752,0.024085,1244819,1244819,415283,33.3609,1920,1080,raygs,triangles,1,off,0,on,-4
1781754697026938259,4957.33,825.133,1.21193,1.14637,1.13245,0.029536,0.089376,0.016256,0.186368,0.810912,0.023952,1244819,1244819,415283,33.3609,1920,1080,raygs,triangles,1,off,0,on,-4
1781754697028109884,4958.5,827.922,1.20784,1.14656,1.1344,0.030752,0.08928,0.016192,0.187392,0.810784,0.023785,1244819,1244819,415283,33.3609,1920,1080,raygs,triangles,1,off,0,on,-4
1781754697029420793,4959.81,829.23,1.20594,1.14749,1.13603,0.029664,0.089504,0.016384,0.189472,0.811008,0.025785,1244819,1244819,415283,33.3609,1920,1080,raygs,triangles,1,off,0,on,-4
1781754697030577882,4960.97,827.048,1.20912,1.148,1.13558,0.03072,0.08944,0.016288,0.188416,0.81072,0.024164,1244819,1244819,415283,33.3609,1920,1080,raygs,triangles,1,off,0,on,-4
1781754697031749200,4962.14,827.267,1.2088,1.1496,1.13853,0.029696,0.089376,0.016384,0.191488,0.811584,0.023489,1244819,1244819,415283,33.3609,1920,1080,raygs,triangles,1,off,0,on,-4
1781754697032922025,4963.31,827.8,1.20802,1.14582,1.13437,0.02992,0.089664,0.016384,0.187392,0.811008,0.025225,1244819,1244819,415283,33.3609,1920,1080,raygs,triangles,1,off,0,on,-4
1781754697034100256,4964.49,827.971,1.20777,1.14819,1.13469,0.029344,0.089344,0.015552,0.190464,0.809984,0.024506,1244819,1244819,415283,33.3609,1920,1080,raygs,triangles,1,off,0,on,-4
1781754697035274950,4965.67,827.868,1.20792,1.14819,1.13613,0.030624,0.089696,0.016384,0.18944,0.809984,0.023951,1244819,1244819,415283,33.3609,1920,1080,raygs,triangles,1,off,0,on,-4
1781754697036535245,4966.93,829.799,1.20511,1.14803,1.13594,0.030208,0.08992,0.016384,0.18944,0.809984,0.044161,1244819,1244819,415283,33.3609,1920,1080,raygs,triangles,1,off,0,on,-4
1781754697037863370,4968.25,828.339,1.20724,1.38208,1.37078,0.029728,0.089728,0.016384,0.423936,0.811008,0.015846,1244819,1244819,415283,33.3609,1920,1080,raygs,triangles,1,off,0,on,-4
1781754697039173131,4969.56,826.587,1.20979,1.2873,1.27581,0.030208,0.089472,0.015712,0.329728,0.810688,0.02616,1244819,1244819,415283,33.3609,1920,1080,raygs,triangles,1,off,0,on,-4
1781754697040348438,4970.74,824.987,1.21214,1.14803,1.13475,0.030176,0.089952,0.01536,0.188416,0.810848,0.025125,1244819,1244819,415283,33.3609,1920,1080,raygs,triangles,1,off,0,on,-4
1781754697041522759,4971.91,824.976,1.21216,1.14749,1.13539,0.03008,0.089472,0.016384,0.188448,0.811008,0.025237,1244819,1244819,415283,33.3609,1920,1080,raygs,triangles,1,off,0,on,-4
1781754697042705906,4973.1,824.876,1.2123,1.14781,1.13443,0.029984,0.08864,0.016384,0.188416,0.811008,0.027947,1244819,1244819,415283,33.3609,1920,1080,raygs,triangles,1,off,0,on,-4
1781754697043881115,4974.27,824.719,1.21253,1.16954,1.15843,0.030176,0.08992,0.016384,0.210944,0.811008,0.024364,1244819,1244819,415283,33.3609,1920,1080,raygs,triangles,1,off,0,on,-4
1781754697045057695,4975.45,827.235,1.20885,1.14701,1.13578,0.030176,0.089792,0.016384,0.18944,0.809984,0.025691,1244819,1244819,415283,33.3609,1920,1080,raygs,triangles,1,off,0,on,-4
1781754697046356044,4976.75,828.703,1.20671,1.14835,1.1353,0.030496,0.088992,0.01536,0.18944,0.811008,0.025563,1244819,1244819,415283,33.3609,1920,1080,raygs,triangles,1,off,0,on,-4
1781754697047520856,4977.91,827.22,1.20887,1.14803,1.13648,0.031232,0.089152,0.016544,0.188704,0.810848,0.025022,1244819,1244819,415283,33.3609,1920,1080,raygs,triangles,1,off,0,on,-4
1781754697048690336,4979.08,827.452,1.20853,1.14893,1.13638,0.030048,0.089728,0.016384,0.18944,0.810784,0.023754,1244819,1244819,415283,33.3609,1920,1080,raygs,triangles,1,off,0,on,-4
1781754697049880015,4980.27,827.873,1.20791,1.14819,1.13683,0.0304,0.08896,0.016384,0.18944,0.811648,0.025791,1244819,1244819,415283,33.3609,1920,1080,raygs,triangles,1,off,0,on,-4
1781754697051040315,4981.43,827.436,1.20855,1.14614,1.13296,0.030336,0.089024,0.01536,0.187392,0.810848,0.023951,1244819,1244819,415283,33.3609,1920,1080,raygs,triangles,1,off,0,on,-4
1781754697052226458,4982.62,827.458,1.20852,1.1497,1.13827,0.029792,0.089504,0.016384,0.190912,0.81168,0.028064,1244819,1244819,415283,33.3609,1920,1080,raygs,triangles,1,off,0,on,-4
1781754697053404587,4983.8,828.436,1.20709,1.14858,1.13728,0.030752,0.089696,0.016384,0.18944,0.811008,0.025099,1244819,1244819,415283,33.3609,1920,1080,raygs,triangles,1,off,0,on,-4
1781754697054791249,4985.18,828.438,1.20709,1.37245,1.35853,0.030336,0.089152,0.01536,0.413696,0.809984,0.024362,1244819,1244819,415283,33.3609,1920,1080,raygs,triangles,1,off,0,on,-4
1781754697056131273,4986.52,828.473,1.20704,1.28816,1.27562,0.030016,0.0896,0.016384,0.328704,0.810912,0.032966,1244819,1244819,415283,33.3609,1920,1080,raygs,triangles,1,off,0,on,-4
1781754697057317763,4987.71,825.435,1.21148,1.14922,1.13718,0.030336,0.09104,0.016384,0.188416,0.811008,0.035405,1244819,1244819,415283,33.3609,1920,1080,raygs,triangles,1,off,0,on,-4
1781754697058454738,4988.85,825.516,1.21136,1.14624,1.13216,0.030464,0.08896,0.01536,0.187392,0.809984,0.017841,1244819,1244819,415283,33.3609,1920,1080,raygs,triangles,1,off,0,on,-4
1781754697059640745,4990.03,825.755,1.21101,1.14787,1.13594,0.030336,0.089696,0.016384,0.187744,0.811776,0.027117,1244819,1244819,415283,33.3609,1920,1080,raygs,triangles,1,off,0,on,-4
1781754697060806116,4991.2,825.734,1.21104,1.1481,1.13562,0.0304,0.088736,0.016384,0.18944,0.810656,0.025868,1244819,1244819,415283,33.3609,1920,1080,raygs,triangles,1,off,0,on,-4
1781754697061977922,4992.37,827.836,1.20797,1.14893,1.13584,0.030048,0.089984,0.016384,0.188416,0.811008,0.025101,1244819,1244819,415283,33.3609,1920,1080,raygs,triangles,1,off,0,on,-4
1781754697063289588,4993.68,829.143,1.20607,1.14691,1.13523,0.03008,0.089344,0.016384,0.188416,0.811008,0.02481,1244819,1244819,415283,33.3609,1920,1080,raygs,triangles,1,off,0,on,-4
1781754697064450481,4994.84,827.518,1.20843,1.14896,1.13558,0.031136,0.088928,0.016384,0.188416,0.81072,0.023594,1244819,1244819,415283,33.3609,1920,1080,raygs,triangles,1,off,0,on,-4
1781754697065692473,4996.08,827.966,1.20778,1.14794,1.13434,0.03008,0.089472,0.01536,0.18944,0.809984,0.041935,1244819,1244819,415283,33.3609,1920,1080,raygs,triangles,1,off,0,on,-4
1781754697066796764,4997.19,826.742,1.20957,1.14787,1.1368,0.030112,0.089856,0.016384,0.18944,0.811008,0.015617,1244819,1244819,415283,33.3609,1920,1080,raygs,triangles,1,off,0,on,-4
1781754697067977656,4998.37,827.511,1.20844,1.14787,1.13629,0.031072,0.089792,0.016384,0.188416,0.810624,0.026131,1244819,1244819,415283,33.3609,1920,1080,raygs,triangles,1,off,0,on,-4
1781754697069163583,4999.55,827.557,1.20838,1.14605,1.13325,0.03024,0.089056,0.01536,0.187616,0.810976,0.026985,1244819,1244819,415283,33.3609,1920,1080,raygs,triangles,1,off,0,on,-4
1781754697070348582,5000.74,828.8,1.20656,1.14778,1.13526,0.02992,0.089536,0.016384,0.188416,0.811008,0.032337,1244819,1244819,415283,33.3609,1920,1080,raygs,triangles,1,off,0,on,-4
1781754697071718155,5002.11,828.681,1.20674,1.35338,1.34115,0.030336,0.089312,0.016288,0.393216,0.812,0.022118,1244819,1244819,415283,33.3609,1920,1080,raygs,triangles,1,off,0,on,-4
1781754697073018970,5003.41,826.108,1.21049,1.28563,1.27139,0.030432,0.089248,0.01536,0.325632,0.81072,0.024831,1244819,1244819,415283,33.3609,1920,1080,raygs,triangles,1,off,0,on,-4
1781754697074190038,5004.58,824.935,1.21222,1.14938,1.13706,0.030528,0.090112,0.01536,0.18944,0.811616,0.026088,1244819,1244819,415283,33.3609,1920,1080,raygs,triangles,1,off,0,on,-4
1781754697075424992,5005.82,825.096,1.21198,1.1471,1.13427,0.030304,0.089216,0.016384,0.187392,0.810976,0.042964,1244819,1244819,415283,33.3609,1920,1080,raygs,triangles,1,off,0,on,-4
1781754697076545001,5006.94,824.517,1.21283,1.14733,1.1335,0.029504,0.089632,0.01536,0.188416,0.810592,0.016602,1244819,1244819,415283,33.3609,1920,1080,raygs,triangles,1,off,0,on,-4
1781754697077730924,5008.12,824.529,1.21281,1.14835,1.13578,0.030496,0.089568,0.016384,0.188416,0.810912,0.028021,1244819,1244819,415283,33.3609,1920,1080,raygs,triangles,1,off,0,on,-4
1781754697078896579,5009.29,827.483,1.20848,1.14707,1.13571,0.03024,0.089792,0.016384,0.188416,0.81088,0.028751,1244819,1244819,415283,33.3609,1920,1080,raygs,triangles,1,off,0,on,-4
1781754697080181748,5010.57,829.325,1.2058,1.14698,1.13459,0.030176,0.089856,0.016384,0.187392,0.810784,0.026509,1244819,1244819,415283,33.3609,1920,1080,raygs,triangles,1,off,0,on,-4
1781754697081352166,5011.74,827.803,1.20802,1.14912,1.13536,0.030272,0.08928,0.016384,0.188416,0.811008,0.025512,1244819,1244819,415283,33.3609,1920,1080,raygs,triangles,1,off,0,on,-4
1781754697082527593,5012.92,827.959,1.20779,1.14906,1.13667,0.030176,0.089664,0.016384,0.190464,0.809984,0.0262,1244819,1244819,415283,33.3609,1920,1080,raygs,triangles,1,off,0,on,-4
1781754697083756338,5014.15,827.86,1.20793,1.1481,1.1368,0.03024,0.08992,0.016384,0.18944,0.810816,0.039351,1244819,1244819,415283,33.3609,1920,1080,raygs,triangles,1,off,0,on,-4
1781754697084908096,5015.3,827.463,1.20851,1.14819,1.13597,0.030336,0.0888,0.016384,0.18944,0.811008,0.024336,1244819,1244819,415283,33.3609,1920,1080,raygs,triangles,1,off,0,on,-4
1781754697086032109,5016.42,829.369,1.20574,1.14906,1.13574,0.03072,0.08944,0.01616,0.18944,0.809984,0.016146,1244819,1244819,415283,33.3609,1920,1080,raygs,triangles,1,off,0,on,-4
1781754697087210372,5017.6,829.582,1.20543,1.1464,1.13389,0.030656,0.089408,0.01536,0.18752,0.810944,0.029528,1244819,1244819,415283,33.3609,1920,1080,raygs,triangles,1,off,0,on,-4
1781754697088613915,5019.01,829.463,1.2056,1.37789,1.36454,0.030368,0.089312,0.016384,0.417792,0.810688,0.024299,1244819,1244819,415283,33.3609,1920,1080,raygs,triangles,1,off,0,on,-4
1781754697089938572,5020.33,826.62,1.20975,1.28579,1.2735,0.029728,0.088576,0.016384,0.327904,0.810912,0.026613,1244819,1244819,415283,33.3609,1920,1080,raygs,triangles,1,off,0,on,-4
1781754697091098765,5021.49,825.151,1.2119,1.14701,1.13402,0.030208,0.090048,0.016384,0.187392,0.809984,0.025378,1244819,1244819,415283,33.3609,1920,1080,raygs,triangles,1,off,0,on,-4
1781754697092294588,5022.69,825.909,1.21079,1.14787,1.13478,0.030016,0.08896,0.016384,0.188416,0.811008,0.025891,1244819,1244819,415283,33.3609,1920,1080,raygs,triangles,1,off,0,on,-4
1781754697093451338,5023.84,824.901,1.21227,1.14701,1.13478,0.030208,0.088768,0.016384,0.188416,0.811008,0.02416,1244819,1244819,415283,33.3609,1920,1080,raygs,triangles,1,off,0,on,-4
1781754697094611751,5025,827.399,1.20861,1.14614,1.13469,0.030336,0.089792,0.016384,0.187392,0.810784,0.024232,1244819,1244819,415283,33.3609,1920,1080,raygs,triangles,1,off,0,on,-4
1781754697095920655,5026.31,829.359,1.20575,1.14746,1.1337,0.0296,0.089568,0.016192,0.188416,0.80992,0.026108,1244819,1244819,415283,33.3609,1920,1080,raygs,triangles,1,off,0,on,-4
1781754697097078147,5027.47,827.757,1.20808,1.14966,1.13789,0.030816,0.089568,0.016384,0.18944,0.81168,0.023729,1244819,1244819,415283,33.3609,1920,1080,raygs,triangles,1,off,0,on,-4
1781754697098253644,5028.64,827.81,1.20801,1.14723,1.1345,0.030016,0.089696,0.016384,0.188416,0.809984,0.02438,1244819,1244819,415283,33.3609,1920,1080,raygs,triangles,1,off,0,on,-4
1781754697099437749,5029.83,827.659,1.20823,1.14893,1.13574,0.030048,0.089888,0.016384,0.18944,0.809984,0.026003,1244819,1244819,415283,33.3609,1920,1080,raygs,triangles,1,off,0,on,-4
1781754697100597533,5030.99,827.285,1.20877,1.14742,1.1344,0.030272,0.089248,0.015456,0.188416,0.811008,0.025017,1244819,1244819,415283,33.3609,1920,1080,raygs,triangles,1,off,0,on,-4
1781754697101768459,5032.16,827.737,1.20811,1.14819,1.13446,0.03024,0.0888,0.01536,0.18944,0.810624,0.025247,1244819,1244819,415283,33.3609,1920,1080,raygs,triangles,1,off,0,on,-4
1781754697102964000,5033.36,829.607,1.20539,1.14842,1.13731,0.029568,0.089312,0.016384,0.191488,0.81056,0.026819,1244819,1244819,415283,33.3609,1920,1080,raygs,triangles,1,off,0,on,-4
1781754697104374668,5034.77,828.817,1.20654,1.38659,1.37341,0.030144,0.088864,0.016384,0.427008,0.811008,0.026775,1244819,1244819,415283,33.3609,1920,1080,raygs,triangles,1,off,0,on,-4
1781754697105677890,5036.07,825.842,1.21089,1.28746,1.27638,0.030496,0.089792,0.016384,0.328704,0.811008,0.025282,1244819,1244819,415283,33.3609,1920,1080,raygs,triangles,1,off,0,on,-4
1781754697106846841,5037.24,824.391,1.21302,1.14787,1.13574,0.030784,0.090176,0.016384,0.188416,0.809984,0.024658,1244819,1244819,415283,33.3609,1920,1080,raygs,triangles,1,off,0,on,-4
1781754697108020502,5038.41,824.541,1.2128,1.14755,1.13315,0.029728,0.089664,0.01536,0.188416,0.809984,0.025625,1244819,1244819,415283,33.3609,1920,1080,raygs,triangles,1,off,0,on,-4
1781754697109190100,5039.58,824.786,1.21244,1.14675,1.13574,0.030464,0.089472,0.016384,0.188416,0.811008,0.024559,1244819,1244819,415283,33.3609,1920,1080,raygs,triangles,1,off,0,on,-4
1781754697110365033,5040.76,825.644,1.21118,1.14717,1.1337,0.030336,0.08944,0.01536,0.187712,0.810848,0.024871,1244819,1244819,415283,33.3609,1920,1080,raygs,triangles,1,off,0,on,-4
1781754697111533696,5041.93,827.598,1.20832,1.14618,1.13213,0.030368,0.089088,0.01536,0.186368,0.810944,0.023642,1244819,1244819,415283,33.3609,1920,1080,raygs,triangles,1,off,0,on,-4
1781754697112840493,5043.23,829.474,1.20558,1.14835,1.13712,0.030496,0.089792,0.016384,0.18944,0.811008,0.025804,1244819,1244819,415283,33.3609,1920,1080,raygs,triangles,1,off,0,on,-4
1781754697114004568,5044.4,827.697,1.20817,1.15008,1.13632,0.031136,0.089056,0.01568,0.190464,0.809984,0.025558,1244819,1244819,415283,33.3609,1920,1080,raygs,triangles,1,off,0,on,-4
1781754697115172749,5045.56,828.01,1.20772,1.14749,1.1352,0.030304,0.08832,0.016384,0.18944,0.810752,0.023993,1244819,1244819,415283,33.3609,1920,1080,raygs,triangles,1,off,0,on,-4
1781754697116364192,5046.76,828.179,1.20747,1.14733,1.13456,0.029472,0.08944,0.016224,0.188416,0.811008,0.026187,1244819,1244819,415283,33.3609,1920,1080,raygs,triangles,1,off,0,on,-4
1781754697117530922,5047.92,827.835,1.20797,1.14858,1.13635,0.030784,0.08944,0.01568,0.18944,0.811008,0.024388,1244819,1244819,415283,33.3609,1920,1080,raygs,triangles,1,off,0,on,-4
1781754697118693280,5049.08,827.85,1.20795,1.14746,1.13517,0.030656,0.08912,0.016352,0.188416,0.810624,0.023603,1244819,1244819,415283,33.3609,1920,1080,raygs,triangles,1,off,0,on,-4
1781754697119869478,5050.26,829.719,1.20523,1.14774,1.13411,0.029888,0.089504,0.016256,0.187584,0.81088,0.023285,1244819,1244819,415283,33.3609,1920,1080,raygs,triangles,1,off,0,on,-4
1781754697121289536,5051.68,829.567,1.20545,1.38285,1.37091,0.030528,0.09008,0.016384,0.422912,0.811008,0.025536,1244819,1244819,415283,33.3609,1920,1080,raygs,triangles,1,off,0,on,-4
1781754697122593490,5052.98,826.234,1.21031,1.28714,1.2745,0.030048,0.089536,0.016224,0.328704,0.809984,0.024557,1244819,1244819,415283,33.3609,1920,1080,raygs,triangles,1,off,0,on,-4
1781754697123772546,5054.16,825.243,1.21176,1.14582,1.13322,0.030048,0.089792,0.016384,0.186368,0.810624,0.025076,1244819,1244819,415283,33.3609,1920,1080,raygs,triangles,1,off,0,on,-4
1781754697124947110,5055.34,824.66,1.21262,1.14582,1.1353,0.030496,0.089408,0.016384,0.187392,0.811616,0.029715,1244819,1244819,415283,33.3609,1920,1080,raygs,triangles,1,off,0,on,-4
1781754697126118845,5056.51,824.969,1.21217,1.1463,1.13392,0.030496,0.089504,0.01536,0.187552,0.811008,0.026213,1244819,1244819,415283,33.3609,1920,1080,raygs,triangles,1,off,0,on,-4
1781754697127315755,5057.71,825.127,1.21193,1.17162,1.15766,0.030656,0.0896,0.015456,0.210944,0.811008,0.025109,1244819,1244819,415283,33.3609,1920,1080,raygs,triangles,1,off,0,on,-4
1781754697128485422,5058.88,827.005,1.20918,1.14922,1.13514,0.030304,0.089024,0.01536,0.18944,0.811008,0.024645,1244819,1244819,415283,33.3609,1920,1080,raygs,triangles,1,off,0,on,-4
1781754697129773512,5060.16,829.216,1.20596,1.14803,1.13584,0.030432,0.088576,0.016384,0.18944,0.811008,0.024512,1244819,1244819,415283,33.3609,1920,1080,raygs,triangles,1,off,0,on,-4
1781754697130985242,5061.38,827.906,1.20787,1.14864,1.13661,0.031072,0.089728,0.016384,0.18944,0.809984,0.034271,1244819,1244819,415283,33.3609,1920,1080,raygs,triangles,1,off,0,on,-4
1781754697132133912,5062.53,827.378,1.20864,1.14851,1.13622,0.030144,0.089472,0.016384,0.18944,0.810784,0.019033,1244819,1244819,415283,33.3609,1920,1080,raygs,triangles,1,off,0,on,-4
1781754697133307013,5063.7,827.821,1.20799,1.14717,1.13366,0.030336,0.088832,0.016384,0.187392,0.81072,0.025605,1244819,1244819,415283,33.3609,1920,1080,raygs,triangles,1,off,0,on,-4
1781754697134480959,5064.87,827.587,1.20833,1.14758,1.13376,0.029728,0.089248,0.01536,0.188416,0.811008,0.025657,1244819,1244819,415283,33.3609,1920,1080,raygs,triangles,1,off,0,on,-4
1781754697135656953,5066.05,827.619,1.20828,1.1488,1.13686,0.030176,0.08976,0.016384,0.189568,0.810976,0.02463,1244819,1244819,415283,33.3609,1920,1080,raygs,triangles,1,off,0,on,-4
1781754697136831713,5067.22,829.063,1.20618,1.14819,1.1361,0.030368,0.089856,0.016384,0.188672,0.810816,0.026796,1244819,1244819,415283,33.3609,1920,1080,raygs,triangles,1,off,0,on,-4
1781754697138210513,5068.6,828.721,1.20668,1.34582,1.33286,0.030336,0.088992,0.016384,0.386368,0.810784,0.028387,1244819,1244819,415283,33.3609,1920,1080,raygs,triangles,1,off,0,on,-4
1781754697139513167,5069.9,827.244,1.20883,1.2873,1.27562,0.030144,0.089664,0.016384,0.328704,0.81072,0.025931,1244819,1244819,415283,33.3609,1920,1080,raygs,triangles,1,off,0,on,-4
1781754697140686984,5071.08,825.199,1.21183,1.14835,1.13552,0.030496,0.091264,0.016384,0.187392,0.809984,0.025562,1244819,1244819,415283,33.3609,1920,1080,raygs,triangles,1,off,0,on,-4
1781754697141851822,5072.24,825.2,1.21183,1.14464,1.1321,0.030112,0.089056,0.015584,0.186368,0.810976,0.024457,1244819,1244819,415283,33.3609,1920,1080,raygs,triangles,1,off,0,on,-4
1781754697143147613,5073.54,825.465,1.21144,1.14646,1.13466,0.029632,0.089216,0.016384,0.188416,0.811008,0.024222,1244819,1244819,415283,33.3609,1920,1080,raygs,triangles,1,off,0,on,-4
1781754697144337072,5074.73,824.106,1.21344,1.14922,1.13725,0.031328,0.090144,0.016384,0.188832,0.81056,0.026574,1244819,1244819,415283,33.3609,1920,1080,raygs,triangles,1,off,0,on,-4
1781754697145499517,5075.89,826.193,1.21037,1.1481,1.13482,0.030272,0.088896,0.016384,0.188416,0.810848,0.025917,1244819,1244819,415283,33.3609,1920,1080,raygs,triangles,1,off,0,on,-4
1781754697146821865,5077.21,827.88,1.2079,1.14934,1.13459,0.029472,0.089312,0.01536,0.18944,0.811008,0.036293,1244819,1244819,415283,33.3609,1920,1080,raygs,triangles,1,off,0,on,-4
1781754697147964458,5078.36,826.191,1.21037,1.14832,1.13562,0.031168,0.089632,0.015392,0.188416,0.811008,0.019997,1244819,1244819,415283,33.3609,1920,1080,raygs,triangles,1,off,0,on,-4
1781754697149144465,5079.54,826.877,1.20937,1.14877,1.13459,0.029792,0.08944,0.016288,0.188416,0.810656,0.025041,1244819,1244819,415283,33.3609,1920,1080,raygs,triangles,1,off,0,on,-4
1781754697150312344,5080.7,826.468,1.20997,1.14835,1.13635,0.030496,0.089152,0.016384,0.18944,0.81088,0.024949,1244819,1244819,415283,33.3609,1920,1080,raygs,triangles,1,off,0,on,-4
1781754697151486634,5081.88,826.639,1.20972,1.14627,1.13562,0.030464,0.089792,0.016384,0.188416,0.81056,0.027286,1244819,1244819,415283,33.3609,1920,1080,raygs,triangles,1,off,0,on,-4
1781754697152724690,5083.12,826.58,1.2098,1.14688,1.13536,0.03008,0.089472,0.016384,0.188416,0.811008,0.040202,1244819,1244819,415283,33.3609,1920,1080,raygs,triangles,1,off,0,on,-4
1781754697153824647,5084.22,827.115,1.20902,1.14874,1.13629,0.029856,0.089792,0.016192,0.18944,0.811008,0.014692,1244819,1244819,415283,33.3609,1920,1080,raygs,triangles,1,off,0,on,-4
1781754697155179104,5085.57,828.13,1.20754,1.32378,1.31149,0.030336,0.08928,0.01632,0.365568,0.809984,0.025312,1244819,1244819,415283,33.3609,1920,1080,raygs,triangles,1,off,0,on,-4
1781754697156530047,5086.92,825.783,1.21097,1.32464,1.31299,0.029632,0.08944,0.190464,0.192512,0.810944,0.024826,1244819,1244819,415283,33.3609,1920,1080,raygs,triangles,1,off,0,on,-4
1781754697157714921,5088.11,824.364,1.21306,1.14755,1.13475,0.030752,0.089472,0.01536,0.188416,0.810752,0.02644,1244819,1244819,415283,33.3609,1920,1080,raygs,triangles,1,off,0,on,-4
1781754697158872716,5089.26,823.928,1.2137,1.14672,1.13322,0.030944,0.089536,0.01536,0.187392,0.809984,0.024067,1244819,1244819,415283,33.3609,1920,1080,raygs,triangles,1,off,0,on,-4
1781754697160041014,5090.43,823.444,1.21441,1.14669,1.13523,0.030592,0.089184,0.016384,0.188416,0.810656,0.025924,1244819,1244819,415283,33.3609,1920,1080,raygs,triangles,1,off,0,on,-4
1781754697161232945,5091.62,823.578,1.21421,1.14787,1.13507,0.029952,0.089312,0.016384,0.18944,0.809984,0.024999,1244819,1244819,415283,33.3609,1920,1080,raygs,triangles,1,off,0,on,-4
1781754697162521932,5092.91,826.191,1.21037,1.1473,1.13462,0.030368,0.089184,0.015648,0.18944,0.809984,0.02492,1244819,1244819,415283,33.3609,1920,1080,raygs,triangles,1,off,0,on,-4
1781754697163678546,5094.07,826.669,1.20967,1.14771,1.13661,0.030912,0.089888,0.016384,0.188416,0.811008,0.023491,1244819,1244819,415283,33.3609,1920,1080,raygs,triangles,1,off,0,on,-4
1781754697164853860,5095.25,826.877,1.20937,1.14832,1.13635,0.030464,0.09008,0.016384,0.18944,0.809984,0.024649,1244819,1244819,415283,33.3609,1920,1080,raygs,triangles,1,off,0,on,-4
1781754697166025381,5096.42,827.132,1.209,1.14758,1.13402,0.029728,0.089504,0.016384,0.188416,0.809984,0.023725,1244819,1244819,415283,33.3609,1920,1080,raygs,triangles,1,off,0,on,-4
1781754697167211161,5097.6,827.052,1.20911,1.14851,1.13696,0.029664,0.089312,0.016384,0.190592,0.811008,0.029214,1244819,1244819,415283,33.3609,1920,1080,raygs,triangles,1,off,0,on,-4
1781754697168385543,5098.78,826.494,1.20993,1.14906,1.13555,0.030176,0.088832,0.01536,0.190464,0.81072,0.024422,1244819,1244819,415283,33.3609,1920,1080,raygs,triangles,1,off,0,on,-4
1781754697169544137,5099.94,828.069,1.20763,1.14787,1.13475,0.030272,0.088672,0.016384,0.18944,0.809984,0.023933,1244819,1244819,415283,33.3609,1920,1080,raygs,triangles,1,off,0,on,-4
1781754697170719890,5101.11,828.266,1.20734,1.1497,1.13606,0.029792,0.08944,0.01536,0.191488,0.809984,0.02571,1244819,1244819,415283,33.3609,1920,1080,raygs,triangles,1,off,0,on,-4
1781754697172185410,5102.58,828.33,1.20725,1.40042,1.38829,0.030112,0.08944,0.016384,0.441344,0.811008,0.033792,1244819,1244819,415283,33.3609,1920,1080,raygs,triangles,1,off,0,on,-4
1781754697173448543,5103.84,825.01,1.21211,1.27178,1.25882,0.03072,0.213248,0.014336,0.189504,0.811008,0.017333,1244819,1244819,415283,33.3609,1920,1080,raygs,triangles,1,off,0,on,-4
1781754697174615162,5105.01,823.326,1.21459,1.14614,1.13338,0.029312,0.08928,0.016256,0.18752,0.811008,0.023749,1244819,1244819,415283,33.3609,1920,1080,raygs,triangles,1,off,0,on,-4
1781754697175792670,5106.18,823.666,1.21408,1.14614,1.13312,0.030336,0.089024,0.01536,0.187392,0.811008,0.025733,1244819,1244819,415283,33.3609,1920,1080,raygs,triangles,1,off,0,on,-4
1781754697176961249,5107.35,823.67,1.21408,1.14627,1.13328,0.0304,0.08928,0.016224,0.187392,0.809984,0.023911,1244819,1244819,415283,33.3609,1920,1080,raygs,triangles,1,off,0,on,-4
1781754697178126888,5108.52,826.935,1.20928,1.14643,1.13437,0.029632,0.089312,0.016384,0.188416,0.810624,0.023629,1244819,1244819,415283,33.3609,1920,1080,raygs,triangles,1,off,0,on,-4
1781754697179440915,5109.83,828.475,1.20704,1.14717,1.13427,0.030336,0.089152,0.016384,0.188416,0.809984,0.026751,1244819,1244819,415283,33.3609,1920,1080,raygs,triangles,1,off,0,on,-4
1781754697180610008,5111,826.5,1.20992,1.15037,1.1368,0.030464,0.089504,0.016384,0.18944,0.811008,0.025677,1244819,1244819,415283,33.3609,1920,1080,raygs,triangles,1,off,0,on,-4
1781754697181774113,5112.17,826.339,1.21016,1.14678,1.13373,0.030048,0.089056,0.016384,0.188416,0.809824,0.025552,1244819,1244819,415283,33.3609,1920,1080,raygs,triangles,1,off,0,on,-4
1781754697182967459,5113.36,826.751,1.20955,1.14746,1.13491,0.029632,0.089472,0.016384,0.188416,0.811008,0.028984,1244819,1244819,415283,33.3609,1920,1080,raygs,triangles,1,off,0,on,-4
1781754697184137547,5114.53,826.487,1.20994,1.14595,1.13293,0.030432,0.088736,0.016384,0.187392,0.809984,0.025068,1244819,1244819,415283,33.3609,1920,1080,raygs,triangles,1,off,0,on,-4
1781754697185315241,5115.71,826.232,1.21031,1.14755,1.13459,0.029696,0.089472,0.016384,0.188416,0.810624,0.02509,1244819,1244819,415283,33.3609,1920,1080,raygs,triangles,1,off,0,on,-4
1781754697186483201,5116.87,827.951,1.2078,1.14816,1.13414,0.030304,0.089056,0.01536,0.18944,0.809984,0.025494,1244819,1244819,415283,33.3609,1920,1080,raygs,triangles,1,off,0,on,-4
1781754697187823003,5118.21,827.582,1.20834,1.32355,1.30979,0.029568,0.089312,0.01536,0.364544,0.811008,0.026471,1244819,1244819,415283,33.3609,1920,1080,raygs,triangles,1,off,0,on,-4
1781754697189162642,5119.55,825.622,1.21121,1.31904,1.30586,0.030144,0.08896,0.183488,0.192512,0.810752,0.025632,1244819,1244819,415283,33.3609,1920,1080,raygs,triangles,1,off,0,on,-4
1781754697190343938,5120.74,824.182,1.21332,1.14739,1.13568,0.03056,0.089664,0.016384,0.188416,0.810656,0.026184,1244819,1244819,415283,33.3609,1920,1080,raygs,triangles,1,off,0,on,-4
1781754697191516336,5121.91,824.068,1.21349,1.14822,1.1353,0.030336,0.08928,0.016384,0.188416,0.81088,0.026531,1244819,1244819,415283,33.3609,1920,1080,raygs,triangles,1,off,0,on,-4
1781754697192740180,5123.13,823.618,1.21416,1.14669,1.13584,0.03024,0.089632,0.016384,0.18864,0.810944,0.03944,1244819,1244819,415283,33.3609,1920,1080,raygs,triangles,1,off,0,on,-4
1781754697193852014,5124.24,823.309,1.21461,1.14771,1.13373,0.030368,0.089472,0.015488,0.188416,0.809984,0.016444,1244819,1244819,415283,33.3609,1920,1080,raygs,triangles,1,off,0,on,-4
1781754697195029882,5125.42,826.866,1.20939,1.14669,1.1336,0.030208,0.088608,0.016384,0.187392,0.811008,0.025788,1244819,1244819,415283,33.3609,1920,1080,raygs,triangles,1,off,0,on,-4
1781754697196326604,5126.72,828.367,1.2072,1.14954,1.13712,0.030176,0.089472,0.016384,0.18944,0.811648,0.025047,1244819,1244819,415283,33.3609,1920,1080,raygs,triangles,1,off,0,on,-4
1781754697197499706,5127.89,827,1.20919,1.14976,1.13766,0.030912,0.090016,0.016288,0.18944,0.811008,0.024177,1244819,1244819,415283,33.3609,1920,1080,raygs,triangles,1,off,0,on,-4
1781754697198665256,5129.06,826.957,1.20925,1.14771,1.13648,0.030304,0.089472,0.016384,0.18944,0.81088,0.025473,1244819,1244819,415283,33.3609,1920,1080,raygs,triangles,1,off,0,on,-4
1781754697199859317,5130.25,827.046,1.20912,1.14861,1.13373,0.029728,0.089248,0.01536,0.188544,0.810848,0.026175,1244819,1244819,415283,33.3609,1920,1080,raygs,triangles,1,off,0,on,-4
1781754697201179288,5131.57,827.351,1.20868,1.14851,1.13485,0.029632,0.089824,0.01536,0.18944,0.810592,0.044408,1244819,1244819,415283,33.3609,1920,1080,raygs,triangles,1,off,0,on,-4
1781754697202379233,5132.77,825.44,1.21148,1.14771,1.13386,0.030912,0.088864,0.01568,0.188416,0.809984,0.044527,1244819,1244819,415283,33.3609,1920,1080,raygs,triangles,1,off,0,on,-4
1781754697203661836,5134.05,826.542,1.20986,1.14986,1.13878,0.03104,0.089888,0.016384,0.190464,0.811008,0.017142,1244819,1244819,415283,33.3609,1920,1080,raygs,triangles,1,off,0,on,-4
1781754697205048664,5135.44,825.435,1.21148,1.14842,1.13802,0.031488,0.090048,0.016384,0.18944,0.810656,0.062022,1244819,1244819,415283,33.3609,1920,1080,raygs,triangles,1,off,0,on,-4
1781754697206178336,5136.57,822.998,1.21507,1.15008,1.13846,0.034272,0.089472,0.016384,0.187392,0.810944,0.022523,1244819,1244819,415283,33.3609,1920,1080,raygs,triangles,1,off,0,on,-4
1781754697207410685,5137.8,823.231,1.21473,1.14739,1.13549,0.03056,0.090144,0.016384,0.188416,0.809984,0.054682,1244819,1244819,415283,33.3609,1920,1080,raygs,triangles,1,off,0,on,-4
1781754697208524037,5138.92,822.884,1.21524,1.14778,1.13376,0.029952,0.089312,0.016096,0.188416,0.809984,0.01758,1244819,1244819,415283,33.3609,1920,1080,raygs,triangles,1,off,0,on,-4
1781754697209747131,5140.14,823.477,1.21436,1.14662,1.13392,0.029792,0.089344,0.016384,0.188416,0.809984,0.056744,1244819,1244819,415283,33.3609,1920,1080,raygs,triangles,1,off,0,on,-4
1781754697210906495,5141.3,823.008,1.21505,1.15318,1.13958,0.030208,0.088768,0.016384,0.193536,0.810688,0.042877,1244819,1244819,415283,33.3609,1920,1080,raygs,triangles,1,off,0,on,-4
1781754697212047974,5142.44,825.541,1.21133,1.1479,1.13574,0.030368,0.089568,0.016384,0.18944,0.809984,0.020188,1244819,1244819,415283,33.3609,1920,1080,raygs,triangles,1,off,0,on,-4
1781754697213408968,5143.8,827.219,1.20887,1.27786,1.26586,0.030496,0.089504,0.016384,0.318464,0.811008,0.053421,1244819,1244819,415283,33.3609,1920,1080,raygs,triangles,1,off,0,on,-4
1781754697214519997,5144.91,825.263,1.21173,1.14896,1.13798,0.03008,0.090048,0.016384,0.190464,0.811008,0.01647,1244819,1244819,415283,33.3609,1920,1080,raygs,triangles,1,off,0,on,-4
1781754697215738777,5146.13,825.733,1.21105,1.1495,1.13574,0.029632,0.08928,0.016384,0.18944,0.811008,0.056552,1244819,1244819,415283,33.3609,1920,1080,raygs,triangles,1,off,0,on,-4
1781754697216919555,5147.31,826.774,1.20952,1.14992,1.13664,0.030496,0.089312,0.016384,0.190464,0.809984,0.045745,1244819,1244819,415283,33.3609,1920,1080,raygs,triangles,1,off,0,on,-4
1781754697218114553,5148.51,826.875,1.20937,1.14646,1.13462,0.029632,0.089184,0.016384,0.188416,0.811008,0.030279,1244819,1244819,415283,33.3609,1920,1080,raygs,triangles,1,off,0,on,-4
1781754697219222341,5149.61,826.471,1.20996,1.14858,1.136,0.029696,0.089408,0.016384,0.189504,0.811008,0.017083,1244819,1244819,415283,33.3609,1920,1080,raygs,triangles,1,off,0,on,-4
1781754697220434985,5150.83,828.594,1.20686,1.14819,1.13574,0.030368,0.089632,0.01536,0.18944,0.810944,0.063185,1244819,1244819,415283,33.3609,1920,1080,raygs,triangles,1,off,0,on,-4
1781754697221701055,5152.09,828.186,1.20746,1.14685,1.13344,0.030048,0.089344,0.015648,0.188416,0.809984,0.019508,1244819,1244819,415283,33.3609,1920,1080,raygs,triangles,1,off,0,on,-4
1781754697223077454,5153.47,827.19,1.20891,1.14803,1.13651,0.0312,0.08944,0.016384,0.18848,0.811008,0.025809,1244819,1244819,415283,33.3609,1920,1080,raygs,triangles,1,off,0,on,-4
1781754697224257700,5154.65,824.683,1.21259,1.15248,1.13946,0.035648,0.09008,0.016576,0.186368,0.810784,0.025782,1244819,1244819,415283,33.3609,1920,1080,raygs,triangles,1,off,0,on,-4
1781754697225747296,5156.14,824.021,1.21356,1.14611,1.13318,0.02928,0.08928,0.016384,0.187392,0.810848,0.050469,1244819,1244819,415283,33.3609,1920,1080,raygs,triangles,1,off,0,on,-4
1781754697226854782,5157.25,821.415,1.21741,1.14877,1.13632,0.03088,0.089632,0.016384,0.18944,0.809984,0.035334,1244819,1244819,415283,33.3609,1920,1080,raygs,triangles,1,off,0,on,-4
1781754697228016950,5158.41,821.24,1.21767,1.14787,1.13574,0.03008,0.089696,0.016384,0.188864,0.81072,0.034551,1244819,1244819,415283,33.3609,1920,1080,raygs,triangles,1,off,0,on,-4
1781754697229341246,5159.73,823.719,1.21401,1.14701,1.13418,0.030208,0.08928,0.01536,0.188416,0.810912,0.039585,1244819,1244819,415283,33.3609,1920,1080,raygs,triangles,1,off,0,on,-4
1781754697230486961,5160.88,823.884,1.21376,1.14877,1.13414,0.030944,0.08944,0.01536,0.188416,0.809984,0.03541,1244819,1244819,415283,33.3609,1920,1080,raygs,triangles,1,off,0,on,-4
1781754697231652472,5162.04,824.378,1.21304,1.14803,1.13632,0.030208,0.090176,0.016384,0.188736,0.810816,0.034034,1244819,1244819,415283,33.3609,1920,1080,raygs,triangles,1,off,0,on,-4
1781754697232825026,5163.22,824.365,1.21305,1.14803,1.13616,0.030208,0.088928,0.016384,0.189696,0.810944,0.034674,1244819,1244819,415283,33.3609,1920,1080,raygs,triangles,1,off,0,on,-4
1781754697233998104,5164.39,824.317,1.21313,1.1489,1.13466,0.030016,0.090112,0.015488,0.188416,0.810624,0.034828,1244819,1244819,415283,33.3609,1920,1080,raygs,triangles,1,off,0,on,-4
1781754697235173734,5165.57,824.45,1.21293,1.14819,1.13539,0.030368,0.089344,0.01536,0.18944,0.81088,0.035342,1244819,1244819,415283,33.3609,1920,1080,raygs,triangles,1,off,0,on,-4
1781754697236429335,5166.82,825.694,1.2111,1.14774,1.1345,0.030656,0.089184,0.01536,0.188416,0.81088,0.039935,1244819,1244819,415283,33.3609,1920,1080,raygs,triangles,1,off,0,on,-4
1781754697237543631,5167.93,823.666,1.21408,1.14883,1.13667,0.030464,0.089472,0.016384,0.18944,0.810912,0.03687,1244819,1244819,415283,33.3609,1920,1080,raygs,triangles,1,off,0,on,-4
1781754697238908775,5169.3,824.93,1.21222,1.33702,1.32362,0.029728,0.089664,0.01536,0.377856,0.811008,0.036506,1244819,1244819,415283,33.3609,1920,1080,raygs,triangles,1,off,0,on,-4
1781754697240273616,5170.66,822.317,1.21608,1.31872,1.21974,0.029888,0.172832,0.01536,0.191744,0.80992,0.040058,1244819,1244819,415283,33.3609,1920,1080,raygs,triangles,1,off,0,on,-4
1781754697241431699,5171.82,821.064,1.21793,1.14669,1.13229,0.029856,0.089696,0.01536,0.187392,0.809984,0.036766,1244819,1244819,415283,33.3609,1920,1080,raygs,triangles,1,off,0,on,-4
1781754697242596668,5172.99,821.24,1.21767,1.14851,1.13638,0.03088,0.089696,0.016384,0.18944,0.809984,0.036116,1244819,1244819,415283,33.3609,1920,1080,raygs,triangles,1,off,0,on,-4
1781754697243762573,5174.15,820.958,1.21809,1.14678,1.13254,0.029888,0.088576,0.01568,0.187392,0.811008,0.03555,1244819,1244819,415283,33.3609,1920,1080,raygs,triangles,1,off,0,on,-4
1781754697244940611,5175.33,821.106,1.21787,1.14787,1.13373,0.030144,0.0888,0.01536,0.18944,0.809984,0.036652,1244819,1244819,415283,33.3609,1920,1080,raygs,triangles,1,off,0,on,-4
1781754697246297455,5176.69,824.38,1.21303,1.14842,1.13619,0.030592,0.088768,0.016384,0.18944,0.811008,0.040204,1244819,1244819,415283,33.3609,1920,1080,raygs,triangles,1,off,0,on,-4
1781754697247399759,5177.79,823.437,1.21442,1.14832,1.13517,0.031008,0.089472,0.01536,0.188416,0.810912,0.035119,1244819,1244819,415283,33.3609,1920,1080,raygs,triangles,1,off,0,on,-4
1781754697248573140,5178.96,824.001,1.21359,1.14906,1.13699,0.030624,0.089536,0.016384,0.18944,0.811008,0.036228,1244819,1244819,415283,33.3609,1920,1080,raygs,triangles,1,off,0,on,-4
1781754697249746532,5180.14,824.547,1.21279,1.14851,1.13558,0.03056,0.089056,0.01536,0.189888,0.81072,0.03448,1244819,1244819,415283,33.3609,1920,1080,raygs,triangles,1,off,0,on,-4
1781754697250945694,5181.34,823.997,1.2136,1.14685,1.13533,0.030528,0.089408,0.016384,0.188416,0.810592,0.039922,1244819,1244819,415283,33.3609,1920,1080,raygs,triangles,1,off,0,on,-4
1781754697252105624,5182.5,823.544,1.21426,1.14701,1.13552,0.030208,0.089888,0.016384,0.188416,0.810624,0.037482,1244819,1244819,415283,33.3609,1920,1080,raygs,triangles,1,off,0,on,-4
1781754697253276992,5183.67,825.604,1.21123,1.14912,1.1377,0.03024,0.0896,0.016384,0.190464,0.811008,0.035816,1244819,1244819,415283,33.3609,1920,1080,raygs,triangles,1,off,0,on,-4
1781754697254667358,5185.06,825.563,1.21129,1.34355,1.33152,0.030112,0.089472,0.015744,0.384288,0.811904,0.037175,1244819,1244819,415283,33.3609,1920,1080,raygs,triangles,1,off,0,on,-4
1781754697255980699,5186.37,822.946,1.21515,1.31171,1.2992,0.029888,0.253504,0.01536,0.18944,0.811008,0.035544,1244819,1244819,415283,33.3609,1920,1080,raygs,triangles,1,off,0,on,-4
1781754697257120404,5187.51,821.636,1.21708,1.14746,1.13424,0.030656,0.0888,0.016384,0.188416,0.809984,0.033905,1244819,1244819,415283,33.3609,1920,1080,raygs,triangles,1,off,0,on,-4
1781754697258257678,5188.65,821.999,1.21655,1.14758,1.13549,0.030272,0.089408,0.016384,0.188416,0.811008,0.028996,1244819,1244819,415283,33.3609,1920,1080,raygs,triangles,1,off,0,on,-4
1781754697259398705,5189.79,822.624,1.21562,1.148,1.13651,0.030176,0.089408,0.01648,0.18944,0.811008,0.024659,1244819,1244819,415283,33.3609,1920,1080,raygs,triangles,1,off,0,on,-4
1781754697260567075,5190.96,823.013,1.21505,1.14739,1.13533,0.030528,0.089408,0.016384,0.188416,0.810592,0.030239,1244819,1244819,415283,33.3609,1920,1080,raygs,triangles,1,off,0,on,-4
1781754697261733814,5192.13,824.871,1.21231,1.14717,1.13402,0.0304,0.088832,0.016384,0.188416,0.809984,0.028562,1244819,1244819,415283,33.3609,1920,1080,raygs,triangles,1,off,0,on,-4
1781754697263013282,5193.4,826.812,1.20946,1.148,1.1353,0.03008,0.088928,0.01568,0.188672,0.811936,0.021832,1244819,1244819,415283,33.3609,1920,1080,raygs,triangles,1,off,0,on,-4
1781754697264190091,5194.58,825.553,1.21131,1.14896,1.13648,0.031136,0.0896,0.016384,0.188416,0.810944,0.02673,1244819,1244819,415283,33.3609,1920,1080,raygs,triangles,1,off,0,on,-4
1781754697265412460,5195.8,825.662,1.21115,1.14755,1.13539,0.03024,0.089344,0.016384,0.188416,0.811008,0.039587,1244819,1244819,415283,33.3609,1920,1080,raygs,triangles,1,off,0,on,-4
1781754697266539109,5196.93,825.572,1.21128,1.14982,1.13734,0.029952,0.08976,0.016384,0.190464,0.810784,0.017493,1244819,1244819,415283,33.3609,1920,1080,raygs,triangles,1,off,0,on,-4
1781754697267734638,5198.13,825.402,1.21153,1.14749,1.1367,0.030624,0.090144,0.016384,0.188704,0.810848,0.038927,1244819,1244819,415283,33.3609,1920,1080,raygs,triangles,1,off,0,on,-4
1781754697268886145,5199.28,825.27,1.21172,1.14621,1.13338,0.029376,0.089216,0.016384,0.188416,0.809984,0.019222,1244819,1244819,415283,33.3609,1920,1080,raygs,triangles,1,off,0,on,-4
1781754697270071270,5200.46,826.866,1.20939,1.1495,1.13642,0.030176,0.08944,0.016384,0.18944,0.810976,0.03347,1244819,1244819,415283,33.3609,1920,1080,raygs,triangles,1,off,0,on,-4
1781754697271421179,5201.81,827.015,1.20917,1.33971,1.32768,0.030272,0.089088,0.016384,0.380928,0.811008,0.021126,1244819,1244819,415283,33.3609,1920,1080,raygs,triangles,1,off,0,on,-4
1781754697272780999,5203.17,824.631,1.21266,1.31424,1.30253,0.030496,0.256064,0.01552,0.18944,0.811008,0.035586,1244819,1244819,415283,33.3609,1920,1080,raygs,triangles,1,off,0,on,-4
1781754697273933635,5204.32,822.728,1.21547,1.14845,1.13542,0.030496,0.089728,0.016096,0.188416,0.810688,0.020424,1244819,1244819,415283,33.3609,1920,1080,raygs,triangles,1,off,0,on,-4
1781754697275125628,5205.52,824.658,1.21262,1.14765,1.1361,0.029792,0.08976,0.016384,0.18944,0.81072,0.034665,1244819,1244819,415283,33.3609,1920,1080,raygs,triangles,1,off,0,on,-4
1781754697276286969,5206.68,824.75,1.21249,1.14749,1.1359,0.029632,0.089472,0.016384,0.18944,0.810976,0.021649,1244819,1244819,415283,33.3609,1920,1080,raygs,triangles,1,off,0,on,-4
1781754697277493422,5207.88,826.185,1.21038,1.17011,1.15699,0.030432,0.089248,0.01536,0.211968,0.809984,0.035384,1244819,1244819,415283,33.3609,1920,1080,raygs,triangles,1,off,0,on,-4
1781754697278659719,5209.05,828.139,1.20753,1.14701,1.13446,0.030176,0.089824,0.016384,0.187392,0.810688,0.022034,1244819,1244819,415283,33.3609,1920,1080,raygs,triangles,1,off,0,on,-4
1781754697279944442,5210.34,827.981,1.20776,1.14813,1.13462,0.03024,0.0896,0.016384,0.188416,0.809984,0.026776,1244819,1244819,415283,33.3609,1920,1080,raygs,triangles,1,off,0,on,-4
1781754697281125433,5211.52,827,1.20919,1.14976,1.13667,0.031296,0.089824,0.016128,0.18944,0.809984,0.028156,1244819,1244819,415283,33.3609,1920,1080,raygs,triangles,1,off,0,on,-4
1781754697282345268,5212.74,826.526,1.20988,1.14851,1.13642,0.030656,0.089184,0.016384,0.18944,0.810752,0.03992,1244819,1244819,415283,33.3609,1920,1080,raygs,triangles,1,off,0,on,-4
1781754697283455467,5213.85,826.455,1.20999,1.14554,1.13162,0.029728,0.089152,0.01536,0.187392,0.809984,0.016909,1244819,1244819,415283,33.3609,1920,1080,raygs,triangles,1,off,0,on,-4
1781754697284674097,5215.07,826.812,1.20947,1.14755,1.13645,0.03024,0.089312,0.016384,0.189504,0.811008,0.041415,1244819,1244819,415283,33.3609,1920,1080,raygs,triangles,1,off,0,on,-4
1781754697285829792,5216.22,826.192,1.21037,1.1473,1.13309,0.029472,0.089856,0.01536,0.188416,0.809984,0.02714,1244819,1244819,415283,33.3609,1920,1080,raygs,triangles,1,off,0,on,-4
1781754697286982650,5217.37,828.447,1.20708,1.14938,1.13667,0.030496,0.089632,0.016384,0.18944,0.81072,0.021724,1244819,1244819,415283,33.3609,1920,1080,raygs,triangles,1,off,0,on,-4
1781754697288355921,5218.75,827.911,1.20786,1.33949,1.32566,0.030592,0.08992,0.01536,0.37888,0.810912,0.028355,1244819,1244819,415283,33.3609,1920,1080,raygs,triangles,1,off,0,on,-4
1781754697289683722,5220.08,826.12,1.21048,1.30298,1.28982,0.030528,0.242464,0.01536,0.191488,0.809984,0.027482,1244819,1244819,415283,33.3609,1920,1080,raygs,triangles,1,off,0,on,-4
1781754697290854205,5221.25,824.408,1.21299,1.14717,1.13376,0.03136,0.089568,0.01536,0.18656,0.810912,0.026829,1244819,1244819,415283,33.3609,1920,1080,raygs,triangles,1,off,0,on,-4
1781754697292025350,5222.42,824.722,1.21253,1.14717,1.13418,0.030304,0.089088,0.016384,0.188416,0.809984,0.026209,1244819,1244819,415283,33.3609,1920,1080,raygs,triangles,1,off,0,on,-4
1781754697293330408,5223.72,824.129,1.2134,1.14701,1.13376,0.030144,0.088736,0.015456,0.188416,0.811008,0.042422,1244819,1244819,415283,33.3609,1920,1080,raygs,triangles,1,off,0,on,-4
1781754697294558181,5224.95,822.938,1.21516,1.14573,1.13392,0.030528,0.089504,0.016384,0.1856,0.811904,0.028754,1244819,1244819,415283,33.3609,1920,1080,raygs,triangles,1,off,0,on,-4
1781754697295779284,5226.17,823.495,1.21434,1.1487,1.13555,0.031328,0.088416,0.016384,0.18944,0.809984,0.016771,1244819,1244819,415283,33.3609,1920,1080,raygs,triangles,1,off,0,on,-4
1781754697297266591,5227.66,824.501,1.21285,1.14909,1.13616,0.031264,0.08928,0.016192,0.18944,0.809984,0.050821,1244819,1244819,415283,33.3609,1920,1080,raygs,triangles,1,off,0,on,-4
1781754697298352281,5228.74,822.109,1.21638,1.14771,1.13549,0.030976,0.089728,0.016384,0.188416,0.809984,0.032086,1244819,1244819,415283,33.3609,1920,1080,raygs,triangles,1,off,0,on,-4
1781754697299420717,5229.81,826.74,1.20957,1.14819,1.13347,0.029344,0.089312,0.01568,0.188416,0.81072,0.017213,1244819,1244819,415283,33.3609,1920,1080,raygs,triangles,1,off,0,on,-4
1781754697300589626,5230.98,827.157,1.20896,1.14656,1.13354,0.030688,0.089088,0.016384,0.187392,0.809984,0.027922,1244819,1244819,415283,33.3609,1920,1080,raygs,triangles,1,off,0,on,-4
1781754697301757653,5232.15,827.165,1.20895,1.14582,1.13354,0.030048,0.089728,0.016384,0.187392,0.809984,0.02757,1244819,1244819,415283,33.3609,1920,1080,raygs,triangles,1,off,0,on,-4
1781754697302941976,5233.33,828.917,1.20639,1.14794,1.13594,0.03056,0.089568,0.016384,0.18944,0.809984,0.027561,1244819,1244819,415283,33.3609,1920,1080,raygs,triangles,1,off,0,on,-4
1781754697304113160,5234.5,828.404,1.20714,1.14915,1.13837,0.030304,0.0896,0.016384,0.190464,0.811616,0.025803,1244819,1244819,415283,33.3609,1920,1080,raygs,triangles,1,off,0,on,-4
1781754697305460207,5235.85,828.341,1.20723,1.3369,1.3232,0.0304,0.08912,0.016128,0.376832,0.81072,0.025533,1244819,1244819,415283,33.3609,1920,1080,raygs,triangles,1,off,0,on,-4
1781754697306801242,5237.19,826.352,1.21014,1.32141,1.13533,0.030528,0.088992,0.01536,0.18944,0.811008,0.024398,1244819,1244819,415283,33.3609,1920,1080,raygs,triangles,1,off,0,on,-4
1781754697307974057,5238.37,824.553,1.21278,1.14915,1.13594,0.03232,0.08912,0.016096,0.187392,0.811008,0.024133,1244819,1244819,415283,33.3609,1920,1080,raygs,triangles,1,off,0,on,-4
1781754697309147575,5239.54,824.64,1.21265,1.14595,1.13386,0.0304,0.089696,0.016384,0.187392,0.809984,0.02538,1244819,1244819,415283,33.3609,1920,1080,raygs,triangles,1,off,0,on,-4
1781754697310324798,5240.72,826.174,1.2104,1.14707,1.13402,0.0304,0.088832,0.01536,0.188416,0.811008,0.02404,1244819,1244819,415283,33.3609,1920,1080,raygs,triangles,1,off,0,on,-4
1781754697311493980,5241.89,824.891,1.21228,1.14819,1.13587,0.030368,0.089024,0.016384,0.18944,0.810656,0.023883,1244819,1244819,415283,33.3609,1920,1080,raygs,triangles,1,off,0,on,-4
1781754697312861381,5243.25,827.483,1.20848,1.1455,1.13491,0.029728,0.089696,0.016384,0.188416,0.810688,0.056659,1244819,1244819,415283,33.3609,1920,1080,raygs,triangles,1,off,0,on,-4
1781754697313978759,5244.37,826.89,1.20935,1.1488,1.13782,0.0312,0.089792,0.016384,0.18944,0.811008,0.016461,1244819,1244819,415283,33.3609,1920,1080,raygs,triangles,1,off,0,on,-4
1781754697315152880,5245.54,827.196,1.2089,1.14755,1.13507,0.030112,0.088512,0.016384,0.18944,0.810624,0.026262,1244819,1244819,415283,33.3609,1920,1080,raygs,triangles,1,off,0,on,-4
1781754697316326382,5246.72,827.041,1.20913,1.14726,1.13526,0.030432,0.090048,0.016384,0.188416,0.809984,0.025748,1244819,1244819,415283,33.3609,1920,1080,raygs,triangles,1,off,0,on,-4
1781754697317500871,5247.89,827.037,1.20914,1.14726,1.13645,0.030432,0.089184,0.016384,0.188416,0.812032,0.02682,1244819,1244819,415283,33.3609,1920,1080,raygs,triangles,1,off,0,on,-4
1781754697318671867,5249.06,827.134,1.20899,1.14842,1.13424,0.03056,0.088896,0.01536,0.18944,0.809984,0.026214,1244819,1244819,415283,33.3609,1920,1080,raygs,triangles,1,off,0,on,-4
1781754697319834314,5250.23,829.383,1.20572,1.14848,1.13533,0.030656,0.088992,0.015584,0.18944,0.810656,0.02538,1244819,1244819,415283,33.3609,1920,1080,raygs,triangles,1,off,0,on,-4
1781754697321254324,5251.65,828.559,1.20691,1.38803,1.37472,0.03056,0.089952,0.016384,0.428032,0.809792,0.026727,1244819,1244819,415283,33.3609,1920,1080,raygs,triangles,1,off,0,on,-4
1781754697322575207,5252.97,825.686,1.21111,1.28736,1.27296,0.03024,0.08928,0.015616,0.326976,0.810848,0.027119,1244819,1244819,415283,33.3609,1920,1080,raygs,triangles,1,off,0,on,-4
1781754697323737828,5254.13,824.027,1.21355,1.14749,1.13354,0.029632,0.090336,0.01536,0.186368,0.81184,0.02529,1244819,1244819,415283,33.3609,1920,1080,raygs,triangles,1,off,0,on,-4
1781754697324904736,5255.3,824.521,1.21282,1.1465,1.1344,0.0304,0.089216,0.016384,0.187392,0.811008,0.025233,1244819,1244819,415283,33.3609,1920,1080,raygs,triangles,1,off,0,on,-4
1781754697326151802,5256.54,824.412,1.21299,1.14749,1.13478,0.030304,0.089344,0.016096,0.188416,0.810624,0.068615,1244819,1244819,415283,33.3609,1920,1080,raygs,triangles,1,off,0,on,-4
1781754697327248435,5257.64,823.673,1.21407,1.1465,1.13402,0.029696,0.089824,0.016384,0.187392,0.81072,0.015013,1244819,1244819,415283,33.3609,1920,1080,raygs,triangles,1,off,0,on,-4
1781754697328434210,5258.83,826.767,1.20953,1.14842,1.13469,0.029568,0.089312,0.016384,0.188416,0.811008,0.025643,1244819,1244819,415283,33.3609,1920,1080,raygs,triangles,1,off,0,on,-4
1781754697329720788,5260.11,828.268,1.20734,1.14883,1.13494,0.029984,0.089152,0.01536,0.190464,0.809984,0.026759,1244819,1244819,415283,33.3609,1920,1080,raygs,triangles,1,off,0,on,-4
1781754697330880930,5261.27,826.134,1.21046,1.14832,1.13619,0.031008,0.089568,0.016192,0.188416,0.811008,0.024177,1244819,1244819,415283,33.3609,1920,1080,raygs,triangles,1,off,0,on,-4
1781754697332064951,5262.46,825.996,1.21066,1.15088,1.13728,0.029952,0.088448,0.016384,0.191488,0.811008,0.026332,1244819,1244819,415283,33.3609,1920,1080,raygs,triangles,1,off,0,on,-4
1781754697333241548,5263.63,825.652,1.21116,1.14717,1.13411,0.030592,0.088672,0.01536,0.188736,0.810752,0.024834,1244819,1244819,415283,33.3609,1920,1080,raygs,triangles,1,off,0,on,-4
1781754697334417109,5264.81,825.653,1.21116,1.14781,1.1337,0.030144,0.088768,0.01536,0.188416,0.811008,0.025382,1244819,1244819,415283,33.3609,1920,1080,raygs,triangles,1,off,0,on,-4
1781754697335588679,5265.98,825.533,1.21134,1.14902,1.13795,0.030176,0.08992,0.016384,0.190464,0.811008,0.024942,1244819,1244819,415283,33.3609,1920,1080,raygs,triangles,1,off,0,on,-4
1781754697336767781,5267.16,826.888,1.20935,1.1472,1.13478,0.030368,0.089344,0.015488,0.188704,0.81088,0.026562,1244819,1244819,415283,33.3609,1920,1080,raygs,triangles,1,off,0,on,-4
1781754697338146277,5268.54,826.627,1.20974,1.36781,1.35437,0.029792,0.088608,0.016384,0.4096,0.809984,0.025503,1244819,1244819,415283,33.3609,1920,1080,raygs,triangles,1,off,0,on,-4
1781754697339458859,5269.85,824.8,1.21241,1.28627,1.27411,0.030528,0.0896,0.016288,0.326688,0.811008,0.025747,1244819,1244819,415283,33.3609,1920,1080,raygs,triangles,1,off,0,on,-4
1781754697340636697,5271.03,822.809,1.21535,1.14954,1.13587,0.029632,0.090368,0.016384,0.1888,0.810688,0.025661,1244819,1244819,415283,33.3609,1920,1080,raygs,triangles,1,off,0,on,-4
1781754697341807785,5272.2,823.074,1.21496,1.14822,1.13629,0.030016,0.089344,0.016384,0.189856,0.810688,0.029079,1244819,1244819,415283,33.3609,1920,1080,raygs,triangles,1,off,0,on,-4
1781754697342979855,5273.37,822.904,1.21521,1.14746,1.13488,0.029632,0.08944,0.016384,0.188416,0.811008,0.024959,1244819,1244819,415283,33.3609,1920,1080,raygs,triangles,1,off,0,on,-4
1781754697344411893,5274.8,822.741,1.21545,1.17082,1.15683,0.030432,0.088992,0.01536,0.211424,0.810624,0.058393,1244819,1244819,415283,33.3609,1920,1080,raygs,triangles,1,off,0,on,-4
1781754697345521656,5275.91,821.737,1.21693,1.14701,1.13488,0.030176,0.08992,0.016384,0.188416,0.809984,0.038578,1244819,1244819,415283,33.3609,1920,1080,raygs,triangles,1,off,0,on,-4
1781754697346787721,5277.18,824.548,1.21279,1.14778,1.13434,0.02992,0.08896,0.01536,0.18944,0.810656,0.038099,1244819,1244819,415283,33.3609,1920,1080,raygs,triangles,1,off,0,on,-4
1781754697347948158,5278.34,823.422,1.21444,1.15139,1.13715,0.03152,0.088992,0.01536,0.190464,0.810816,0.036704,1244819,1244819,415283,33.3609,1920,1080,raygs,triangles,1,off,0,on,-4
1781754697349119817,5279.51,823.683,1.21406,1.14614,1.13315,0.030304,0.08896,0.01536,0.187648,0.81088,0.036342,1244819,1244819,415283,33.3609,1920,1080,raygs,triangles,1,off,0,on,-4
1781754697350311762,5280.7,823.623,1.21415,1.14762,1.13427,0.030208,0.089408,0.01536,0.188416,0.81088,0.038206,1244819,1244819,415283,33.3609,1920,1080,raygs,triangles,1,off,0,on,-4
1781754697351500840,5281.89,823.695,1.21404,1.14819,1.13542,0.029312,0.08928,0.016384,0.18944,0.811008,0.03892,1244819,1244819,415283,33.3609,1920,1080,raygs,triangles,1,off,0,on,-4
1781754697352641808,5283.03,823.555,1.21425,1.14912,1.13814,0.030656,0.089632,0.016384,0.190464,0.811008,0.036281,1244819,1244819,415283,33.3609,1920,1080,raygs,triangles,1,off,0,on,-4
1781754697353810732,5284.2,825.245,1.21176,1.14832,1.13504,0.030496,0.08896,0.015584,0.18944,0.81056,0.035847,1244819,1244819,415283,33.3609,1920,1080,raygs,triangles,1,off,0,on,-4
1781754697355204069,5285.6,825.335,1.21163,1.34,1.32739,0.030656,0.08928,0.016544,0.380928,0.809984,0.044302,1244819,1244819,415283,33.3609,1920,1080,raygs,triangles,1,off,0,on,-4
1781754697356551825,5286.94,823.21,1.21476,1.30179,1.28874,0.030304,0.243456,0.015552,0.18944,0.809984,0.040702,1244819,1244819,415283,33.3609,1920,1080,raygs,triangles,1,off,0,on,-4
1781754697357713866,5288.11,820.698,1.21848,1.14902,1.1359,0.031168,0.08896,0.016384,0.188416,0.810976,0.040078,1244819,1244819,415283,33.3609,1920,1080,raygs,triangles,1,off,0,on,-4
1781754697358876668,5289.27,821.241,1.21767,1.14678,1.1353,0.029952,0.089792,0.016384,0.188416,0.810752,0.038508,1244819,1244819,415283,33.3609,1920,1080,raygs,triangles,1,off,0,on,-4
1781754697360042489,5290.43,821.165,1.21778,1.14707,1.13402,0.030464,0.088768,0.01536,0.188416,0.811008,0.039227,1244819,1244819,415283,33.3609,1920,1080,raygs,triangles,1,off,0,on,-4
1781754697361212378,5291.6,821.193,1.21774,1.14701,1.13386,0.030496,0.0896,0.01536,0.187392,0.811008,0.051494,1244819,1244819,415283,33.3609,1920,1080,raygs,triangles,1,off,0,on,-4
1781754697362418442,5292.81,823.118,1.21489,1.14803,1.136,0.030656,0.089472,0.016384,0.189504,0.809984,0.040043,1244819,1244819,415283,33.3609,1920,1080,raygs,triangles,1,off,0,on,-4
1781754697363743373,5294.13,823.059,1.21498,1.14733,1.1351,0.030496,0.0888,0.016384,0.188416,0.811008,0.04449,1244819,1244819,415283,33.3609,1920,1080,raygs,triangles,1,off,0,on,-4
1781754697364968706,5295.36,822.975,1.2151,1.14966,1.13843,0.030816,0.089728,0.016384,0.190688,0.810816,0.036119,1244819,1244819,415283,33.3609,1920,1080,raygs,triangles,1,off,0,on,-4
1781754697366132228,5296.52,822.419,1.21593,1.14864,1.13757,0.03184,0.089024,0.016384,0.18944,0.81088,0.036634,1244819,1244819,415283,33.3609,1920,1080,raygs,triangles,1,off,0,on,-4
1781754697367305163,5297.7,823.984,1.21362,1.14954,1.13642,0.030208,0.08944,0.016352,0.18944,0.810976,0.036325,1244819,1244819,415283,33.3609,1920,1080,raygs,triangles,1,off,0,on,-4
1781754697368473811,5298.87,824.521,1.21282,1.1489,1.13661,0.030048,0.089696,0.016384,0.189472,0.811008,0.034874,1244819,1244819,415283,33.3609,1920,1080,raygs,triangles,1,off,0,on,-4
1781754697369643948,5300.04,826.022,1.21062,1.14787,1.13446,0.030048,0.088608,0.016384,0.18944,0.809984,0.034205,1244819,1244819,415283,33.3609,1920,1080,raygs,triangles,1,off,0,on,-4
1781754697370819039,5301.21,829.007,1.20626,1.14864,1.13594,0.029664,0.08944,0.016384,0.190464,0.809984,0.03405,1244819,1244819,415283,33.3609,1920,1080,raygs,triangles,1,off,0,on,-4
1781754697372136186,5302.53,827.798,1.20802,1.14525,1.13478,0.030112,0.089216,0.016384,0.188416,0.810656,0.034892,1244819,1244819,415283,33.3609,1920,1080,raygs,triangles,1,off,0,on,-4
1781754697373491287,5303.88,824.815,1.21239,1.14797,1.13478,0.031264,0.089792,0.016384,0.186752,0.810592,0.034525,1244819,1244819,415283,33.3609,1920,1080,raygs,triangles,1,off,0,on,-4
1781754697374665710,5305.06,822.724,1.21548,1.15158,1.13795,0.034752,0.088832,0.016384,0.187392,0.810592,0.034379,1244819,1244819,415283,33.3609,1920,1080,raygs,triangles,1,off,0,on,-4
1781754697375837120,5306.23,822.671,1.21555,1.14685,1.13555,0.030048,0.089856,0.016384,0.187392,0.811872,0.034072,1244819,1244819,415283,33.3609,1920,1080,raygs,triangles,1,off,0,on,-4
1781754697377010273,5307.4,822.83,1.21532,1.14717,1.13469,0.030368,0.089152,0.01616,0.188416,0.810592,0.033854,1244819,1244819,415283,33.3609,1920,1080,raygs,triangles,1,off,0,on,-4
1781754697378142071,5308.53,822.788,1.21538,1.14646,1.13382,0.029632,0.089664,0.016128,0.187392,0.811008,0.034797,1244819,1244819,415283,33.3609,1920,1080,raygs,triangles,1,off,0,on,-4
1781754697379250396,5309.64,825.425,1.2115,1.14851,1.13728,0.030656,0.089792,0.016384,0.18944,0.811008,0.017507,1244819,1244819,415283,33.3609,1920,1080,raygs,triangles,1,off,0,on,-4
1781754697380533571,5310.92,828.083,1.20761,1.14749,1.13462,0.0296,0.08928,0.016384,0.188416,0.810944,0.026531,1244819,1244819,415283,33.3609,1920,1080,raygs,triangles,1,off,0,on,-4
1781754697381701619,5312.09,826.822,1.20945,1.14832,1.13555,0.030496,0.08944,0.016384,0.188416,0.810816,0.025763,1244819,1244819,415283,33.3609,1920,1080,raygs,triangles,1,off,0,on,-4
1781754697382872596,5313.26,826.974,1.20923,1.14906,1.13712,0.030208,0.090016,0.016352,0.189536,0.811008,0.025093,1244819,1244819,415283,33.3609,1920,1080,raygs,triangles,1,off,0,on,-4
1781754697384042550,5314.43,827.027,1.20915,1.14701,1.13446,0.030176,0.089504,0.01536,0.188416,0.811008,0.024291,1244819,1244819,415283,33.3609,1920,1080,raygs,triangles,1,off,0,on,-4
1781754697385224524,5315.62,827.071,1.20909,1.14592,1.13155,0.030112,0.088704,0.01536,0.187392,0.809984,0.026634,1244819,1244819,415283,33.3609,1920,1080,raygs,triangles,1,off,0,on,-4
1781754697386395570,5316.79,829.248,1.20591,1.14746,1.13533,0.030656,0.089888,0.016256,0.187616,0.810912,0.02406,1244819,1244819,415283,33.3609,1920,1080,raygs,triangles,1,off,0,on,-4
1781754697387761608,5318.15,828.733,1.20666,1.15142,1.14032,0.030496,0.08992,0.016384,0.192512,0.811008,0.02454,1244819,1244819,415283,33.3609,1920,1080,raygs,triangles,1,off,0,on,-4
1781754697389061325,5319.45,826.612,1.20976,1.15242,1.14022,0.036096,0.090464,0.016288,0.186368,0.811008,0.023709,1244819,1244819,415283,33.3609,1920,1080,raygs,triangles,1,off,0,on,-4
1781754697390246047,5320.64,825.095,1.21198,1.1495,1.13642,0.03168,0.088928,0.01536,0.18944,0.811008,0.028768,1244819,1244819,415283,33.3609,1920,1080,raygs,triangles,1,off,0,on,-4
1781754697391415116,5321.81,824.916,1.21224,1.14797,1.13645,0.030144,0.089344,0.016384,0.189568,0.811008,0.024252,1244819,1244819,415283,33.3609,1920,1080,raygs,triangles,1,off,0,on,-4
1781754697392584069,5322.98,824.936,1.21222,1.14864,1.13549,0.029792,0.089824,0.016288,0.188576,0.811008,0.023505,1244819,1244819,415283,33.3609,1920,1080,raygs,triangles,1,off,0,on,-4
1781754697393756469,5324.15,824.869,1.21231,1.14771,1.1367,0.0304,0.089472,0.016384,0.18944,0.811008,0.023834,1244819,1244819,415283,33.3609,1920,1080,raygs,triangles,1,off,0,on,-4
1781754697394927786,5325.32,827.756,1.20809,1.1481,1.13565,0.03024,0.08992,0.016384,0.188416,0.810688,0.023745,1244819,1244819,415283,33.3609,1920,1080,raygs,triangles,1,off,0,on,-4
1781754697396110807,5326.5,829.443,1.20563,1.14906,1.13626,0.030528,0.08976,0.016384,0.188832,0.810752,0.025816,1244819,1244819,415283,33.3609,1920,1080,raygs,triangles,1,off,0,on,-4
1781754697397612506,5328,828.282,1.20732,1.27795,1.26541,0.03008,0.089472,0.016384,0.319488,0.809984,0.055521,1244819,1244819,415283,33.3609,1920,1080,raygs,triangles,1,off,0,on,-4
1781754697398733918,5329.13,824.93,1.21222,1.14669,1.13299,0.029856,0.0896,0.01536,0.187392,0.810784,0.038447,1244819,1244819,415283,33.3609,1920,1080,raygs,triangles,1,off,0,on,-4
1781754697399901723,5330.29,826.312,1.2102,1.14669,1.13405,0.029888,0.089536,0.016384,0.187392,0.810848,0.036608,1244819,1244819,415283,33.3609,1920,1080,raygs,triangles,1,off,0,on,-4
1781754697401072608,5331.46,825.789,1.21096,1.1505,1.1384,0.030592,0.089952,0.016384,0.190464,0.811008,0.032395,1244819,1244819,415283,33.3609,1920,1080,raygs,triangles,1,off,0,on,-4
1781754697402133569,5332.52,826.033,1.21061,1.14819,1.13718,0.030336,0.090016,0.016384,0.18944,0.811008,0.016687,1244819,1244819,415283,33.3609,1920,1080,raygs,triangles,1,off,0,on,-4
1781754697403369701,5333.76,829.052,1.2062,1.14717,1.13632,0.030336,0.090048,0.016384,0.188608,0.810944,0.039627,1244819,1244819,415283,33.3609,1920,1080,raygs,triangles,1,off,0,on,-4
1781754697404621240,5335.01,827.926,1.20784,1.14758,1.13501,0.030752,0.089024,0.016256,0.187392,0.811584,0.01712,1244819,1244819,415283,33.3609,1920,1080,raygs,triangles,1,off,0,on,-4
1781754697405988222,5336.38,827.049,1.20912,1.148,1.13498,0.031808,0.09008,0.015712,0.187392,0.809984,0.026749,1244819,1244819,415283,33.3609,1920,1080,raygs,triangles,1,off,0,on,-4
1781754697407156075,5337.55,824.728,1.21252,1.15104,1.13686,0.035232,0.089152,0.016384,0.185344,0.810752,0.025811,1244819,1244819,415283,33.3609,1920,1080,raygs,triangles,1,off,0,on,-4
1781754697408331178,5338.72,824.888,1.21229,1.14598,1.132,0.030208,0.088992,0.015424,0.187392,0.809984,0.026593,1244819,1244819,415283,33.3609,1920,1080,raygs,triangles,1,off,0,on,-4
1781754697409558646,5339.95,824.81,1.2124,1.14685,1.13274,0.030016,0.088832,0.015488,0.188416,0.809984,0.051165,1244819,1244819,415283,33.3609,1920,1080,raygs,triangles,1,off,0,on,-4
1781754697410657616,5341.05,824.518,1.21283,1.14678,1.13402,0.030144,0.088992,0.01536,0.187808,0.811712,0.014885,1244819,1244819,415283,33.3609,1920,1080,raygs,triangles,1,off,0,on,-4
1781754697411896590,5342.29,827.528,1.20842,1.14765,1.13443,0.029792,0.088832,0.016384,0.18944,0.809984,0.065286,1244819,1244819,415283,33.3609,1920,1080,raygs,triangles,1,off,0,on,-4
1781754697413285896,5343.68,828.583,1.20688,1.14944,1.13645,0.03056,0.088992,0.016384,0.189664,0.810848,0.038809,1244819,1244819,415283,33.3609,1920,1080,raygs,triangles,1,off,0,on,-4
1781754697414431854,5344.82,825.632,1.21119,1.14934,1.13664,0.030912,0.089504,0.01616,0.18944,0.810624,0.035154,1244819,1244819,415283,33.3609,1920,1080,raygs,triangles,1,off,0,on,-4
1781754697415627420,5346.02,826.039,1.2106,1.14896,1.13587,0.030976,0.089088,0.01536,0.18944,0.811008,0.037813,1244819,1244819,415283,33.3609,1920,1080,raygs,triangles,1,off,0,on,-4
1781754697416807826,5347.2,825.874,1.21084,1.14819,1.13475,0.030304,0.08864,0.016384,0.18944,0.809984,0.036936,1244819,1244819,415283,33.3609,1920,1080,raygs,triangles,1,off,0,on,-4
1781754697417959233,5348.35,828.986,1.20629,1.14691,1.1343,0.030112,0.089472,0.016224,0.187552,0.810944,0.035631,1244819,1244819,415283,33.3609,1920,1080,raygs,triangles,1,off,0,on,-4
1781754697419130919,5349.52,828.379,1.20718,1.14803,1.13578,0.030208,0.089696,0.016384,0.18848,0.811008,0.035489,1244819,1244819,415283,33.3609,1920,1080,raygs,triangles,1,off,0,on,-4
1781754697420316610,5350.71,829.417,1.20567,1.14739,1.13309,0.029568,0.089696,0.01536,0.187872,0.810592,0.03537,1244819,1244819,415283,33.3609,1920,1080,raygs,triangles,1,off,0,on,-4
1781754697421717671,5352.11,829.097,1.20613,1.33456,1.32141,0.030368,0.088992,0.016256,0.375808,0.809984,0.043134,1244819,1244819,415283,33.3609,1920,1080,raygs,triangles,1,off,0,on,-4
1781754697423037031,5353.43,826.375,1.2101,1.32006,1.13654,0.030176,0.089472,0.01536,0.190528,0.811008,0.037303,1244819,1244819,415283,33.3609,1920,1080,raygs,triangles,1,off,0,on,-4
1781754697424154300,5354.55,825.002,1.21212,1.14582,1.13418,0.031072,0.089344,0.016384,0.187392,0.809984,0.037732,1244819,1244819,415283,33.3609,1920,1080,raygs,triangles,1,off,0,on,-4
1781754697425236989,5355.63,826.039,1.2106,1.14698,1.13549,0.030176,0.089856,0.016384,0.188416,0.810656,0.017256,1244819,1244819,415283,33.3609,1920,1080,raygs,triangles,1,off,0,on,-4
1781754697426405860,5356.8,826.808,1.20947,1.14787,1.13443,0.030016,0.08976,0.016384,0.187392,0.81088,0.027043,1244819,1244819,415283,33.3609,1920,1080,raygs,triangles,1,off,0,on,-4
1781754697427640763,5358.03,826.833,1.20943,1.17123,1.15734,0.029856,0.089216,0.01632,0.211968,0.809984,0.04292,1244819,1244819,415283,33.3609,1920,1080,raygs,triangles,1,off,0,on,-4
1781754697428844694,5359.24,828.628,1.20681,1.14982,1.13568,0.030528,0.08928,0.01536,0.1896,0.810912,0.03341,1244819,1244819,415283,33.3609,1920,1080,raygs,triangles,1,off,0,on,-4
1781754697430062324,5360.45,830.295,1.20439,1.14787,1.13408,0.030016,0.089312,0.01536,0.188416,0.810976,0.015426,1244819,1244819,415283,33.3609,1920,1080,raygs,triangles,1,off,0,on,-4
1781754697431242963,5361.63,829.502,1.20554,1.1488,1.13798,0.031552,0.08944,0.016384,0.189824,0.810784,0.027779,1244819,1244819,415283,33.3609,1920,1080,raygs,triangles,1,off,0,on,-4
1781754697432441474,5362.83,829.277,1.20587,1.14803,1.13699,0.03024,0.08992,0.016384,0.18944,0.811008,0.046214,1244819,1244819,415283,33.3609,1920,1080,raygs,triangles,1,off,0,on,-4
1781754697433620311,5364.01,829.089,1.20614,1.14918,1.13795,0.030304,0.0888,0.016352,0.191488,0.811008,0.044986,1244819,1244819,415283,33.3609,1920,1080,raygs,triangles,1,off,0,on,-4
1781754697434755366,5365.15,829.216,1.20596,1.14797,1.13421,0.030048,0.089568,0.016192,0.188416,0.809984,0.018642,1244819,1244819,415283,33.3609,1920,1080,raygs,triangles,1,off,0,on,-4
1781754697436059431,5366.45,831.377,1.20282,1.14678,1.132,0.029952,0.089312,0.01536,0.187392,0.809984,0.026712,1244819,1244819,415283,33.3609,1920,1080,raygs,triangles,1,off,0,on,-4
1781754697437380340,5367.77,829.95,1.20489,1.14842,1.13613,0.031104,0.089376,0.016224,0.188416,0.811008,0.025456,1244819,1244819,415283,33.3609,1920,1080,raygs,triangles,1,off,0,on,-4
1781754697438724499,5369.12,828.898,1.20642,1.14634,1.13421,0.031584,0.089056,0.015616,0.187392,0.81056,0.024556,1244819,1244819,415283,33.3609,1920,1080,raygs,triangles,1,off,0,on,-4
1781754697439907306,5370.3,826.766,1.20953,1.15139,1.13805,0.034592,0.089632,0.016448,0.186368,0.811008,0.025236,1244819,1244819,415283,33.3609,1920,1080,raygs,triangles,1,off,0,on,-4
1781754697441079544,5371.47,826.588,1.20979,1.14717,1.13526,0.02992,0.089376,0.016384,0.188864,0.81072,0.028675,1244819,1244819,415283,33.3609,1920,1080,raygs,triangles,1,off,0,on,-4
1781754697442252023,5372.64,826.355,1.21013,1.14723,1.13434,0.030432,0.08912,0.016384,0.188416,0.809984,0.02446,1244819,1244819,415283,33.3609,1920,1080,raygs,triangles,1,off,0,on,-4
1781754697443423401,5373.81,826.626,1.20974,1.14819,1.1367,0.030336,0.08992,0.016384,0.18944,0.810624,0.026126,1244819,1244819,415283,33.3609,1920,1080,raygs,triangles,1,off,0,on,-4
1781754697444595721,5374.99,826.483,1.20995,1.14826,1.13667,0.0304,0.089472,0.016384,0.188512,0.811904,0.025219,1244819,1244819,415283,33.3609,1920,1080,raygs,triangles,1,off,0,on,-4
1781754697445778129,5376.17,828.277,1.20732,1.14835,1.1344,0.030496,0.08912,0.01536,0.18944,0.809984,0.027243,1244819,1244819,415283,33.3609,1920,1080,raygs,triangles,1,off,0,on,-4
1781754697447080946,5377.47,830.184,1.20455,1.27862,1.2656,0.029728,0.088672,0.01568,0.321536,0.809984,0.026656,1244819,1244819,415283,33.3609,1920,1080,raygs,triangles,1,off,0,on,-4
1781754697448245516,5378.64,828.659,1.20677,1.14669,1.13411,0.030112,0.088992,0.015456,0.188672,0.81088,0.025128,1244819,1244819,415283,33.3609,1920,1080,raygs,triangles,1,off,0,on,-4
1781754697449413374,5379.8,828.83,1.20652,1.14803,1.13517,0.030208,0.090176,0.016384,0.188416,0.809984,0.024619,1244819,1244819,415283,33.3609,1920,1080,raygs,triangles,1,off,0,on,-4
1781754697450591946,5380.98,828.824,1.20653,1.1473,1.13392,0.030496,0.088832,0.015456,0.188416,0.81072,0.026016,1244819,1244819,415283,33.3609,1920,1080,raygs,triangles,1,off,0,on,-4
1781754697451771344,5382.16,828.056,1.20765,1.14858,1.13645,0.029728,0.089856,0.016416,0.18944,0.811008,0.025625,1244819,1244819,415283,33.3609,1920,1080,raygs,triangles,1,off,0,on,-4
1781754697452987100,5383.38,827.19,1.20891,1.14749,1.13632,0.029632,0.089312,0.016384,0.190464,0.810528,0.0571,1244819,1244819,415283,33.3609,1920,1080,raygs,triangles,1,off,0,on,-4
1781754697454343363,5384.73,828.159,1.2075,1.14624,1.13546,0.030464,0.090208,0.016384,0.188416,0.809984,0.016605,1244819,1244819,415283,33.3609,1920,1080,raygs,triangles,1,off,0,on,-4
1781754697455638542,5386.03,825.814,1.21093,1.15197,1.14035,0.035136,0.090432,0.016384,0.187392,0.811008,0.025774,1244819,1244819,415283,33.3609,1920,1080,raygs,triangles,1,off,0,on,-4
1781754697456807534,5387.2,824.433,1.21295,1.1488,1.13677,0.032,0.089376,0.016384,0.188416,0.810592,0.024976,1244819,1244819,415283,33.3609,1920,1080,raygs,triangles,1,off,0,on,-4
1781754697457992391,5388.38,824.405,1.213,1.14611,1.13427,0.030336,0.089152,0.016384,0.187392,0.811008,0.025117,1244819,1244819,415283,33.3609,1920,1080,raygs,triangles,1,off,0,on,-4
1781754697459156664,5389.55,824.398,1.21301,1.14755,1.13405,0.030304,0.089376,0.01536,0.188416,0.810592,0.028858,1244819,1244819,415283,33.3609,1920,1080,raygs,triangles,1,off,0,on,-4
1781754697460337567,5390.73,824.436,1.21295,1.14749,1.13494,0.029664,0.089472,0.016384,0.18944,0.809984,0.026441,1244819,1244819,415283,33.3609,1920,1080,raygs,triangles,1,off,0,on,-4
1781754697461502262,5391.89,826.563,1.20983,1.1456,1.13299,0.029792,0.08944,0.016384,0.187392,0.809984,0.025267,1244819,1244819,415283,33.3609,1920,1080,raygs,triangles,1,off,0,on,-4
1781754697462672833,5393.06,828.082,1.20761,1.1481,1.13578,0.030368,0.089472,0.016384,0.188864,0.810688,0.025602,1244819,1244819,415283,33.3609,1920,1080,raygs,triangles,1,off,0,on,-4
1781754697463971502,5394.36,828.281,1.20732,1.27811,1.26563,0.030176,0.088576,0.016384,0.319488,0.811008,0.024566,1244819,1244819,415283,33.3609,1920,1080,raygs,triangles,1,off,0,on,-4
1781754697465155460,5395.55,826.665,1.20968,1.14765,1.13501,0.029824,0.089504,0.016384,0.188416,0.81088,0.024113,1244819,1244819,415283,33.3609,1920,1080,raygs,triangles,1,off,0,on,-4
1781754697466325860,5396.72,826.597,1.20978,1.1503,1.13645,0.03008,0.09024,0.015552,0.189696,0.81088,0.028702,1244819,1244819,415283,33.3609,1920,1080,raygs,triangles,1,off,0,on,-4
1781754697467494673,5397.89,826.643,1.20971,1.14746,1.13533,0.030208,0.089312,0.016384,0.18944,0.809984,0.024288,1244819,1244819,415283,33.3609,1920,1080,raygs,triangles,1,off,0,on,-4
1781754697468672248,5399.06,826.525,1.20988,1.14563,1.13402,0.029856,0.089376,0.016384,0.188416,0.809984,0.030316,1244819,1244819,415283,33.3609,1920,1080,raygs,triangles,1,off,0,on,-4
1781754697469840338,5400.23,827.641,1.20825,1.14883,1.13667,0.030208,0.089632,0.016384,0.190464,0.809984,0.026919,1244819,1244819,415283,33.3609,1920,1080,raygs,triangles,1,off,0,on,-4
1781754697471230810,5401.62,830.981,1.2034,1.15229,1.14022,0.030336,0.08992,0.016384,0.192736,0.810848,0.025073,1244819,1244819,415283,33.3609,1920,1080,raygs,triangles,1,off,0,on,-4
1781754697472540562,5402.93,827.803,1.20802,1.1521,1.13818,0.035136,0.089568,0.016288,0.186368,0.810816,0.025716,1244819,1244819,415283,33.3609,1920,1080,raygs,triangles,1,off,0,on,-4
1781754697473707071,5404.1,826.175,1.2104,1.14848,1.13773,0.031648,0.090176,0.016384,0.188512,0.811008,0.02544,1244819,1244819,415283,33.3609,1920,1080,raygs,triangles,1,off,0,on,-4
1781754697474877391,5405.27,826.104,1.2105,1.14736,1.13443,0.030528,0.090176,0.016352,0.187392,0.809984,0.02614,1244819,1244819,415283,33.3609,1920,1080,raygs,triangles,1,off,0,on,-4
1781754697476048295,5406.44,824.836,1.21236,1.14749,1.13437,0.030208,0.0896,0.01616,0.188416,0.809984,0.0244,1244819,1244819,415283,33.3609,1920,1080,raygs,triangles,1,off,0,on,-4
1781754697477230069,5407.62,825.125,1.21194,1.14902,1.13661,0.030304,0.089472,0.016384,0.18944,0.811008,0.024976,1244819,1244819,415283,33.3609,1920,1080,raygs,triangles,1,off,0,on,-4
1781754697478393178,5408.78,826.228,1.21032,1.14765,1.13466,0.030496,0.089376,0.016384,0.188416,0.809984,0.024888,1244819,1244819,415283,33.3609,1920,1080,raygs,triangles,1,off,0,on,-4
1781754697479573437,5409.96,828.778,1.2066,1.14646,1.13437,0.030112,0.089472,0.016384,0.188416,0.809984,0.02594,1244819,1244819,415283,33.3609,1920,1080,raygs,triangles,1,off,0,on,-4
1781754697480874379,5411.27,828.541,1.20694,1.27658,1.26301,0.029696,0.089504,0.016384,0.31744,0.809984,0.025038,1244819,1244819,415283,33.3609,1920,1080,raygs,triangles,1,off,0,on,-4
1781754697482041853,5412.43,827.115,1.20902,1.14669,1.13411,0.029888,0.08944,0.01536,0.18944,0.809984,0.025892,1244819,1244819,415283,33.3609,1920,1080,raygs,triangles,1,off,0,on,-4
1781754697483221788,5413.61,827.709,1.20815,1.14781,1.13571,0.029952,0.089952,0.016384,0.188416,0.811008,0.028215,1244819,1244819,415283,33.3609,1920,1080,raygs,triangles,1,off,0,on,-4
1781754697484389936,5414.78,826.871,1.20938,1.14746,1.13571,0.030656,0.089248,0.016384,0.188416,0.811008,0.028325,1244819,1244819,415283,33.3609,1920,1080,raygs,triangles,1,off,0,on,-4
1781754697485560364,5415.95,827.543,1.2084,1.14691,1.13578,0.030464,0.089632,0.016384,0.188576,0.81072,0.02544,1244819,1244819,415283,33.3609,1920,1080,raygs,triangles,1,off,0,on,-4
1781754697486735727,5417.13,830.265,1.20444,1.14669,1.13363,0.029888,0.08944,0.016256,0.187392,0.810656,0.025005,1244819,1244819,415283,33.3609,1920,1080,raygs,triangles,1,off,0,on,-4
1781754697488134463,5418.53,829.93,1.20492,1.14781,1.13443,0.029952,0.089472,0.015584,0.188416,0.811008,0.025143,1244819,1244819,415283,33.3609,1920,1080,raygs,triangles,1,off,0,on,-4
1781754697489422334,5419.81,827.73,1.20812,1.15203,1.13837,0.035648,0.089856,0.01536,0.186624,0.81088,0.024616,1244819,1244819,415283,33.3609,1920,1080,raygs,triangles,1,off,0,on,-4
1781754697490589996,5420.98,826.505,1.20991,1.1473,1.13424,0.03168,0.088832,0.01536,0.187392,0.810976,0.024146,1244819,1244819,415283,33.3609,1920,1080,raygs,triangles,1,off,0,on,-4
1781754697491769914,5422.16,826.301,1.21021,1.14755,1.13587,0.03072,0.089408,0.016384,0.188416,0.810944,0.026271,1244819,1244819,415283,33.3609,1920,1080,raygs,triangles,1,off,0,on,-4
1781754697492998974,5423.39,826.234,1.21031,1.14691,1.1329,0.03008,0.089056,0.01536,0.188416,0.809984,0.06328,1244819,1244819,415283,33.3609,1920,1080,raygs,triangles,1,off,0,on,-4
1781754697494108036,5424.5,825.843,1.21088,1.14566,1.13328,0.03024,0.089568,0.016384,0.187392,0.809696,0.019314,1244819,1244819,415283,33.3609,1920,1080,raygs,triangles,1,off,0,on,-4
1781754697495339578,5425.73,829.142,1.20607,1.14717,1.13494,0.030336,0.08944,0.015744,0.188416,0.811008,0.065102,1244819,1244819,415283,33.3609,1920,1080,raygs,triangles,1,off,0,on,-4
1781754697496575973,5426.97,830.298,1.20439,1.14666,1.13293,0.029824,0.08944,0.016288,0.187392,0.809984,0.019813,1244819,1244819,415283,33.3609,1920,1080,raygs,triangles,1,off,0,on,-4
1781754697497803608,5428.19,828.352,1.20722,1.15046,1.13626,0.03056,0.089408,0.015648,0.18976,0.81088,0.062169,1244819,1244819,415283,33.3609,1920,1080,raygs,triangles,1,off,0,on,-4
1781754697498930548,5429.32,826.868,1.20938,1.14758,1.13578,0.030752,0.089216,0.016384,0.188416,0.811008,0.019086,1244819,1244819,415283,33.3609,1920,1080,raygs,triangles,1,off,0,on,-4
1781754697500149173,5430.54,827.122,1.20901,1.14829,1.1361,0.030368,0.08992,0.016384,0.188576,0.810848,0.055772,1244819,1244819,415283,33.3609,1920,1080,raygs,triangles,1,off,0,on,-4
1781754697501469275,5431.86,827.099,1.20904,1.14678,1.1345,0.029952,0.088736,0.016384,0.188416,0.811008,0.043721,1244819,1244819,415283,33.3609,1920,1080,raygs,triangles,1,off,0,on,-4
1781754697502602050,5432.99,824.773,1.21245,1.14758,1.1353,0.030336,0.089344,0.016384,0.188416,0.810816,0.041166,1244819,1244819,415283,33.3609,1920,1080,raygs,triangles,1,off,0,on,-4
1781754697504025971,5434.42,824.267,1.2132,1.14605,1.13309,0.030272,0.089216,0.01536,0.187392,0.810848,0.040298,1244819,1244819,415283,33.3609,1920,1080,raygs,triangles,1,off,0,on,-4
1781754697505312045,5435.7,824.056,1.21351,1.14864,1.13706,0.031808,0.08928,0.016384,0.188768,0.810816,0.032354,1244819,1244819,415283,33.3609,1920,1080,raygs,triangles,1,off,0,on,-4
1781754697506369056,5436.76,823.251,1.2147,1.15094,1.13779,0.034752,0.08928,0.01536,0.187392,0.811008,0.017031,1244819,1244819,415283,33.3609,1920,1080,raygs,triangles,1,off,0,on,-4
1781754697507537380,5437.93,824.718,1.21254,1.14714,1.13408,0.030336,0.088928,0.016416,0.188416,0.809984,0.031215,1244819,1244819,415283,33.3609,1920,1080,raygs,triangles,1,off,0,on,-4
1781754697508702969,5439.09,824.52,1.21283,1.14646,1.1327,0.029632,0.0896,0.01536,0.187392,0.81072,0.026217,1244819,1244819,415283,33.3609,1920,1080,raygs,triangles,1,off,0,on,-4
1781754697509877349,5440.27,826.071,1.21055,1.14646,1.13469,0.029632,0.089248,0.016384,0.188416,0.811008,0.027591,1244819,1244819,415283,33.3609,1920,1080,raygs,triangles,1,off,0,on,-4
1781754697511063016,5441.45,827.547,1.20839,1.16582,1.15296,0.030176,0.089568,0.01536,0.206848,0.811008,0.025872,1244819,1244819,415283,33.3609,1920,1080,raygs,triangles,1,off,0,on,-4
1781754697512241921,5442.63,829.52,1.20552,1.14659,1.13398,0.02976,0.08944,0.016384,0.188416,0.809984,0.026111,1244819,1244819,415283,33.3609,1920,1080,raygs,triangles,1,off,0,on,-4
1781754697513540553,5443.93,829.569,1.20545,1.27971,1.26717,0.030784,0.089344,0.016384,0.319808,0.810848,0.025354,1244819,1244819,415283,33.3609,1920,1080,raygs,triangles,1,off,0,on,-4
1781754697514714035,5445.11,828.311,1.20728,1.14874,1.13523,0.029856,0.089408,0.016384,0.18864,0.810944,0.02606,1244819,1244819,415283,33.3609,1920,1080,raygs,triangles,1,off,0,on,-4
1781754697515896715,5446.29,828.1,1.20758,1.14822,1.13606,0.030368,0.089888,0.016384,0.18944,0.809984,0.027695,1244819,1244819,415283,33.3609,1920,1080,raygs,triangles,1,off,0,on,-4
1781754697517059287,5447.45,828.063,1.20764,1.14986,1.13539,0.029952,0.089632,0.01536,0.190464,0.809984,0.026253,1244819,1244819,415283,33.3609,1920,1080,raygs,triangles,1,off,0,on,-4
1781754697518232486,5448.62,828.083,1.20761,1.14675,1.13344,0.030208,0.088448,0.016384,0.188416,0.809984,0.0267,1244819,1244819,415283,33.3609,1920,1080,raygs,triangles,1,off,0,on,-4
1781754697519399927,5449.79,828.227,1.2074,1.14755,1.13264,0.029728,0.089152,0.01536,0.188416,0.809984,0.025521,1244819,1244819,415283,33.3609,1920,1080,raygs,triangles,1,off,0,on,-4
1781754697520575742,5450.97,829.845,1.20504,1.14966,1.13661,0.030496,0.089312,0.016384,0.18944,0.810976,0.026565,1244819,1244819,415283,33.3609,1920,1080,raygs,triangles,1,off,0,on,-4
1781754697521967353,5452.36,829.62,1.20537,1.14883,1.13517,0.029952,0.090048,0.015744,0.18944,0.809984,0.025937,1244819,1244819,415283,33.3609,1920,1080,raygs,triangles,1,off,0,on,-4
1781754697523266152,5453.66,827.131,1.209,1.15088,1.1391,0.036096,0.08912,0.016384,0.186784,0.81072,0.025631,1244819,1244819,415283,33.3609,1920,1080,raygs,triangles,1,off,0,on,-4
1781754697524434535,5454.83,825.776,1.21098,1.1488,1.13504,0.030976,0.089472,0.01536,0.188416,0.810816,0.030361,1244819,1244819,415283,33.3609,1920,1080,raygs,triangles,1,off,0,on,-4
1781754697525606875,5456,825.924,1.21076,1.14659,1.13373,0.030816,0.089152,0.01536,0.187392,0.811008,0.024974,1244819,1244819,415283,33.3609,1920,1080,raygs,triangles,1,off,0,on,-4
1781754697526782115,5457.17,826.217,1.21034,1.1457,1.13443,0.030208,0.089568,0.016384,0.187392,0.81088,0.025858,1244819,1244819,415283,33.3609,1920,1080,raygs,triangles,1,off,0,on,-4
1781754697527958565,5458.35,828.349,1.20722,1.14826,1.13594,0.030432,0.089696,0.016352,0.188448,0.811008,0.029572,1244819,1244819,415283,33.3609,1920,1080,raygs,triangles,1,off,0,on,-4
1781754697529132113,5459.52,829.741,1.2052,1.14912,1.13779,0.03024,0.089536,0.016384,0.190848,0.810784,0.025862,1244819,1244819,415283,33.3609,1920,1080,raygs,triangles,1,off,0,on,-4
1781754697530439409,5460.83,829.371,1.20573,1.14733,1.13411,0.030496,0.088992,0.016224,0.188416,0.809984,0.029829,1244819,1244819,415283,33.3609,1920,1080,raygs,triangles,1,off,0,on,-4
1781754697531604862,5462,828.171,1.20748,1.14851,1.1359,0.030656,0.089696,0.016384,0.188416,0.810752,0.026927,1244819,1244819,415283,33.3609,1920,1080,raygs,triangles,1,off,0,on,-4
1781754697532787230,5463.18,828.194,1.20745,1.14906,1.13574,0.030176,0.08976,0.01536,0.190464,0.809984,0.034531,1244819,1244819,415283,33.3609,1920,1080,raygs,triangles,1,off,0,on,-4
1781754697533936993,5464.33,828.212,1.20742,1.14787,1.1359,0.030016,0.089984,0.016384,0.188512,0.811008,0.020255,1244819,1244819,415283,33.3609,1920,1080,raygs,triangles,1,off,0,on,-4
1781754697535118133,5465.51,828.148,1.20751,1.1481,1.13584,0.030272,0.0896,0.01536,0.189728,0.81088,0.027148,1244819,1244819,415283,33.3609,1920,1080,raygs,triangles,1,off,0,on,-4
1781754697536341548,5466.73,828.099,1.20759,1.14733,1.13453,0.029472,0.089312,0.01632,0.188416,0.811008,0.039459,1244819,1244819,415283,33.3609,1920,1080,raygs,triangles,1,off,0,on,-4
1781754697537463628,5467.85,829.282,1.20586,1.14733,1.13341,0.030528,0.089184,0.01536,0.187392,0.810944,0.016827,1244819,1244819,415283,33.3609,1920,1080,raygs,triangles,1,off,0,on,-4
1781754697538876716,5469.27,829.688,1.20527,1.38458,1.37258,0.030176,0.088992,0.016384,0.426432,0.810592,0.028098,1244819,1244819,415283,33.3609,1920,1080,raygs,triangles,1,off,0,on,-4
1781754697540188398,5470.58,826.922,1.2093,1.28586,1.27168,0.030656,0.089056,0.01536,0.325632,0.810976,0.031846,1244819,1244819,415283,33.3609,1920,1080,raygs,triangles,1,off,0,on,-4
1781754697541405383,5471.8,825.438,1.21148,1.15069,1.13952,0.030528,0.0912,0.016384,0.18944,0.811968,0.037749,1244819,1244819,415283,33.3609,1920,1080,raygs,triangles,1,off,0,on,-4
1781754697542529083,5472.92,825.022,1.21209,1.14646,1.13536,0.030304,0.089312,0.016384,0.187744,0.811616,0.017018,1244819,1244819,415283,33.3609,1920,1080,raygs,triangles,1,off,0,on,-4
1781754697543710313,5474.1,825.321,1.21165,1.1473,1.13546,0.030496,0.089152,0.016384,0.188416,0.811008,0.027177,1244819,1244819,415283,33.3609,1920,1080,raygs,triangles,1,off,0,on,-4
1781754697544878763,5475.27,827.774,1.20806,1.14771,1.13562,0.030368,0.089472,0.016352,0.188416,0.811008,0.026601,1244819,1244819,415283,33.3609,1920,1080,raygs,triangles,1,off,0,on,-4
1781754697546058980,5476.45,829.357,1.20575,1.14909,1.13693,0.030304,0.089792,0.016384,0.18944,0.811008,0.026645,1244819,1244819,415283,33.3609,1920,1080,raygs,triangles,1,off,0,on,-4
1781754697547344751,5477.74,829.156,1.20605,1.14659,1.13382,0.029792,0.088416,0.016384,0.188416,0.810816,0.026817,1244819,1244819,415283,33.3609,1920,1080,raygs,triangles,1,off,0,on,-4
1781754697548519938,5478.91,827.867,1.20792,1.14835,1.13546,0.031072,0.0896,0.01536,0.188416,0.811008,0.026383,1244819,1244819,415283,33.3609,1920,1080,raygs,triangles,1,off,0,on,-4
1781754697549691720,5480.08,828.16,1.2075,1.14794,1.13686,0.03008,0.08976,0.016384,0.189824,0.810816,0.030482,1244819,1244819,415283,33.3609,1920,1080,raygs,triangles,1,off,0,on,-4
1781754697550865927,5481.26,827.942,1.20781,1.14659,1.13539,0.02976,0.089824,0.016384,0.188416,0.811008,0.027333,1244819,1244819,415283,33.3609,1920,1080,raygs,triangles,1,off,0,on,-4
1781754697552034889,5482.43,827.784,1.20805,1.14637,1.1329,0.029568,0.088704,0.01536,0.188416,0.810848,0.026,1244819,1244819,415283,33.3609,1920,1080,raygs,triangles,1,off,0,on,-4
1781754697553316798,5483.71,827.9,1.20788,1.14701,1.13402,0.030208,0.088928,0.01536,0.188864,0.810656,0.046347,1244819,1244819,415283,33.3609,1920,1080,raygs,triangles,1,off,0,on,-4
1781754697554681685,5485.07,828.244,1.20737,1.15117,1.13722,0.030272,0.089056,0.01552,0.191488,0.81088,0.033813,1244819,1244819,415283,33.3609,1920,1080,raygs,triangles,1,off,0,on,-4
1781754697555986664,5486.38,825.979,1.21069,1.15142,1.13987,0.035616,0.088832,0.016384,0.187392,0.811648,0.035764,1244819,1244819,415283,33.3609,1920,1080,raygs,triangles,1,off,0,on,-4
1781754697557160696,5487.55,824.522,1.21282,1.14902,1.13459,0.0312,0.088608,0.01536,0.18944,0.809984,0.035822,1244819,1244819,415283,33.3609,1920,1080,raygs,triangles,1,off,0,on,-4
1781754697558331188,5488.72,824.378,1.21304,1.14614,1.13475,0.030464,0.089504,0.016384,0.187392,0.811008,0.030238,1244819,1244819,415283,33.3609,1920,1080,raygs,triangles,1,off,0,on,-4
1781754697559417025,5489.81,824.657,1.21263,1.14582,1.13206,0.030048,0.08928,0.01536,0.187392,0.809984,0.023295,1244819,1244819,415283,33.3609,1920,1080,raygs,triangles,1,off,0,on,-4
1781754697560594571,5490.99,825.611,1.21122,1.14701,1.13488,0.030176,0.088992,0.016384,0.188416,0.810912,0.031762,1244819,1244819,415283,33.3609,1920,1080,raygs,triangles,1,off,0,on,-4
1781754697561779409,5492.17,828.082,1.20761,1.14701,1.13494,0.030816,0.089344,0.016384,0.188416,0.809984,0.03201,1244819,1244819,415283,33.3609,1920,1080,raygs,triangles,1,off,0,on,-4
1781754697562922364,5493.31,829.285,1.20586,1.14627,1.13325,0.030496,0.088832,0.01536,0.187552,0.811008,0.017135,1244819,1244819,415283,33.3609,1920,1080,raygs,triangles,1,off,0,on,-4
1781754697564246969,5494.64,829.46,1.2056,1.28013,1.2671,0.030176,0.088864,0.016384,0.3208,0.81088,0.033555,1244819,1244819,415283,33.3609,1920,1080,raygs,triangles,1,off,0,on,-4
1781754697565390629,5495.78,827.928,1.20783,1.14755,1.13546,0.030304,0.089344,0.016384,0.18944,0.809984,0.018707,1244819,1244819,415283,33.3609,1920,1080,raygs,triangles,1,off,0,on,-4
1781754697566594538,5496.99,828.636,1.2068,1.14586,1.13152,0.030048,0.089664,0.01536,0.186464,0.809984,0.039784,1244819,1244819,415283,33.3609,1920,1080,raygs,triangles,1,off,0,on,-4
1781754697567744786,5498.14,827.882,1.2079,1.14746,1.13379,0.030528,0.089504,0.01536,0.188416,0.809984,0.019054,1244819,1244819,415283,33.3609,1920,1080,raygs,triangles,1,off,0,on,-4
1781754697568937549,5499.33,828.462,1.20706,1.14874,1.13779,0.03088,0.09008,0.016384,0.18944,0.811008,0.033496,1244819,1244819,415283,33.3609,1920,1080,raygs,triangles,1,off,0,on,-4
1781754697570093674,5500.48,829.431,1.20565,1.14701,1.13376,0.0304,0.089696,0.01632,0.187392,0.809952,0.019284,1244819,1244819,415283,33.3609,1920,1080,raygs,triangles,1,off,0,on,-4
1781754697571445495,5501.84,829.752,1.20518,1.14714,1.13421,0.030336,0.090112,0.016384,0.187392,0.809984,0.025981,1244819,1244819,415283,33.3609,1920,1080,raygs,triangles,1,off,0,on,-4
1781754697572763963,5503.16,827.377,1.20864,1.15008,1.13821,0.034944,0.089504,0.01632,0.186432,0.811008,0.035085,1244819,1244819,415283,33.3609,1920,1080,raygs,triangles,1,off,0,on,-4
1781754697573909751,5504.3,826.681,1.20966,1.14842,1.13392,0.03056,0.0896,0.01536,0.187392,0.811008,0.022019,1244819,1244819,415283,33.3609,1920,1080,raygs,triangles,1,off,0,on,-4
1781754697575108231,5505.5,829.469,1.20559,1.14701,1.13389,0.030528,0.0896,0.016384,0.187392,0.809984,0.036206,1244819,1244819,415283,33.3609,1920,1080,raygs,triangles,1,off,0,on,-4
1781754697576429187,5506.82,830.559,1.20401,1.14826,1.13485,0.030432,0.089536,0.016384,0.187872,0.810624,0.033332,1244819,1244819,415283,33.3609,1920,1080,raygs,triangles,1,off,0,on,-4
1781754697577560649,5507.95,829.139,1.20607,1.15274,1.13846,0.03072,0.088864,0.01536,0.192512,0.811008,0.016503,1244819,1244819,415283,33.3609,1920,1080,raygs,triangles,1,off,0,on,-4
1781754697578753915,5509.15,830.259,1.20444,1.14762,1.13379,0.029696,0.08864,0.01536,0.18944,0.810656,0.028088,1244819,1244819,415283,33.3609,1920,1080,raygs,triangles,1,off,0,on,-4
1781754697580030314,5510.42,828.74,1.20665,1.1488,1.13622,0.02992,0.088736,0.016384,0.190464,0.81072,0.025287,1244819,1244819,415283,33.3609,1920,1080,raygs,triangles,1,off,0,on,-4
1781754697581200846,5511.59,827.511,1.20844,1.14906,1.13747,0.030176,0.08944,0.016384,0.190464,0.811008,0.027617,1244819,1244819,415283,33.3609,1920,1080,raygs,triangles,1,off,0,on,-4
1781754697582372356,5512.76,827.331,1.20871,1.14979,1.13629,0.029888,0.089568,0.016384,0.18944,0.811008,0.025282,1244819,1244819,415283,33.3609,1920,1080,raygs,triangles,1,off,0,on,-4
1781754697583566159,5513.96,827.497,1.20846,1.14675,1.13494,0.02992,0.089184,0.016384,0.188704,0.810752,0.02753,1244819,1244819,415283,33.3609,1920,1080,raygs,triangles,1,off,0,on,-4
1781754697584723159,5515.11,827.348,1.20868,1.1463,1.13312,0.029472,0.089312,0.01536,0.188416,0.81056,0.025703,1244819,1244819,415283,33.3609,1920,1080,raygs,triangles,1,off,0,on,-4
1781754697585899484,5516.29,827.528,1.20842,1.14826,1.13597,0.030432,0.089728,0.016384,0.18944,0.809984,0.027512,1244819,1244819,415283,33.3609,1920,1080,raygs,triangles,1,off,0,on,-4
1781754697587075938,5517.47,828.915,1.2064,1.14704,1.13501,0.03056,0.089664,0.016384,0.187392,0.811008,0.024935,1244819,1244819,415283,33.3609,1920,1080,raygs,triangles,1,off,0,on,-4
1781754697588487417,5518.88,829.115,1.2061,1.3903,1.3775,0.029792,0.088576,0.016384,0.432128,0.810624,0.025702,1244819,1244819,415283,33.3609,1920,1080,raygs,triangles,1,off,0,on,-4
1781754697589790328,5520.18,826.319,1.21019,1.28947,1.27651,0.0304,0.089344,0.015488,0.330752,0.810528,0.024438,1244819,1244819,415283,33.3609,1920,1080,raygs,triangles,1,off,0,on,-4
1781754697590969908,5521.36,825.023,1.21209,1.14832,1.13546,0.030496,0.090176,0.016384,0.187392,0.811008,0.024383,1244819,1244819,415283,33.3609,1920,1080,raygs,triangles,1,off,0,on,-4
1781754697592151818,5522.54,824.831,1.21237,1.14566,1.13322,0.030112,0.089344,0.01536,0.187392,0.811008,0.025129,1244819,1244819,415283,33.3609,1920,1080,raygs,triangles,1,off,0,on,-4
1781754697593318058,5523.71,824.488,1.21287,1.14845,1.13709,0.030592,0.090112,0.016384,0.18944,0.81056,0.024078,1244819,1244819,415283,33.3609,1920,1080,raygs,triangles,1,off,0,on,-4
1781754697594499324,5524.89,824.589,1.21272,1.1545,1.14272,0.030496,0.0896,0.016384,0.196608,0.809632,0.024962,1244819,1244819,415283,33.3609,1920,1080,raygs,triangles,1,off,0,on,-4
1781754697595669283,5526.06,826.898,1.20934,1.14877,1.13504,0.030144,0.088704,0.015744,0.190464,0.809984,0.026361,1244819,1244819,415283,33.3609,1920,1080,raygs,triangles,1,off,0,on,-4
1781754697596957943,5527.35,828.455,1.20707,1.14874,1.13539,0.029888,0.089536,0.016384,0.188864,0.81072,0.028754,1244819,1244819,415283,33.3609,1920,1080,raygs,triangles,1,off,0,on,-4
1781754697598128849,5528.52,827.098,1.20905,1.14934,1.1375,0.03152,0.090016,0.016384,0.188864,0.81072,0.024339,1244819,1244819,415283,33.3609,1920,1080,raygs,triangles,1,off,0,on,-4
1781754697599299400,5529.69,827.381,1.20863,1.14851,1.13462,0.030688,0.089184,0.01536,0.188416,0.810976,0.024264,1244819,1244819,415283,33.3609,1920,1080,raygs,triangles,1,off,0,on,-4
1781754697600481735,5530.87,827.528,1.20842,1.1495,1.13722,0.030656,0.089728,0.016384,0.190464,0.809984,0.024803,1244819,1244819,415283,33.3609,1920,1080,raygs,triangles,1,off,0,on,-4
1781754697601658045,5532.05,827.053,1.20911,1.14771,1.13549,0.029856,0.089728,0.016384,0.188704,0.810816,0.024922,1244819,1244819,415283,33.3609,1920,1080,raygs,triangles,1,off,0,on,-4
1781754697602824229,5533.22,827.477,1.20849,1.14707,1.13552,0.030272,0.08944,0.016384,0.18944,0.809984,0.024,1244819,1244819,415283,33.3609,1920,1080,raygs,triangles,1,off,0,on,-4
1781754697604032227,5534.42,828.808,1.20655,1.14614,1.13302,0.030336,0.088928,0.01536,0.188416,0.809984,0.034633,1244819,1244819,415283,33.3609,1920,1080,raygs,triangles,1,off,0,on,-4
1781754697605413113,5535.8,828.565,1.20691,1.38166,1.36845,0.030336,0.088832,0.01536,0.422912,0.811008,0.019907,1244819,1244819,415283,33.3609,1920,1080,raygs,triangles,1,off,0,on,-4
1781754697606714753,5537.11,825.927,1.21076,1.28454,1.27146,0.029472,0.089152,0.016416,0.325632,0.810784,0.024889,1244819,1244819,415283,33.3609,1920,1080,raygs,triangles,1,off,0,on,-4
1781754697607884958,5538.28,824.791,1.21243,1.14717,1.13373,0.030336,0.08976,0.016384,0.186368,0.81088,0.025135,1244819,1244819,415283,33.3609,1920,1080,raygs,triangles,1,off,0,on,-4
1781754697609061595,5539.45,824.546,1.21279,1.14701,1.1344,0.030208,0.089408,0.016384,0.188416,0.809984,0.025055,1244819,1244819,415283,33.3609,1920,1080,raygs,triangles,1,off,0,on,-4
1781754697610233379,5540.62,824.855,1.21233,1.14765,1.13443,0.029792,0.088768,0.016384,0.188608,0.81088,0.02405,1244819,1244819,415283,33.3609,1920,1080,raygs,triangles,1,off,0,on,-4
1781754697611398989,5541.79,824.5,1.21286,1.14576,1.13232,0.029952,0.088768,0.01536,0.187392,0.810848,0.023691,1244819,1244819,415283,33.3609,1920,1080,raygs,triangles,1,off,0,on,-4
1781754697612577691,5542.97,827.242,1.20884,1.14733,1.13478,0.029504,0.089472,0.016384,0.18944,0.809984,0.02518,1244819,1244819,415283,33.3609,1920,1080,raygs,triangles,1,off,0,on,-4
1781754697613864858,5544.26,828.755,1.20663,1.14646,1.1336,0.029632,0.089472,0.016384,0.187392,0.81072,0.024411,1244819,1244819,415283,33.3609,1920,1080,raygs,triangles,1,off,0,on,-4
1781754697615031611,5545.42,827.818,1.20799,1.148,1.13498,0.031296,0.088896,0.01536,0.188416,0.811008,0.0237,1244819,1244819,415283,33.3609,1920,1080,raygs,triangles,1,off,0,on,-4
1781754697616213528,5546.6,827.859,1.20793,1.14762,1.13549,0.030304,0.089472,0.016384,0.188416,0.810912,0.027677,1244819,1244819,415283,33.3609,1920,1080,raygs,triangles,1,off,0,on,-4
1781754697617384535,5547.78,827.504,1.20845,1.14845,1.13706,0.029568,0.089632,0.016384,0.190464,0.811008,0.024381,1244819,1244819,415283,33.3609,1920,1080,raygs,triangles,1,off,0,on,-4
1781754697618553766,5548.95,827.514,1.20844,1.14906,1.13482,0.030176,0.088832,0.01536,0.18944,0.811008,0.023954,1244819,1244819,415283,33.3609,1920,1080,raygs,triangles,1,off,0,on,-4
1781754697619744898,5550.14,827.916,1.20785,1.1481,1.13478,0.030336,0.089376,0.015648,0.18944,0.809984,0.02717,1244819,1244819,415283,33.3609,1920,1080,raygs,triangles,1,off,0,on,-4
1781754697620926357,5551.32,828.689,1.20673,1.14643,1.13411,0.029632,0.089696,0.016384,0.188416,0.809984,0.026771,1244819,1244819,415283,33.3609,1920,1080,raygs,triangles,1,off,0,on,-4
1781754697622320465,5552.71,828.668,1.20676,1.3799,1.36733,0.029632,0.088416,0.016384,0.421888,0.811008,0.025295,1244819,1244819,415283,33.3609,1920,1080,raygs,triangles,1,off,0,on,-4
1781754697623662239,5554.05,826.092,1.21052,1.28611,1.27264,0.030016,0.088576,0.016384,0.32768,0.809984,0.035537,1244819,1244819,415283,33.3609,1920,1080,raygs,triangles,1,off,0,on,-4
1781754697624797307,5555.19,824.413,1.21298,1.14714,1.13427,0.030336,0.090016,0.01552,0.187392,0.811008,0.016938,1244819,1244819,415283,33.3609,1920,1080,raygs,triangles,1,off,0,on,-4
1781754697625976700,5556.37,824.605,1.2127,1.14685,1.13376,0.030016,0.089376,0.01536,0.188416,0.810592,0.027399,1244819,1244819,415283,33.3609,1920,1080,raygs,triangles,1,off,0,on,-4
1781754697627176397,5557.57,825.695,1.2111,1.14835,1.13526,0.03024,0.089216,0.016384,0.18944,0.809984,0.035405,1244819,1244819,415283,33.3609,1920,1080,raygs,triangles,1,off,0,on,-4
1781754697628318185,5558.71,827.686,1.20819,1.14566,1.13411,0.029888,0.08944,0.016384,0.188416,0.809984,0.019655,1244819,1244819,415283,33.3609,1920,1080,raygs,triangles,1,off,0,on,-4
1781754697629512972,5559.9,829.486,1.20557,1.14835,1.13424,0.030464,0.089056,0.01536,0.188416,0.810944,0.026594,1244819,1244819,415283,33.3609,1920,1080,raygs,triangles,1,off,0,on,-4
1781754697630788232,5561.18,829.334,1.20579,1.15014,1.13706,0.030336,0.089888,0.016384,0.190464,0.809984,0.025863,1244819,1244819,415283,33.3609,1920,1080,raygs,triangles,1,off,0,on,-4
1781754697631955744,5562.35,827.98,1.20776,1.14614,1.13258,0.030336,0.089152,0.015712,0.186368,0.811008,0.024406,1244819,1244819,415283,33.3609,1920,1080,raygs,triangles,1,off,0,on,-4
1781754697633143252,5563.53,827.019,1.20916,1.148,1.13552,0.030144,0.089568,0.016384,0.18944,0.809984,0.029302,1244819,1244819,415283,33.3609,1920,1080,raygs,triangles,1,off,0,on,-4
1781754697634340927,5564.73,827.034,1.20914,1.14723,1.13456,0.029408,0.089344,0.016384,0.188416,0.811008,0.036409,1244819,1244819,415283,33.3609,1920,1080,raygs,triangles,1,off,0,on,-4
1781754697635470914,5565.86,826.922,1.2093,1.14672,1.13539,0.029888,0.089696,0.016384,0.188416,0.811008,0.01549,1244819,1244819,415283,33.3609,1920,1080,raygs,triangles,1,off,0,on,-4
1781754697636653685,5567.04,826.932,1.20929,1.14874,1.13632,0.029888,0.089568,0.016288,0.189792,0.810784,0.024077,1244819,1244819,415283,33.3609,1920,1080,raygs,triangles,1,off,0,on,-4
1781754697638007662,5568.4,828.516,1.20698,1.15158,1.13917,0.029632,0.089632,0.016384,0.193536,0.809984,0.0241,1244819,1244819,415283,33.3609,1920,1080,raygs,triangles,1,off,0,on,-4
1781754697639297584,5569.69,826.236,1.21031,1.15056,1.13856,0.034752,0.089216,0.016384,0.187392,0.810816,0.023772,1244819,1244819,415283,33.3609,1920,1080,raygs,triangles,1,off,0,on,-4
1781754697640486840,5570.88,824.971,1.21216,1.15005,1.1369,0.0312,0.090016,0.016384,0.188416,0.81088,0.02626,1244819,1244819,415283,33.3609,1920,1080,raygs,triangles,1,off,0,on,-4
1781754697641651447,5572.04,824.793,1.21242,1.14544,1.13267,0.029664,0.089472,0.016384,0.187392,0.80976,0.024675,1244819,1244819,415283,33.3609,1920,1080,raygs,triangles,1,off,0,on,-4
1781754697642814240,5573.21,824.962,1.21218,1.14646,1.13382,0.029632,0.089408,0.016384,0.187392,0.811008,0.025278,1244819,1244819,415283,33.3609,1920,1080,raygs,triangles,1,off,0,on,-4
1781754697644008804,5574.4,825.056,1.21204,1.14733,1.13296,0.030496,0.088992,0.01536,0.187392,0.81072,0.026622,1244819,1244819,415283,33.3609,1920,1080,raygs,triangles,1,off,0,on,-4
1781754697645163739,5575.56,826.855,1.2094,1.1472,1.13485,0.030368,0.089408,0.015648,0.188416,0.811008,0.024839,1244819,1244819,415283,33.3609,1920,1080,raygs,triangles,1,off,0,on,-4
1781754697646345232,5576.74,828.554,1.20692,1.14614,1.13293,0.030336,0.089856,0.016384,0.186368,0.809984,0.02593,1244819,1244819,415283,33.3609,1920,1080,raygs,triangles,1,off,0,on,-4
1781754697647634334,5578.03,828.417,1.20712,1.27968,1.26608,0.029728,0.089472,0.016384,0.319904,0.810592,0.024017,1244819,1244819,415283,33.3609,1920,1080,raygs,triangles,1,off,0,on,-4
1781754697648813369,5579.2,827.383,1.20863,1.14922,1.13664,0.030336,0.08976,0.016192,0.188416,0.811936,0.025132,1244819,1244819,415283,33.3609,1920,1080,raygs,triangles,1,off,0,on,-4
1781754697649995747,5580.39,828.724,1.20667,1.14672,1.13466,0.029888,0.089888,0.016384,0.1888,0.809696,0.025378,1244819,1244819,415283,33.3609,1920,1080,raygs,triangles,1,off,0,on,-4
1781754697651164483,5581.56,828.412,1.20713,1.14691,1.13354,0.030112,0.089376,0.015648,0.188416,0.809984,0.025833,1244819,1244819,415283,33.3609,1920,1080,raygs,triangles,1,off,0,on,-4
1781754697652339658,5582.73,828.717,1.20668,1.14717,1.136,0.030368,0.090016,0.016384,0.188416,0.810816,0.026046,1244819,1244819,415283,33.3609,1920,1080,raygs,triangles,1,off,0,on,-4
1781754697653529049,5583.92,829.797,1.20511,1.14717,1.13459,0.030304,0.089504,0.01536,0.188416,0.811008,0.031665,1244819,1244819,415283,33.3609,1920,1080,raygs,triangles,1,off,0,on,-4
1781754697654841258,5585.23,829.624,1.20537,1.14582,1.1345,0.030016,0.089696,0.016384,0.187392,0.811008,0.024878,1244819,1244819,415283,33.3609,1920,1080,raygs,triangles,1,off,0,on,-4
1781754697656241082,5586.63,827.924,1.20784,1.148,1.1343,0.031168,0.089376,0.01536,0.188416,0.809984,0.040516,1244819,1244819,415283,33.3609,1920,1080,raygs,triangles,1,off,0,on,-4
1781754697657478329,5587.87,825.753,1.21102,1.15181,1.1392,0.034976,0.089664,0.016512,0.187392,0.810656,0.016424,1244819,1244819,415283,33.3609,1920,1080,raygs,triangles,1,off,0,on,-4
1781754697658652489,5589.04,824.769,1.21246,1.14787,1.13549,0.0312,0.088832,0.01536,0.188416,0.81168,0.025679,1244819,1244819,415283,33.3609,1920,1080,raygs,triangles,1,off,0,on,-4
1781754697659841500,5590.23,824.947,1.2122,1.14659,1.13517,0.030816,0.089536,0.016384,0.18784,0.810592,0.027924,1244819,1244819,415283,33.3609,1920,1080,raygs,triangles,1,off,0,on,-4
1781754697661013707,5591.41,824.462,1.21291,1.15741,1.14486,0.030336,0.089504,0.016384,0.198656,0.809984,0.024879,1244819,1244819,415283,33.3609,1920,1080,raygs,triangles,1,off,0,on,-4
1781754697662189828,5592.58,827.347,1.20868,1.14746,1.13485,0.0296,0.08944,0.016384,0.188416,0.811008,0.026868,1244819,1244819,415283,33.3609,1920,1080,raygs,triangles,1,off,0,on,-4
1781754697663483230,5593.87,828.428,1.20711,1.14717,1.136,0.030336,0.089856,0.016384,0.188416,0.811008,0.030288,1244819,1244819,415283,33.3609,1920,1080,raygs,triangles,1,off,0,on,-4
1781754697664637029,5595.03,827.237,1.20884,1.14883,1.13578,0.0312,0.089792,0.016384,0.188416,0.809984,0.024093,1244819,1244819,415283,33.3609,1920,1080,raygs,triangles,1,off,0,on,-4
1781754697665827795,5596.22,827.692,1.20818,1.14627,1.13466,0.02944,0.08944,0.016384,0.188416,0.810976,0.031292,1244819,1244819,415283,33.3609,1920,1080,raygs,triangles,1,off,0,on,-4
1781754697666995107,5597.39,827.442,1.20854,1.14851,1.13597,0.029664,0.089344,0.016384,0.189664,0.810912,0.024623,1244819,1244819,415283,33.3609,1920,1080,raygs,triangles,1,off,0,on,-4
1781754697668159671,5598.55,827.72,1.20814,1.14717,1.13421,0.030304,0.08912,0.016384,0.187392,0.811008,0.024542,1244819,1244819,415283,33.3609,1920,1080,raygs,triangles,1,off,0,on,-4
1781754697669341568,5599.73,827.742,1.20811,1.14755,1.13443,0.029696,0.089952,0.01536,0.188416,0.811008,0.025491,1244819,1244819,415283,33.3609,1920,1080,raygs,triangles,1,off,0,on,-4
1781754697670519331,5600.91,828.887,1.20644,1.14819,1.13552,0.030336,0.08928,0.016384,0.188672,0.810848,0.025949,1244819,1244819,415283,33.3609,1920,1080,raygs,triangles,1,off,0,on,-4
1781754697671945049,5602.34,828.548,1.20693,1.38896,1.37619,0.029472,0.08928,0.016352,0.43008,0.811008,0.026411,1244819,1244819,415283,33.3609,1920,1080,raygs,triangles,1,off,0,on,-4
1781754697673240609,5603.63,825.694,1.2111,1.28627,1.27254,0.030176,0.089216,0.01536,0.32688,0.810912,0.024643,1244819,1244819,415283,33.3609,1920,1080,raygs,triangles,1,off,0,on,-4
1781754697674409298,5604.8,824.743,1.2125,1.14867,1.13789,0.030816,0.091264,0.016384,0.188416,0.811008,0.028435,1244819,1244819,415283,33.3609,1920,1080,raygs,triangles,1,off,0,on,-4
1781754697675588228,5605.98,824.712,1.21254,1.14646,1.13536,0.029632,0.089312,0.016384,0.188416,0.811616,0.026365,1244819,1244819,415283,33.3609,1920,1080,raygs,triangles,1,off,0,on,-4
1781754697676758169,5607.15,824.606,1.2127,1.14739,1.13478,0.029536,0.08944,0.016384,0.18944,0.809984,0.025895,1244819,1244819,415283,33.3609,1920,1080,raygs,triangles,1,off,0,on,-4
1781754697677926240,5608.32,824.863,1.21232,1.14749,1.13485,0.030336,0.08928,0.016384,0.188864,0.809984,0.024101,1244819,1244819,415283,33.3609,1920,1080,raygs,triangles,1,off,0,on,-4
1781754697679094463,5609.49,827.522,1.20843,1.14816,1.13424,0.03072,0.089664,0.01536,0.188576,0.80992,0.023998,1244819,1244819,415283,33.3609,1920,1080,raygs,triangles,1,off,0,on,-4
1781754697680383846,5610.78,828.972,1.20631,1.14934,1.13581,0.030464,0.089536,0.01536,0.190464,0.809984,0.023398,1244819,1244819,415283,33.3609,1920,1080,raygs,triangles,1,off,0,on,-4
1781754697681559273,5611.95,827.915,1.20785,1.14922,1.13635,0.03136,0.088928,0.015616,0.18944,0.811008,0.023607,1244819,1244819,415283,33.3609,1920,1080,raygs,triangles,1,off,0,on,-4
1781754697682735079,5613.13,827.606,1.2083,1.14675,1.13446,0.029952,0.089248,0.015712,0.188544,0.811008,0.024085,1244819,1244819,415283,33.3609,1920,1080,raygs,triangles,1,off,0,on,-4
1781754697683909258,5614.3,827.869,1.20792,1.1488,1.13613,0.029952,0.089632,0.016384,0.18944,0.81072,0.023923,1244819,1244819,415283,33.3609,1920,1080,raygs,triangles,1,off,0,on,-4
1781754697685080466,5615.47,827.811,1.20801,1.14787,1.13584,0.030368,0.089536,0.016384,0.188704,0.810848,0.023971,1244819,1244819,415283,33.3609,1920,1080,raygs,triangles,1,off,0,on,-4
1781754697686258549,5616.65,827.915,1.20785,1.14694,1.13437,0.030112,0.088448,0.016384,0.188416,0.811008,0.02579,1244819,1244819,415283,33.3609,1920,1080,raygs,triangles,1,off,0,on,-4
1781754697687428417,5617.82,828.818,1.20654,1.14819,1.13456,0.030368,0.089664,0.01536,0.188416,0.810752,0.023764,1244819,1244819,415283,33.3609,1920,1080,raygs,triangles,1,off,0,on,-4
1781754697688829552,5619.22,828.769,1.20661,1.38096,1.3679,0.0296,0.089408,0.016384,0.421888,0.810624,0.024862,1244819,1244819,415283,33.3609,1920,1080,raygs,triangles,1,off,0,on,-4
1781754697690161052,5620.55,826.572,1.20982,1.28525,1.27136,0.030176,0.089216,0.015424,0.325632,0.810912,0.027741,1244819,1244819,415283,33.3609,1920,1080,raygs,triangles,1,off,0,on,-4
1781754697691332777,5621.72,824.409,1.21299,1.14992,1.13581,0.030048,0.09024,0.01552,0.18944,0.81056,0.024918,1244819,1244819,415283,33.3609,1920,1080,raygs,triangles,1,off,0,on,-4
1781754697692493802,5622.89,824.129,1.2134,1.14544,1.13168,0.029632,0.08944,0.016384,0.186368,0.809856,0.027418,1244819,1244819,415283,33.3609,1920,1080,raygs,triangles,1,off,0,on,-4
1781754697693659472,5624.05,824.834,1.21237,1.14672,1.13437,0.029888,0.089696,0.016384,0.187392,0.811008,0.023287,1244819,1244819,415283,33.3609,1920,1080,raygs,triangles,1,off,0,on,-4
1781754697694845162,5625.24,825.157,1.21189,1.14701,1.13395,0.030176,0.088992,0.016384,0.188416,0.809984,0.02476,1244819,1244819,415283,33.3609,1920,1080,raygs,triangles,1,off,0,on,-4
1781754697696016068,5626.41,827.352,1.20868,1.14797,1.13658,0.030464,0.089568,0.016384,0.18944,0.81072,0.024082,1244819,1244819,415283,33.3609,1920,1080,raygs,triangles,1,off,0,on,-4
1781754697697305685,5627.7,829.053,1.2062,1.1488,1.13645,0.030464,0.08944,0.016384,0.18944,0.81072,0.023953,1244819,1244819,415283,33.3609,1920,1080,raygs,triangles,1,off,0,on,-4
1781754697698485917,5628.88,827.567,1.20836,1.15133,1.14038,0.031424,0.09008,0.016384,0.191488,0.811008,0.025304,1244819,1244819,415283,33.3609,1920,1080,raygs,triangles,1,off,0,on,-4
1781754697699651007,5630.04,827.525,1.20842,1.14701,1.13507,0.030208,0.088992,0.016448,0.188416,0.811008,0.025197,1244819,1244819,415283,33.3609,1920,1080,raygs,triangles,1,off,0,on,-4
1781754697700842033,5631.23,827.725,1.20813,1.14813,1.13469,0.030336,0.089568,0.01536,0.188416,0.811008,0.026094,1244819,1244819,415283,33.3609,1920,1080,raygs,triangles,1,off,0,on,-4
1781754697702001329,5632.39,827.337,1.2087,1.14867,1.13478,0.029792,0.089824,0.015616,0.188608,0.810944,0.02415,1244819,1244819,415283,33.3609,1920,1080,raygs,triangles,1,off,0,on,-4
1781754697703173776,5633.57,827.956,1.20779,1.14906,1.13568,0.03024,0.089344,0.015648,0.190464,0.809984,0.023285,1244819,1244819,415283,33.3609,1920,1080,raygs,triangles,1,off,0,on,-4
1781754697704351469,5634.74,829.175,1.20602,1.14749,1.13626,0.030144,0.089504,0.016384,0.18944,0.810784,0.023913,1244819,1244819,415283,33.3609,1920,1080,raygs,triangles,1,off,0,on,-4
1781754697705753191,5636.14,828.773,1.2066,1.38522,1.37174,0.029792,0.0896,0.016384,0.42496,0.811008,0.023506,1244819,1244819,415283,33.3609,1920,1080,raygs,triangles,1,off,0,on,-4
1781754697707163797,5637.56,826.485,1.20994,1.28762,1.27418,0.030528,0.089504,0.015488,0.32768,0.810976,0.0411,1244819,1244819,415283,33.3609,1920,1080,raygs,triangles,1,off,0,on,-4
1781754697708245209,5638.64,823.847,1.21382,1.1463,1.13357,0.029472,0.090336,0.016384,0.187392,0.809984,0.015453,1244819,1244819,415283,33.3609,1920,1080,raygs,triangles,1,off,0,on,-4
1781754697709446321,5639.84,824.521,1.21283,1.14643,1.13139,0.029632,0.089312,0.01536,0.186368,0.81072,0.033362,1244819,1244819,415283,33.3609,1920,1080,raygs,triangles,1,off,0,on,-4
1781754697710585383,5640.98,824.345,1.21308,1.14803,1.13555,0.030208,0.089344,0.01536,0.189664,0.810976,0.019296,1244819,1244819,415283,33.3609,1920,1080,raygs,triangles,1,off,0,on,-4
1781754697711765125,5642.16,826.949,1.20926,1.14672,1.13555,0.030272,0.089504,0.016384,0.188416,0.810976,0.025367,1244819,1244819,415283,33.3609,1920,1080,raygs,triangles,1,off,0,on,-4
1781754697713058774,5643.45,828.11,1.20757,1.14832,1.13718,0.030496,0.089376,0.016384,0.190112,0.810816,0.024345,1244819,1244819,415283,33.3609,1920,1080,raygs,triangles,1,off,0,on,-4
1781754697714358885,5644.75,826.71,1.20961,1.14976,1.13731,0.03088,0.089696,0.016384,0.188416,0.811936,0.044619,1244819,1244819,415283,33.3609,1920,1080,raygs,triangles,1,off,0,on,-4
1781754697715577122,5645.97,825.312,1.21166,1.14947,1.13648,0.03056,0.090112,0.016384,0.188416,0.811008,0.030065,1244819,1244819,415283,33.3609,1920,1080,raygs,triangles,1,off,0,on,-4
1781754697716728444,5647.12,824.723,1.21253,1.14819,1.13485,0.030336,0.089632,0.015456,0.188416,0.811008,0.017989,1244819,1244819,415283,33.3609,1920,1080,raygs,triangles,1,off,0,on,-4
1781754697717920868,5648.31,825.097,1.21198,1.14717,1.1344,0.030336,0.089216,0.016256,0.187712,0.81088,0.03852,1244819,1244819,415283,33.3609,1920,1080,raygs,triangles,1,off,0,on,-4
1781754697719063578,5649.45,824.766,1.21247,1.14643,1.13443,0.030656,0.088992,0.016384,0.187392,0.811008,0.018587,1244819,1244819,415283,33.3609,1920,1080,raygs,triangles,1,off,0,on,-4
1781754697720243882,5650.64,824.951,1.21219,1.14771,1.13517,0.029888,0.089408,0.016384,0.18848,0.811008,0.026799,1244819,1244819,415283,33.3609,1920,1080,raygs,triangles,1,off,0,on,-4
1781754697721615558,5652.01,826.009,1.21064,1.1488,1.13709,0.02992,0.08976,0.016384,0.190464,0.81056,0.035183,1244819,1244819,415283,33.3609,1920,1080,raygs,triangles,1,off,0,on,-4
1781754697722888144,5653.28,824.312,1.21313,1.15274,1.14035,0.035296,0.090304,0.016384,0.18752,0.810848,0.020433,1244819,1244819,415283,33.3609,1920,1080,raygs,triangles,1,off,0,on,-4
1781754697724069518,5654.46,823.128,1.21488,1.14966,1.13622,0.031808,0.089632,0.01536,0.188416,0.811008,0.027199,1244819,1244819,415283,33.3609,1920,1080,raygs,triangles,1,off,0,on,-4
1781754697725259343,5655.65,822.804,1.21536,1.14595,1.13482,0.030144,0.089984,0.016384,0.187392,0.810912,0.036454,1244819,1244819,415283,33.3609,1920,1080,raygs,triangles,1,off,0,on,-4
1781754697726413577,5656.8,822.912,1.2152,1.14618,1.13322,0.030336,0.088896,0.016384,0.186624,0.810976,0.017649,1244819,1244819,415283,33.3609,1920,1080,raygs,triangles,1,off,0,on,-4
1781754697727584203,5657.98,823.306,1.21462,1.14749,1.13421,0.029632,0.088768,0.01536,0.18944,0.811008,0.030364,1244819,1244819,415283,33.3609,1920,1080,raygs,triangles,1,off,0,on,-4
1781754697728754830,5659.15,824.844,1.21235,1.14749,1.13312,0.030528,0.08896,0.01536,0.187392,0.81088,0.025731,1244819,1244819,415283,33.3609,1920,1080,raygs,triangles,1,off,0,on,-4
1781754697730119657,5660.51,827.264,1.2088,1.14803,1.13619,0.030176,0.089632,0.016384,0.18944,0.81056,0.04812,1244819,1244819,415283,33.3609,1920,1080,raygs,triangles,1,off,0,on,-4
1781754697731288219,5661.68,826.069,1.21055,1.14707,1.13619,0.030656,0.089536,0.016384,0.1888,0.810816,0.029136,1244819,1244819,415283,33.3609,1920,1080,raygs,triangles,1,off,0,on,-4
1781754697732414799,5662.81,826.037,1.2106,1.14848,1.13482,0.030656,0.089344,0.015392,0.188416,0.811008,0.026473,1244819,1244819,415283,33.3609,1920,1080,raygs,triangles,1,off,0,on,-4
1781754697733593669,5663.98,826.842,1.20942,1.1473,1.1337,0.029472,0.08944,0.01536,0.188416,0.811008,0.033371,1244819,1244819,415283,33.3609,1920,1080,raygs,triangles,1,off,0,on,-4
1781754697734752190,5665.14,826.782,1.20951,1.14918,1.13712,0.030304,0.089984,0.016384,0.18944,0.811008,0.024832,1244819,1244819,415283,33.3609,1920,1080,raygs,triangles,1,off,0,on,-4
1781754697735969937,5666.36,827.017,1.20917,1.14717,1.1344,0.030368,0.089184,0.016448,0.188416,0.809984,0.047721,1244819,1244819,415283,33.3609,1920,1080,raygs,triangles,1,off,0,on,-4
1781754697737080746,5667.47,827.824,1.20799,1.14669,1.13398,0.029824,0.089376,0.016384,0.187392,0.811008,0.015969,1244819,1244819,415283,33.3609,1920,1080,raygs,triangles,1,off,0,on,-4
1781754697738491273,5668.88,828.282,1.20732,1.35898,1.3448,0.030144,0.088928,0.01536,0.39936,0.811008,0.036823,1244819,1244819,415283,33.3609,1920,1080,raygs,triangles,1,off,0,on,-4
1781754697739857671,5670.25,825.892,1.21081,1.35968,1.34637,0.029856,0.0896,0.01536,0.40064,0.810912,0.020085,1244819,1244819,415283,33.3609,1920,1080,raygs,triangles,1,off,0,on,-4
1781754697741052426,5671.44,823.483,1.21435,1.1463,1.13514,0.030496,0.090176,0.016384,0.187392,0.810688,0.038263,1244819,1244819,415283,33.3609,1920,1080,raygs,triangles,1,off,0,on,-4
1781754697742201311,5672.59,823.164,1.21482,1.14861,1.13507,0.029728,0.08976,0.016384,0.188416,0.810784,0.021274,1244819,1244819,415283,33.3609,1920,1080,raygs,triangles,1,off,0,on,-4
1781754697743398982,5673.79,823.45,1.2144,1.14749,1.13494,0.029664,0.089472,0.016384,0.18944,0.809984,0.037503,1244819,1244819,415283,33.3609,1920,1080,raygs,triangles,1,off,0,on,-4
1781754697744563683,5674.95,823.448,1.21441,1.16986,1.1584,0.030144,0.089312,0.016384,0.211968,0.810592,0.017912,1244819,1244819,415283,33.3609,1920,1080,raygs,triangles,1,off,0,on,-4
1781754697745781515,5676.17,826.162,1.21042,1.14659,1.1337,0.029792,0.089536,0.016256,0.187392,0.81072,0.042728,1244819,1244819,415283,33.3609,1920,1080,raygs,triangles,1,off,0,on,-4
1781754697747029357,5677.42,827.259,1.20881,1.14637,1.13248,0.030592,0.089152,0.01536,0.187392,0.809984,0.016006,1244819,1244819,415283,33.3609,1920,1080,raygs,triangles,1,off,0,on,-4
1781754697748220679,5678.61,826.151,1.21043,1.14883,1.13686,0.031008,0.089888,0.016384,0.1888,0.810784,0.039003,1244819,1244819,415283,33.3609,1920,1080,raygs,triangles,1,off,0,on,-4
1781754697749377672,5679.77,826.113,1.21049,1.14755,1.13523,0.029728,0.089696,0.016384,0.188416,0.811008,0.020026,1244819,1244819,415283,33.3609,1920,1080,raygs,triangles,1,off,0,on,-4
1781754697750567691,5680.96,826.187,1.21038,1.14864,1.13616,0.029792,0.089472,0.016288,0.1896,0.811008,0.035625,1244819,1244819,415283,33.3609,1920,1080,raygs,triangles,1,off,0,on,-4
1781754697751745365,5682.14,826.11,1.21049,1.14714,1.13475,0.030208,0.08976,0.016384,0.188416,0.809984,0.032901,1244819,1244819,415283,33.3609,1920,1080,raygs,triangles,1,off,0,on,-4
1781754697752889969,5683.28,825.712,1.21108,1.14874,1.13494,0.030272,0.089888,0.01536,0.18944,0.809984,0.018863,1244819,1244819,415283,33.3609,1920,1080,raygs,triangles,1,off,0,on,-4
1781754697754070242,5684.46,827.229,1.20885,1.14746,1.13424,0.029568,0.089664,0.015584,0.18944,0.809984,0.026778,1244819,1244819,415283,33.3609,1920,1080,raygs,triangles,1,off,0,on,-4
1781754697755500922,5685.89,827.524,1.20842,1.38918,1.37661,0.029696,0.08944,0.016384,0.43008,0.811008,0.033021,1244819,1244819,415283,33.3609,1920,1080,raygs,triangles,1,off,0,on,-4
1781754697756871677,5687.26,824.439,1.21295,1.28896,1.27638,0.029792,0.089472,0.016384,0.329728,0.811008,0.040527,1244819,1244819,415283,33.3609,1920,1080,raygs,triangles,1,off,0,on,-4
1781754697757971278,5688.36,822.072,1.21644,1.14986,1.13526,0.02992,0.089536,0.01536,0.190464,0.809984,0.018945,1244819,1244819,415283,33.3609,1920,1080,raygs,triangles,1,off,0,on,-4
1781754697759179939,5689.57,822.739,1.21545,1.14576,1.13306,0.029952,0.088608,0.016384,0.187392,0.81072,0.040294,1244819,1244819,415283,33.3609,1920,1080,raygs,triangles,1,off,0,on,-4
1781754697760318728,5690.71,822.978,1.2151,1.14749,1.13546,0.030272,0.089376,0.016384,0.18944,0.809984,0.017529,1244819,1244819,415283,33.3609,1920,1080,raygs,triangles,1,off,0,on,-4
1781754697761488852,5691.88,822.863,1.21527,1.14646,1.13546,0.030656,0.090016,0.016384,0.187392,0.811008,0.026738,1244819,1244819,415283,33.3609,1920,1080,raygs,triangles,1,off,0,on,-4
1781754697762662133,5693.05,825.496,1.21139,1.14832,1.13466,0.030464,0.089088,0.01568,0.18944,0.809984,0.029349,1244819,1244819,415283,33.3609,1920,1080,raygs,triangles,1,off,0,on,-4
1781754697763947592,5694.34,827.662,1.20822,1.14771,1.13664,0.0304,0.08944,0.016352,0.18944,0.811008,0.026508,1244819,1244819,415283,33.3609,1920,1080,raygs,triangles,1,off,0,on,-4
1781754697765126130,5695.52,826.301,1.21021,1.14934,1.1375,0.031488,0.089248,0.016384,0.18944,0.810944,0.02638,1244819,1244819,415283,33.3609,1920,1080,raygs,triangles,1,off,0,on,-4
1781754697766344491,5696.74,826.072,1.21055,1.14938,1.1384,0.030496,0.090016,0.016384,0.190496,0.811008,0.037768,1244819,1244819,415283,33.3609,1920,1080,raygs,triangles,1,off,0,on,-4
1781754697767463351,5697.85,825.455,1.21145,1.14643,1.1351,0.0296,0.08976,0.016384,0.188416,0.810944,0.016598,1244819,1244819,415283,33.3609,1920,1080,raygs,triangles,1,off,0,on,-4
1781754697768646654,5699.04,826.167,1.21041,1.14755,1.13386,0.030464,0.089472,0.01552,0.188416,0.809984,0.028323,1244819,1244819,415283,33.3609,1920,1080,raygs,triangles,1,off,0,on,-4
1781754697769843779,5700.24,826.096,1.21051,1.15088,1.13773,0.03024,0.088608,0.016384,0.191488,0.811008,0.039027,1244819,1244819,415283,33.3609,1920,1080,raygs,triangles,1,off,0,on,-4
1781754697770987304,5701.38,827.199,1.2089,1.1463,1.13347,0.029504,0.089184,0.016384,0.188416,0.809984,0.022025,1244819,1244819,415283,33.3609,1920,1080,raygs,triangles,1,off,0,on,-4
1781754697772432649,5702.82,827.531,1.20841,1.38435,1.37158,0.030272,0.08896,0.01536,0.425984,0.811008,0.040507,1244819,1244819,415283,33.3609,1920,1080,raygs,triangles,1,off,0,on,-4
1781754697773707212,5704.1,824.588,1.21273,1.28509,1.27344,0.030048,0.089408,0.016384,0.326656,0.810944,0.01516,1244819,1244819,415283,33.3609,1920,1080,raygs,triangles,1,off,0,on,-4
1781754697774885688,5705.28,823.38,1.21451,1.14835,1.13677,0.030496,0.089856,0.016384,0.18944,0.810592,0.025826,1244819,1244819,415283,33.3609,1920,1080,raygs,triangles,1,off,0,on,-4
1781754697776084057,5706.48,822.954,1.21513,1.14864,1.13494,0.029792,0.0896,0.016128,0.18944,0.809984,0.03589,1244819,1244819,415283,33.3609,1920,1080,raygs,triangles,1,off,0,on,-4
1781754697777231851,5707.62,822.849,1.21529,1.14605,1.13414,0.03024,0.090144,0.016384,0.187392,0.809984,0.022371,1244819,1244819,415283,33.3609,1920,1080,raygs,triangles,1,off,0,on,-4
1781754697778426166,5708.82,823.295,1.21463,1.14739,1.13491,0.030592,0.089632,0.01536,0.188512,0.810816,0.036314,1244819,1244819,415283,33.3609,1920,1080,raygs,triangles,1,off,0,on,-4
1781754697779573073,5709.96,825.499,1.21139,1.14637,1.13382,0.030592,0.089344,0.015488,0.187392,0.811008,0.018557,1244819,1244819,415283,33.3609,1920,1080,raygs,triangles,1,off,0,on,-4
1781754697780865654,5711.26,828.473,1.20704,1.14486,1.13213,0.030176,0.088896,0.015584,0.186688,0.810784,0.027356,1244819,1244819,415283,33.3609,1920,1080,raygs,triangles,1,off,0,on,-4
1781754697782039044,5712.43,826.216,1.21034,1.14934,1.13664,0.030496,0.089472,0.016384,0.18944,0.810848,0.026094,1244819,1244819,415283,33.3609,1920,1080,raygs,triangles,1,off,0,on,-4
1781754697783241436,5713.63,826.449,1.21,1.14768,1.13366,0.029824,0.089216,0.016224,0.188416,0.809984,0.039099,1244819,1244819,415283,33.3609,1920,1080,raygs,triangles,1,off,0,on,-4
1781754697784383536,5714.77,825.675,1.21113,1.14669,1.13322,0.03056,0.089376,0.016192,0.186368,0.81072,0.020614,1244819,1244819,415283,33.3609,1920,1080,raygs,triangles,1,off,0,on,-4
1781754697785557247,5715.95,826.199,1.21036,1.14826,1.13546,0.029248,0.089248,0.016384,0.189664,0.810912,0.025581,1244819,1244819,415283,33.3609,1920,1080,raygs,triangles,1,off,0,on,-4
1781754697786727959,5717.12,827.678,1.2082,1.1463,1.13437,0.030496,0.089088,0.016384,0.188416,0.809984,0.025945,1244819,1244819,415283,33.3609,1920,1080,raygs,triangles,1,off,0,on,-4
1781754697788122831,5718.51,829.005,1.20626,1.14992,1.13824,0.030432,0.089376,0.016384,0.191488,0.81056,0.026363,1244819,1244819,415283,33.3609,1920,1080,raygs,triangles,1,off,0,on,-4
1781754697789478650,5719.87,826.984,1.20921,1.15117,1.13997,0.035392,0.089792,0.016384,0.187392,0.811008,0.040679,1244819,1244819,415283,33.3609,1920,1080,raygs,triangles,1,off,0,on,-4
1781754697790598608,5720.99,824.921,1.21224,1.14934,1.13837,0.031744,0.089792,0.016384,0.18944,0.811008,0.017542,1244819,1244819,415283,33.3609,1920,1080,raygs,triangles,1,off,0,on,-4
1781754697791768324,5722.16,825.477,1.21142,1.14678,1.13635,0.030176,0.089728,0.016384,0.188416,0.811648,0.028338,1244819,1244819,415283,33.3609,1920,1080,raygs,triangles,1,off,0,on,-4
1781754697792935419,5723.33,825.372,1.21157,1.1473,1.13309,0.030112,0.08928,0.01536,0.188416,0.80992,0.025463,1244819,1244819,415283,33.3609,1920,1080,raygs,triangles,1,off,0,on,-4
1781754697794103529,5724.49,825.441,1.21147,1.14749,1.13549,0.03024,0.08944,0.016384,0.188416,0.811008,0.025059,1244819,1244819,415283,33.3609,1920,1080,raygs,triangles,1,off,0,on,-4
1781754697795277160,5725.67,827.607,1.2083,1.14528,1.13392,0.029984,0.089152,0.016384,0.187392,0.811008,0.024762,1244819,1244819,415283,33.3609,1920,1080,raygs,triangles,1,off,0,on,-4
1781754697796496420,5726.89,828.906,1.20641,1.14746,1.13482,0.0296,0.08944,0.016384,0.18864,0.810752,0.040037,1244819,1244819,415283,33.3609,1920,1080,raygs,triangles,1,off,0,on,-4
1781754697797749120,5728.14,828.671,1.20675,1.2768,1.26355,0.030944,0.089152,0.01536,0.31744,0.810656,0.016371,1244819,1244819,415283,33.3609,1920,1080,raygs,triangles,1,off,0,on,-4
1781754697798927300,5729.32,827.493,1.20847,1.14851,1.13552,0.030336,0.089312,0.016384,0.188768,0.81072,0.026043,1244819,1244819,415283,33.3609,1920,1080,raygs,triangles,1,off,0,on,-4
1781754697800093033,5730.48,827.415,1.20858,1.14803,1.13562,0.030144,0.090624,0.016384,0.18784,0.810624,0.025514,1244819,1244819,415283,33.3609,1920,1080,raygs,triangles,1,off,0,on,-4
1781754697801273428,5731.66,827.4,1.20861,1.14749,1.13651,0.030688,0.088992,0.016384,0.190464,0.809984,0.026401,1244819,1244819,415283,33.3609,1920,1080,raygs,triangles,1,off,0,on,-4
1781754697802448006,5732.84,827.303,1.20875,1.14701,1.13395,0.030688,0.089536,0.016192,0.18768,0.809856,0.026366,1244819,1244819,415283,33.3609,1920,1080,raygs,triangles,1,off,0,on,-4
1781754697803612102,5734,829.492,1.20556,1.14749,1.13469,0.029632,0.08928,0.016384,0.188416,0.810976,0.026148,1244819,1244819,415283,33.3609,1920,1080,raygs,triangles,1,off,0,on,-4
1781754697804987622,5735.38,829.453,1.20561,1.14512,1.13322,0.030368,0.089088,0.016384,0.187392,0.809984,0.024516,1244819,1244819,415283,33.3609,1920,1080,raygs,triangles,1,off,0,on,-4
1781754697806281628,5736.67,826.627,1.20974,1.14998,1.13763,0.03488,0.089312,0.016288,0.186368,0.810784,0.024493,1244819,1244819,415283,33.3609,1920,1080,raygs,triangles,1,off,0,on,-4
1781754697807460100,5737.85,825.598,1.21124,1.1511,1.13888,0.031872,0.090176,0.016384,0.190464,0.809984,0.025027,1244819,1244819,415283,33.3609,1920,1080,raygs,triangles,1,off,0,on,-4
1781754697808629804,5739.02,825.058,1.21204,1.14646,1.13328,0.03008,0.088416,0.016384,0.188416,0.809984,0.025654,1244819,1244819,415283,33.3609,1920,1080,raygs,triangles,1,off,0,on,-4
1781754697809818190,5740.21,825.707,1.21108,1.14771,1.13552,0.03024,0.089472,0.016384,0.188416,0.811008,0.025796,1244819,1244819,415283,33.3609,1920,1080,raygs,triangles,1,off,0,on,-4
1781754697811026552,5741.42,824.931,1.21222,1.14851,1.13427,0.0296,0.088864,0.01536,0.18944,0.811008,0.039522,1244819,1244819,415283,33.3609,1920,1080,raygs,triangles,1,off,0,on,-4
1781754697812192101,5742.58,827.301,1.20875,1.14803,1.13382,0.030208,0.088832,0.01536,0.18944,0.809984,0.026415,1244819,1244819,415283,33.3609,1920,1080,raygs,triangles,1,off,0,on,-4
1781754697813531725,5743.92,829.635,1.20535,1.1473,1.13542,0.030496,0.08912,0.016384,0.18944,0.809984,0.034975,1244819,1244819,415283,33.3609,1920,1080,raygs,triangles,1,off,0,on,-4
1781754697814655373,5745.05,827.836,1.20797,1.14896,1.13786,0.031104,0.08992,0.016384,0.18944,0.811008,0.028954,1244819,1244819,415283,33.3609,1920,1080,raygs,triangles,1,off,0,on,-4
1781754697815814384,5746.21,828.343,1.20723,1.14694,1.13363,0.030112,0.089472,0.015648,0.188416,0.809984,0.020942,1244819,1244819,415283,33.3609,1920,1080,raygs,triangles,1,off,0,on,-4
1781754697816990510,5747.38,828.442,1.20709,1.1481,1.13683,0.03024,0.089856,0.016384,0.18944,0.810912,0.02792,1244819,1244819,415283,33.3609,1920,1080,raygs,triangles,1,off,0,on,-4
1781754697818223970,5748.62,828.341,1.20723,1.14778,1.13555,0.029952,0.088768,0.016384,0.18944,0.811008,0.054218,1244819,1244819,415283,33.3609,1920,1080,raygs,triangles,1,off,0,on,-4
1781754697819468316,5749.86,828.131,1.20754,1.14614,1.13306,0.030432,0.088864,0.01536,0.188416,0.809984,0.026234,1244819,1244819,415283,33.3609,1920,1080,raygs,triangles,1,off,0,on,-4
1781754697820802147,5751.19,828.353,1.20722,1.15149,1.13891,0.03056,0.089472,0.016384,0.18944,0.813056,0.020367,1244819,1244819,415283,33.3609,1920,1080,raygs,triangles,1,off,0,on,-4
1781754697822105865,5752.5,826.591,1.20979,1.15261,1.13971,0.034944,0.089856,0.016384,0.187552,0.810976,0.027253,1244819,1244819,415283,33.3609,1920,1080,raygs,triangles,1,off,0,on,-4
1781754697823315381,5753.71,825.053,1.21204,1.14749,1.13584,0.03168,0.089728,0.01632,0.187392,0.81072,0.047145,1244819,1244819,415283,33.3609,1920,1080,raygs,triangles,1,off,0,on,-4
1781754697824480204,5754.87,824.781,1.21244,1.14646,1.1328,0.0296,0.08944,0.016384,0.187392,0.809984,0.030482,1244819,1244819,415283,33.3609,1920,1080,raygs,triangles,1,off,0,on,-4
1781754697825612615,5756,824.947,1.2122,1.14614,1.13318,0.030336,0.089344,0.016384,0.186368,0.810752,0.01704,1244819,1244819,415283,33.3609,1920,1080,raygs,triangles,1,off,0,on,-4
1781754697826841756,5757.23,825.062,1.21203,1.14698,1.13306,0.030336,0.088832,0.015584,0.187392,0.810912,0.041185,1244819,1244819,415283,33.3609,1920,1080,raygs,triangles,1,off,0,on,-4
1781754697827976249,5758.37,824.679,1.21259,1.16592,1.15424,0.029664,0.089344,0.016352,0.208896,0.809984,0.016477,1244819,1244819,415283,33.3609,1920,1080,raygs,triangles,1,off,0,on,-4
1781754697829184782,5759.58,827.713,1.20815,1.14819,1.13424,0.030336,0.088928,0.01536,0.188864,0.810752,0.036428,1244819,1244819,415283,33.3609,1920,1080,raygs,triangles,1,off,0,on,-4
1781754697830483470,5760.87,829.825,1.20507,1.28061,1.26611,0.03056,0.088896,0.01536,0.320512,0.810784,0.028196,1244819,1244819,415283,33.3609,1920,1080,raygs,triangles,1,off,0,on,-4
1781754697831627386,5762.02,827.805,1.20801,1.14518,1.13312,0.030304,0.08912,0.01632,0.186368,0.811008,0.018525,1244819,1244819,415283,33.3609,1920,1080,raygs,triangles,1,off,0,on,-4
1781754697832800182,5763.19,828.003,1.20773,1.14941,1.13693,0.030592,0.089504,0.016384,0.190464,0.809984,0.025643,1244819,1244819,415283,33.3609,1920,1080,raygs,triangles,1,off,0,on,-4
1781754697833975088,5764.37,827.808,1.20801,1.14835,1.13491,0.030496,0.089408,0.015584,0.188416,0.811008,0.025024,1244819,1244819,415283,33.3609,1920,1080,raygs,triangles,1,off,0,on,-4
1781754697835142438,5765.53,827.781,1.20805,1.14742,1.13424,0.030592,0.088864,0.01536,0.188416,0.811008,0.024464,1244819,1244819,415283,33.3609,1920,1080,raygs,triangles,1,off,0,on,-4
1781754697836315972,5766.71,828.065,1.20763,1.14733,1.13475,0.029472,0.089472,0.016384,0.188416,0.811008,0.024485,1244819,1244819,415283,33.3609,1920,1080,raygs,triangles,1,off,0,on,-4
1781754697837500539,5767.89,829.382,1.20572,1.14982,1.13715,0.02992,0.089504,0.016256,0.190464,0.811008,0.026594,1244819,1244819,415283,33.3609,1920,1080,raygs,triangles,1,off,0,on,-4
1781754697838899839,5769.29,829.056,1.20619,1.14669,1.13283,0.029856,0.089664,0.01536,0.187392,0.81056,0.025609,1244819,1244819,415283,33.3609,1920,1080,raygs,triangles,1,off,0,on,-4
1781754697840182024,5770.57,826.746,1.20956,1.15072,1.13757,0.035968,0.089312,0.016224,0.185344,0.81072,0.024413,1244819,1244819,415283,33.3609,1920,1080,raygs,triangles,1,off,0,on,-4
1781754697841358854,5771.75,825.128,1.21193,1.14717,1.13293,0.03136,0.088768,0.01536,0.18752,0.80992,0.025012,1244819,1244819,415283,33.3609,1920,1080,raygs,triangles,1,off,0,on,-4
1781754697842525979,5772.92,825.234,1.21178,1.14643,1.1327,0.029632,0.089408,0.016288,0.187392,0.809984,0.024035,1244819,1244819,415283,33.3609,1920,1080,raygs,triangles,1,off,0,on,-4
1781754697843697152,5774.09,825.432,1.21149,1.14787,1.1345,0.030016,0.088672,0.016384,0.18944,0.809984,0.024302,1244819,1244819,415283,33.3609,1920,1080,raygs,triangles,1,off,0,on,-4
1781754697844879076,5775.27,825.479,1.21142,1.14778,1.13382,0.029952,0.089888,0.015584,0.188416,0.809984,0.025193,1244819,1244819,415283,33.3609,1920,1080,raygs,triangles,1,off,0,on,-4
1781754697846054897,5776.45,828.066,1.20763,1.148,1.13334,0.030176,0.088608,0.01536,0.188416,0.810784,0.027088,1244819,1244819,415283,33.3609,1920,1080,raygs,triangles,1,off,0,on,-4
1781754697847357393,5777.75,829.353,1.20576,1.14874,1.13523,0.029792,0.089632,0.016384,0.18944,0.809984,0.026457,1244819,1244819,415283,33.3609,1920,1080,raygs,triangles,1,off,0,on,-4
1781754697848513862,5778.91,827.888,1.20789,1.14938,1.13747,0.03152,0.08912,0.016384,0.18944,0.811008,0.02509,1244819,1244819,415283,33.3609,1920,1080,raygs,triangles,1,off,0,on,-4
1781754697849684409,5780.08,828.198,1.20744,1.14723,1.1352,0.029408,0.089376,0.016384,0.188416,0.811616,0.025631,1244819,1244819,415283,33.3609,1920,1080,raygs,triangles,1,off,0,on,-4
1781754697850859400,5781.25,828.409,1.20713,1.14922,1.13821,0.0304,0.089952,0.016384,0.190464,0.811008,0.024843,1244819,1244819,415283,33.3609,1920,1080,raygs,triangles,1,off,0,on,-4
1781754697852036348,5782.43,828.463,1.20705,1.14717,1.13488,0.030336,0.088832,0.016384,0.188416,0.810912,0.02428,1244819,1244819,415283,33.3609,1920,1080,raygs,triangles,1,off,0,on,-4
1781754697853210960,5783.6,828.3,1.20729,1.14749,1.13571,0.029632,0.0896,0.016384,0.18944,0.810656,0.027754,1244819,1244819,415283,33.3609,1920,1080,raygs,triangles,1,off,0,on,-4
1781754697854391914,5784.78,829.356,1.20575,1.14566,1.13363,0.030176,0.088672,0.016384,0.188416,0.809984,0.024519,1244819,1244819,415283,33.3609,1920,1080,raygs,triangles,1,off,0,on,-4
1781754697855792081,5786.18,829.256,1.2059,1.38253,1.3703,0.030208,0.089696,0.016384,0.423136,0.81088,0.024397,1244819,1244819,415283,33.3609,1920,1080,raygs,triangles,1,off,0,on,-4
1781754697857098608,5787.49,826.856,1.2094,1.28499,1.27171,0.029952,0.088736,0.016384,0.326656,0.809984,0.023779,1244819,1244819,415283,33.3609,1920,1080,raygs,triangles,1,off,0,on,-4
1781754697858271937,5788.66,825.409,1.21152,1.14819,1.13642,0.029312,0.090272,0.016384,0.18944,0.811008,0.023633,1244819,1244819,415283,33.3609,1920,1080,raygs,triangles,1,off,0,on,-4
1781754697859445694,5789.84,825.125,1.21194,1.14595,1.13434,0.030176,0.089696,0.01536,0.188416,0.810688,0.023829,1244819,1244819,415283,33.3609,1920,1080,raygs,triangles,1,off,0,on,-4
1781754697860612609,5791,825.059,1.21203,1.14749,1.1353,0.030656,0.089856,0.016384,0.187616,0.810784,0.024529,1244819,1244819,415283,33.3609,1920,1080,raygs,triangles,1,off,0,on,-4
1781754697861791607,5792.18,827.954,1.2078,1.14762,1.13373,0.030816,0.089152,0.01536,0.188416,0.809984,0.023558,1244819,1244819,415283,33.3609,1920,1080,raygs,triangles,1,off,0,on,-4
1781754697862972609,5793.36,829.518,1.20552,1.14758,1.13363,0.029728,0.089472,0.016384,0.187392,0.810656,0.028515,1244819,1244819,415283,33.3609,1920,1080,raygs,triangles,1,off,0,on,-4
1781754697864252666,5794.64,829.076,1.20616,1.14646,1.1337,0.029664,0.089504,0.01632,0.187392,0.810816,0.023653,1244819,1244819,415283,33.3609,1920,1080,raygs,triangles,1,off,0,on,-4
1781754697865422493,5795.81,827.753,1.20809,1.15021,1.13728,0.031328,0.08912,0.01536,0.190464,0.811008,0.024268,1244819,1244819,415283,33.3609,1920,1080,raygs,triangles,1,off,0,on,-4
1781754697866600814,5796.99,828.029,1.20769,1.14778,1.13469,0.030304,0.088576,0.016384,0.18944,0.809984,0.024917,1244819,1244819,415283,33.3609,1920,1080,raygs,triangles,1,off,0,on,-4
1781754697867773791,5798.17,827.878,1.20791,1.14669,1.1345,0.030112,0.0896,0.016384,0.188416,0.809984,0.02392,1244819,1244819,415283,33.3609,1920,1080,raygs,triangles,1,off,0,on,-4
1781754697868939637,5799.33,827.603,1.20831,1.1479,1.13664,0.029984,0.089824,0.016384,0.18944,0.811008,0.024045,1244819,1244819,415283,33.3609,1920,1080,raygs,triangles,1,off,0,on,-4
1781754697870125791,5800.52,828.334,1.20724,1.1488,1.13491,0.029952,0.089152,0.016384,0.18944,0.809984,0.025454,1244819,1244819,415283,33.3609,1920,1080,raygs,triangles,1,off,0,on,-4
1781754697871513309,5801.9,829.066,1.20618,1.15072,1.14038,0.030144,0.089632,0.016384,0.192512,0.811712,0.023982,1244819,1244819,415283,33.3609,1920,1080,raygs,triangles,1,off,0,on,-4
1781754697872810566,5803.2,826.835,1.20943,1.15197,1.13837,0.035168,0.08944,0.016384,0.186368,0.811008,0.024999,1244819,1244819,415283,33.3609,1920,1080,raygs,triangles,1,off,0,on,-4
1781754697873994447,5804.39,825.502,1.21138,1.14765,1.13501,0.030752,0.089856,0.01536,0.188416,0.810624,0.025728,1244819,1244819,415283,33.3609,1920,1080,raygs,triangles,1,off,0,on,-4
1781754697875160475,5805.55,825.104,1.21197,1.14582,1.13386,0.03024,0.089696,0.016384,0.186528,0.811008,0.024788,1244819,1244819,415283,33.3609,1920,1080,raygs,triangles,1,off,0,on,-4
1781754697876331988,5806.72,825.364,1.21159,1.14749,1.13459,0.029632,0.08992,0.015616,0.188416,0.811008,0.024455,1244819,1244819,415283,33.3609,1920,1080,raygs,triangles,1,off,0,on,-4
1781754697877501103,5807.89,824.687,1.21258,1.1472,1.13517,0.03056,0.089824,0.016384,0.187392,0.811008,0.023842,1244819,1244819,415283,33.3609,1920,1080,raygs,triangles,1,off,0,on,-4
1781754697878673101,5809.06,827.71,1.20815,1.14746,1.13309,0.029632,0.0896,0.015584,0.187392,0.81088,0.02361,1244819,1244819,415283,33.3609,1920,1080,raygs,triangles,1,off,0,on,-4
1781754697879853617,5810.24,828.826,1.20653,1.14778,1.13658,0.029952,0.089632,0.016384,0.18976,0.810848,0.023707,1244819,1244819,415283,33.3609,1920,1080,raygs,triangles,1,off,0,on,-4
1781754697881158026,5811.55,828.869,1.20646,1.2791,1.26656,0.030176,0.089216,0.015584,0.320576,0.811008,0.023967,1244819,1244819,415283,33.3609,1920,1080,raygs,triangles,1,off,0,on,-4
1781754697882333150,5812.72,827.311,1.20874,1.1463,1.13501,0.030496,0.089856,0.016288,0.187392,0.810976,0.023602,1244819,1244819,415283,33.3609,1920,1080,raygs,triangles,1,off,0,on,-4
1781754697883509898,5813.9,827.383,1.20863,1.152,1.13885,0.030944,0.091104,0.016352,0.190464,0.809984,0.025206,1244819,1244819,415283,33.3609,1920,1080,raygs,triangles,1,off,0,on,-4
1781754697884688690,5815.08,827.533,1.20841,1.14938,1.13722,0.030432,0.089952,0.016384,0.18944,0.811008,0.024775,1244819,1244819,415283,33.3609,1920,1080,raygs,triangles,1,off,0,on,-4
1781754697885866846,5816.26,827.46,1.20852,1.14637,1.13251,0.029536,0.089216,0.01536,0.187392,0.811008,0.027492,1244819,1244819,415283,33.3609,1920,1080,raygs,triangles,1,off,0,on,-4
1781754697887038227,5817.43,829.377,1.20572,1.14931,1.13626,0.030432,0.089952,0.015424,0.18944,0.811008,0.024791,1244819,1244819,415283,33.3609,1920,1080,raygs,triangles,1,off,0,on,-4
1781754697888393930,5818.79,828.778,1.2066,1.1465,1.13347,0.030688,0.089024,0.01536,0.188416,0.809984,0.02465,1244819,1244819,415283,33.3609,1920,1080,raygs,triangles,1,off,0,on,-4
1781754697889706642,5820.1,826.634,1.20973,1.15158,1.13805,0.034784,0.08976,0.016384,0.186368,0.810752,0.025996,1244819,1244819,415283,33.3609,1920,1080,raygs,triangles,1,off,0,on,-4
1781754697890884127,5821.28,825.307,1.21167,1.14739,1.13642,0.031584,0.090048,0.016384,0.187392,0.811008,0.032204,1244819,1244819,415283,33.3609,1920,1080,raygs,triangles,1,off,0,on,-4
1781754697892037309,5822.43,825.762,1.211,1.14787,1.13514,0.029984,0.089312,0.016384,0.1888,0.810656,0.025107,1244819,1244819,415283,33.3609,1920,1080,raygs,triangles,1,off,0,on,-4
1781754697893224270,5823.62,826.77,1.20953,1.14707,1.13462,0.030208,0.089632,0.016384,0.188416,0.809984,0.027209,1244819,1244819,415283,33.3609,1920,1080,raygs,triangles,1,off,0,on,-4
1781754697894399369,5824.79,828.543,1.20694,1.14835,1.13466,0.030496,0.089376,0.01536,0.188416,0.811008,0.026888,1244819,1244819,415283,33.3609,1920,1080,raygs,triangles,1,off,0,on,-4
1781754697895564721,5825.96,829.865,1.20502,1.14851,1.13754,0.030624,0.08912,0.016384,0.190464,0.810944,0.028751,1244819,1244819,415283,33.3609,1920,1080,raygs,triangles,1,off,0,on,-4
1781754697896880631,5827.27,830.293,1.20439,1.14749,1.13456,0.0296,0.089504,0.016384,0.18944,0.809632,0.034502,1244819,1244819,415283,33.3609,1920,1080,raygs,triangles,1,off,0,on,-4
1781754697898034374,5828.43,828.732,1.20666,1.14966,1.13571,0.030784,0.089088,0.01536,0.189472,0.811008,0.021467,1244819,1244819,415283,33.3609,1920,1080,raygs,triangles,1,off,0,on,-4
1781754697899211983,5829.6,828.388,1.20716,1.14858,1.13549,0.0304,0.08928,0.016384,0.18944,0.809984,0.029614,1244819,1244819,415283,33.3609,1920,1080,raygs,triangles,1,off,0,on,-4
1781754697900583485,5830.97,828.838,1.20651,1.14557,1.13242,0.030112,0.088544,0.01536,0.188416,0.809984,0.042564,1244819,1244819,415283,33.3609,1920,1080,raygs,triangles,1,off,0,on,-4
1781754697901695476,5832.09,826.471,1.20996,1.1489,1.13741,0.031008,0.089984,0.016384,0.18944,0.810592,0.017448,1244819,1244819,415283,33.3609,1920,1080,raygs,triangles,1,off,0,on,-4
1781754697902878590,5833.27,827.41,1.20859,1.14883,1.13584,0.029952,0.089152,0.016384,0.18944,0.810912,0.035519,1244819,1244819,415283,33.3609,1920,1080,raygs,triangles,1,off,0,on,-4
1781754697904078349,5834.47,828.724,1.20667,1.14598,1.13344,0.03024,0.0888,0.015424,0.188416,0.81056,0.03093,1244819,1244819,415283,33.3609,1920,1080,raygs,triangles,1,off,0,on,-4
1781754697905355619,5835.75,828.325,1.20726,1.14598,1.13363,0.030208,0.089504,0.015712,0.187392,0.810816,0.014834,1244819,1244819,415283,33.3609,1920,1080,raygs,triangles,1,off,0,on,-4
1781754697906661951,5837.05,827.225,1.20886,1.15158,1.13805,0.034752,0.089536,0.01536,0.188416,0.809984,0.026228,1244819,1244819,415283,33.3609,1920,1080,raygs,triangles,1,off,0,on,-4
1781754697907832328,5838.22,825.346,1.21161,1.14998,1.1385,0.031872,0.089184,0.016384,0.190464,0.810592,0.024092,1244819,1244819,415283,33.3609,1920,1080,raygs,triangles,1,off,0,on,-4
1781754697909001354,5839.39,825.416,1.21151,1.14656,1.13331,0.030144,0.089504,0.016224,0.187776,0.809664,0.023487,1244819,1244819,415283,33.3609,1920,1080,raygs,triangles,1,off,0,on,-4
1781754697910177254,5840.57,825.473,1.21143,1.14758,1.13389,0.030688,0.089088,0.015712,0.188416,0.809984,0.024775,1244819,1244819,415283,33.3609,1920,1080,raygs,triangles,1,off,0,on,-4
1781754697911376249,5841.77,825.439,1.21148,1.16653,1.15357,0.030272,0.089056,0.016384,0.207872,0.809984,0.023732,1244819,1244819,415283,33.3609,1920,1080,raygs,triangles,1,off,0,on,-4
1781754697912539917,5842.93,827.939,1.20782,1.14621,1.13411,0.030432,0.089056,0.016224,0.187392,0.811008,0.023641,1244819,1244819,415283,33.3609,1920,1080,raygs,triangles,1,off,0,on,-4
1781754697913832052,5844.22,829.542,1.20548,1.1464,1.13328,0.030592,0.088928,0.01536,0.188416,0.809984,0.023262,1244819,1244819,415283,33.3609,1920,1080,raygs,triangles,1,off,0,on,-4
1781754697915003069,5845.39,827.864,1.20793,1.14787,1.13584,0.03104,0.090016,0.016384,0.187392,0.811008,0.024332,1244819,1244819,415283,33.3609,1920,1080,raygs,triangles,1,off,0,on,-4
1781754697916181563,5846.57,828.119,1.20756,1.1489,1.13565,0.030176,0.089824,0.016224,0.18944,0.809984,0.028331,1244819,1244819,415283,33.3609,1920,1080,raygs,triangles,1,off,0,on,-4
1781754697917354247,5847.75,827.46,1.20852,1.14778,1.13405,0.029952,0.089312,0.01536,0.188416,0.811008,0.023648,1244819,1244819,415283,33.3609,1920,1080,raygs,triangles,1,off,0,on,-4
1781754697918520977,5848.91,828.116,1.20756,1.14614,1.13235,0.029344,0.089248,0.01536,0.187392,0.811008,0.02431,1244819,1244819,415283,33.3609,1920,1080,raygs,triangles,1,off,0,on,-4
1781754697919695958,5850.09,828.218,1.20741,1.14643,1.13402,0.029632,0.088416,0.016384,0.188704,0.81088,0.025281,1244819,1244819,415283,33.3609,1920,1080,raygs,triangles,1,off,0,on,-4
1781754697920868554,5851.26,829.727,1.20522,1.14819,1.1353,0.030336,0.088928,0.015584,0.18944,0.811008,0.023871,1244819,1244819,415283,33.3609,1920,1080,raygs,triangles,1,off,0,on,-4
1781754697922294974,5852.69,829.536,1.20549,1.3841,1.37002,0.030432,0.089152,0.015488,0.42496,0.809984,0.026199,1244819,1244819,415283,33.3609,1920,1080,raygs,triangles,1,off,0,on,-4
1781754697923595374,5853.99,826.001,1.21065,1.28627,1.27533,0.030208,0.090048,0.016384,0.32768,0.811008,0.025351,1244819,1244819,415283,33.3609,1920,1080,raygs,triangles,1,off,0,on,-4
1781754697924766414,5855.16,824.661,1.21262,1.14858,1.13642,0.030464,0.090144,0.016384,0.18944,0.809984,0.024545,1244819,1244819,415283,33.3609,1920,1080,raygs,triangles,1,off,0,on,-4
1781754697925940190,5856.33,824.687,1.21258,1.14534,1.13331,0.029536,0.08944,0.016384,0.187392,0.81056,0.024229,1244819,1244819,415283,33.3609,1920,1080,raygs,triangles,1,off,0,on,-4
1781754697927107273,5857.5,825.228,1.21179,1.14646,1.13523,0.030016,0.089536,0.016256,0.18944,0.809984,0.02449,1244819,1244819,415283,33.3609,1920,1080,raygs,triangles,1,off,0,on,-4
1781754697928283566,5858.67,825.375,1.21157,1.14765,1.1353,0.029792,0.089888,0.016384,0.188416,0.810816,0.027542,1244819,1244819,415283,33.3609,1920,1080,raygs,triangles,1,off,0,on,-4
1781754697929457717,5859.85,827.98,1.20776,1.14749,1.13555,0.030656,0.089088,0.016384,0.188416,0.811008,0.025234,1244819,1244819,415283,33.3609,1920,1080,raygs,triangles,1,off,0,on,-4
1781754697930753570,5861.14,828.863,1.20647,1.14938,1.13629,0.030144,0.089312,0.016384,0.190464,0.809984,0.025669,1244819,1244819,415283,33.3609,1920,1080,raygs,triangles,1,off,0,on,-4
1781754697931918186,5862.31,827.847,1.20795,1.1471,1.13664,0.031328,0.089952,0.016384,0.188416,0.81056,0.025088,1244819,1244819,415283,33.3609,1920,1080,raygs,triangles,1,off,0,on,-4
1781754697933085739,5863.48,827.95,1.2078,1.14717,1.13398,0.030336,0.088992,0.016384,0.187392,0.81088,0.024292,1244819,1244819,415283,33.3609,1920,1080,raygs,triangles,1,off,0,on,-4
1781754697934275991,5864.67,827.903,1.20787,1.14746,1.13472,0.029632,0.08928,0.016384,0.18944,0.809984,0.027196,1244819,1244819,415283,33.3609,1920,1080,raygs,triangles,1,off,0,on,-4
1781754697935441226,5865.83,827.744,1.2081,1.14803,1.13699,0.03056,0.0896,0.016384,0.18944,0.811008,0.024369,1244819,1244819,415283,33.3609,1920,1080,raygs,triangles,1,off,0,on,-4
1781754697936604191,5867,827.829,1.20798,1.1473,1.13315,0.030496,0.088736,0.01552,0.188416,0.809984,0.023625,1244819,1244819,415283,33.3609,1920,1080,raygs,triangles,1,off,0,on,-4
1781754697937778703,5868.17,829.242,1.20592,1.14733,1.13555,0.030496,0.089248,0.016384,0.188416,0.811008,0.024126,1244819,1244819,415283,33.3609,1920,1080,raygs,triangles,1,off,0,on,-4
1781754697939191658,5869.58,829.234,1.20593,1.38214,1.37066,0.029696,0.089504,0.016384,0.424064,0.811008,0.023638,1244819,1244819,415283,33.3609,1920,1080,raygs,triangles,1,off,0,on,-4
1781754697940498443,5870.89,826.258,1.21028,1.28499,1.27232,0.029824,0.089472,0.016384,0.325632,0.811008,0.023681,1244819,1244819,415283,33.3609,1920,1080,raygs,triangles,1,off,0,on,-4
1781754697941666976,5872.06,825.317,1.21166,1.14954,1.13594,0.030656,0.090016,0.015648,0.18864,0.810976,0.024985,1244819,1244819,415283,33.3609,1920,1080,raygs,triangles,1,off,0,on,-4
1781754697942845544,5873.24,824.99,1.21214,1.14835,1.13562,0.029472,0.089312,0.016384,0.18944,0.811008,0.024149,1244819,1244819,415283,33.3609,1920,1080,raygs,triangles,1,off,0,on,-4
1781754697944016085,5874.41,825.367,1.21158,1.14566,1.13094,0.029856,0.089376,0.01536,0.186368,0.809984,0.027786,1244819,1244819,415283,33.3609,1920,1080,raygs,triangles,1,off,0,on,-4
1781754697945197849,5875.59,827.553,1.20838,1.14944,1.1369,0.03056,0.089504,0.01536,0.190464,0.811008,0.027656,1244819,1244819,415283,33.3609,1920,1080,raygs,triangles,1,off,0,on,-4
1781754697946373203,5876.76,828.565,1.20691,1.1489,1.13526,0.030016,0.08944,0.01536,0.18944,0.811008,0.024359,1244819,1244819,415283,33.3609,1920,1080,raygs,triangles,1,off,0,on,-4
1781754697947653465,5878.04,829.024,1.20624,1.14746,1.13507,0.029632,0.089632,0.016384,0.188736,0.810688,0.024001,1244819,1244819,415283,33.3609,1920,1080,raygs,triangles,1,off,0,on,-4
1781754697948829863,5879.22,827.726,1.20813,1.14906,1.13587,0.0312,0.089152,0.016096,0.18944,0.809984,0.023871,1244819,1244819,415283,33.3609,1920,1080,raygs,triangles,1,off,0,on,-4
1781754697949999641,5880.39,828.301,1.20729,1.14762,1.13373,0.02976,0.08944,0.016384,0.187392,0.810752,0.023602,1244819,1244819,415283,33.3609,1920,1080,raygs,triangles,1,off,0,on,-4
1781754697951228671,5881.62,827.61,1.2083,1.14685,1.13366,0.030368,0.08912,0.015584,0.187744,0.810848,0.043237,1244819,1244819,415283,33.3609,1920,1080,raygs,triangles,1,off,0,on,-4
1781754697952383568,5882.77,826.918,1.20931,1.14874,1.13507,0.029888,0.089376,0.01536,0.18944,0.811008,0.023299,1244819,1244819,415283,33.3609,1920,1080,raygs,triangles,1,off,0,on,-4
1781754697953527133,5883.92,827.41,1.20859,1.14602,1.13462,0.030208,0.089632,0.016384,0.187392,0.811008,0.01924,1244819,1244819,415283,33.3609,1920,1080,raygs,triangles,1,off,0,on,-4
1781754697954928000,5885.32,829.011,1.20626,1.14966,1.13722,0.030144,0.090048,0.01536,0.190688,0.810976,0.024862,1244819,1244819,415283,33.3609,1920,1080,raygs,triangles,1,off,0,on,-4
1781754697956222593,5886.61,826.521,1.20989,1.15126,1.13875,0.035456,0.089696,0.016224,0.186368,0.811008,0.02437,1244819,1244819,415283,33.3609,1920,1080,raygs,triangles,1,off,0,on,-4
1781754697957409624,5887.8,825.154,1.2119,1.14835,1.13482,0.031776,0.089728,0.016384,0.186368,0.81056,0.027762,1244819,1244819,415283,33.3609,1920,1080,raygs,triangles,1,off,0,on,-4
1781754697958578504,5888.97,825.099,1.21198,1.14746,1.13402,0.029568,0.089536,0.016384,0.187744,0.810784,0.025334,1244819,1244819,415283,33.3609,1920,1080,raygs,triangles,1,off,0,on,-4
1781754697959754353,5890.15,825.234,1.21178,1.1481,1.13456,0.03024,0.089536,0.016384,0.188416,0.809984,0.026682,1244819,1244819,415283,33.3609,1920,1080,raygs,triangles,1,off,0,on,-4
1781754697960910912,5891.3,824.77,1.21246,1.14781,1.13536,0.030368,0.089408,0.01632,0.188416,0.810848,0.024591,1244819,1244819,415283,33.3609,1920,1080,raygs,triangles,1,off,0,on,-4
1781754697962084531,5892.48,827.428,1.20856,1.14646,1.13418,0.030656,0.08976,0.01536,0.187392,0.811008,0.024565,1244819,1244819,415283,33.3609,1920,1080,raygs,triangles,1,off,0,on,-4
1781754697963324597,5893.72,828.97,1.20632,1.1479,1.13485,0.030048,0.090048,0.016384,0.188416,0.809952,0.044596,1244819,1244819,415283,33.3609,1920,1080,raygs,triangles,1,off,0,on,-4
1781754697964570807,5894.96,828.318,1.20727,1.28067,1.26656,0.030304,0.089376,0.016384,0.320512,0.809984,0.01809,1244819,1244819,415283,33.3609,1920,1080,raygs,triangles,1,off,0,on,-4
1781754697965747668,5896.14,827.265,1.2088,1.14704,1.13485,0.030208,0.089728,0.016384,0.187776,0.810752,0.026892,1244819,1244819,415283,33.3609,1920,1080,raygs,triangles,1,off,0,on,-4
1781754697966915312,5897.31,827.324,1.20872,1.15034,1.13648,0.029408,0.091264,0.016384,0.18944,0.809984,0.027119,1244819,1244819,415283,33.3609,1920,1080,raygs,triangles,1,off,0,on,-4
1781754697968105443,5898.5,827.485,1.20848,1.14982,1.13715,0.02992,0.08944,0.016384,0.190464,0.810944,0.028539,1244819,1244819,415283,33.3609,1920,1080,raygs,triangles,1,off,0,on,-4
1781754697969258777,5899.65,827.159,1.20896,1.14554,1.13248,0.030368,0.089344,0.01536,0.18656,0.810848,0.025253,1244819,1244819,415283,33.3609,1920,1080,raygs,triangles,1,off,0,on,-4
1781754697970429736,5900.82,829.101,1.20613,1.14954,1.13587,0.030656,0.089408,0.01536,0.18944,0.811008,0.02511,1244819,1244819,415283,33.3609,1920,1080,raygs,triangles,1,off,0,on,-4
1781754697971846815,5902.24,828.854,1.20648,1.14771,1.13274,0.029824,0.089248,0.01536,0.187392,0.810912,0.039771,1244819,1244819,415283,33.3609,1920,1080,raygs,triangles,1,off,0,on,-4
1781754697973153641,5903.54,826.262,1.21027,1.1489,1.13578,0.03488,0.089184,0.016288,0.18544,0.809984,0.016206,1244819,1244819,415283,33.3609,1920,1080,raygs,triangles,1,off,0,on,-4
1781754697974397743,5904.79,826.576,1.20981,1.15008,1.13658,0.032576,0.089568,0.016384,0.187392,0.810656,0.041153,1244819,1244819,415283,33.3609,1920,1080,raygs,triangles,1,off,0,on,-4
1781754697975488067,5905.88,825.457,1.21145,1.14678,1.13504,0.029952,0.0896,0.016384,0.188416,0.810688,0.016636,1244819,1244819,415283,33.3609,1920,1080,raygs,triangles,1,off,0,on,-4
1781754697976688525,5907.08,826.453,1.20999,1.14749,1.13312,0.029632,0.089344,0.015744,0.187392,0.811008,0.027211,1244819,1244819,415283,33.3609,1920,1080,raygs,triangles,1,off,0,on,-4
1781754697977858150,5908.25,826.252,1.21028,1.14842,1.13677,0.029536,0.089376,0.016384,0.190464,0.811008,0.026601,1244819,1244819,415283,33.3609,1920,1080,raygs,triangles,1,off,0,on,-4
1781754697979026913,5909.42,827.269,1.2088,1.14787,1.13414,0.030016,0.089344,0.016384,0.187392,0.811008,0.026632,1244819,1244819,415283,33.3609,1920,1080,raygs,triangles,1,off,0,on,-4
1781754697980320039,5910.71,829.198,1.20599,1.14906,1.13526,0.030176,0.08928,0.01536,0.18944,0.811008,0.024256,1244819,1244819,415283,33.3609,1920,1080,raygs,triangles,1,off,0,on,-4
1781754697981482945,5911.87,827.486,1.20848,1.14954,1.13699,0.030656,0.089696,0.016192,0.18944,0.811008,0.025713,1244819,1244819,415283,33.3609,1920,1080,raygs,triangles,1,off,0,on,-4
1781754697982652038,5913.04,827.485,1.20848,1.14803,1.13632,0.030432,0.089472,0.016384,0.18944,0.810592,0.023672,1244819,1244819,415283,33.3609,1920,1080,raygs,triangles,1,off,0,on,-4
1781754697983837685,5914.23,828.226,1.2074,1.1457,1.13443,0.030272,0.089664,0.016384,0.187392,0.81072,0.025904,1244819,1244819,415283,33.3609,1920,1080,raygs,triangles,1,off,0,on,-4
1781754697985006616,5915.4,827.883,1.2079,1.14682,1.13363,0.030016,0.088832,0.016384,0.187392,0.811008,0.024668,1244819,1244819,415283,33.3609,1920,1080,raygs,triangles,1,off,0,on,-4
1781754697986181385,5916.57,827.7,1.20817,1.14835,1.13629,0.030528,0.088928,0.016384,0.18944,0.811008,0.025688,1244819,1244819,415283,33.3609,1920,1080,raygs,triangles,1,off,0,on,-4
1781754697987352753,5917.74,829.307,1.20583,1.14717,1.13408,0.030368,0.089152,0.01536,0.188416,0.810784,0.025865,1244819,1244819,415283,33.3609,1920,1080,raygs,triangles,1,off,0,on,-4
1781754697988760319,5919.15,829.081,1.20616,1.38739,1.37494,0.029952,0.089216,0.015712,0.429056,0.811008,0.025007,1244819,1244819,415283,33.3609,1920,1080,raygs,triangles,1,off,0,on,-4
1781754697990070084,5920.46,826.717,1.2096,1.28691,1.27363,0.030816,0.089792,0.016384,0.326656,0.809984,0.028846,1244819,1244819,415283,33.3609,1920,1080,raygs,triangles,1,off,0,on,-4
1781754697991272133,5921.66,825.115,1.21195,1.14803,1.13498,0.030368,0.089792,0.016384,0.187488,0.810944,0.032074,1244819,1244819,415283,33.3609,1920,1080,raygs,triangles,1,off,0,on,-4
1781754697992437380,5922.83,824.613,1.21269,1.14717,1.13405,0.030496,0.089344,0.01568,0.187616,0.810912,0.022465,1244819,1244819,415283,33.3609,1920,1080,raygs,triangles,1,off,0,on,-4
1781754697993604846,5924,824.62,1.21268,1.14851,1.13565,0.030688,0.089024,0.016384,0.188768,0.810784,0.026196,1244819,1244819,415283,33.3609,1920,1080,raygs,triangles,1,off,0,on,-4
1781754697994782258,5925.17,824.637,1.21265,1.16442,1.15184,0.030208,0.08944,0.016384,0.205824,0.809984,0.024938,1244819,1244819,415283,33.3609,1920,1080,raygs,triangles,1,off,0,on,-4
1781754697995950434,5926.34,827.77,1.20806,1.14842,1.13616,0.030208,0.089312,0.016192,0.18944,0.811008,0.02517,1244819,1244819,415283,33.3609,1920,1080,raygs,triangles,1,off,0,on,-4
1781754697997255633,5927.65,829.488,1.20556,1.14835,1.13542,0.030496,0.089248,0.016384,0.188416,0.81088,0.025284,1244819,1244819,415283,33.3609,1920,1080,raygs,triangles,1,off,0,on,-4
1781754697998421062,5928.81,827.782,1.20805,1.14906,1.13558,0.030176,0.089472,0.016384,0.1888,0.810752,0.028613,1244819,1244819,415283,33.3609,1920,1080,raygs,triangles,1,off,0,on,-4
1781754697999595081,5929.99,827.525,1.20842,1.1495,1.13533,0.03008,0.08944,0.01536,0.190464,0.809984,0.025379,1244819,1244819,415283,33.3609,1920,1080,raygs,triangles,1,off,0,on,-4
1781754698000764074,5931.16,827.566,1.20836,1.14685,1.13552,0.030592,0.089344,0.016384,0.187392,0.811808,0.024591,1244819,1244819,415283,33.3609,1920,1080,raygs,triangles,1,off,0,on,-4
1781754698001931009,5932.32,827.577,1.20835,1.14653,1.13296,0.029728,0.089152,0.01568,0.188416,0.809984,0.024002,1244819,1244819,415283,33.3609,1920,1080,raygs,triangles,1,off,0,on,-4
1781754698003103567,5933.49,828.224,1.2074,1.14662,1.13331,0.030336,0.089216,0.01536,0.188416,0.809984,0.024479,1244819,1244819,415283,33.3609,1920,1080,raygs,triangles,1,off,0,on,-4
1781754698004281737,5934.67,829.54,1.20549,1.14909,1.13658,0.030208,0.088864,0.016256,0.190464,0.810784,0.024111,1244819,1244819,415283,33.3609,1920,1080,raygs,triangles,1,off,0,on,-4
1781754698005690941,5936.08,829.154,1.20605,1.3865,1.37501,0.030048,0.089568,0.016384,0.428224,0.810784,0.023886,1244819,1244819,415283,33.3609,1920,1080,raygs,triangles,1,off,0,on,-4
1781754698007004432,5937.4,826.377,1.2101,1.28422,1.27126,0.030176,0.089088,0.016384,0.325632,0.809984,0.024406,1244819,1244819,415283,33.3609,1920,1080,raygs,triangles,1,off,0,on,-4
1781754698008174012,5938.57,825.3,1.21168,1.14749,1.13277,0.029632,0.090336,0.015424,0.187392,0.809984,0.023971,1244819,1244819,415283,33.3609,1920,1080,raygs,triangles,1,off,0,on,-4
1781754698009349844,5939.74,825.261,1.21174,1.14602,1.13363,0.030272,0.089408,0.01536,0.187648,0.810944,0.023263,1244819,1244819,415283,33.3609,1920,1080,raygs,triangles,1,off,0,on,-4
1781754698010519881,5940.91,825.131,1.21193,1.14765,1.13475,0.030272,0.089792,0.01536,0.188416,0.810912,0.024243,1244819,1244819,415283,33.3609,1920,1080,raygs,triangles,1,off,0,on,-4
1781754698011693685,5942.08,824.852,1.21234,1.14685,1.1344,0.030016,0.0896,0.016384,0.188416,0.809984,0.0238,1244819,1244819,415283,33.3609,1920,1080,raygs,triangles,1,off,0,on,-4
1781754698012866476,5943.26,827.872,1.20792,1.14656,1.13466,0.030752,0.089056,0.016448,0.187392,0.811008,0.023572,1244819,1244819,415283,33.3609,1920,1080,raygs,triangles,1,off,0,on,-4
1781754698014154732,5944.55,828.828,1.20652,1.14794,1.13424,0.03008,0.089376,0.01536,0.188416,0.811008,0.023887,1244819,1244819,415283,33.3609,1920,1080,raygs,triangles,1,off,0,on,-4
1781754698015339763,5945.73,827.726,1.20813,1.14938,1.13757,0.031552,0.089184,0.016384,0.190464,0.809984,0.025873,1244819,1244819,415283,33.3609,1920,1080,raygs,triangles,1,off,0,on,-4
1781754698016505950,5946.9,827.303,1.20875,1.1463,1.13462,0.030528,0.089344,0.016352,0.188416,0.809984,0.024805,1244819,1244819,415283,33.3609,1920,1080,raygs,triangles,1,off,0,on,-4
1781754698017676757,5948.07,827.407,1.20859,1.14858,1.13382,0.029728,0.089312,0.01536,0.18944,0.809984,0.024305,1244819,1244819,415283,33.3609,1920,1080,raygs,triangles,1,off,0,on,-4
1781754698018865123,5949.26,828.091,1.2076,1.14733,1.13549,0.029504,0.089152,0.016384,0.18944,0.811008,0.027698,1244819,1244819,415283,33.3609,1920,1080,raygs,triangles,1,off,0,on,-4
1781754698020030199,5950.42,827.664,1.20822,1.14739,1.13606,0.030144,0.089216,0.016384,0.188416,0.811904,0.02501,1244819,1244819,415283,33.3609,1920,1080,raygs,triangles,1,off,0,on,-4
1781754698021203442,5951.59,828.995,1.20628,1.14819,1.13491,0.030464,0.088768,0.016384,0.18944,0.809856,0.02869,1244819,1244819,415283,33.3609,1920,1080,raygs,triangles,1,off,0,on,-4
1781754698022602209,5952.99,828.691,1.20672,1.3759,1.36198,0.029632,0.089216,0.016384,0.416768,0.809984,0.025105,1244819,1244819,415283,33.3609,1920,1080,raygs,triangles,1,off,0,on,-4
1781754698023939453,5954.33,826.149,1.21044,1.28614,1.27398,0.030048,0.088864,0.016384,0.328704,0.809984,0.027801,1244819,1244819,415283,33.3609,1920,1080,raygs,triangles,1,off,0,on,-4
1781754698025100912,5955.49,825.003,1.21212,1.1489,1.1367,0.030464,0.090464,0.016384,0.188416,0.810976,0.024909,1244819,1244819,415283,33.3609,1920,1080,raygs,triangles,1,off,0,on,-4
1781754698026287820,5956.68,825.022,1.21209,1.14646,1.13405,0.030656,0.089536,0.01536,0.187744,0.810752,0.027869,1244819,1244819,415283,33.3609,1920,1080,raygs,triangles,1,off,0,on,-4
1781754698027441379,5957.83,824.619,1.21268,1.14646,1.13536,0.029632,0.089312,0.016384,0.188416,0.811616,0.024862,1244819,1244819,415283,33.3609,1920,1080,raygs,triangles,1,off,0,on,-4
1781754698028608739,5959,827.388,1.20862,1.14701,1.13456,0.030176,0.088576,0.016384,0.188416,0.811008,0.024386,1244819,1244819,415283,33.3609,1920,1080,raygs,triangles,1,off,0,on,-4
1781754698029801170,5960.19,828.945,1.20635,1.14861,1.13501,0.0296,0.0896,0.01536,0.18944,0.811008,0.028214,1244819,1244819,415283,33.3609,1920,1080,raygs,triangles,1,off,0,on,-4
1781754698031086179,5961.48,828.805,1.20656,1.14787,1.13443,0.03008,0.088928,0.01536,0.18944,0.810624,0.025521,1244819,1244819,415283,33.3609,1920,1080,raygs,triangles,1,off,0,on,-4
1781754698032255873,5962.65,827.458,1.20852,1.14982,1.13683,0.030976,0.08912,0.016384,0.18944,0.810912,0.025726,1244819,1244819,415283,33.3609,1920,1080,raygs,triangles,1,off,0,on,-4
1781754698033424660,5963.82,827.906,1.20787,1.14749,1.13392,0.029664,0.088448,0.016384,0.18944,0.809984,0.027604,1244819,1244819,415283,33.3609,1920,1080,raygs,triangles,1,off,0,on,-4
1781754698034592889,5964.98,827.459,1.20852,1.14736,1.13466,0.029504,0.08832,0.016384,0.18944,0.811008,0.025168,1244819,1244819,415283,33.3609,1920,1080,raygs,triangles,1,off,0,on,-4
1781754698035771987,5966.16,827.463,1.20851,1.1495,1.13693,0.029632,0.08944,0.016384,0.190464,0.811008,0.025986,1244819,1244819,415283,33.3609,1920,1080,raygs,triangles,1,off,0,on,-4
1781754698036957759,5967.35,828.101,1.20758,1.14762,1.13507,0.029792,0.08944,0.016384,0.1888,0.810656,0.027023,1244819,1244819,415283,33.3609,1920,1080,raygs,triangles,1,off,0,on,-4
1781754698038309201,5968.7,828.84,1.20651,1.14966,1.13562,0.029728,0.089056,0.01536,0.190464,0.811008,0.026316,1244819,1244819,415283,33.3609,1920,1080,raygs,triangles,1,off,0,on,-4
1781754698039594502,5969.99,826.871,1.20938,1.15123,1.13811,0.034912,0.08944,0.016384,0.187392,0.809984,0.024129,1244819,1244819,415283,33.3609,1920,1080,raygs,triangles,1,off,0,on,-4
1781754698040798892,5971.19,825.458,1.21145,1.14918,1.13549,0.03136,0.089536,0.016192,0.188416,0.809984,0.029913,1244819,1244819,415283,33.3609,1920,1080,raygs,triangles,1,off,0,on,-4
1781754698041979231,5972.37,825.447,1.21146,1.14598,1.13306,0.030176,0.088992,0.015552,0.187392,0.810944,0.03233,1244819,1244819,415283,33.3609,1920,1080,raygs,triangles,1,off,0,on,-4
1781754698043262249,5973.65,825.005,1.21211,1.14787,1.13469,0.030272,0.088608,0.01536,0.18944,0.811008,0.038022,1244819,1244819,415283,33.3609,1920,1080,raygs,triangles,1,off,0,on,-4
1781754698044430956,5974.82,823.911,1.21372,1.14803,1.13501,0.030912,0.089312,0.016384,0.188416,0.809984,0.017581,1244819,1244819,415283,33.3609,1920,1080,raygs,triangles,1,off,0,on,-4
1781754698045661264,5976.05,826.438,1.21001,1.14733,1.13245,0.030528,0.089184,0.01536,0.187392,0.809984,0.04337,1244819,1244819,415283,33.3609,1920,1080,raygs,triangles,1,off,0,on,-4
1781754698046932372,5977.32,827.812,1.208,1.1473,1.13498,0.03008,0.089312,0.016384,0.188416,0.810784,0.029675,1244819,1244819,415283,33.3609,1920,1080,raygs,triangles,1,off,0,on,-4
1781754698048060072,5978.45,827.15,1.20897,1.14771,1.13523,0.030912,0.089536,0.016384,0.187392,0.811008,0.016528,1244819,1244819,415283,33.3609,1920,1080,raygs,triangles,1,off,0,on,-4
1781754698049245751,5979.64,826.481,1.20995,1.14614,1.13405,0.030336,0.089152,0.015488,0.188416,0.810656,0.027145,1244819,1244819,415283,33.3609,1920,1080,raygs,triangles,1,off,0,on,-4
1781754698050464516,5980.86,826.921,1.20931,1.1481,1.13434,0.030272,0.089152,0.015488,0.18944,0.809984,0.036309,1244819,1244819,415283,33.3609,1920,1080,raygs,triangles,1,off,0,on,-4
1781754698051575515,5981.97,826.634,1.20973,1.1472,1.13379,0.030368,0.088928,0.01536,0.188416,0.81072,0.014602,1244819,1244819,415283,33.3609,1920,1080,raygs,triangles,1,off,0,on,-4
1781754698052756146,5983.15,827.036,1.20914,1.1463,1.13382,0.030496,0.089568,0.01536,0.187392,0.811008,0.02639,1244819,1244819,415283,33.3609,1920,1080,raygs,triangles,1,off,0,on,-4
1781754698053942087,5984.33,828.346,1.20723,1.14922,1.13632,0.030336,0.088992,0.016384,0.189664,0.810944,0.027395,1244819,1244819,415283,33.3609,1920,1080,raygs,triangles,1,off,0,on,-4
1781754698055384041,5985.78,828.087,1.2076,1.38966,1.3784,0.030176,0.089664,0.016384,0.431168,0.811008,0.036,1244819,1244819,415283,33.3609,1920,1080,raygs,triangles,1,off,0,on,-4
1781754698056641277,5987.03,824.888,1.21229,1.28454,1.27149,0.03008,0.089536,0.016384,0.325632,0.809856,0.016425,1244819,1244819,415283,33.3609,1920,1080,raygs,triangles,1,off,0,on,-4
1781754698057827550,5988.22,824.481,1.21288,1.14954,1.13536,0.030656,0.090016,0.01536,0.188416,0.810912,0.024779,1244819,1244819,415283,33.3609,1920,1080,raygs,triangles,1,off,0,on,-4
1781754698059001015,5989.39,823.975,1.21363,1.1489,1.13674,0.030336,0.089696,0.016384,0.18944,0.81088,0.023881,1244819,1244819,415283,33.3609,1920,1080,raygs,triangles,1,off,0,on,-4
1781754698060165333,5990.56,823.882,1.21377,1.14688,1.13421,0.030368,0.089504,0.016384,0.187392,0.81056,0.023447,1244819,1244819,415283,33.3609,1920,1080,raygs,triangles,1,off,0,on,-4
1781754698061356010,5991.75,824.251,1.21322,1.16518,1.15091,0.02992,0.08976,0.01536,0.206144,0.809728,0.023539,1244819,1244819,415283,33.3609,1920,1080,raygs,triangles,1,off,0,on,-4
1781754698062536491,5992.93,826.779,1.20951,1.14733,1.13533,0.030496,0.089024,0.016384,0.18944,0.809984,0.026715,1244819,1244819,415283,33.3609,1920,1080,raygs,triangles,1,off,0,on,-4
1781754698063825657,5994.22,827.787,1.20804,1.14726,1.1337,0.03008,0.089248,0.01536,0.188416,0.810592,0.025103,1244819,1244819,415283,33.3609,1920,1080,raygs,triangles,1,off,0,on,-4
1781754698065002671,5995.39,826.898,1.20934,1.14922,1.1353,0.03136,0.089152,0.01536,0.188416,0.811008,0.024839,1244819,1244819,415283,33.3609,1920,1080,raygs,triangles,1,off,0,on,-4
1781754698066186222,5996.58,826.817,1.20946,1.14749,1.13574,0.029632,0.089312,0.016384,0.18944,0.810976,0.025596,1244819,1244819,415283,33.3609,1920,1080,raygs,triangles,1,off,0,on,-4
1781754698067350732,5997.74,826.621,1.20974,1.1463,1.13315,0.030496,0.089312,0.01616,0.186368,0.810816,0.028723,1244819,1244819,415283,33.3609,1920,1080,raygs,triangles,1,off,0,on,-4
1781754698068515234,5998.91,826.868,1.20938,1.1479,1.13469,0.030208,0.089728,0.016224,0.18752,0.811008,0.025803,1244819,1244819,415283,33.3609,1920,1080,raygs,triangles,1,off,0,on,-4
1781754698069685178,6000.08,826.869,1.20938,1.14749,1.13565,0.029664,0.089472,0.016384,0.18944,0.810688,0.024442,1244819,1244819,415283,33.3609,1920,1080,raygs,triangles,1,off,0,on,-4
1781754698070851125,6001.24,828.47,1.20704,1.14662,1.13562,0.030176,0.089632,0.016384,0.188416,0.811008,0.024066,1244819,1244819,415283,33.3609,1920,1080,raygs,triangles,1,off,0,on,-4
1781754698072260661,6002.65,828.693,1.20672,1.37466,1.36176,0.029472,0.089312,0.016384,0.415744,0.810848,0.025134,1244819,1244819,415283,33.3609,1920,1080,raygs,triangles,1,off,0,on,-4
1781754698073569234,6003.96,825.485,1.21141,1.28691,1.27418,0.029792,0.089312,0.016384,0.327872,0.810816,0.024419,1244819,1244819,415283,33.3609,1920,1080,raygs,triangles,1,off,0,on,-4
1781754698074738448,6005.13,824.053,1.21351,1.14842,1.13523,0.030592,0.089856,0.01536,0.188416,0.811008,0.023852,1244819,1244819,415283,33.3609,1920,1080,raygs,triangles,1,off,0,on,-4
1781754698075914653,6006.31,824.049,1.21352,1.14707,1.13373,0.029888,0.08928,0.01536,0.188416,0.810784,0.023619,1244819,1244819,415283,33.3609,1920,1080,raygs,triangles,1,off,0,on,-4
1781754698077090042,6007.48,824.066,1.2135,1.14749,1.13405,0.030656,0.089632,0.01536,0.187392,0.811008,0.023618,1244819,1244819,415283,33.3609,1920,1080,raygs,triangles,1,off,0,on,-4
1781754698078266420,6008.66,824.091,1.21346,1.14621,1.13315,0.030432,0.08992,0.016384,0.186432,0.809984,0.02317,1244819,1244819,415283,33.3609,1920,1080,raygs,triangles,1,off,0,on,-4
1781754698079441536,6009.83,826.493,1.20993,1.14893,1.13632,0.030048,0.089728,0.016352,0.18944,0.810752,0.02548,1244819,1244819,415283,33.3609,1920,1080,raygs,triangles,1,off,0,on,-4
1781754698080724102,6011.12,828.054,1.20765,1.14883,1.1368,0.030304,0.089632,0.016384,0.190496,0.809984,0.023772,1244819,1244819,415283,33.3609,1920,1080,raygs,triangles,1,off,0,on,-4
1781754698081901191,6012.29,827.024,1.20916,1.14816,1.1343,0.030304,0.089568,0.01536,0.188416,0.810656,0.024724,1244819,1244819,415283,33.3609,1920,1080,raygs,triangles,1,off,0,on,-4
1781754698083074548,6013.47,826.761,1.20954,1.14803,1.13702,0.030176,0.090016,0.016384,0.18944,0.811008,0.023776,1244819,1244819,415283,33.3609,1920,1080,raygs,triangles,1,off,0,on,-4
1781754698084252684,6014.64,826.688,1.20965,1.14614,1.13261,0.030336,0.088928,0.01536,0.187392,0.810592,0.025301,1244819,1244819,415283,33.3609,1920,1080,raygs,triangles,1,off,0,on,-4
1781754698085435942,6015.83,826.604,1.20977,1.14749,1.13472,0.029632,0.089344,0.016192,0.188704,0.810848,0.026404,1244819,1244819,415283,33.3609,1920,1080,raygs,triangles,1,off,0,on,-4
1781754698086596915,6016.99,826.744,1.20956,1.14922,1.13597,0.030208,0.088928,0.01536,0.191488,0.809984,0.024371,1244819,1244819,415283,33.3609,1920,1080,raygs,triangles,1,off,0,on,-4
1781754698087766413,6018.16,828.018,1.2077,1.14746,1.1352,0.030336,0.08928,0.015552,0.18944,0.810592,0.023911,1244819,1244819,415283,33.3609,1920,1080,raygs,triangles,1,off,0,on,-4
1781754698089175381,6019.57,828.731,1.20666,1.38589,1.3735,0.030368,0.089952,0.016384,0.425984,0.810816,0.023594,1244819,1244819,415283,33.3609,1920,1080,raygs,triangles,1,off,0,on,-4
1781754698090485138,6020.88,825.918,1.21077,1.28778,1.27517,0.029632,0.08944,0.016384,0.329728,0.809984,0.024644,1244819,1244819,415283,33.3609,1920,1080,raygs,triangles,1,off,0,on,-4
1781754698091658476,6022.05,823.802,1.21388,1.14685,1.13571,0.030048,0.09072,0.016384,0.187744,0.810816,0.023535,1244819,1244819,415283,33.3609,1920,1080,raygs,triangles,1,off,0,on,-4
1781754698092830732,6023.22,824.547,1.21279,1.14816,1.1359,0.030336,0.088736,0.016384,0.18944,0.811008,0.023671,1244819,1244819,415283,33.3609,1920,1080,raygs,triangles,1,off,0,on,-4
1781754698094014234,6024.41,824.167,1.21335,1.1473,1.13382,0.030176,0.08928,0.01536,0.188416,0.810592,0.025619,1244819,1244819,415283,33.3609,1920,1080,raygs,triangles,1,off,0,on,-4
1781754698095187524,6025.58,824.184,1.21332,1.14787,1.13658,0.030048,0.089696,0.016384,0.18944,0.811008,0.024574,1244819,1244819,415283,33.3609,1920,1080,raygs,triangles,1,off,0,on,-4
1781754698096365825,6026.76,826.618,1.20975,1.14762,1.13366,0.02976,0.089152,0.016384,0.188416,0.809952,0.024801,1244819,1244819,415283,33.3609,1920,1080,raygs,triangles,1,off,0,on,-4
1781754698097660844,6028.05,828.365,1.2072,1.14787,1.13651,0.030016,0.0896,0.016384,0.1896,0.810912,0.024553,1244819,1244819,415283,33.3609,1920,1080,raygs,triangles,1,off,0,on,-4
1781754698098822227,6029.21,826.822,1.20945,1.14851,1.13725,0.030656,0.089152,0.016384,0.190464,0.810592,0.024487,1244819,1244819,415283,33.3609,1920,1080,raygs,triangles,1,off,0,on,-4
1781754698100010433,6030.4,827.231,1.20885,1.14701,1.13382,0.030496,0.089504,0.01536,0.187456,0.811008,0.024634,1244819,1244819,415283,33.3609,1920,1080,raygs,triangles,1,off,0,on,-4
1781754698101220745,6031.61,826.816,1.20946,1.14771,1.13482,0.029888,0.089312,0.016192,0.188416,0.811008,0.042573,1244819,1244819,415283,33.3609,1920,1080,raygs,triangles,1,off,0,on,-4
1781754698102355245,6032.75,826.507,1.20991,1.14694,1.13562,0.030112,0.089696,0.016384,0.188416,0.811008,0.017577,1244819,1244819,415283,33.3609,1920,1080,raygs,triangles,1,off,0,on,-4
1781754698103539811,6033.93,827.016,1.20917,1.1504,1.13645,0.029472,0.089728,0.015648,0.190912,0.810688,0.028109,1244819,1244819,415283,33.3609,1920,1080,raygs,triangles,1,off,0,on,-4
1781754698104707560,6035.1,828.153,1.20751,1.14848,1.136,0.030112,0.089472,0.016384,0.18944,0.810592,0.02592,1244819,1244819,415283,33.3609,1920,1080,raygs,triangles,1,off,0,on,-4
1781754698106072626,6036.46,828.144,1.20752,1.34598,1.33398,0.030496,0.089152,0.016384,0.387072,0.81088,0.026073,1244819,1244819,415283,33.3609,1920,1080,raygs,triangles,1,off,0,on,-4
1781754698107380352,6037.77,825.915,1.21078,1.28746,1.27555,0.030368,0.089088,0.016384,0.328704,0.811008,0.025649,1244819,1244819,415283,33.3609,1920,1080,raygs,triangles,1,off,0,on,-4
1781754698108554016,6038.95,824.36,1.21306,1.14803,1.13594,0.030176,0.090016,0.01632,0.18944,0.809984,0.025766,1244819,1244819,415283,33.3609,1920,1080,raygs,triangles,1,off,0,on,-4
1781754698109763260,6040.15,824.331,1.2131,1.14694,1.1343,0.030112,0.089728,0.016384,0.187392,0.810688,0.035936,1244819,1244819,415283,33.3609,1920,1080,raygs,triangles,1,off,0,on,-4
1781754698111184738,6041.58,824.286,1.21317,1.14733,1.13629,0.03088,0.0896,0.016384,0.18944,0.809984,0.040578,1244819,1244819,415283,33.3609,1920,1080,raygs,triangles,1,off,0,on,-4
1781754698112205370,6042.6,823.335,1.21457,1.14848,1.13501,0.03088,0.089344,0.016384,0.188416,0.809984,0.020684,1244819,1244819,415283,33.3609,1920,1080,raygs,triangles,1,off,0,on,-4
1781754698113495929,6043.89,826.394,1.21008,1.14938,1.13494,0.030528,0.089152,0.015488,0.189792,0.809984,0.027558,1244819,1244819,415283,33.3609,1920,1080,raygs,triangles,1,off,0,on,-4
1781754698114665604,6045.06,825.217,1.2118,1.14819,1.1361,0.030688,0.0896,0.016384,0.188416,0.811008,0.025917,1244819,1244819,415283,33.3609,1920,1080,raygs,triangles,1,off,0,on,-4
1781754698115834219,6046.23,825.429,1.21149,1.14938,1.13648,0.030496,0.089152,0.01536,0.190464,0.811008,0.024678,1244819,1244819,415283,33.3609,1920,1080,raygs,triangles,1,off,0,on,-4
1781754698117032049,6047.42,826.964,1.20924,1.14701,1.13491,0.030176,0.089952,0.016384,0.188416,0.809984,0.027751,1244819,1244819,415283,33.3609,1920,1080,raygs,triangles,1,off,0,on,-4
1781754698118190688,6048.58,826.464,1.20997,1.14688,1.13309,0.030048,0.089312,0.015424,0.187392,0.810912,0.025233,1244819,1244819,415283,33.3609,1920,1080,raygs,triangles,1,off,0,on,-4
1781754698119360516,6049.75,827.073,1.20908,1.14787,1.13536,0.030048,0.088864,0.016384,0.18944,0.810624,0.024153,1244819,1244819,415283,33.3609,1920,1080,raygs,triangles,1,off,0,on,-4
1781754698120530054,6050.92,828.241,1.20738,1.14954,1.13558,0.029632,0.08912,0.016384,0.190464,0.809984,0.024096,1244819,1244819,415283,33.3609,1920,1080,raygs,triangles,1,off,0,on,-4
1781754698121925004,6052.32,827.966,1.20778,1.35725,1.3448,0.029472,0.089568,0.016384,0.398368,0.811008,0.026812,1244819,1244819,415283,33.3609,1920,1080,raygs,triangles,1,off,0,on,-4
1781754698123224046,6053.62,825.533,1.21134,1.28634,1.27322,0.03024,0.0896,0.015712,0.32768,0.809984,0.025108,1244819,1244819,415283,33.3609,1920,1080,raygs,triangles,1,off,0,on,-4
1781754698124392318,6054.78,824.453,1.21293,1.14874,1.13507,0.029888,0.090656,0.016128,0.18784,0.81056,0.024299,1244819,1244819,415283,33.3609,1920,1080,raygs,triangles,1,off,0,on,-4
1781754698125587614,6055.98,824.209,1.21328,1.14496,1.13043,0.030176,0.088576,0.015552,0.186368,0.80976,0.02853,1244819,1244819,415283,33.3609,1920,1080,raygs,triangles,1,off,0,on,-4
1781754698126756192,6057.15,823.758,1.21395,1.14746,1.1353,0.030656,0.089856,0.016384,0.188416,0.809984,0.02499,1244819,1244819,415283,33.3609,1920,1080,raygs,triangles,1,off,0,on,-4
1781754698127915510,6058.31,824.004,1.21359,1.14861,1.13488,0.02976,0.089664,0.01536,0.18944,0.810656,0.024763,1244819,1244819,415283,33.3609,1920,1080,raygs,triangles,1,off,0,on,-4
1781754698129084519,6059.48,827.299,1.20875,1.14762,1.13469,0.030176,0.088576,0.016384,0.188544,0.811008,0.023603,1244819,1244819,415283,33.3609,1920,1080,raygs,triangles,1,off,0,on,-4
1781754698130392061,6060.78,827.842,1.20796,1.14877,1.13539,0.029888,0.089696,0.016384,0.18944,0.809984,0.025472,1244819,1244819,415283,33.3609,1920,1080,raygs,triangles,1,off,0,on,-4
1781754698131555422,6061.95,826.741,1.20957,1.14864,1.13594,0.03104,0.088736,0.015616,0.189728,0.810816,0.023935,1244819,1244819,415283,33.3609,1920,1080,raygs,triangles,1,off,0,on,-4
1781754698132726822,6063.12,827.289,1.20877,1.14778,1.1367,0.030272,0.0896,0.016384,0.18944,0.811008,0.02306,1244819,1244819,415283,33.3609,1920,1080,raygs,triangles,1,off,0,on,-4
1781754698133894770,6064.29,826.622,1.20974,1.14685,1.13552,0.030016,0.089696,0.016384,0.188416,0.811008,0.023281,1244819,1244819,415283,33.3609,1920,1080,raygs,triangles,1,off,0,on,-4
1781754698135089182,6065.48,827.093,1.20905,1.14646,1.13546,0.030304,0.089216,0.016384,0.188608,0.810944,0.026131,1244819,1244819,415283,33.3609,1920,1080,raygs,triangles,1,off,0,on,-4
1781754698136257261,6066.65,826.903,1.20933,1.14717,1.13514,0.030624,0.089728,0.016384,0.187392,0.811008,0.029208,1244819,1244819,415283,33.3609,1920,1080,raygs,triangles,1,off,0,on,-4
1781754698137425183,6067.82,828.325,1.20726,1.14848,1.13446,0.030656,0.088992,0.01536,0.188864,0.810592,0.024624,1244819,1244819,415283,33.3609,1920,1080,raygs,triangles,1,off,0,on,-4
1781754698138816489,6069.21,828.442,1.20709,1.37802,1.36646,0.029792,0.08944,0.016384,0.41984,0.811008,0.023653,1244819,1244819,415283,33.3609,1920,1080,raygs,triangles,1,off,0,on,-4
1781754698140129213,6070.52,826.384,1.21009,1.28525,1.27171,0.030624,0.088448,0.01536,0.326656,0.810624,0.024019,1244819,1244819,415283,33.3609,1920,1080,raygs,triangles,1,off,0,on,-4
1781754698141306254,6071.7,824.642,1.21265,1.14778,1.13683,0.029984,0.090944,0.016384,0.1888,0.81072,0.023497,1244819,1244819,415283,33.3609,1920,1080,raygs,triangles,1,off,0,on,-4
1781754698142470952,6072.86,824.023,1.21356,1.14733,1.13427,0.030496,0.088992,0.01536,0.188416,0.811008,0.024088,1244819,1244819,415283,33.3609,1920,1080,raygs,triangles,1,off,0,on,-4
1781754698143661200,6074.05,824.472,1.2129,1.14794,1.13485,0.030208,0.089888,0.016384,0.187392,0.810976,0.025017,1244819,1244819,415283,33.3609,1920,1080,raygs,triangles,1,off,0,on,-4
1781754698144859705,6075.25,823.809,1.21387,1.16979,1.15744,0.030432,0.089696,0.016384,0.21104,0.809888,0.025517,1244819,1244819,415283,33.3609,1920,1080,raygs,triangles,1,off,0,on,-4
1781754698146023898,6076.42,826.487,1.20994,1.14861,1.13654,0.03024,0.089472,0.016384,0.190464,0.809984,0.023427,1244819,1244819,415283,33.3609,1920,1080,raygs,triangles,1,off,0,on,-4
1781754698147320884,6077.71,828.167,1.20749,1.14694,1.13443,0.030304,0.089152,0.015552,0.188416,0.811008,0.023461,1244819,1244819,415283,33.3609,1920,1080,raygs,triangles,1,off,0,on,-4
1781754698148490712,6078.88,826.388,1.21009,1.15107,1.1385,0.0312,0.089376,0.016384,0.190592,0.810944,0.025549,1244819,1244819,415283,33.3609,1920,1080,raygs,triangles,1,off,0,on,-4
1781754698149654378,6080.05,826.725,1.20959,1.14675,1.13472,0.030336,0.0896,0.016384,0.188416,0.809984,0.024822,1244819,1244819,415283,33.3609,1920,1080,raygs,triangles,1,off,0,on,-4
1781754698150848525,6081.24,827.144,1.20898,1.14819,1.13526,0.030208,0.089536,0.01536,0.18944,0.81072,0.028358,1244819,1244819,415283,33.3609,1920,1080,raygs,triangles,1,off,0,on,-4
1781754698152009993,6082.4,826.625,1.20974,1.14586,1.13472,0.030208,0.089728,0.016384,0.187392,0.811008,0.024305,1244819,1244819,415283,33.3609,1920,1080,raygs,triangles,1,off,0,on,-4
1781754698153171585,6083.56,826.776,1.20952,1.14774,1.13466,0.030304,0.089568,0.016384,0.188416,0.809984,0.023423,1244819,1244819,415283,33.3609,1920,1080,raygs,triangles,1,off,0,on,-4
1781754698154359186,6084.75,827.839,1.20797,1.14771,1.13533,0.029888,0.089696,0.016384,0.18944,0.80992,0.024177,1244819,1244819,415283,33.3609,1920,1080,raygs,triangles,1,off,0,on,-4
1781754698155691352,6086.08,828.176,1.20747,1.31952,1.30586,0.029664,0.089472,0.016384,0.359424,0.810912,0.023604,1244819,1244819,415283,33.3609,1920,1080,raygs,triangles,1,off,0,on,-4
1781754698157047969,6087.44,826.251,1.21029,1.32506,1.3113,0.03072,0.0896,0.015424,0.364544,0.811008,0.024812,1244819,1244819,415283,33.3609,1920,1080,raygs,triangles,1,off,0,on,-4
1781754698158239210,6088.63,824.292,1.21316,1.14653,1.13539,0.030752,0.089856,0.016384,0.187392,0.811008,0.026754,1244819,1244819,415283,33.3609,1920,1080,raygs,triangles,1,off,0,on,-4
1781754698159402039,6089.79,824.184,1.21332,1.14662,1.13453,0.03056,0.089184,0.016384,0.187392,0.811008,0.025933,1244819,1244819,415283,33.3609,1920,1080,raygs,triangles,1,off,0,on,-4
1781754698160570627,6090.96,824.145,1.21338,1.14688,1.13533,0.030048,0.089888,0.016384,0.188416,0.810592,0.024052,1244819,1244819,415283,33.3609,1920,1080,raygs,triangles,1,off,0,on,-4
1781754698161757209,6092.15,823.874,1.21378,1.14819,1.1351,0.03072,0.0896,0.016384,0.187392,0.811008,0.026514,1244819,1244819,415283,33.3609,1920,1080,raygs,triangles,1,off,0,on,-4
1781754698162951993,6093.34,826.449,1.21,1.14771,1.13395,0.029856,0.089312,0.016384,0.188416,0.809984,0.032142,1244819,1244819,415283,33.3609,1920,1080,raygs,triangles,1,off,0,on,-4
1781754698164206609,6094.6,828.197,1.20744,1.14781,1.13555,0.029952,0.089792,0.016384,0.18944,0.809984,0.021257,1244819,1244819,415283,33.3609,1920,1080,raygs,triangles,1,off,0,on,-4
1781754698165378265,6095.77,826.74,1.20957,1.14835,1.1359,0.030496,0.0896,0.016384,0.18944,0.809984,0.024516,1244819,1244819,415283,33.3609,1920,1080,raygs,triangles,1,off,0,on,-4
1781754698166550256,6096.94,826.756,1.20955,1.14874,1.13632,0.029856,0.089952,0.016384,0.18944,0.810688,0.025114,1244819,1244819,415283,33.3609,1920,1080,raygs,triangles,1,off,0,on,-4
1781754698167725038,6098.12,827.109,1.20903,1.14851,1.13542,0.030336,0.08928,0.016384,0.188416,0.811008,0.023981,1244819,1244819,415283,33.3609,1920,1080,raygs,triangles,1,off,0,on,-4
1781754698168943418,6099.33,827.122,1.20901,1.14678,1.13504,0.029984,0.089248,0.016384,0.188416,0.811008,0.042475,1244819,1244819,415283,33.3609,1920,1080,raygs,triangles,1,off,0,on,-4
1781754698170068819,6100.46,826.902,1.20933,1.14816,1.13562,0.030336,0.089536,0.015744,0.18944,0.81056,0.015264,1244819,1244819,415283,33.3609,1920,1080,raygs,triangles,1,off,0,on,-4
1781754698171255507,6101.65,828.65,1.20678,1.1488,1.13466,0.029952,0.089728,0.015552,0.18944,0.809984,0.02834,1244819,1244819,415283,33.3609,1920,1080,raygs,triangles,1,off,0,on,-4
1781754698172608020,6103,828.384,1.20717,1.32944,1.31738,0.030336,0.088928,0.016384,0.37088,0.810848,0.024642,1244819,1244819,415283,33.3609,1920,1080,raygs,triangles,1,off,0,on,-4
1781754698173921895,6104.31,826.437,1.21001,1.30416,1.29242,0.029632,0.08928,0.16896,0.193536,0.811008,0.025299,1244819,1244819,415283,33.3609,1920,1080,raygs,triangles,1,off,0,on,-4
1781754698175101359,6105.49,825.05,1.21205,1.14765,1.13488,0.030816,0.088992,0.015648,0.188416,0.811008,0.02504,1244819,1244819,415283,33.3609,1920,1080,raygs,triangles,1,off,0,on,-4
1781754698176310495,6106.7,824.739,1.21251,1.14662,1.13274,0.029792,0.089184,0.01536,0.188416,0.809984,0.036436,1244819,1244819,415283,33.3609,1920,1080,raygs,triangles,1,off,0,on,-4
1781754698177447646,6107.84,824.685,1.21258,1.14803,1.13488,0.030368,0.089728,0.016384,0.187392,0.811008,0.017758,1244819,1244819,415283,33.3609,1920,1080,raygs,triangles,1,off,0,on,-4
1781754698178623085,6109.01,824.9,1.21227,1.1479,1.13469,0.030432,0.089472,0.016384,0.188416,0.809984,0.026286,1244819,1244819,415283,33.3609,1920,1080,raygs,triangles,1,off,0,on,-4
1781754698179820225,6110.21,826.927,1.2093,1.14678,1.13402,0.030144,0.089088,0.01536,0.18944,0.809984,0.034723,1244819,1244819,415283,33.3609,1920,1080,raygs,triangles,1,off,0,on,-4
1781754698181084915,6111.48,828.278,1.20732,1.14832,1.1353,0.030432,0.089056,0.016384,0.18944,0.809984,0.020433,1244819,1244819,415283,33.3609,1920,1080,raygs,triangles,1,off,0,on,-4
1781754698182252539,6112.64,827.296,1.20876,1.14976,1.13622,0.030912,0.089504,0.01536,0.190464,0.809984,0.026034,1244819,1244819,415283,33.3609,1920,1080,raygs,triangles,1,off,0,on,-4
1781754698183550969,6113.94,827.812,1.208,1.14832,1.13418,0.030496,0.08896,0.01632,0.188416,0.809984,0.023814,1244819,1244819,415283,33.3609,1920,1080,raygs,triangles,1,off,0,on,-4
1781754698184728554,6115.12,829.355,1.20576,1.15005,1.13693,0.031168,0.08944,0.015744,0.189568,0.811008,0.025371,1244819,1244819,415283,33.3609,1920,1080,raygs,triangles,1,off,0,on,-4
1781754698185913858,6116.31,827.564,1.20837,1.14819,1.13488,0.030336,0.089792,0.016352,0.188416,0.809984,0.025974,1244819,1244819,415283,33.3609,1920,1080,raygs,triangles,1,off,0,on,-4
1781754698187090089,6117.48,828.568,1.2069,1.14614,1.13395,0.029312,0.089152,0.016384,0.187392,0.811712,0.023788,1244819,1244819,415283,33.3609,1920,1080,raygs,triangles,1,off,0,on,-4
1781754698188434891,6118.83,828.346,1.20723,1.1495,1.1367,0.0296,0.089248,0.016384,0.190464,0.811008,0.025109,1244819,1244819,415283,33.3609,1920,1080,raygs,triangles,1,off,0,on,-4
1781754698189742392,6120.13,826.412,1.21005,1.15139,1.13958,0.035072,0.089632,0.016384,0.187552,0.810944,0.024155,1244819,1244819,415283,33.3609,1920,1080,raygs,triangles,1,off,0,on,-4
1781754698190905995,6121.3,825.223,1.21179,1.14848,1.136,0.03168,0.089536,0.016384,0.188416,0.809984,0.023725,1244819,1244819,415283,33.3609,1920,1080,raygs,triangles,1,off,0,on,-4
1781754698192082000,6122.47,825.172,1.21187,1.14582,1.13443,0.030176,0.088832,0.016384,0.188416,0.810624,0.02529,1244819,1244819,415283,33.3609,1920,1080,raygs,triangles,1,off,0,on,-4
1781754698193255527,6123.65,825.052,1.21205,1.14701,1.1328,0.030208,0.088832,0.01536,0.188416,0.809984,0.025436,1244819,1244819,415283,33.3609,1920,1080,raygs,triangles,1,off,0,on,-4
1781754698194419563,6124.81,825.067,1.21202,1.14749,1.1337,0.029664,0.089472,0.01616,0.188416,0.809984,0.025352,1244819,1244819,415283,33.3609,1920,1080,raygs,triangles,1,off,0,on,-4
1781754698195596948,6125.99,827.674,1.20821,1.14774,1.13494,0.029888,0.089536,0.016384,0.188416,0.81072,0.024739,1244819,1244819,415283,33.3609,1920,1080,raygs,triangles,1,off,0,on,-4
1781754698196766224,6127.16,829.043,1.20621,1.14678,1.13475,0.030368,0.089472,0.016384,0.187776,0.810752,0.024372,1244819,1244819,415283,33.3609,1920,1080,raygs,triangles,1,off,0,on,-4
1781754698198287476,6128.68,828.823,1.20653,1.27635,1.26538,0.030496,0.089024,0.016384,0.318464,0.811008,0.052432,1244819,1244819,415283,33.3609,1920,1080,raygs,triangles,1,off,0,on,-4
1781754698199392700,6129.78,825.057,1.21204,1.14842,1.13459,0.029536,0.089248,0.01536,0.18944,0.811008,0.036606,1244819,1244819,415283,33.3609,1920,1080,raygs,triangles,1,off,0,on,-4
1781754698200554506,6130.95,825.943,1.21074,1.14726,1.13408,0.030464,0.090048,0.01536,0.187392,0.810816,0.035492,1244819,1244819,415283,33.3609,1920,1080,raygs,triangles,1,off,0,on,-4
1781754698201724890,6132.12,825.622,1.21121,1.14685,1.13328,0.030048,0.089472,0.016384,0.187392,0.809984,0.035576,1244819,1244819,415283,33.3609,1920,1080,raygs,triangles,1,off,0,on,-4
1781754698202892740,6133.28,826.042,1.21059,1.14749,1.13578,0.029632,0.089312,0.016384,0.18944,0.811008,0.03489,1244819,1244819,415283,33.3609,1920,1080,raygs,triangles,1,off,0,on,-4
1781754698204066206,6134.46,827.541,1.2084,1.14771,1.13488,0.029856,0.089472,0.01632,0.18944,0.809792,0.03486,1244819,1244819,415283,33.3609,1920,1080,raygs,triangles,1,off,0,on,-4
1781754698205386416,6135.78,827.107,1.20903,1.1473,1.13302,0.030624,0.088768,0.01536,0.187392,0.81088,0.034708,1244819,1244819,415283,33.3609,1920,1080,raygs,triangles,1,off,0,on,-4
1781754698206660291,6137.05,825.847,1.21088,1.14755,1.13549,0.031744,0.090016,0.016384,0.187392,0.809952,0.026917,1244819,1244819,415283,33.3609,1920,1080,raygs,triangles,1,off,0,on,-4
1781754698207799960,6138.19,824.45,1.21293,1.15213,1.13984,0.035296,0.089824,0.016384,0.188416,0.80992,0.019451,1244819,1244819,415283,33.3609,1920,1080,raygs,triangles,1,off,0,on,-4
1781754698208972084,6139.36,825.19,1.21184,1.14685,1.13456,0.030048,0.089728,0.016384,0.187392,0.811008,0.026773,1244819,1244819,415283,33.3609,1920,1080,raygs,triangles,1,off,0,on,-4
1781754698210139518,6140.53,825.312,1.21166,1.14691,1.13363,0.030112,0.088736,0.01536,0.188416,0.811008,0.026334,1244819,1244819,415283,33.3609,1920,1080,raygs,triangles,1,off,0,on,-4
1781754698211322050,6141.71,825.156,1.21189,1.14528,1.13078,0.029472,0.088448,0.01536,0.187744,0.80976,0.027164,1244819,1244819,415283,33.3609,1920,1080,raygs,triangles,1,off,0,on,-4
1781754698212491417,6142.88,827.335,1.2087,1.14787,1.1337,0.030048,0.088864,0.01536,0.188416,0.811008,0.027066,1244819,1244819,415283,33.3609,1920,1080,raygs,triangles,1,off,0,on,-4
1781754698213777560,6144.17,828.92,1.20639,1.14883,1.13574,0.030464,0.089632,0.016192,0.188864,0.810592,0.025834,1244819,1244819,415283,33.3609,1920,1080,raygs,triangles,1,off,0,on,-4
1781754698214941614,6145.33,827.903,1.20787,1.14714,1.13322,0.030336,0.089056,0.01536,0.18848,0.809984,0.026881,1244819,1244819,415283,33.3609,1920,1080,raygs,triangles,1,off,0,on,-4
1781754698216110169,6146.5,827.714,1.20815,1.14762,1.13658,0.030144,0.0896,0.016384,0.18944,0.811008,0.024349,1244819,1244819,415283,33.3609,1920,1080,raygs,triangles,1,off,0,on,-4
1781754698217304802,6147.7,828.407,1.20714,1.14922,1.13776,0.030336,0.089568,0.016384,0.190464,0.811008,0.028021,1244819,1244819,415283,33.3609,1920,1080,raygs,triangles,1,off,0,on,-4
1781754698218463388,6148.85,828.342,1.20723,1.14746,1.13485,0.0296,0.0896,0.016384,0.188416,0.810848,0.024637,1244819,1244819,415283,33.3609,1920,1080,raygs,triangles,1,off,0,on,-4
1781754698219629426,6150.02,828.229,1.2074,1.1463,1.13366,0.029472,0.089472,0.016384,0.187392,0.810944,0.023935,1244819,1244819,415283,33.3609,1920,1080,raygs,triangles,1,off,0,on,-4
1781754698220801684,6151.19,830.088,1.20469,1.14934,1.13504,0.029472,0.089728,0.01552,0.18944,0.81088,0.024478,1244819,1244819,415283,33.3609,1920,1080,raygs,triangles,1,off,0,on,-4
1781754698222203193,6152.59,829.755,1.20518,1.37242,1.36122,0.030336,0.089632,0.016384,0.414016,0.810848,0.028514,1244819,1244819,415283,33.3609,1920,1080,raygs,triangles,1,off,0,on,-4
1781754698223566887,6153.96,826.748,1.20956,1.2864,1.27296,0.030304,0.08896,0.01536,0.32768,0.810656,0.036192,1244819,1244819,415283,33.3609,1920,1080,raygs,triangles,1,off,0,on,-4
1781754698224690178,6155.08,825.317,1.21166,1.14874,1.1351,0.029792,0.0904,0.015488,0.188416,0.811008,0.014547,1244819,1244819,415283,33.3609,1920,1080,raygs,triangles,1,off,0,on,-4
1781754698225866544,6156.26,825.542,1.21133,1.1463,1.13318,0.030112,0.089312,0.016384,0.187392,0.809984,0.024468,1244819,1244819,415283,33.3609,1920,1080,raygs,triangles,1,off,0,on,-4
1781754698227042010,6157.43,825.482,1.21141,1.14605,1.13299,0.030208,0.089024,0.016384,0.187392,0.809984,0.025522,1244819,1244819,415283,33.3609,1920,1080,raygs,triangles,1,off,0,on,-4
1781754698228242054,6158.63,825.399,1.21153,1.17043,1.15696,0.03008,0.089568,0.016384,0.210944,0.809984,0.026882,1244819,1244819,415283,33.3609,1920,1080,raygs,triangles,1,off,0,on,-4
1781754698229415149,6159.81,827.026,1.20915,1.14707,1.1344,0.03024,0.089248,0.01536,0.188768,0.810784,0.02546,1244819,1244819,415283,33.3609,1920,1080,raygs,triangles,1,off,0,on,-4
1781754698230698399,6161.09,829.106,1.20612,1.14598,1.13363,0.030208,0.089024,0.01536,0.188416,0.810624,0.024482,1244819,1244819,415283,33.3609,1920,1080,raygs,triangles,1,off,0,on,-4
1781754698231864601,6162.26,828.031,1.20768,1.14874,1.13562,0.031072,0.08976,0.016384,0.187392,0.811008,0.024535,1244819,1244819,415283,33.3609,1920,1080,raygs,triangles,1,off,0,on,-4
1781754698233038099,6163.43,828.236,1.20739,1.14851,1.13632,0.030304,0.089312,0.016256,0.18944,0.811008,0.02483,1244819,1244819,415283,33.3609,1920,1080,raygs,triangles,1,off,0,on,-4
1781754698234232153,6164.62,828.274,1.20733,1.1463,1.13424,0.030496,0.090016,0.016352,0.187392,0.809984,0.029423,1244819,1244819,415283,33.3609,1920,1080,raygs,triangles,1,off,0,on,-4
1781754698235422750,6165.81,827.834,1.20797,1.1471,1.13606,0.03024,0.090016,0.016384,0.188416,0.811008,0.033188,1244819,1244819,415283,33.3609,1920,1080,raygs,triangles,1,off,0,on,-4
1781754698236568241,6166.96,827.937,1.20782,1.14685,1.13456,0.030048,0.089728,0.016384,0.188416,0.809984,0.020974,1244819,1244819,415283,33.3609,1920,1080,raygs,triangles,1,off,0,on,-4
1781754698237749973,6168.14,829.245,1.20592,1.14851,1.13411,0.029664,0.089664,0.01536,0.188416,0.811008,0.025542,1244819,1244819,415283,33.3609,1920,1080,raygs,triangles,1,off,0,on,-4
1781754698239134280,6169.53,829.076,1.20616,1.36307,1.35005,0.030208,0.089856,0.016384,0.402592,0.811008,0.026041,1244819,1244819,415283,33.3609,1920,1080,raygs,triangles,1,off,0,on,-4
1781754698240470770,6170.86,826.549,1.20985,1.28573,1.27366,0.030656,0.08896,0.016384,0.32768,0.809984,0.035572,1244819,1244819,415283,33.3609,1920,1080,raygs,triangles,1,off,0,on,-4
1781754698241654969,6172.05,825.028,1.21208,1.14835,1.13469,0.030496,0.090144,0.015648,0.188416,0.809984,0.029788,1244819,1244819,415283,33.3609,1920,1080,raygs,triangles,1,off,0,on,-4
1781754698242773136,6173.16,825.189,1.21184,1.14778,1.13501,0.02992,0.0896,0.016384,0.188416,0.810688,0.015132,1244819,1244819,415283,33.3609,1920,1080,raygs,triangles,1,off,0,on,-4
1781754698243962234,6174.35,825.202,1.21183,1.14771,1.13443,0.030368,0.089376,0.016288,0.188416,0.809984,0.024663,1244819,1244819,415283,33.3609,1920,1080,raygs,triangles,1,off,0,on,-4
1781754698245129310,6175.52,825.266,1.21173,1.14675,1.13392,0.02992,0.0896,0.016384,0.187392,0.810624,0.028114,1244819,1244819,415283,33.3609,1920,1080,raygs,triangles,1,off,0,on,-4
1781754698246349013,6176.74,827.398,1.20861,1.14794,1.13613,0.030112,0.0896,0.01536,0.190464,0.810592,0.040295,1244819,1244819,415283,33.3609,1920,1080,raygs,triangles,1,off,0,on,-4
1781754698247650497,6178.04,828.649,1.20678,1.14787,1.13475,0.030336,0.089632,0.01536,0.18944,0.809984,0.027103,1244819,1244819,415283,33.3609,1920,1080,raygs,triangles,1,off,0,on,-4
1781754698248772004,6179.16,827.265,1.2088,1.14992,1.1385,0.03072,0.090272,0.016384,0.190464,0.810656,0.015141,1244819,1244819,415283,33.3609,1920,1080,raygs,triangles,1,off,0,on,-4
1781754698249965536,6180.36,827.965,1.20778,1.14733,1.13472,0.030496,0.089024,0.015616,0.188736,0.810848,0.033533,1244819,1244819,415283,33.3609,1920,1080,raygs,triangles,1,off,0,on,-4
1781754698251148032,6181.54,827.519,1.20843,1.14704,1.13258,0.030208,0.088608,0.01536,0.188416,0.809984,0.038471,1244819,1244819,415283,33.3609,1920,1080,raygs,triangles,1,off,0,on,-4
1781754698252307075,6182.7,827.551,1.20838,1.1473,1.1336,0.029408,0.089216,0.016384,0.187584,0.811008,0.018676,1244819,1244819,415283,33.3609,1920,1080,raygs,triangles,1,off,0,on,-4
1781754698253472792,6183.86,827.728,1.20813,1.14778,1.13402,0.029952,0.089568,0.016096,0.188416,0.809984,0.029866,1244819,1244819,415283,33.3609,1920,1080,raygs,triangles,1,off,0,on,-4
1781754698254632619,6185.02,828.893,1.20643,1.14778,1.13587,0.0304,0.089664,0.016384,0.188416,0.811008,0.024679,1244819,1244819,415283,33.3609,1920,1080,raygs,triangles,1,off,0,on,-4
1781754698256057961,6186.45,828.704,1.2067,1.40797,1.39514,0.030016,0.08864,0.01536,0.45056,0.81056,0.024174,1244819,1244819,415283,33.3609,1920,1080,raygs,triangles,1,off,0,on,-4
1781754698257369709,6187.76,827.199,1.2089,1.28701,1.27584,0.030336,0.089472,0.01632,0.328704,0.811008,0.024324,1244819,1244819,415283,33.3609,1920,1080,raygs,triangles,1,off,0,on,-4
1781754698258544959,6188.94,825.806,1.21094,1.14749,1.13437,0.030112,0.090496,0.016384,0.187392,0.809984,0.024661,1244819,1244819,415283,33.3609,1920,1080,raygs,triangles,1,off,0,on,-4
1781754698259721201,6190.11,826.115,1.21049,1.14544,1.1313,0.0304,0.08928,0.01536,0.186368,0.809888,0.024239,1244819,1244819,415283,33.3609,1920,1080,raygs,triangles,1,off,0,on,-4
1781754698260882105,6191.27,826.034,1.2106,1.14614,1.13229,0.029344,0.089184,0.016384,0.187392,0.809984,0.023811,1244819,1244819,415283,33.3609,1920,1080,raygs,triangles,1,off,0,on,-4
1781754698262063069,6192.45,828.161,1.20749,1.14646,1.1327,0.029632,0.089312,0.01536,0.187392,0.811008,0.025948,1244819,1244819,415283,33.3609,1920,1080,raygs,triangles,1,off,0,on,-4
1781754698263243163,6193.63,829.652,1.20532,1.1481,1.13494,0.03024,0.088896,0.016384,0.18944,0.809984,0.026288,1244819,1244819,415283,33.3609,1920,1080,raygs,triangles,1,off,0,on,-4
1781754698264522155,6194.91,829.448,1.20562,1.14787,1.13587,0.030336,0.088704,0.016384,0.18944,0.811008,0.024164,1244819,1244819,415283,33.3609,1920,1080,raygs,triangles,1,off,0,on,-4
1781754698265693803,6196.09,828.568,1.2069,1.14938,1.13619,0.031136,0.089248,0.016384,0.18864,0.810784,0.024836,1244819,1244819,415283,33.3609,1920,1080,raygs,triangles,1,off,0,on,-4
1781754698266865511,6197.26,828.523,1.20697,1.14646,1.13379,0.029632,0.089312,0.016384,0.18848,0.809984,0.024222,1244819,1244819,415283,33.3609,1920,1080,raygs,triangles,1,off,0,on,-4
1781754698268037409,6198.43,828.115,1.20756,1.14829,1.13552,0.029408,0.089376,0.016384,0.18944,0.810912,0.023795,1244819,1244819,415283,33.3609,1920,1080,raygs,triangles,1,off,0,on,-4
1781754698269215561,6199.61,828.529,1.20696,1.14851,1.13443,0.029632,0.089152,0.016384,0.188416,0.810848,0.028028,1244819,1244819,415283,33.3609,1920,1080,raygs,triangles,1,off,0,on,-4
1781754698270399573,6200.79,828.422,1.20711,1.14688,1.13552,0.030048,0.089632,0.016384,0.188576,0.81088,0.024844,1244819,1244819,415283,33.3609,1920,1080,raygs,triangles,1,off,0,on,-4
1781754698271563528,6201.95,832.38,1.20137,1.14851,1.13382,0.029664,0.089184,0.015552,0.18944,0.809984,0.024423,1244819,1244819,415283,33.3609,1920,1080,raygs,triangles,1,off,0,on,-4
1781754698272977914,6203.37,831.769,1.20226,1.39002,1.37597,0.029504,0.089152,0.015584,0.431104,0.810624,0.024131,1244819,1244819,415283,33.3609,1920,1080,raygs,triangles,1,off,0,on,-4
1781754698274307473,6204.7,828.56,1.20691,1.28438,1.27085,0.030336,0.088704,0.01536,0.325632,0.810816,0.02972,1244819,1244819,415283,33.3609,1920,1080,raygs,triangles,1,off,0,on,-4
1781754698275468502,6205.86,826.718,1.2096,1.14922,1.13744,0.030368,0.09024,0.016384,0.190464,0.809984,0.024723,1244819,1244819,415283,33.3609,1920,1080,raygs,triangles,1,off,0,on,-4
1781754698276638420,6207.03,826.804,1.20948,1.14646,1.13261,0.029632,0.089536,0.016384,0.186368,0.810688,0.023879,1244819,1244819,415283,33.3609,1920,1080,raygs,triangles,1,off,0,on,-4
1781754698277811996,6208.2,826.926,1.2093,1.14624,1.13408,0.030432,0.08912,0.016384,0.187392,0.810752,0.024655,1244819,1244819,415283,33.3609,1920,1080,raygs,triangles,1,off,0,on,-4
1781754698278976982,6209.37,828.373,1.20719,1.14614,1.13341,0.030336,0.089376,0.01536,0.187392,0.810944,0.024113,1244819,1244819,415283,33.3609,1920,1080,raygs,triangles,1,off,0,on,-4
1781754698280286348,6210.68,829.867,1.20501,1.14704,1.13437,0.030208,0.089152,0.015456,0.188544,0.811008,0.025438,1244819,1244819,415283,33.3609,1920,1080,raygs,triangles,1,off,0,on,-4
1781754698281463708,6211.86,827.711,1.20815,1.14864,1.13622,0.030816,0.088736,0.016384,0.18944,0.810848,0.025391,1244819,1244819,415283,33.3609,1920,1080,raygs,triangles,1,off,0,on,-4
1781754698282623854,6213.02,827.578,1.20835,1.1489,1.13568,0.03024,0.088608,0.016384,0.190464,0.809984,0.024493,1244819,1244819,415283,33.3609,1920,1080,raygs,triangles,1,off,0,on,-4
1781754698283792928,6214.18,827.775,1.20806,1.14707,1.13478,0.03024,0.08976,0.016384,0.188416,0.809984,0.024409,1244819,1244819,415283,33.3609,1920,1080,raygs,triangles,1,off,0,on,-4
1781754698284959947,6215.35,827.824,1.20799,1.14717,1.13398,0.030336,0.088736,0.016384,0.188544,0.809984,0.024095,1244819,1244819,415283,33.3609,1920,1080,raygs,triangles,1,off,0,on,-4
1781754698286135477,6216.53,828.217,1.20741,1.14653,1.13277,0.03024,0.089792,0.01536,0.187392,0.809984,0.029805,1244819,1244819,415283,33.3609,1920,1080,raygs,triangles,1,off,0,on,-4
1781754698287350881,6217.74,829.49,1.20556,1.14826,1.13683,0.0304,0.0896,0.016384,0.18944,0.811008,0.033189,1244819,1244819,415283,33.3609,1920,1080,raygs,triangles,1,off,0,on,-4
1781754698288708859,6219.1,828.738,1.20665,1.36163,1.3487,0.029792,0.089536,0.016384,0.401408,0.811584,0.018541,1244819,1244819,415283,33.3609,1920,1080,raygs,triangles,1,off,0,on,-4
1781754698290013380,6220.4,826.257,1.21028,1.28819,1.27434,0.030048,0.088832,0.015744,0.329728,0.809984,0.024737,1244819,1244819,415283,33.3609,1920,1080,raygs,triangles,1,off,0,on,-4
1781754698291180229,6221.57,825.181,1.21186,1.14598,1.13264,0.030176,0.090176,0.01536,0.186368,0.81056,0.024625,1244819,1244819,415283,33.3609,1920,1080,raygs,triangles,1,off,0,on,-4
1781754698292369381,6222.76,825.064,1.21203,1.14586,1.13171,0.0304,0.088576,0.01536,0.187392,0.809984,0.026662,1244819,1244819,415283,33.3609,1920,1080,raygs,triangles,1,off,0,on,-4
1781754698293528591,6223.92,824.824,1.21238,1.14582,1.132,0.030016,0.089248,0.01536,0.187392,0.809984,0.025217,1244819,1244819,415283,33.3609,1920,1080,raygs,triangles,1,off,0,on,-4
1781754698294694599,6225.09,824.999,1.21212,1.14672,1.13277,0.029888,0.088992,0.01536,0.18784,0.810688,0.024338,1244819,1244819,415283,33.3609,1920,1080,raygs,triangles,1,off,0,on,-4
1781754698295869866,6226.26,827.975,1.20777,1.14742,1.13408,0.03024,0.089248,0.016192,0.187392,0.811008,0.024276,1244819,1244819,415283,33.3609,1920,1080,raygs,triangles,1,off,0,on,-4
1781754698297164863,6227.56,829.899,1.20497,1.14816,1.13677,0.030304,0.09008,0.016384,0.18944,0.81056,0.025947,1244819,1244819,415283,33.3609,1920,1080,raygs,triangles,1,off,0,on,-4
1781754698298346057,6228.74,827.903,1.20787,1.14858,1.1343,0.031296,0.089408,0.015456,0.187392,0.810752,0.02452,1244819,1244819,415283,33.3609,1920,1080,raygs,triangles,1,off,0,on,-4
1781754698299512167,6229.9,827.775,1.20806,1.14851,1.13437,0.030336,0.089248,0.01536,0.18944,0.809984,0.024259,1244819,1244819,415283,33.3609,1920,1080,raygs,triangles,1,off,0,on,-4
1781754698300677681,6231.07,827.898,1.20788,1.14717,1.13344,0.030048,0.089632,0.01536,0.188416,0.809984,0.024096,1244819,1244819,415283,33.3609,1920,1080,raygs,triangles,1,off,0,on,-4
1781754698301854374,6232.25,828.61,1.20684,1.1471,1.13405,0.030272,0.089472,0.01536,0.188416,0.810528,0.024474,1244819,1244819,415283,33.3609,1920,1080,raygs,triangles,1,off,0,on,-4
1781754698303037442,6233.43,828.536,1.20695,1.14803,1.13546,0.030176,0.089472,0.016384,0.188416,0.811008,0.024067,1244819,1244819,415283,33.3609,1920,1080,raygs,triangles,1,off,0,on,-4
1781754698304210034,6234.6,829.441,1.20563,1.14944,1.1368,0.03056,0.089472,0.01536,0.190464,0.810944,0.028282,1244819,1244819,415283,33.3609,1920,1080,raygs,triangles,1,off,0,on,-4
1781754698305570104,6235.96,829.182,1.20601,1.32109,1.3087,0.030304,0.088768,0.016384,0.362496,0.810752,0.024745,1244819,1244819,415283,33.3609,1920,1080,raygs,triangles,1,off,0,on,-4
1781754698306927518,6237.32,826.909,1.20932,1.33898,1.32525,0.029664,0.089312,0.016384,0.379904,0.809984,0.024957,1244819,1244819,415283,33.3609,1920,1080,raygs,triangles,1,off,0,on,-4
1781754698308100801,6238.49,825.433,1.21149,1.1479,1.13376,0.030048,0.089952,0.01536,0.187392,0.811008,0.024375,1244819,1244819,415283,33.3609,1920,1080,raygs,triangles,1,off,0,on,-4
1781754698309264071,6239.66,825.365,1.21159,1.14832,1.1368,0.030496,0.089856,0.016384,0.18944,0.810624,0.026026,1244819,1244819,415283,33.3609,1920,1080,raygs,triangles,1,off,0,on,-4
1781754698310440976,6240.83,825.354,1.2116,1.14477,1.13107,0.030016,0.089344,0.01536,0.186368,0.809984,0.025261,1244819,1244819,415283,33.3609,1920,1080,raygs,triangles,1,off,0,on,-4
1781754698311626689,6242.02,825.387,1.21155,1.17155,1.15824,0.030112,0.088768,0.016384,0.212992,0.809984,0.024264,1244819,1244819,415283,33.3609,1920,1080,raygs,triangles,1,off,0,on,-4
1781754698312794542,6243.19,827.752,1.20809,1.14678,1.13366,0.030112,0.088768,0.016384,0.188416,0.809984,0.025127,1244819,1244819,415283,33.3609,1920,1080,raygs,triangles,1,off,0,on,-4
1781754698314089677,6244.48,829.393,1.2057,1.14685,1.13341,0.030016,0.088832,0.01536,0.188416,0.810784,0.025549,1244819,1244819,415283,33.3609,1920,1080,raygs,triangles,1,off,0,on,-4
1781754698315266999,6245.66,828.179,1.20747,1.15053,1.13702,0.030656,0.089536,0.016384,0.18944,0.811008,0.025732,1244819,1244819,415283,33.3609,1920,1080,raygs,triangles,1,off,0,on,-4
1781754698316462049,6246.85,827.61,1.2083,1.14922,1.13549,0.030368,0.088992,0.015712,0.18944,0.810976,0.034099,1244819,1244819,415283,33.3609,1920,1080,raygs,triangles,1,off,0,on,-4
1781754698317608148,6248,827.698,1.20817,1.14707,1.13626,0.030336,0.089504,0.016384,0.188416,0.811616,0.018487,1244819,1244819,415283,33.3609,1920,1080,raygs,triangles,1,off,0,on,-4
1781754698318783286,6249.17,827.823,1.20799,1.15024,1.13802,0.030368,0.089792,0.016384,0.191488,0.809984,0.025431,1244819,1244819,415283,33.3609,1920,1080,raygs,triangles,1,off,0,on,-4
1781754698319984462,6250.38,828.196,1.20744,1.14912,1.13702,0.030272,0.089728,0.016384,0.188736,0.811904,0.029959,1244819,1244819,415283,33.3609,1920,1080,raygs,triangles,1,off,0,on,-4
1781754698321158294,6251.55,829.279,1.20587,1.1489,1.1353,0.030048,0.0896,0.016224,0.18944,0.809984,0.029231,1244819,1244819,415283,33.3609,1920,1080,raygs,triangles,1,off,0,on,-4
1781754698322627802,6253.02,828.764,1.20662,1.34771,1.33539,0.030176,0.0896,0.016384,0.388288,0.810944,0.043122,1244819,1244819,415283,33.3609,1920,1080,raygs,triangles,1,off,0,on,-4
1781754698323902541,6254.29,825.704,1.21109,1.35862,1.34451,0.030272,0.088512,0.01536,0.400384,0.809984,0.017518,1244819,1244819,415283,33.3609,1920,1080,raygs,triangles,1,off,0,on,-4
1781754698325082729,6255.47,824.494,1.21287,1.14701,1.13472,0.030176,0.090016,0.016128,0.187392,0.811008,0.025674,1244819,1244819,415283,33.3609,1920,1080,raygs,triangles,1,off,0,on,-4
1781754698326247567,6256.64,824.386,1.21302,1.14614,1.13334,0.030368,0.088992,0.015584,0.187392,0.811008,0.024981,1244819,1244819,415283,33.3609,1920,1080,raygs,triangles,1,off,0,on,-4
1781754698327411920,6257.8,824.348,1.21308,1.14733,1.13491,0.030496,0.089504,0.015488,0.188416,0.811008,0.024316,1244819,1244819,415283,33.3609,1920,1080,raygs,triangles,1,off,0,on,-4
1781754698328591998,6258.98,824.433,1.21295,1.14714,1.13334,0.030304,0.08928,0.01536,0.188416,0.809984,0.024615,1244819,1244819,415283,33.3609,1920,1080,raygs,triangles,1,off,0,on,-4
1781754698329874399,6260.27,827.42,1.20858,1.14851,1.13734,0.030176,0.089312,0.016384,0.190464,0.811008,0.02397,1244819,1244819,415283,33.3609,1920,1080,raygs,triangles,1,off,0,on,-4
1781754698331045580,6261.44,827.456,1.20852,1.14835,1.13472,0.030496,0.08944,0.01536,0.188416,0.811008,0.023916,1244819,1244819,415283,33.3609,1920,1080,raygs,triangles,1,off,0,on,-4
1781754698332221170,6262.61,827.878,1.20791,1.14598,1.13245,0.030176,0.088896,0.01536,0.187392,0.810624,0.029993,1244819,1244819,415283,33.3609,1920,1080,raygs,triangles,1,off,0,on,-4
1781754698333410471,6263.8,827.631,1.20827,1.14787,1.13373,0.030048,0.08992,0.01536,0.188416,0.809984,0.025404,1244819,1244819,415283,33.3609,1920,1080,raygs,triangles,1,off,0,on,-4
1781754698334597859,6264.99,827.12,1.20901,1.14819,1.13568,0.030336,0.089536,0.016384,0.18944,0.809984,0.032547,1244819,1244819,415283,33.3609,1920,1080,raygs,triangles,1,off,0,on,-4
1781754698335745137,6266.14,827.272,1.20879,1.14656,1.1337,0.029728,0.089184,0.016384,0.188416,0.809984,0.019333,1244819,1244819,415283,33.3609,1920,1080,raygs,triangles,1,off,0,on,-4
1781754698336917791,6267.31,827.57,1.20836,1.14771,1.13517,0.029728,0.089728,0.016384,0.187648,0.81168,0.024621,1244819,1244819,415283,33.3609,1920,1080,raygs,triangles,1,off,0,on,-4
1781754698338088968,6268.48,828.791,1.20658,1.1473,1.13341,0.030496,0.089152,0.01536,0.188416,0.809984,0.023888,1244819,1244819,415283,33.3609,1920,1080,raygs,triangles,1,off,0,on,-4
1781754698339528177,6269.92,828.512,1.20698,1.39702,1.38499,0.030464,0.08992,0.016384,0.437248,0.810976,0.026324,1244819,1244819,415283,33.3609,1920,1080,raygs,triangles,1,off,0,on,-4
1781754698340815840,6271.21,825.82,1.21092,1.27357,1.25971,0.029632,0.215232,0.01536,0.189504,0.809984,0.024423,1244819,1244819,415283,33.3609,1920,1080,raygs,triangles,1,off,0,on,-4
1781754698341984090,6272.38,824.187,1.21332,1.14646,1.13443,0.030656,0.088992,0.016384,0.187392,0.811008,0.024391,1244819,1244819,415283,33.3609,1920,1080,raygs,triangles,1,off,0,on,-4
1781754698343157505,6273.55,824.207,1.21329,1.14717,1.13392,0.030368,0.088608,0.016384,0.18784,0.81072,0.029556,1244819,1244819,415283,33.3609,1920,1080,raygs,triangles,1,off,0,on,-4
1781754698344353135,6274.74,824.546,1.21279,1.14758,1.1344,0.030144,0.089472,0.01552,0.188416,0.810848,0.032006,1244819,1244819,415283,33.3609,1920,1080,raygs,triangles,1,off,0,on,-4
1781754698345499882,6275.89,824.118,1.21342,1.14765,1.13517,0.029792,0.0896,0.016384,0.18848,0.810912,0.020819,1244819,1244819,415283,33.3609,1920,1080,raygs,triangles,1,off,0,on,-4
1781754698346675099,6277.07,827.616,1.20829,1.14675,1.13501,0.02992,0.08944,0.016384,0.188416,0.810848,0.024503,1244819,1244819,415283,33.3609,1920,1080,raygs,triangles,1,off,0,on,-4
1781754698347966710,6278.36,829.121,1.2061,1.14794,1.1335,0.030112,0.088864,0.01536,0.188416,0.810752,0.024088,1244819,1244819,415283,33.3609,1920,1080,raygs,triangles,1,off,0,on,-4
1781754698349137110,6279.53,827.614,1.20829,1.148,1.13616,0.0312,0.089152,0.016384,0.188416,0.811008,0.023945,1244819,1244819,415283,33.3609,1920,1080,raygs,triangles,1,off,0,on,-4
1781754698350314912,6280.71,827.49,1.20847,1.14835,1.13603,0.030528,0.089856,0.016384,0.188416,0.810848,0.024192,1244819,1244819,415283,33.3609,1920,1080,raygs,triangles,1,off,0,on,-4
1781754698351482165,6281.87,827.545,1.20839,1.14912,1.13667,0.03024,0.089472,0.016384,0.189664,0.810912,0.024827,1244819,1244819,415283,33.3609,1920,1080,raygs,triangles,1,off,0,on,-4
1781754698352654048,6283.05,827.235,1.20885,1.1489,1.13562,0.030048,0.088704,0.015744,0.190464,0.810656,0.023968,1244819,1244819,415283,33.3609,1920,1080,raygs,triangles,1,off,0,on,-4
1781754698353826159,6284.22,829.417,1.20567,1.14906,1.13434,0.030208,0.089344,0.01536,0.188448,0.810976,0.023461,1244819,1244819,415283,33.3609,1920,1080,raygs,triangles,1,off,0,on,-4
1781754698355221056,6285.61,829.399,1.20569,1.15142,1.13667,0.029504,0.089312,0.015584,0.191488,0.810784,0.029821,1244819,1244819,415283,33.3609,1920,1080,raygs,triangles,1,off,0,on,-4
1781754698356521821,6286.91,826.766,1.20953,1.15171,1.13869,0.03488,0.090048,0.016384,0.187392,0.809984,0.023984,1244819,1244819,415283,33.3609,1920,1080,raygs,triangles,1,off,0,on,-4
1781754698357688761,6288.08,825.293,1.21169,1.14659,1.13475,0.031808,0.08912,0.016384,0.187584,0.809856,0.023176,1244819,1244819,415283,33.3609,1920,1080,raygs,triangles,1,off,0,on,-4
1781754698358866253,6289.26,824.977,1.21215,1.14672,1.13542,0.029888,0.089696,0.016384,0.188448,0.811008,0.023212,1244819,1244819,415283,33.3609,1920,1080,raygs,triangles,1,off,0,on,-4
1781754698360035913,6290.43,824.948,1.2122,1.14627,1.13526,0.029472,0.08928,0.016384,0.18944,0.810688,0.023324,1244819,1244819,415283,33.3609,1920,1080,raygs,triangles,1,off,0,on,-4
1781754698361222144,6291.61,825.596,1.21125,1.14691,1.13389,0.03008,0.088736,0.015648,0.188416,0.811008,0.025154,1244819,1244819,415283,33.3609,1920,1080,raygs,triangles,1,off,0,on,-4
1781754698362388989,6292.78,827.408,1.20859,1.14954,1.13702,0.03072,0.089792,0.016384,0.18944,0.810688,0.024627,1244819,1244819,415283,33.3609,1920,1080,raygs,triangles,1,off,0,on,-4
1781754698363570949,6293.96,828.916,1.2064,1.14656,1.13437,0.030336,0.089472,0.01616,0.188416,0.809984,0.02384,1244819,1244819,415283,33.3609,1920,1080,raygs,triangles,1,off,0,on,-4
1781754698364862801,6295.25,828.93,1.20637,1.27888,1.26637,0.029984,0.089376,0.015488,0.320512,0.811008,0.02338,1244819,1244819,415283,33.3609,1920,1080,raygs,triangles,1,off,0,on,-4
1781754698366036126,6296.43,827.697,1.20817,1.14701,1.13466,0.030176,0.089152,0.016384,0.188416,0.810528,0.02536,1244819,1244819,415283,33.3609,1920,1080,raygs,triangles,1,off,0,on,-4
1781754698367216891,6297.61,827.509,1.20845,1.15101,1.13862,0.030112,0.090656,0.016384,0.190464,0.811008,0.029941,1244819,1244819,415283,33.3609,1920,1080,raygs,triangles,1,off,0,on,-4
1781754698368393996,6298.79,827.275,1.20879,1.14582,1.13238,0.030016,0.088608,0.016384,0.187392,0.809984,0.02606,1244819,1244819,415283,33.3609,1920,1080,raygs,triangles,1,off,0,on,-4
1781754698369574911,6299.97,827.027,1.20915,1.14758,1.13485,0.029728,0.089312,0.016384,0.188416,0.811008,0.024658,1244819,1244819,415283,33.3609,1920,1080,raygs,triangles,1,off,0,on,-4
1781754698370737419,6301.13,828.599,1.20686,1.14835,1.13526,0.030528,0.088928,0.01536,0.18944,0.811008,0.02407,1244819,1244819,415283,33.3609,1920,1080,raygs,triangles,1,off,0,on,-4
1781754698372070106,6302.46,828.844,1.2065,1.14598,1.13254,0.030176,0.089568,0.016384,0.186432,0.809984,0.026223,1244819,1244819,415283,33.3609,1920,1080,raygs,triangles,1,off,0,on,-4
1781754698373477070,6303.87,827.178,1.20893,1.15043,1.13814,0.031584,0.089728,0.016384,0.190464,0.809984,0.038232,1244819,1244819,415283,33.3609,1920,1080,raygs,triangles,1,off,0,on,-4
1781754698374601975,6304.99,824.1,1.21344,1.15248,1.13997,0.034624,0.0904,0.016384,0.187744,0.810816,0.015221,1244819,1244819,415283,33.3609,1920,1080,raygs,triangles,1,off,0,on,-4
1781754698375774553,6306.17,824.507,1.21285,1.14595,1.13302,0.030144,0.08896,0.01536,0.187712,0.810848,0.02509,1244819,1244819,415283,33.3609,1920,1080,raygs,triangles,1,off,0,on,-4
1781754698376970441,6307.36,824.998,1.21212,1.14714,1.13501,0.030304,0.089312,0.016384,0.188416,0.810592,0.032463,1244819,1244819,415283,33.3609,1920,1080,raygs,triangles,1,off,0,on,-4
1781754698378134486,6308.53,824.637,1.21265,1.14893,1.13562,0.030016,0.088608,0.016384,0.189696,0.810912,0.022624,1244819,1244819,415283,33.3609,1920,1080,raygs,triangles,1,off,0,on,-4
1781754698379356459,6309.75,826.809,1.20947,1.1481,1.1351,0.03024,0.089184,0.016256,0.188416,0.811008,0.042768,1244819,1244819,415283,33.3609,1920,1080,raygs,triangles,1,off,0,on,-4
1781754698380586792,6310.98,828.479,1.20703,1.1479,1.13402,0.030048,0.089184,0.01536,0.188832,0.810592,0.01524,1244819,1244819,415283,33.3609,1920,1080,raygs,triangles,1,off,0,on,-4
1781754698381754360,6312.15,827.78,1.20805,1.14944,1.13536,0.031584,0.088992,0.01536,0.18944,0.809984,0.024089,1244819,1244819,415283,33.3609,1920,1080,raygs,triangles,1,off,0,on,-4
1781754698382931682,6313.32,827.636,1.20826,1.14634,1.13235,0.030528,0.089152,0.01536,0.187392,0.80992,0.024527,1244819,1244819,415283,33.3609,1920,1080,raygs,triangles,1,off,0,on,-4
1781754698384127161,6314.52,827.708,1.20816,1.14669,1.1335,0.029888,0.088832,0.01536,0.188416,0.811008,0.028241,1244819,1244819,415283,33.3609,1920,1080,raygs,triangles,1,off,0,on,-4
1781754698385344532,6315.74,827.665,1.20822,1.14749,1.13421,0.029664,0.089696,0.01536,0.18848,0.811008,0.040468,1244819,1244819,415283,33.3609,1920,1080,raygs,triangles,1,off,0,on,-4
1781754698386477910,6316.87,827.205,1.20889,1.1473,1.1351,0.030464,0.089856,0.016384,0.188416,0.809984,0.025106,1244819,1244819,415283,33.3609,1920,1080,raygs,triangles,1,off,0,on,-4
1781754698387624578,6318.02,829.044,1.20621,1.14976,1.13661,0.030528,0.089248,0.016384,0.190464,0.809984,0.020029,1244819,1244819,415283,33.3609,1920,1080,raygs,triangles,1,off,0,on,-4
1781754698389013685,6319.4,829.488,1.20556,1.34598,1.33309,0.029472,0.088128,0.016384,0.388096,0.811008,0.028422,1244819,1244819,415283,33.3609,1920,1080,raygs,triangles,1,off,0,on,-4
1781754698390320126,6320.71,826.836,1.20943,1.28512,1.27293,0.030272,0.089632,0.016384,0.326656,0.809984,0.026778,1244819,1244819,415283,33.3609,1920,1080,raygs,triangles,1,off,0,on,-4
1781754698391487729,6321.88,825.174,1.21187,1.1496,1.13638,0.029728,0.090848,0.016384,0.18944,0.809984,0.025963,1244819,1244819,415283,33.3609,1920,1080,raygs,triangles,1,off,0,on,-4
1781754698392657435,6323.05,825.227,1.21179,1.14835,1.1345,0.030496,0.088928,0.016384,0.188704,0.809984,0.02614,1244819,1244819,415283,33.3609,1920,1080,raygs,triangles,1,off,0,on,-4
1781754698393825197,6324.22,825.584,1.21126,1.14669,1.13334,0.030144,0.089632,0.01552,0.186368,0.81168,0.024884,1244819,1244819,415283,33.3609,1920,1080,raygs,triangles,1,off,0,on,-4
1781754698395018649,6325.41,825.734,1.21104,1.17216,1.15946,0.029728,0.089344,0.016384,0.212992,0.811008,0.023909,1244819,1244819,415283,33.3609,1920,1080,raygs,triangles,1,off,0,on,-4
1781754698396342896,6326.73,829.013,1.20625,1.14781,1.13571,0.030496,0.089408,0.016384,0.18944,0.809984,0.026341,1244819,1244819,415283,33.3609,1920,1080,raygs,triangles,1,off,0,on,-4
1781754698397614777,6328.01,828.233,1.20739,1.14902,1.13606,0.031168,0.0888,0.015648,0.18944,0.811008,0.025319,1244819,1244819,415283,33.3609,1920,1080,raygs,triangles,1,off,0,on,-4
1781754698398783848,6329.18,827.231,1.20885,1.15139,1.13738,0.031456,0.089088,0.01536,0.191488,0.809984,0.02488,1244819,1244819,415283,33.3609,1920,1080,raygs,triangles,1,off,0,on,-4
1781754698399960464,6330.35,827.233,1.20885,1.14685,1.13578,0.030016,0.089856,0.016384,0.188512,0.811008,0.023987,1244819,1244819,415283,33.3609,1920,1080,raygs,triangles,1,off,0,on,-4
1781754698401145956,6331.54,827.266,1.2088,1.14742,1.13552,0.030624,0.090112,0.016384,0.188416,0.809984,0.028989,1244819,1244819,415283,33.3609,1920,1080,raygs,triangles,1,off,0,on,-4
1781754698402315326,6332.71,826.792,1.20949,1.14842,1.13638,0.030592,0.089152,0.016384,0.188416,0.81184,0.024624,1244819,1244819,415283,33.3609,1920,1080,raygs,triangles,1,off,0,on,-4
1781754698403473944,6333.87,828.243,1.20738,1.14765,1.13542,0.030304,0.089312,0.016384,0.18944,0.809984,0.02342,1244819,1244819,415283,33.3609,1920,1080,raygs,triangles,1,off,0,on,-4
1781754698404655492,6335.05,828.398,1.20715,1.14746,1.13549,0.029632,0.089472,0.016384,0.18944,0.81056,0.025142,1244819,1244819,415283,33.3609,1920,1080,raygs,triangles,1,off,0,on,-4
1781754698406063953,6336.46,828.322,1.20726,1.38742,1.37434,0.030016,0.088896,0.01536,0.429056,0.811008,0.025974,1244819,1244819,415283,33.3609,1920,1080,raygs,triangles,1,off,0,on,-4
1781754698407404895,6337.8,825.755,1.21101,1.28499,1.27114,0.029952,0.090144,0.01536,0.325696,0.809984,0.031582,1244819,1244819,415283,33.3609,1920,1080,raygs,triangles,1,off,0,on,-4
1781754698408541886,6338.93,824.155,1.21336,1.14733,1.13446,0.030528,0.090176,0.016384,0.186368,0.811008,0.017868,1244819,1244819,415283,33.3609,1920,1080,raygs,triangles,1,off,0,on,-4
1781754698409715295,6340.11,824.157,1.21336,1.14826,1.13562,0.0304,0.089664,0.016384,0.188416,0.810752,0.023364,1244819,1244819,415283,33.3609,1920,1080,raygs,triangles,1,off,0,on,-4
1781754698410890166,6341.28,824.199,1.2133,1.14851,1.1345,0.029504,0.089312,0.01536,0.18944,0.81088,0.025397,1244819,1244819,415283,33.3609,1920,1080,raygs,triangles,1,off,0,on,-4
1781754698412071127,6342.46,824.431,1.21296,1.14528,1.13178,0.029472,0.089568,0.01536,0.187392,0.809984,0.025444,1244819,1244819,415283,33.3609,1920,1080,raygs,triangles,1,off,0,on,-4
1781754698413246271,6343.64,827.038,1.20913,1.14701,1.13488,0.030208,0.088864,0.016384,0.188416,0.811008,0.024494,1244819,1244819,415283,33.3609,1920,1080,raygs,triangles,1,off,0,on,-4
1781754698414523613,6344.91,828.298,1.20729,1.14691,1.1344,0.03024,0.088736,0.016384,0.188416,0.810624,0.024463,1244819,1244819,415283,33.3609,1920,1080,raygs,triangles,1,off,0,on,-4
1781754698415694698,6346.09,827.242,1.20884,1.14726,1.13286,0.030432,0.089536,0.01536,0.186784,0.810752,0.024039,1244819,1244819,415283,33.3609,1920,1080,raygs,triangles,1,off,0,on,-4
1781754698416866019,6347.26,827.483,1.20848,1.14842,1.13568,0.029536,0.08976,0.01536,0.18944,0.811584,0.023504,1244819,1244819,415283,33.3609,1920,1080,raygs,triangles,1,off,0,on,-4
1781754698418039464,6348.43,827.616,1.20829,1.14778,1.13597,0.02992,0.08944,0.016384,0.18944,0.810784,0.024039,1244819,1244819,415283,33.3609,1920,1080,raygs,triangles,1,off,0,on,-4
1781754698419221278,6349.61,827.151,1.20897,1.14733,1.13446,0.029472,0.089312,0.016256,0.188416,0.811008,0.029797,1244819,1244819,415283,33.3609,1920,1080,raygs,triangles,1,off,0,on,-4
1781754698420394602,6350.79,827.042,1.20913,1.14954,1.13597,0.029632,0.089504,0.016384,0.18944,0.811008,0.024641,1244819,1244819,415283,33.3609,1920,1080,raygs,triangles,1,off,0,on,-4
1781754698421563406,6351.95,828.415,1.20712,1.14861,1.13613,0.029728,0.089568,0.016384,0.190464,0.809984,0.02385,1244819,1244819,415283,33.3609,1920,1080,raygs,triangles,1,off,0,on,-4
1781754698422973306,6353.36,828.765,1.20661,1.38694,1.37405,0.029504,0.089344,0.01616,0.428032,0.811008,0.023233,1244819,1244819,415283,33.3609,1920,1080,raygs,triangles,1,off,0,on,-4
1781754698424323776,6354.72,826.035,1.2106,1.28848,1.27555,0.030336,0.088992,0.015488,0.329728,0.811008,0.029192,1244819,1244819,415283,33.3609,1920,1080,raygs,triangles,1,off,0,on,-4
1781754698425509010,6355.9,823.784,1.21391,1.14701,1.13363,0.030208,0.090688,0.01536,0.186368,0.811008,0.034459,1244819,1244819,415283,33.3609,1920,1080,raygs,triangles,1,off,0,on,-4
1781754698426650586,6357.04,823.458,1.21439,1.14787,1.13437,0.03024,0.090208,0.015552,0.187744,0.810624,0.018174,1244819,1244819,415283,33.3609,1920,1080,raygs,triangles,1,off,0,on,-4
1781754698427814102,6358.21,823.614,1.21416,1.14842,1.13434,0.030144,0.08928,0.01536,0.188704,0.810848,0.024146,1244819,1244819,415283,33.3609,1920,1080,raygs,triangles,1,off,0,on,-4
1781754698429007506,6359.4,826.534,1.20987,1.14646,1.13478,0.030688,0.089184,0.016384,0.187584,0.810944,0.0274,1244819,1244819,415283,33.3609,1920,1080,raygs,triangles,1,off,0,on,-4
1781754698430294222,6360.69,827.396,1.20861,1.14835,1.13552,0.029472,0.089312,0.016384,0.189504,0.810848,0.024848,1244819,1244819,415283,33.3609,1920,1080,raygs,triangles,1,off,0,on,-4
1781754698431463160,6361.85,826.132,1.21046,1.14813,1.13446,0.030304,0.089376,0.01536,0.188416,0.811008,0.02321,1244819,1244819,415283,33.3609,1920,1080,raygs,triangles,1,off,0,on,-4
1781754698432622581,6363.01,826.205,1.21035,1.14691,1.13382,0.030112,0.088768,0.01552,0.188416,0.811008,0.023922,1244819,1244819,415283,33.3609,1920,1080,raygs,triangles,1,off,0,on,-4
1781754698433802484,6364.19,826.595,1.20978,1.14611,1.13245,0.029312,0.08928,0.015456,0.187392,0.811008,0.023978,1244819,1244819,415283,33.3609,1920,1080,raygs,triangles,1,off,0,on,-4
1781754698434970965,6365.36,826.641,1.20972,1.14701,1.13325,0.030176,0.089312,0.01536,0.188416,0.809984,0.024192,1244819,1244819,415283,33.3609,1920,1080,raygs,triangles,1,off,0,on,-4
1781754698436143790,6366.54,827.002,1.20919,1.14954,1.1351,0.029664,0.089312,0.01568,0.18944,0.811008,0.023624,1244819,1244819,415283,33.3609,1920,1080,raygs,triangles,1,off,0,on,-4
1781754698437326843,6367.72,827.019,1.20916,1.14787,1.13568,0.030016,0.089856,0.016384,0.18944,0.809984,0.025416,1244819,1244819,415283,33.3609,1920,1080,raygs,triangles,1,off,0,on,-4
1781754698438535495,6368.93,827.775,1.20806,1.14842,1.13405,0.029536,0.08944,0.015648,0.18944,0.809984,0.035072,1244819,1244819,415283,33.3609,1920,1080,raygs,triangles,1,off,0,on,-4
1781754698439915804,6370.31,827.513,1.20844,1.38474,1.37181,0.030336,0.08912,0.016384,0.42496,0.811008,0.018663,1244819,1244819,415283,33.3609,1920,1080,raygs,triangles,1,off,0,on,-4
1781754698441245321,6371.64,825.146,1.21191,1.27296,1.25955,0.030208,0.21456,0.01536,0.18944,0.809984,0.0362,1244819,1244819,415283,33.3609,1920,1080,raygs,triangles,1,off,0,on,-4
1781754698442401443,6372.79,823.787,1.21391,1.14714,1.13491,0.030048,0.089248,0.016192,0.188416,0.811008,0.01738,1244819,1244819,415283,33.3609,1920,1080,raygs,triangles,1,off,0,on,-4
1781754698443564942,6373.96,823.949,1.21367,1.14602,1.1321,0.030208,0.089024,0.015744,0.187392,0.809728,0.025151,1244819,1244819,415283,33.3609,1920,1080,raygs,triangles,1,off,0,on,-4
1781754698444763310,6375.15,823.886,1.21376,1.14858,1.13667,0.029728,0.089536,0.016384,0.190464,0.81056,0.034946,1244819,1244819,415283,33.3609,1920,1080,raygs,triangles,1,off,0,on,-4
1781754698445913823,6376.31,825.307,1.21167,1.14934,1.13664,0.030112,0.089856,0.015616,0.190464,0.810592,0.018413,1244819,1244819,415283,33.3609,1920,1080,raygs,triangles,1,off,0,on,-4
1781754698447209937,6377.6,828.031,1.20768,1.14906,1.13693,0.030208,0.089888,0.016384,0.190464,0.809984,0.031347,1244819,1244819,415283,33.3609,1920,1080,raygs,triangles,1,off,0,on,-4
1781754698448376869,6378.77,826.408,1.21006,1.1488,1.13642,0.030976,0.089632,0.016384,0.188416,0.811008,0.025639,1244819,1244819,415283,33.3609,1920,1080,raygs,triangles,1,off,0,on,-4
1781754698449541719,6379.93,826.392,1.21008,1.14701,1.13315,0.030176,0.088896,0.01568,0.188416,0.809984,0.024598,1244819,1244819,415283,33.3609,1920,1080,raygs,triangles,1,off,0,on,-4
1781754698450732157,6381.12,826.621,1.20974,1.14755,1.1345,0.029696,0.08928,0.015392,0.18944,0.810688,0.026786,1244819,1244819,415283,33.3609,1920,1080,raygs,triangles,1,off,0,on,-4
1781754698451938216,6382.33,826.586,1.20979,1.14707,1.13309,0.030272,0.089056,0.01536,0.188416,0.809984,0.039235,1244819,1244819,415283,33.3609,1920,1080,raygs,triangles,1,off,0,on,-4
1781754698453062141,6383.45,826.773,1.20952,1.14787,1.13478,0.030368,0.088608,0.016384,0.18944,0.809984,0.015541,1244819,1244819,415283,33.3609,1920,1080,raygs,triangles,1,off,0,on,-4
1781754698454238342,6384.63,827.882,1.2079,1.1488,1.136,0.029952,0.088576,0.016384,0.190464,0.810624,0.026352,1244819,1244819,415283,33.3609,1920,1080,raygs,triangles,1,off,0,on,-4
1781754698455625229,6386.02,827.776,1.20806,1.33661,1.32442,0.030368,0.089152,0.016384,0.376832,0.81168,0.033037,1244819,1244819,415283,33.3609,1920,1080,raygs,triangles,1,off,0,on,-4
1781754698456911550,6387.3,825.561,1.2113,1.2849,1.27242,0.029856,0.089536,0.016384,0.326656,0.809984,0.018281,1244819,1244819,415283,33.3609,1920,1080,raygs,triangles,1,off,0,on,-4
1781754698458081420,6388.47,824.259,1.21321,1.14803,1.13485,0.030176,0.089888,0.016384,0.188416,0.809984,0.026376,1244819,1244819,415283,33.3609,1920,1080,raygs,triangles,1,off,0,on,-4
1781754698459261553,6389.65,824.712,1.21254,1.14509,1.13238,0.030336,0.089376,0.01536,0.186368,0.810944,0.024988,1244819,1244819,415283,33.3609,1920,1080,raygs,triangles,1,off,0,on,-4
1781754698460429769,6390.82,824.136,1.21339,1.14819,1.13613,0.030368,0.089984,0.016384,0.188416,0.810976,0.025381,1244819,1244819,415283,33.3609,1920,1080,raygs,triangles,1,off,0,on,-4
1781754698461592655,6391.98,824.125,1.21341,1.14851,1.13546,0.030656,0.088992,0.01536,0.18944,0.811008,0.024726,1244819,1244819,415283,33.3609,1920,1080,raygs,triangles,1,off,0,on,-4
1781754698462768334,6393.16,826.984,1.20921,1.14598,1.1345,0.030176,0.089632,0.016384,0.187392,0.810912,0.024334,1244819,1244819,415283,33.3609,1920,1080,raygs,triangles,1,off,0,on,-4
1781754698464052754,6394.44,828.226,1.2074,1.1479,1.13507,0.030112,0.089152,0.01536,0.18944,0.811008,0.024405,1244819,1244819,415283,33.3609,1920,1080,raygs,triangles,1,off,0,on,-4
1781754698465242755,6395.63,827.093,1.20905,1.14938,1.13536,0.031168,0.089312,0.015456,0.18944,0.809984,0.025891,1244819,1244819,415283,33.3609,1920,1080,raygs,triangles,1,off,0,on,-4
1781754698466407007,6396.8,826.667,1.20968,1.14656,1.13542,0.030016,0.0896,0.016384,0.188416,0.811008,0.024059,1244819,1244819,415283,33.3609,1920,1080,raygs,triangles,1,off,0,on,-4
1781754698467576088,6397.97,826.88,1.20937,1.14778,1.13594,0.030592,0.089536,0.016384,0.188416,0.811008,0.024027,1244819,1244819,415283,33.3609,1920,1080,raygs,triangles,1,off,0,on,-4
1781754698468764559,6399.16,826.924,1.2093,1.14806,1.13462,0.030656,0.088448,0.016384,0.188416,0.81072,0.025847,1244819,1244819,415283,33.3609,1920,1080,raygs,triangles,1,off,0,on,-4
1781754698469936945,6400.33,828.514,1.20698,1.14646,1.13395,0.030688,0.089504,0.01536,0.187392,0.811008,0.028216,1244819,1244819,415283,33.3609,1920,1080,raygs,triangles,1,off,0,on,-4
1781754698471106291,6401.5,829.593,1.20541,1.14816,1.13459,0.030336,0.089152,0.01552,0.189632,0.809952,0.024891,1244819,1244819,415283,33.3609,1920,1080,raygs,triangles,1,off,0,on,-4
1781754698472476527,6402.87,829.59,1.20541,1.34179,1.32989,0.0304,0.090048,0.016384,0.382272,0.810784,0.026027,1244819,1244819,415283,33.3609,1920,1080,raygs,triangles,1,off,0,on,-4
1781754698473783103,6404.17,827.083,1.20907,1.28659,1.27434,0.030528,0.090016,0.01536,0.32768,0.810752,0.024647,1244819,1244819,415283,33.3609,1920,1080,raygs,triangles,1,off,0,on,-4
1781754698474951020,6405.34,825.961,1.21071,1.14803,1.1345,0.030176,0.09056,0.016384,0.187392,0.809984,0.024305,1244819,1244819,415283,33.3609,1920,1080,raygs,triangles,1,off,0,on,-4
1781754698476265137,6406.66,826.022,1.21062,1.14851,1.1361,0.030656,0.089824,0.016384,0.188416,0.810816,0.027308,1244819,1244819,415283,33.3609,1920,1080,raygs,triangles,1,off,0,on,-4
1781754698477428289,6407.82,823.976,1.21363,1.14714,1.13405,0.030976,0.089312,0.01536,0.187392,0.811008,0.024939,1244819,1244819,415283,33.3609,1920,1080,raygs,triangles,1,off,0,on,-4
1781754698478598866,6408.99,824.459,1.21292,1.14746,1.1344,0.030656,0.0896,0.015616,0.188544,0.809984,0.024859,1244819,1244819,415283,33.3609,1920,1080,raygs,triangles,1,off,0,on,-4
1781754698479889061,6410.28,827.488,1.20848,1.1463,1.13357,0.029472,0.089312,0.016384,0.188416,0.809984,0.025321,1244819,1244819,415283,33.3609,1920,1080,raygs,triangles,1,off,0,on,-4
1781754698481118971,6411.51,827.591,1.20833,1.14774,1.13648,0.030944,0.089728,0.016384,0.188416,0.811008,0.035929,1244819,1244819,415283,33.3609,1920,1080,raygs,triangles,1,off,0,on,-4
1781754698482276972,6412.67,827,1.20919,1.14704,1.13443,0.030208,0.089792,0.01536,0.188416,0.810656,0.022328,1244819,1244819,415283,33.3609,1920,1080,raygs,triangles,1,off,0,on,-4
1781754698483446855,6413.84,826.88,1.20937,1.14717,1.13523,0.030368,0.089056,0.016384,0.188416,0.811008,0.024585,1244819,1244819,415283,33.3609,1920,1080,raygs,triangles,1,off,0,on,-4
1781754698484621964,6415.01,826.927,1.2093,1.14858,1.13411,0.029568,0.08976,0.01536,0.18944,0.809984,0.024093,1244819,1244819,415283,33.3609,1920,1080,raygs,triangles,1,off,0,on,-4
1781754698485796762,6416.19,827.199,1.2089,1.14749,1.1343,0.030656,0.08912,0.016256,0.187392,0.81088,0.025426,1244819,1244819,415283,33.3609,1920,1080,raygs,triangles,1,off,0,on,-4
1781754698486961798,6417.35,827.317,1.20873,1.14755,1.13392,0.030304,0.08944,0.016192,0.187392,0.810592,0.020962,1244819,1244819,415283,33.3609,1920,1080,raygs,triangles,1,off,0,on,-4
1781754698488139617,6418.53,828.455,1.20707,1.14659,1.13341,0.029792,0.088672,0.01536,0.188768,0.810816,0.025334,1244819,1244819,415283,33.3609,1920,1080,raygs,triangles,1,off,0,on,-4
1781754698489565932,6419.96,828.221,1.20741,1.39805,1.38432,0.030336,0.089152,0.015552,0.439296,0.809984,0.025339,1244819,1244819,415283,33.3609,1920,1080,raygs,triangles,1,off,0,on,-4
1781754698490865940,6421.26,825.287,1.2117,1.27398,1.26138,0.03008,0.215488,0.01536,0.18944,0.811008,0.024149,1244819,1244819,415283,33.3609,1920,1080,raygs,triangles,1,off,0,on,-4
1781754698492036033,6422.43,823.877,1.21377,1.14717,1.1351,0.030336,0.089888,0.016384,0.187872,0.810624,0.022403,1244819,1244819,415283,33.3609,1920,1080,raygs,triangles,1,off,0,on,-4
1781754698493210687,6423.6,824.303,1.21315,1.14701,1.13418,0.030176,0.088992,0.015584,0.188416,0.811008,0.029833,1244819,1244819,415283,33.3609,1920,1080,raygs,triangles,1,off,0,on,-4
1781754698494395720,6424.79,824.27,1.2132,1.14701,1.13347,0.030176,0.089184,0.015712,0.188416,0.809984,0.027145,1244819,1244819,415283,33.3609,1920,1080,raygs,triangles,1,off,0,on,-4
1781754698495551002,6425.94,823.795,1.21389,1.14582,1.13261,0.030112,0.088736,0.01536,0.187392,0.811008,0.021094,1244819,1244819,415283,33.3609,1920,1080,raygs,triangles,1,off,0,on,-4
1781754698496681673,6427.07,826.673,1.20967,1.14819,1.1352,0.030336,0.089056,0.01536,0.18944,0.811008,0.017129,1244819,1244819,415283,33.3609,1920,1080,raygs,triangles,1,off,0,on,-4
1781754698497973387,6428.36,829.129,1.20609,1.14906,1.13552,0.03056,0.089536,0.016384,0.188416,0.810624,0.025286,1244819,1244819,415283,33.3609,1920,1080,raygs,triangles,1,off,0,on,-4
1781754698499146940,6429.54,828.07,1.20763,1.14819,1.1336,0.030336,0.089568,0.01536,0.187392,0.810944,0.024064,1244819,1244819,415283,33.3609,1920,1080,raygs,triangles,1,off,0,on,-4
1781754698500328338,6430.72,827.917,1.20785,1.14819,1.13661,0.03024,0.089568,0.01632,0.189472,0.811008,0.024434,1244819,1244819,415283,33.3609,1920,1080,raygs,triangles,1,off,0,on,-4
1781754698501503395,6431.89,827.12,1.20901,1.14864,1.13677,0.03072,0.089216,0.016384,0.190464,0.809984,0.024804,1244819,1244819,415283,33.3609,1920,1080,raygs,triangles,1,off,0,on,-4
1781754698502670978,6433.06,827.705,1.20816,1.14803,1.13485,0.030208,0.088832,0.016384,0.18944,0.809984,0.023923,1244819,1244819,415283,33.3609,1920,1080,raygs,triangles,1,off,0,on,-4
1781754698503844304,6434.24,828.961,1.20633,1.15066,1.13718,0.030432,0.08992,0.01536,0.191488,0.809984,0.024725,1244819,1244819,415283,33.3609,1920,1080,raygs,triangles,1,off,0,on,-4
1781754698505027720,6435.42,828.89,1.20643,1.14586,1.13277,0.03072,0.089312,0.016384,0.186368,0.809984,0.02552,1244819,1244819,415283,33.3609,1920,1080,raygs,triangles,1,off,0,on,-4
1781754698506470341,6436.86,828.367,1.20719,1.38941,1.37626,0.030432,0.089376,0.016384,0.429056,0.811008,0.034494,1244819,1244819,415283,33.3609,1920,1080,raygs,triangles,1,off,0,on,-4
1781754698507755570,6438.15,825.81,1.21093,1.28701,1.27261,0.029888,0.088672,0.01536,0.328704,0.809984,0.018495,1244819,1244819,415283,33.3609,1920,1080,raygs,triangles,1,off,0,on,-4
1781754698508923631,6439.31,824.075,1.21348,1.14669,1.13466,0.030048,0.089728,0.016384,0.187744,0.810752,0.025083,1244819,1244819,415283,33.3609,1920,1080,raygs,triangles,1,off,0,on,-4
1781754698510099217,6440.49,824.388,1.21302,1.1463,1.13517,0.030048,0.089312,0.016384,0.188416,0.811008,0.025283,1244819,1244819,415283,33.3609,1920,1080,raygs,triangles,1,off,0,on,-4
1781754698511275825,6441.67,824.471,1.2129,1.14701,1.13594,0.030176,0.089824,0.016384,0.18864,0.810912,0.02585,1244819,1244819,415283,33.3609,1920,1080,raygs,triangles,1,off,0,on,-4
1781754698512445642,6442.84,824.635,1.21266,1.14819,1.13546,0.030336,0.08992,0.015776,0.188416,0.811008,0.025858,1244819,1244819,415283,33.3609,1920,1080,raygs,triangles,1,off,0,on,-4
1781754698513734101,6444.13,827.182,1.20892,1.14717,1.13411,0.029344,0.089696,0.015648,0.188416,0.811008,0.024072,1244819,1244819,415283,33.3609,1920,1080,raygs,triangles,1,off,0,on,-4
1781754698514901464,6445.29,827.532,1.20841,1.14934,1.13542,0.030464,0.08928,0.016256,0.18944,0.809984,0.023825,1244819,1244819,415283,33.3609,1920,1080,raygs,triangles,1,off,0,on,-4
1781754698516076200,6446.47,827.808,1.20801,1.14877,1.13747,0.029888,0.089664,0.016384,0.190592,0.810944,0.024612,1244819,1244819,415283,33.3609,1920,1080,raygs,triangles,1,off,0,on,-4
1781754698517272418,6447.66,827.736,1.20812,1.1488,1.13462,0.02992,0.088896,0.01536,0.190464,0.809984,0.030777,1244819,1244819,415283,33.3609,1920,1080,raygs,triangles,1,off,0,on,-4
1781754698518432468,6448.82,827.275,1.20879,1.1489,1.13786,0.03056,0.08944,0.016384,0.18944,0.812032,0.025071,1244819,1244819,415283,33.3609,1920,1080,raygs,triangles,1,off,0,on,-4
1781754698519599500,6449.99,827.502,1.20846,1.14707,1.13296,0.03024,0.0888,0.01536,0.188576,0.809984,0.024352,1244819,1244819,415283,33.3609,1920,1080,raygs,triangles,1,off,0,on,-4
1781754698520775575,6451.17,829.065,1.20618,1.14864,1.13613,0.030208,0.090048,0.01536,0.189536,0.810976,0.024438,1244819,1244819,415283,33.3609,1920,1080,raygs,triangles,1,off,0,on,-4
1781754698522189617,6452.58,828.679,1.20674,1.39146,1.38006,0.029888,0.089632,0.016384,0.433152,0.811008,0.023912,1244819,1244819,415283,33.3609,1920,1080,raygs,triangles,1,off,0,on,-4
1781754698523503830,6453.9,826.136,1.21045,1.28733,1.27536,0.030464,0.08976,0.016384,0.328,0.810752,0.023631,1244819,1244819,415283,33.3609,1920,1080,raygs,triangles,1,off,0,on,-4
1781754698524673957,6455.07,824.748,1.21249,1.15056,1.13654,0.029984,0.090752,0.01536,0.18944,0.811008,0.023559,1244819,1244819,415283,33.3609,1920,1080,raygs,triangles,1,off,0,on,-4
1781754698525849641,6456.24,824.936,1.21222,1.14771,1.13322,0.029984,0.088832,0.01536,0.188416,0.810624,0.023304,1244819,1244819,415283,33.3609,1920,1080,raygs,triangles,1,off,0,on,-4
1781754698527022192,6457.41,824.524,1.21282,1.14669,1.13466,0.029888,0.089472,0.01632,0.188416,0.81056,0.024568,1244819,1244819,415283,33.3609,1920,1080,raygs,triangles,1,off,0,on,-4
1781754698528199709,6458.59,824.664,1.21262,1.14726,1.13382,0.030432,0.088992,0.016384,0.187392,0.810624,0.027784,1244819,1244819,415283,33.3609,1920,1080,raygs,triangles,1,off,0,on,-4
1781754698529373220,6459.76,826.529,1.20988,1.14774,1.13664,0.030304,0.089504,0.016384,0.18944,0.811008,0.024504,1244819,1244819,415283,33.3609,1920,1080,raygs,triangles,1,off,0,on,-4
1781754698530659291,6461.05,828.331,1.20725,1.14819,1.13446,0.030336,0.089056,0.015648,0.18944,0.809984,0.024101,1244819,1244819,415283,33.3609,1920,1080,raygs,triangles,1,off,0,on,-4
1781754698531835679,6462.23,826.986,1.20921,1.14819,1.13475,0.030336,0.089472,0.016384,0.187616,0.810944,0.024617,1244819,1244819,415283,33.3609,1920,1080,raygs,triangles,1,off,0,on,-4
1781754698533011953,6463.4,826.684,1.20965,1.14954,1.13696,0.030656,0.089472,0.01536,0.190464,0.811008,0.024203,1244819,1244819,415283,33.3609,1920,1080,raygs,triangles,1,off,0,on,-4
1781754698534177724,6464.57,826.778,1.20951,1.14717,1.13408,0.029984,0.089312,0.016384,0.188416,0.809984,0.023568,1244819,1244819,415283,33.3609,1920,1080,raygs,triangles,1,off,0,on,-4
1781754698535354688,6465.75,826.299,1.21022,1.14781,1.13558,0.029984,0.089792,0.016384,0.18944,0.809984,0.023125,1244819,1244819,415283,33.3609,1920,1080,raygs,triangles,1,off,0,on,-4
1781754698536526367,6466.92,826.793,1.20949,1.14742,1.13376,0.029568,0.089408,0.01536,0.188416,0.811008,0.024627,1244819,1244819,415283,33.3609,1920,1080,raygs,triangles,1,off,0,on,-4
1781754698537699532,6468.09,827.902,1.20787,1.14906,1.13555,0.030176,0.088608,0.016384,0.18944,0.810944,0.023554,1244819,1244819,415283,33.3609,1920,1080,raygs,triangles,1,off,0,on,-4
1781754698539072646,6469.46,828.351,1.20722,1.34624,1.33398,0.03024,0.089472,0.016192,0.387072,0.811008,0.025851,1244819,1244819,415283,33.3609,1920,1080,raygs,triangles,1,off,0,on,-4
1781754698540389806,6470.78,825.719,1.21107,1.28582,1.27306,0.029664,0.089408,0.016384,0.326976,0.810624,0.025302,1244819,1244819,415283,33.3609,1920,1080,raygs,triangles,1,off,0,on,-4
1781754698541567615,6471.96,823.742,1.21397,1.14922,1.13693,0.030336,0.09104,0.016384,0.188416,0.810752,0.025101,1244819,1244819,415283,33.3609,1920,1080,raygs,triangles,1,off,0,on,-4
1781754698542731550,6473.12,824.249,1.21323,1.14669,1.13402,0.030816,0.089376,0.016448,0.187392,0.809984,0.024141,1244819,1244819,415283,33.3609,1920,1080,raygs,triangles,1,off,0,on,-4
1781754698543902831,6474.29,824.573,1.21275,1.14723,1.13421,0.0304,0.089024,0.01536,0.188416,0.811008,0.023622,1244819,1244819,415283,33.3609,1920,1080,raygs,triangles,1,off,0,on,-4
1781754698545106199,6475.5,824.537,1.2128,1.17018,1.15722,0.030336,0.089568,0.016384,0.210944,0.809984,0.023865,1244819,1244819,415283,33.3609,1920,1080,raygs,triangles,1,off,0,on,-4
1781754698546290501,6476.68,826.449,1.21,1.14733,1.13533,0.030528,0.088992,0.016384,0.188416,0.811008,0.024483,1244819,1244819,415283,33.3609,1920,1080,raygs,triangles,1,off,0,on,-4
1781754698547572574,6477.96,827.625,1.20828,1.14781,1.13677,0.030592,0.089344,0.017408,0.188416,0.811008,0.025046,1244819,1244819,415283,33.3609,1920,1080,raygs,triangles,1,off,0,on,-4
1781754698548750226,6479.14,826.213,1.21034,1.15008,1.13664,0.0312,0.089632,0.01536,0.18944,0.811008,0.025315,1244819,1244819,415283,33.3609,1920,1080,raygs,triangles,1,off,0,on,-4
1781754698549932264,6480.32,827.81,1.20801,1.14659,1.13482,0.02976,0.089664,0.016384,0.188416,0.810592,0.026243,1244819,1244819,415283,33.3609,1920,1080,raygs,triangles,1,off,0,on,-4
1781754698551104307,6481.5,827.519,1.20843,1.14746,1.13594,0.029632,0.089472,0.016384,0.190464,0.809984,0.025957,1244819,1244819,415283,33.3609,1920,1080,raygs,triangles,1,off,0,on,-4
1781754698552280346,6482.67,827.241,1.20884,1.15142,1.13923,0.030496,0.089856,0.016384,0.192512,0.809984,0.025224,1244819,1244819,415283,33.3609,1920,1080,raygs,triangles,1,off,0,on,-4
1781754698553447501,6483.84,828.88,1.20645,1.14806,1.13373,0.030176,0.088992,0.01536,0.188416,0.810784,0.02542,1244819,1244819,415283,33.3609,1920,1080,raygs,triangles,1,off,0,on,-4
1781754698554614813,6485.01,829.253,1.2059,1.14848,1.13747,0.02992,0.089696,0.016384,0.18944,0.812032,0.023765,1244819,1244819,415283,33.3609,1920,1080,raygs,triangles,1,off,0,on,-4
1781754698556014511,6486.41,829.152,1.20605,1.34288,1.32947,0.030496,0.08896,0.01536,0.384,0.810656,0.027081,1244819,1244819,415283,33.3609,1920,1080,raygs,triangles,1,off,0,on,-4
1781754698557377124,6487.77,826.588,1.20979,1.35741,1.34547,0.029632,0.08928,0.016352,0.39936,0.810848,0.025522,1244819,1244819,415283,33.3609,1920,1080,raygs,triangles,1,off,0,on,-4
1781754698558535006,6488.93,824.506,1.21285,1.14848,1.13722,0.030624,0.090144,0.016384,0.18944,0.810624,0.023969,1244819,1244819,415283,33.3609,1920,1080,raygs,triangles,1,off,0,on,-4
1781754698559718241,6490.11,824.843,1.21235,1.14669,1.13376,0.029792,0.089664,0.016224,0.187392,0.810688,0.024627,1244819,1244819,415283,33.3609,1920,1080,raygs,triangles,1,off,0,on,-4
1781754698560902533,6491.29,824.459,1.21292,1.14662,1.1345,0.029952,0.08976,0.016384,0.187392,0.811008,0.02709,1244819,1244819,415283,33.3609,1920,1080,raygs,triangles,1,off,0,on,-4
1781754698562059130,6492.45,824.295,1.21316,1.14678,1.13376,0.029952,0.089792,0.015616,0.187392,0.811008,0.025762,1244819,1244819,415283,33.3609,1920,1080,raygs,triangles,1,off,0,on,-4
1781754698563309691,6493.7,827.399,1.20861,1.14819,1.13498,0.030336,0.08896,0.016384,0.188416,0.81088,0.046228,1244819,1244819,415283,33.3609,1920,1080,raygs,triangles,1,off,0,on,-4
1781754698564535052,6494.93,828.139,1.20753,1.14669,1.1352,0.029856,0.089536,0.016384,0.188416,0.811008,0.015935,1244819,1244819,415283,33.3609,1920,1080,raygs,triangles,1,off,0,on,-4
1781754698565701522,6496.09,827.32,1.20872,1.14854,1.13651,0.030976,0.089664,0.016384,0.18848,0.811008,0.025858,1244819,1244819,415283,33.3609,1920,1080,raygs,triangles,1,off,0,on,-4
1781754698566874271,6497.27,827.434,1.20855,1.1481,1.1343,0.030272,0.089184,0.01536,0.18864,0.810848,0.025003,1244819,1244819,415283,33.3609,1920,1080,raygs,triangles,1,off,0,on,-4
1781754698568050171,6498.44,827.536,1.20841,1.14899,1.13549,0.030112,0.088576,0.016384,0.18944,0.810976,0.025532,1244819,1244819,415283,33.3609,1920,1080,raygs,triangles,1,off,0,on,-4
1781754698569232982,6499.62,827.382,1.20863,1.14685,1.1337,0.030048,0.089888,0.016384,0.187392,0.809984,0.02685,1244819,1244819,415283,33.3609,1920,1080,raygs,triangles,1,off,0,on,-4
1781754698570454381,6500.85,827.127,1.209,1.14707,1.13309,0.03024,0.089472,0.01536,0.187392,0.810624,0.040049,1244819,1244819,415283,33.3609,1920,1080,raygs,triangles,1,off,0,on,-4
1781754698571567924,6501.96,827.714,1.20815,1.1488,1.13635,0.02992,0.0896,0.016384,0.18944,0.811008,0.014461,1244819,1244819,415283,33.3609,1920,1080,raygs,triangles,1,off,0,on,-4
1781754698572948788,6503.34,828.177,1.20747,1.33798,1.32528,0.03072,0.089312,0.01536,0.379904,0.809984,0.028631,1244819,1244819,415283,33.3609,1920,1080,raygs,triangles,1,off,0,on,-4
1781754698574292409,6504.68,826.283,1.21024,1.32259,1.13731,0.029632,0.089824,0.01536,0.191488,0.811008,0.025347,1244819,1244819,415283,33.3609,1920,1080,raygs,triangles,1,off,0,on,-4
1781754698575484706,6505.88,824.361,1.21306,1.14749,1.13555,0.032704,0.08944,0.016384,0.186368,0.810656,0.037528,1244819,1244819,415283,33.3609,1920,1080,raygs,triangles,1,off,0,on,-4
1781754698576628084,6507.02,824.224,1.21326,1.14755,1.13507,0.030688,0.08944,0.01552,0.188416,0.811008,0.01861,1244819,1244819,415283,33.3609,1920,1080,raygs,triangles,1,off,0,on,-4
1781754698577809851,6508.2,824.372,1.21305,1.14909,1.13501,0.03024,0.088736,0.015584,0.18944,0.811008,0.025352,1244819,1244819,415283,33.3609,1920,1080,raygs,triangles,1,off,0,on,-4
1781754698578962782,6509.35,824.43,1.21296,1.14819,1.13501,0.030336,0.089888,0.016384,0.187392,0.811008,0.023639,1244819,1244819,415283,33.3609,1920,1080,raygs,triangles,1,off,0,on,-4
1781754698580142655,6510.53,827.543,1.2084,1.14902,1.13683,0.030144,0.089856,0.016384,0.18944,0.811008,0.024249,1244819,1244819,415283,33.3609,1920,1080,raygs,triangles,1,off,0,on,-4
1781754698581435485,6511.83,828.887,1.20644,1.14851,1.13629,0.030688,0.089824,0.016384,0.188416,0.810976,0.024493,1244819,1244819,415283,33.3609,1920,1080,raygs,triangles,1,off,0,on,-4
1781754698582601003,6512.99,827.178,1.20893,1.14906,1.1367,0.031232,0.08976,0.016384,0.188416,0.810912,0.023757,1244819,1244819,415283,33.3609,1920,1080,raygs,triangles,1,off,0,on,-4
1781754698583772189,6514.16,827.792,1.20803,1.14864,1.13776,0.030848,0.08992,0.016384,0.189728,0.81088,0.023788,1244819,1244819,415283,33.3609,1920,1080,raygs,triangles,1,off,0,on,-4
1781754698584949421,6515.34,827.941,1.20782,1.14803,1.13654,0.030208,0.089856,0.016384,0.18944,0.810656,0.026029,1244819,1244819,415283,33.3609,1920,1080,raygs,triangles,1,off,0,on,-4
1781754698586127553,6516.52,827.424,1.20857,1.14938,1.13533,0.030528,0.089088,0.01536,0.189536,0.810816,0.024124,1244819,1244819,415283,33.3609,1920,1080,raygs,triangles,1,off,0,on,-4
1781754698587318203,6517.71,828.811,1.20655,1.1479,1.13466,0.03056,0.089952,0.015552,0.187776,0.810816,0.025846,1244819,1244819,415283,33.3609,1920,1080,raygs,triangles,1,off,0,on,-4
1781754698588476316,6518.87,828.284,1.20732,1.14877,1.13533,0.029888,0.088608,0.016384,0.18944,0.811008,0.024936,1244819,1244819,415283,33.3609,1920,1080,raygs,triangles,1,off,0,on,-4
1781754698589870750,6520.26,828.716,1.20669,1.37686,1.36426,0.029632,0.0896,0.016224,0.417792,0.811008,0.024442,1244819,1244819,415283,33.3609,1920,1080,raygs,triangles,1,off,0,on,-4
1781754698591180920,6521.57,826.784,1.20951,1.28682,1.27395,0.03072,0.08912,0.016384,0.327008,0.81072,0.024098,1244819,1244819,415283,33.3609,1920,1080,raygs,triangles,1,off,0,on,-4
1781754698592363884,6522.76,824.956,1.21219,1.14733,1.1343,0.030496,0.090048,0.01536,0.187392,0.811008,0.026191,1244819,1244819,415283,33.3609,1920,1080,raygs,triangles,1,off,0,on,-4
1781754698593529667,6523.92,824.293,1.21316,1.1448,1.1327,0.030016,0.088992,0.016384,0.186368,0.810944,0.024579,1244819,1244819,415283,33.3609,1920,1080,raygs,triangles,1,off,0,on,-4
1781754698594698121,6525.09,824.706,1.21255,1.1473,1.13414,0.030464,0.08912,0.01616,0.188416,0.809984,0.023915,1244819,1244819,415283,33.3609,1920,1080,raygs,triangles,1,off,0,on,-4
1781754698595874198,6526.27,827.56,1.20837,1.14864,1.13642,0.030336,0.089472,0.016384,0.18944,0.810784,0.025909,1244819,1244819,415283,33.3609,1920,1080,raygs,triangles,1,off,0,on,-4
1781754698597176517,6527.57,829.047,1.2062,1.14822,1.13437,0.030368,0.089088,0.015488,0.188416,0.811008,0.025807,1244819,1244819,415283,33.3609,1920,1080,raygs,triangles,1,off,0,on,-4
1781754698598348166,6528.74,827.28,1.20878,1.14842,1.13683,0.030816,0.0896,0.016384,0.188416,0.811616,0.025012,1244819,1244819,415283,33.3609,1920,1080,raygs,triangles,1,off,0,on,-4
1781754698599518504,6529.91,827.358,1.20867,1.14938,1.13526,0.030528,0.088928,0.01536,0.190464,0.809984,0.023714,1244819,1244819,415283,33.3609,1920,1080,raygs,triangles,1,off,0,on,-4
1781754698600705314,6531.1,827.351,1.20868,1.14586,1.13325,0.030048,0.088864,0.01536,0.188416,0.81056,0.026301,1244819,1244819,415283,33.3609,1920,1080,raygs,triangles,1,off,0,on,-4
1781754698601870614,6532.26,827.543,1.2084,1.14867,1.13437,0.029792,0.088768,0.01536,0.18944,0.811008,0.023816,1244819,1244819,415283,33.3609,1920,1080,raygs,triangles,1,off,0,on,-4
1781754698603040056,6533.43,827.34,1.20869,1.14992,1.13766,0.030048,0.089856,0.016288,0.190464,0.811008,0.023503,1244819,1244819,415283,33.3609,1920,1080,raygs,triangles,1,off,0,on,-4
1781754698604216207,6534.61,828.949,1.20635,1.14701,1.13379,0.030272,0.088736,0.01536,0.18944,0.809984,0.028982,1244819,1244819,415283,33.3609,1920,1080,raygs,triangles,1,off,0,on,-4
1781754698605638683,6536.03,829.014,1.20625,1.38163,1.36797,0.030304,0.089312,0.015456,0.422912,0.809984,0.024304,1244819,1244819,415283,33.3609,1920,1080,raygs,triangles,1,off,0,on,-4
1781754698606937614,6537.33,825.863,1.21086,1.28851,1.27475,0.030368,0.089152,0.01552,0.329728,0.809984,0.024417,1244819,1244819,415283,33.3609,1920,1080,raygs,triangles,1,off,0,on,-4
1781754698608109810,6538.5,824.732,1.21251,1.14701,1.13491,0.030208,0.090048,0.016384,0.187392,0.81088,0.02809,1244819,1244819,415283,33.3609,1920,1080,raygs,triangles,1,off,0,on,-4
1781754698609288188,6539.68,824.468,1.2129,1.14717,1.13478,0.030336,0.089152,0.016096,0.187392,0.811808,0.024338,1244819,1244819,415283,33.3609,1920,1080,raygs,triangles,1,off,0,on,-4
1781754698610452838,6540.84,824.334,1.2131,1.14912,1.13683,0.03024,0.08976,0.016384,0.18944,0.811008,0.024218,1244819,1244819,415283,33.3609,1920,1080,raygs,triangles,1,off,0,on,-4
1781754698611623757,6542.02,824.697,1.21257,1.14611,1.1337,0.029312,0.0896,0.016384,0.188416,0.809984,0.023696,1244819,1244819,415283,33.3609,1920,1080,raygs,triangles,1,off,0,on,-4
1781754698612796237,6543.19,826.999,1.20919,1.14874,1.13574,0.03008,0.089696,0.016384,0.188576,0.811008,0.023575,1244819,1244819,415283,33.3609,1920,1080,raygs,triangles,1,off,0,on,-4
1781754698614096281,6544.49,828.908,1.20641,1.14954,1.13696,0.029632,0.089472,0.016384,0.191488,0.809984,0.026158,1244819,1244819,415283,33.3609,1920,1080,raygs,triangles,1,off,0,on,-4
1781754698615274836,6545.67,827.133,1.209,1.1479,1.13485,0.030624,0.089536,0.016384,0.187392,0.810912,0.025798,1244819,1244819,415283,33.3609,1920,1080,raygs,triangles,1,off,0,on,-4
1781754698616434590,6546.83,826.786,1.2095,1.14614,1.13427,0.030432,0.088896,0.016384,0.187744,0.810816,0.024055,1244819,1244819,415283,33.3609,1920,1080,raygs,triangles,1,off,0,on,-4
1781754698617612655,6548,827.225,1.20886,1.1489,1.13773,0.030144,0.089792,0.01632,0.190464,0.811008,0.025549,1244819,1244819,415283,33.3609,1920,1080,raygs,triangles,1,off,0,on,-4
1781754698618783095,6549.17,827.223,1.20886,1.14694,1.13411,0.031136,0.089216,0.016384,0.187392,0.809984,0.025587,1244819,1244819,415283,33.3609,1920,1080,raygs,triangles,1,off,0,on,-4
1781754698619953281,6550.34,827.91,1.20786,1.14954,1.13802,0.030656,0.089728,0.016384,0.18944,0.811808,0.024291,1244819,1244819,415283,33.3609,1920,1080,raygs,triangles,1,off,0,on,-4
1781754698621124182,6551.52,829.256,1.2059,1.14848,1.13629,0.030176,0.08928,0.016384,0.18944,0.811008,0.022942,1244819,1244819,415283,33.3609,1920,1080,raygs,triangles,1,off,0,on,-4
1781754698622504692,6552.9,829.28,1.20586,1.34144,1.32848,0.030048,0.089504,0.016384,0.381952,0.810592,0.023834,1244819,1244819,415283,33.3609,1920,1080,raygs,triangles,1,off,0,on,-4
1781754698623813350,6554.2,826.793,1.20949,1.28934,1.27654,0.029152,0.089312,0.01632,0.330752,0.811008,0.023396,1244819,1244819,415283,33.3609,1920,1080,raygs,triangles,1,off,0,on,-4
1781754698624983404,6555.37,825.493,1.2114,1.14806,1.13462,0.030208,0.090912,0.016384,0.186368,0.810752,0.023517,1244819,1244819,415283,33.3609,1920,1080,raygs,triangles,1,off,0,on,-4
1781754698626154130,6556.55,825.521,1.21136,1.14819,1.13434,0.030432,0.088864,0.015616,0.18944,0.809984,0.022848,1244819,1244819,415283,33.3609,1920,1080,raygs,triangles,1,off,0,on,-4
1781754698627344009,6557.74,825.552,1.21131,1.14758,1.13398,0.029728,0.089472,0.016384,0.188416,0.809984,0.025865,1244819,1244819,415283,33.3609,1920,1080,raygs,triangles,1,off,0,on,-4
1781754698628539063,6558.93,825.142,1.21191,1.1697,1.15738,0.030432,0.088928,0.01536,0.211968,0.810688,0.025909,1244819,1244819,415283,33.3609,1920,1080,raygs,triangles,1,off,0,on,-4
1781754698629708154,6560.1,827.307,1.20874,1.14614,1.13366,0.030304,0.0896,0.01536,0.187392,0.811008,0.024316,1244819,1244819,415283,33.3609,1920,1080,raygs,triangles,1,off,0,on,-4
1781754698630998805,6561.39,829.693,1.20527,1.14931,1.13546,0.030464,0.089472,0.015392,0.18944,0.810688,0.025575,1244819,1244819,415283,33.3609,1920,1080,raygs,triangles,1,off,0,on,-4
1781754698632178237,6562.57,827.743,1.2081,1.14995,1.13792,0.031104,0.089984,0.016384,0.190464,0.809984,0.024801,1244819,1244819,415283,33.3609,1920,1080,raygs,triangles,1,off,0,on,-4
1781754698633353034,6563.74,828.057,1.20765,1.14787,1.13469,0.03024,0.08864,0.01536,0.188416,0.812032,0.024683,1244819,1244819,415283,33.3609,1920,1080,raygs,triangles,1,off,0,on,-4
1781754698634523042,6564.91,828.22,1.20741,1.1495,1.13523,0.029632,0.08992,0.01536,0.18944,0.81088,0.025041,1244819,1244819,415283,33.3609,1920,1080,raygs,triangles,1,off,0,on,-4
1781754698635727484,6566.12,828.279,1.20732,1.14851,1.13536,0.029632,0.088256,0.01536,0.190464,0.811648,0.03568,1244819,1244819,415283,33.3609,1920,1080,raygs,triangles,1,off,0,on,-4
1781754698636884845,6567.28,828.495,1.20701,1.14662,1.13341,0.029824,0.088768,0.016384,0.188576,0.809856,0.019415,1244819,1244819,415283,33.3609,1920,1080,raygs,triangles,1,off,0,on,-4
1781754698638062183,6568.45,829.281,1.20586,1.14816,1.136,0.029952,0.089472,0.016128,0.18944,0.811008,0.026251,1244819,1244819,415283,33.3609,1920,1080,raygs,triangles,1,off,0,on,-4
1781754698639421352,6569.81,829.232,1.20594,1.33898,1.32659,0.030656,0.089536,0.01536,0.380288,0.810752,0.026217,1244819,1244819,415283,33.3609,1920,1080,raygs,triangles,1,off,0,on,-4
1781754698640731498,6571.12,827.058,1.2091,1.28778,1.27494,0.030688,0.089184,0.016384,0.32768,0.811008,0.026272,1244819,1244819,415283,33.3609,1920,1080,raygs,triangles,1,off,0,on,-4
1781754698641896555,6572.29,825.561,1.2113,1.14714,1.13386,0.030144,0.089984,0.016384,0.187392,0.809952,0.026776,1244819,1244819,415283,33.3609,1920,1080,raygs,triangles,1,off,0,on,-4
1781754698643114455,6573.51,825.664,1.21115,1.14662,1.13469,0.02976,0.089568,0.016384,0.188416,0.81056,0.042221,1244819,1244819,415283,33.3609,1920,1080,raygs,triangles,1,off,0,on,-4
1781754698644247292,6574.64,825.754,1.21101,1.1463,1.13427,0.030496,0.089312,0.01616,0.187392,0.810912,0.016133,1244819,1244819,415283,33.3609,1920,1080,raygs,triangles,1,off,0,on,-4
1781754698645421269,6575.81,825.556,1.2113,1.14803,1.13414,0.030592,0.089792,0.01536,0.187392,0.811008,0.025967,1244819,1244819,415283,33.3609,1920,1080,raygs,triangles,1,off,0,on,-4
1781754698646721589,6577.11,827.888,1.20789,1.14922,1.13821,0.030432,0.08992,0.016384,0.190464,0.811008,0.025556,1244819,1244819,415283,33.3609,1920,1080,raygs,triangles,1,off,0,on,-4
1781754698647888241,6578.28,828.356,1.20721,1.14835,1.13459,0.030496,0.089312,0.016384,0.188416,0.809984,0.024546,1244819,1244819,415283,33.3609,1920,1080,raygs,triangles,1,off,0,on,-4
1781754698649062297,6579.45,828.548,1.20693,1.1473,1.13334,0.03008,0.08928,0.015584,0.188416,0.809984,0.024869,1244819,1244819,415283,33.3609,1920,1080,raygs,triangles,1,off,0,on,-4
1781754698650278867,6580.67,828.308,1.20728,1.14794,1.13504,0.030144,0.089184,0.01536,0.18944,0.810912,0.037441,1244819,1244819,415283,33.3609,1920,1080,raygs,triangles,1,off,0,on,-4
1781754698651407957,6581.8,828.156,1.2075,1.1473,1.13555,0.030496,0.090144,0.016384,0.18784,0.810688,0.015198,1244819,1244819,415283,33.3609,1920,1080,raygs,triangles,1,off,0,on,-4
1781754698652579811,6582.97,828.25,1.20736,1.14669,1.13338,0.029888,0.089728,0.016384,0.187392,0.809984,0.024034,1244819,1244819,415283,33.3609,1920,1080,raygs,triangles,1,off,0,on,-4
1781754698653747228,6584.14,828.36,1.2072,1.14726,1.13341,0.030432,0.08944,0.01536,0.187392,0.810784,0.024138,1244819,1244819,415283,33.3609,1920,1080,raygs,triangles,1,off,0,on,-4
1781754698654944255,6585.34,830.043,1.20476,1.14614,1.13517,0.030336,0.08912,0.01632,0.188416,0.810976,0.025598,1244819,1244819,415283,33.3609,1920,1080,raygs,triangles,1,off,0,on,-4
1781754698656354421,6586.75,829.186,1.206,1.39482,1.38144,0.030528,0.089056,0.015648,0.436224,0.809984,0.023862,1244819,1244819,415283,33.3609,1920,1080,raygs,triangles,1,off,0,on,-4
1781754698657638927,6588.03,826.425,1.21003,1.2721,1.25987,0.030624,0.2136,0.01536,0.18944,0.810848,0.023441,1244819,1244819,415283,33.3609,1920,1080,raygs,triangles,1,off,0,on,-4
1781754698658810124,6589.2,825.855,1.21087,1.1457,1.13427,0.030112,0.089376,0.016384,0.187392,0.811008,0.02375,1244819,1244819,415283,33.3609,1920,1080,raygs,triangles,1,off,0,on,-4
1781754698660006481,6590.4,825.784,1.21097,1.14573,1.13347,0.029952,0.088736,0.016384,0.187392,0.811008,0.02391,1244819,1244819,415283,33.3609,1920,1080,raygs,triangles,1,off,0,on,-4
1781754698661164280,6591.56,825.412,1.21152,1.14819,1.13494,0.030272,0.088672,0.016384,0.188704,0.810912,0.02404,1244819,1244819,415283,33.3609,1920,1080,raygs,triangles,1,off,0,on,-4
1781754698662353415,6592.74,825.198,1.21183,1.14733,1.1353,0.030496,0.088992,0.016384,0.18944,0.809984,0.024797,1244819,1244819,415283,33.3609,1920,1080,raygs,triangles,1,off,0,on,-4
1781754698663515038,6593.91,827.574,1.20835,1.14842,1.13517,0.029984,0.089568,0.016256,0.188416,0.810944,0.024171,1244819,1244819,415283,33.3609,1920,1080,raygs,triangles,1,off,0,on,-4
1781754698664800641,6595.19,829.228,1.20594,1.14906,1.13478,0.030176,0.0888,0.01536,0.190464,0.809984,0.025572,1244819,1244819,415283,33.3609,1920,1080,raygs,triangles,1,off,0,on,-4
1781754698665971796,6596.36,828.304,1.20729,1.14874,1.13504,0.029888,0.089344,0.016384,0.18944,0.809984,0.024924,1244819,1244819,415283,33.3609,1920,1080,raygs,triangles,1,off,0,on,-4
1781754698667145251,6597.54,828.244,1.20737,1.1481,1.13603,0.03024,0.08896,0.016384,0.18944,0.811008,0.02443,1244819,1244819,415283,33.3609,1920,1080,raygs,triangles,1,off,0,on,-4
1781754698668365753,6598.76,828.215,1.20742,1.14675,1.13254,0.030336,0.089472,0.01536,0.186368,0.811008,0.037965,1244819,1244819,415283,33.3609,1920,1080,raygs,triangles,1,off,0,on,-4
1781754698669504581,6599.9,827.603,1.20831,1.14701,1.13296,0.030208,0.088992,0.01536,0.188416,0.809984,0.016823,1244819,1244819,415283,33.3609,1920,1080,raygs,triangles,1,off,0,on,-4
1781754698670665070,6601.06,829.59,1.20542,1.14717,1.1353,0.030336,0.089152,0.016384,0.18944,0.809984,0.02492,1244819,1244819,415283,33.3609,1920,1080,raygs,triangles,1,off,0,on,-4
1781754698671854662,6602.25,829.683,1.20528,1.14829,1.13606,0.030432,0.090016,0.016384,0.188416,0.810816,0.027643,1244819,1244819,415283,33.3609,1920,1080,raygs,triangles,1,off,0,on,-4
1781754698673260864,6603.65,829.431,1.20565,1.3856,1.37312,0.030176,0.088736,0.016384,0.427008,0.810816,0.02461,1244819,1244819,415283,33.3609,1920,1080,raygs,triangles,1,off,0,on,-4
1781754698674568763,6604.96,827.031,1.20914,1.288,1.27482,0.029888,0.088672,0.01536,0.329024,0.811872,0.023957,1244819,1244819,415283,33.3609,1920,1080,raygs,triangles,1,off,0,on,-4
1781754698675738005,6606.13,825.339,1.21162,1.15056,1.13728,0.029632,0.090752,0.016384,0.189824,0.810688,0.026236,1244819,1244819,415283,33.3609,1920,1080,raygs,triangles,1,off,0,on,-4
1781754698676922470,6607.31,825.33,1.21164,1.14774,1.13613,0.029888,0.089376,0.016384,0.189472,0.811008,0.02975,1244819,1244819,415283,33.3609,1920,1080,raygs,triangles,1,off,0,on,-4
1781754698678090794,6608.48,825.31,1.21167,1.14739,1.1345,0.03056,0.089152,0.01536,0.188416,0.811008,0.02527,1244819,1244819,415283,33.3609,1920,1080,raygs,triangles,1,off,0,on,-4
1781754698679270163,6609.66,828.197,1.20744,1.14749,1.13437,0.029632,0.089824,0.015488,0.188416,0.811008,0.025068,1244819,1244819,415283,33.3609,1920,1080,raygs,triangles,1,off,0,on,-4
1781754698680551046,6610.94,829.427,1.20565,1.14749,1.13578,0.029632,0.090336,0.016384,0.188416,0.811008,0.024204,1244819,1244819,415283,33.3609,1920,1080,raygs,triangles,1,off,0,on,-4
1781754698681723330,6612.11,828.255,1.20736,1.1489,1.13539,0.031072,0.09008,0.01616,0.187392,0.810688,0.028557,1244819,1244819,415283,33.3609,1920,1080,raygs,triangles,1,off,0,on,-4
1781754698682892882,6613.28,828.628,1.20681,1.14851,1.13494,0.029664,0.089472,0.016384,0.18944,0.809984,0.02353,1244819,1244819,415283,33.3609,1920,1080,raygs,triangles,1,off,0,on,-4
1781754698684108655,6614.5,828.265,1.20734,1.14803,1.13584,0.030176,0.089856,0.016384,0.18944,0.809984,0.031637,1244819,1244819,415283,33.3609,1920,1080,raygs,triangles,1,off,0,on,-4
1781754698685262971,6615.65,827.657,1.20823,1.14778,1.13558,0.030528,0.089536,0.016384,0.188416,0.81072,0.020205,1244819,1244819,415283,33.3609,1920,1080,raygs,triangles,1,off,0,on,-4
1781754698686420916,6616.81,827.761,1.20808,1.14733,1.13574,0.029472,0.08944,0.016384,0.18944,0.811008,0.02417,1244819,1244819,415283,33.3609,1920,1080,raygs,triangles,1,off,0,on,-4
1781754698687592515,6617.98,829.882,1.20499,1.14851,1.13565,0.029632,0.089312,0.016384,0.18944,0.81088,0.025332,1244819,1244819,415283,33.3609,1920,1080,raygs,triangles,1,off,0,on,-4
1781754698689012109,6619.4,829.693,1.20526,1.38237,1.36803,0.030016,0.088832,0.01536,0.422912,0.810912,0.026274,1244819,1244819,415283,33.3609,1920,1080,raygs,triangles,1,off,0,on,-4
1781754698690320588,6620.71,826.453,1.20999,1.28918,1.27466,0.030016,0.0896,0.01536,0.328992,0.810688,0.024842,1244819,1244819,415283,33.3609,1920,1080,raygs,triangles,1,off,0,on,-4
1781754698691484801,6621.88,825.385,1.21156,1.14717,1.13411,0.030336,0.090016,0.016384,0.187392,0.809984,0.024202,1244819,1244819,415283,33.3609,1920,1080,raygs,triangles,1,off,0,on,-4
1781754698692654827,6623.05,825.299,1.21168,1.14755,1.13574,0.030752,0.089184,0.016384,0.188416,0.811008,0.023625,1244819,1244819,415283,33.3609,1920,1080,raygs,triangles,1,off,0,on,-4
1781754698693835271,6624.23,825.304,1.21167,1.14762,1.1351,0.029792,0.089504,0.016384,0.188416,0.811008,0.024439,1244819,1244819,415283,33.3609,1920,1080,raygs,triangles,1,off,0,on,-4
1781754698695009328,6625.4,824.903,1.21226,1.14771,1.13514,0.029888,0.088832,0.016384,0.18944,0.810592,0.023858,1244819,1244819,415283,33.3609,1920,1080,raygs,triangles,1,off,0,on,-4
1781754698696183938,6626.58,827.54,1.2084,1.14771,1.13555,0.030336,0.089408,0.016384,0.18944,0.809984,0.024042,1244819,1244819,415283,33.3609,1920,1080,raygs,triangles,1,off,0,on,-4
1781754698697534498,6627.93,828.78,1.20659,1.14733,1.13363,0.029504,0.089344,0.016384,0.188576,0.809824,0.042886,1244819,1244819,415283,33.3609,1920,1080,raygs,triangles,1,off,0,on,-4
1781754698698648461,6629.04,826.948,1.20927,1.14669,1.13341,0.030912,0.088736,0.01536,0.187392,0.811008,0.014403,1244819,1244819,415283,33.3609,1920,1080,raygs,triangles,1,off,0,on,-4
1781754698699839885,6630.23,827.374,1.20864,1.15101,1.13834,0.030112,0.08976,0.016384,0.190464,0.811616,0.031785,1244819,1244819,415283,33.3609,1920,1080,raygs,triangles,1,off,0,on,-4
1781754698701031837,6631.42,827.507,1.20845,1.14669,1.13565,0.030304,0.089536,0.016384,0.188416,0.811008,0.034309,1244819,1244819,415283,33.3609,1920,1080,raygs,triangles,1,off,0,on,-4
1781754698702189756,6632.58,827.822,1.20799,1.14819,1.13478,0.030336,0.089504,0.01552,0.18944,0.809984,0.018863,1244819,1244819,415283,33.3609,1920,1080,raygs,triangles,1,off,0,on,-4
1781754698703364630,6633.76,827.691,1.20818,1.1473,1.1337,0.030464,0.089472,0.01536,0.188416,0.809984,0.028324,1244819,1244819,415283,33.3609,1920,1080,raygs,triangles,1,off,0,on,-4
1781754698704534074,6634.93,829.151,1.20605,1.15088,1.1377,0.030496,0.089344,0.016384,0.190464,0.811008,0.031146,1244819,1244819,415283,33.3609,1920,1080,raygs,triangles,1,off,0,on,-4
1781754698705920255,6636.31,829.296,1.20584,1.34038,1.32733,0.030016,0.088832,0.01536,0.382112,0.811008,0.039102,1244819,1244819,415283,33.3609,1920,1080,raygs,triangles,1,off,0,on,-4
1781754698707230787,6637.62,826.965,1.20924,1.28509,1.27299,0.030016,0.08928,0.01536,0.32768,0.810656,0.028046,1244819,1244819,415283,33.3609,1920,1080,raygs,triangles,1,off,0,on,-4
1781754698708380804,6638.77,825.147,1.21191,1.14717,1.13462,0.030336,0.089952,0.01536,0.188416,0.81056,0.018117,1244819,1244819,415283,33.3609,1920,1080,raygs,triangles,1,off,0,on,-4
1781754698709588934,6639.98,825.747,1.21102,1.14592,1.13354,0.03024,0.089728,0.016384,0.186368,0.810816,0.042337,1244819,1244819,415283,33.3609,1920,1080,raygs,triangles,1,off,0,on,-4
1781754698710711458,6641.1,825.474,1.21143,1.14717,1.13462,0.030336,0.089504,0.01536,0.188416,0.811008,0.018424,1244819,1244819,415283,33.3609,1920,1080,raygs,triangles,1,off,0,on,-4
1781754698711925324,6642.32,825.77,1.21099,1.16694,1.15315,0.030048,0.089632,0.015616,0.207872,0.809984,0.027038,1244819,1244819,415283,33.3609,1920,1080,raygs,triangles,1,off,0,on,-4
1781754698713100399,6643.49,827.593,1.20832,1.1488,1.13558,0.029952,0.08992,0.016288,0.188416,0.811008,0.025952,1244819,1244819,415283,33.3609,1920,1080,raygs,triangles,1,off,0,on,-4
1781754698714373286,6644.76,829.091,1.20614,1.14701,1.13469,0.030496,0.089568,0.016384,0.188416,0.809824,0.025193,1244819,1244819,415283,33.3609,1920,1080,raygs,triangles,1,off,0,on,-4
1781754698715553567,6645.94,827.836,1.20797,1.14877,1.13763,0.030912,0.089888,0.016384,0.190464,0.809984,0.027006,1244819,1244819,415283,33.3609,1920,1080,raygs,triangles,1,off,0,on,-4
1781754698716722351,6647.11,828.214,1.20742,1.14656,1.1343,0.03072,0.089504,0.01568,0.187392,0.811008,0.02442,1244819,1244819,415283,33.3609,1920,1080,raygs,triangles,1,off,0,on,-4
1781754698717886350,6648.28,827.937,1.20782,1.14691,1.13418,0.03008,0.08864,0.01536,0.18944,0.810656,0.024086,1244819,1244819,415283,33.3609,1920,1080,raygs,triangles,1,off,0,on,-4
1781754698719228839,6649.62,828.24,1.20738,1.14883,1.13565,0.029952,0.090048,0.015552,0.18944,0.810656,0.040663,1244819,1244819,415283,33.3609,1920,1080,raygs,triangles,1,off,0,on,-4
1781754698720381176,6650.77,827.65,1.20824,1.14589,1.13389,0.031104,0.089056,0.016192,0.186816,0.81072,0.018297,1244819,1244819,415283,33.3609,1920,1080,raygs,triangles,1,off,0,on,-4
1781754698721712273,6652.1,827.64,1.20825,1.14778,1.13638,0.02992,0.089472,0.016384,0.189856,0.810752,0.024654,1244819,1244819,415283,33.3609,1920,1080,raygs,triangles,1,off,0,on,-4
1781754698723007966,6653.4,826.245,1.21029,1.1511,1.13968,0.035328,0.08992,0.016384,0.187392,0.810656,0.025991,1244819,1244819,415283,33.3609,1920,1080,raygs,triangles,1,off,0,on,-4
1781754698724181208,6654.57,824.727,1.21252,1.14733,1.13427,0.03136,0.088992,0.01648,0.187584,0.809856,0.024238,1244819,1244819,415283,33.3609,1920,1080,raygs,triangles,1,off,0,on,-4
1781754698725356290,6655.75,824.451,1.21293,1.14755,1.13494,0.029696,0.08944,0.016384,0.18944,0.809984,0.024715,1244819,1244819,415283,33.3609,1920,1080,raygs,triangles,1,off,0,on,-4
1781754698726523280,6656.91,824.418,1.21298,1.14749,1.13338,0.030336,0.08928,0.01536,0.188416,0.809984,0.025091,1244819,1244819,415283,33.3609,1920,1080,raygs,triangles,1,off,0,on,-4
1781754698727686211,6658.08,824.448,1.21293,1.14512,1.13168,0.030336,0.089632,0.01536,0.186368,0.809984,0.023416,1244819,1244819,415283,33.3609,1920,1080,raygs,triangles,1,off,0,on,-4
1781754698728863224,6659.25,825.067,1.21202,1.14874,1.13584,0.03088,0.089152,0.016384,0.18944,0.809984,0.023736,1244819,1244819,415283,33.3609,1920,1080,raygs,triangles,1,off,0,on,-4
1781754698730044747,6660.44,827.709,1.20815,1.14954,1.13661,0.029632,0.089312,0.016192,0.190464,0.811008,0.024773,1244819,1244819,415283,33.3609,1920,1080,raygs,triangles,1,off,0,on,-4
1781754698731348876,6661.74,828.372,1.20719,1.27706,1.26387,0.030176,0.088864,0.01536,0.319488,0.809984,0.0241,1244819,1244819,415283,33.3609,1920,1080,raygs,triangles,1,off,0,on,-4
1781754698732511626,6662.9,826.921,1.20931,1.14755,1.1351,0.029696,0.0896,0.016384,0.18944,0.809984,0.023386,1244819,1244819,415283,33.3609,1920,1080,raygs,triangles,1,off,0,on,-4
1781754698733705138,6664.1,827.823,1.20799,1.14787,1.13469,0.03024,0.090688,0.016384,0.187392,0.809984,0.027113,1244819,1244819,415283,33.3609,1920,1080,raygs,triangles,1,off,0,on,-4
1781754698734871788,6665.26,827.022,1.20916,1.14688,1.13475,0.0304,0.089568,0.016384,0.188416,0.809984,0.024197,1244819,1244819,415283,33.3609,1920,1080,raygs,triangles,1,off,0,on,-4
1781754698736036279,6666.43,827.361,1.20866,1.14851,1.13642,0.030272,0.090336,0.016384,0.18944,0.809984,0.023312,1244819,1244819,415283,33.3609,1920,1080,raygs,triangles,1,off,0,on,-4
1781754698737219525,6667.61,827.652,1.20824,1.1504,1.13734,0.030496,0.088992,0.016384,0.190464,0.811008,0.030329,1244819,1244819,415283,33.3609,1920,1080,raygs,triangles,1,off,0,on,-4
1781754698738397046,6668.79,828.544,1.20694,1.14749,1.13373,0.029632,0.08944,0.01552,0.188416,0.81072,0.024914,1244819,1244819,415283,33.3609,1920,1080,raygs,triangles,1,off,0,on,-4
1781754698739773805,6670.17,828.502,1.207,1.14701,1.13315,0.030208,0.08912,0.01536,0.187776,0.810688,0.023578,1244819,1244819,415283,33.3609,1920,1080,raygs,triangles,1,off,0,on,-4
1781754698741072453,6671.46,826.134,1.21046,1.15296,1.13981,0.035328,0.088672,0.016384,0.188416,0.811008,0.02358,1244819,1244819,415283,33.3609,1920,1080,raygs,triangles,1,off,0,on,-4
1781754698742254102,6672.65,825.346,1.21161,1.14835,1.13616,0.03168,0.089696,0.016384,0.187392,0.811008,0.024161,1244819,1244819,415283,33.3609,1920,1080,raygs,triangles,1,off,0,on,-4
1781754698743418992,6673.81,824.703,1.21256,1.14954,1.13542,0.030304,0.089312,0.01536,0.18944,0.811008,0.023971,1244819,1244819,415283,33.3609,1920,1080,raygs,triangles,1,off,0,on,-4
1781754698744594533,6674.99,825.004,1.21212,1.14688,1.13414,0.030048,0.089184,0.01536,0.188544,0.811008,0.023928,1244819,1244819,415283,33.3609,1920,1080,raygs,triangles,1,off,0,on,-4
1781754698745783564,6676.17,825.158,1.21189,1.14621,1.13245,0.0304,0.089536,0.01536,0.187392,0.80976,0.030636,1244819,1244819,415283,33.3609,1920,1080,raygs,triangles,1,off,0,on,-4
1781754698746976183,6677.37,827.246,1.20883,1.14733,1.13622,0.030368,0.089024,0.016384,0.18944,0.811008,0.03344,1244819,1244819,415283,33.3609,1920,1080,raygs,triangles,1,off,0,on,-4
1781754698748250207,6678.64,828.817,1.20654,1.14771,1.13456,0.030368,0.089536,0.016256,0.188416,0.809984,0.020315,1244819,1244819,415283,33.3609,1920,1080,raygs,triangles,1,off,0,on,-4
1781754698749412361,6679.8,827.126,1.20901,1.14794,1.13565,0.031136,0.089824,0.016384,0.188416,0.809888,0.025052,1244819,1244819,415283,33.3609,1920,1080,raygs,triangles,1,off,0,on,-4
1781754698750581490,6680.97,827.652,1.20824,1.14787,1.13517,0.030048,0.088928,0.015744,0.18944,0.811008,0.024135,1244819,1244819,415283,33.3609,1920,1080,raygs,triangles,1,off,0,on,-4
1781754698751745916,6682.14,827.803,1.20802,1.14733,1.13411,0.030496,0.088864,0.015424,0.188416,0.810912,0.023642,1244819,1244819,415283,33.3609,1920,1080,raygs,triangles,1,off,0,on,-4
1781754698752920638,6683.31,828.178,1.20747,1.14806,1.13568,0.030304,0.089728,0.016384,0.188416,0.810848,0.024734,1244819,1244819,415283,33.3609,1920,1080,raygs,triangles,1,off,0,on,-4
1781754698754091293,6684.48,829.377,1.20572,1.14698,1.13446,0.030176,0.089184,0.015712,0.188416,0.810976,0.023944,1244819,1244819,415283,33.3609,1920,1080,raygs,triangles,1,off,0,on,-4
1781754698755270170,6685.66,829.093,1.20614,1.1489,1.13552,0.030016,0.088672,0.016384,0.190464,0.809984,0.023981,1244819,1244819,415283,33.3609,1920,1080,raygs,triangles,1,off,0,on,-4
1781754698756674346,6687.07,829.006,1.20626,1.37818,1.36403,0.029952,0.088608,0.015648,0.41984,0.809984,0.025645,1244819,1244819,415283,33.3609,1920,1080,raygs,triangles,1,off,0,on,-4
1781754698757985110,6688.38,826.597,1.20978,1.28333,1.27126,0.030304,0.08896,0.016384,0.325632,0.809984,0.024557,1244819,1244819,415283,33.3609,1920,1080,raygs,triangles,1,off,0,on,-4
1781754698759156065,6689.55,825.016,1.2121,1.14922,1.1369,0.030368,0.09088,0.016384,0.188416,0.810848,0.024859,1244819,1244819,415283,33.3609,1920,1080,raygs,triangles,1,off,0,on,-4
1781754698760344897,6690.74,824.923,1.21223,1.14685,1.13254,0.030016,0.089728,0.01536,0.186752,0.810688,0.024771,1244819,1244819,415283,33.3609,1920,1080,raygs,triangles,1,off,0,on,-4
1781754698761505205,6691.9,824.648,1.21264,1.14733,1.13475,0.029472,0.089472,0.016384,0.188416,0.811008,0.02414,1244819,1244819,415283,33.3609,1920,1080,raygs,triangles,1,off,0,on,-4
1781754698762675868,6693.07,827.918,1.20785,1.14701,1.13395,0.030528,0.08864,0.016384,0.187392,0.811008,0.024473,1244819,1244819,415283,33.3609,1920,1080,raygs,triangles,1,off,0,on,-4
1781754698763965310,6694.36,829.373,1.20573,1.14803,1.1345,0.030208,0.088832,0.01536,0.18944,0.810656,0.024367,1244819,1244819,415283,33.3609,1920,1080,raygs,triangles,1,off,0,on,-4
1781754698765138711,6695.53,827.805,1.20801,1.14848,1.13504,0.030656,0.088576,0.01536,0.18944,0.811008,0.024367,1244819,1244819,415283,33.3609,1920,1080,raygs,triangles,1,off,0,on,-4
1781754698766321387,6696.71,827.77,1.20806,1.14819,1.13504,0.030336,0.088992,0.016288,0.18944,0.809984,0.024092,1244819,1244819,415283,33.3609,1920,1080,raygs,triangles,1,off,0,on,-4
1781754698767507315,6697.9,827.748,1.2081,1.14771,1.13565,0.030144,0.089696,0.016384,0.188416,0.811008,0.027427,1244819,1244819,415283,33.3609,1920,1080,raygs,triangles,1,off,0,on,-4
1781754698768662082,6699.05,827.58,1.20834,1.14717,1.13437,0.030368,0.089088,0.015712,0.188416,0.810784,0.025914,1244819,1244819,415283,33.3609,1920,1080,raygs,triangles,1,off,0,on,-4
1781754698769842910,6700.23,827.846,1.20795,1.14803,1.13594,0.0304,0.089728,0.016384,0.188416,0.811008,0.024497,1244819,1244819,415283,33.3609,1920,1080,raygs,triangles,1,off,0,on,-4
1781754698771051052,6701.44,829.536,1.20549,1.14998,1.1377,0.030432,0.089792,0.016448,0.190464,0.81056,0.03534,1244819,1244819,415283,33.3609,1920,1080,raygs,triangles,1,off,0,on,-4
1781754698772438029,6702.83,828.901,1.20642,1.37888,1.36579,0.030176,0.089408,0.01536,0.418816,0.812032,0.018427,1244819,1244819,415283,33.3609,1920,1080,raygs,triangles,1,off,0,on,-4
1781754698773765481,6704.16,826.473,1.20996,1.28688,1.27507,0.029728,0.089312,0.016256,0.329056,0.81072,0.033996,1244819,1244819,415283,33.3609,1920,1080,raygs,triangles,1,off,0,on,-4
1781754698774897771,6705.29,824.988,1.21214,1.14669,1.13482,0.03088,0.090176,0.016384,0.187392,0.809984,0.016555,1244819,1244819,415283,33.3609,1920,1080,raygs,triangles,1,off,0,on,-4
1781754698776081768,6706.47,825.269,1.21173,1.14566,1.13488,0.029888,0.089536,0.016384,0.188416,0.810656,0.029687,1244819,1244819,415283,33.3609,1920,1080,raygs,triangles,1,off,0,on,-4
1781754698777261268,6707.65,825.163,1.21188,1.14666,1.13283,0.029824,0.089536,0.016416,0.186368,0.810688,0.026747,1244819,1244819,415283,33.3609,1920,1080,raygs,triangles,1,off,0,on,-4
1781754698778428866,6708.82,824.959,1.21218,1.14566,1.13152,0.029888,0.089024,0.01536,0.187392,0.809856,0.025471,1244819,1244819,415283,33.3609,1920,1080,raygs,triangles,1,off,0,on,-4
1781754698779600814,6709.99,827.291,1.20876,1.14829,1.1352,0.02944,0.089728,0.015584,0.18944,0.811008,0.027854,1244819,1244819,415283,33.3609,1920,1080,raygs,triangles,1,off,0,on,-4
1781754698780893506,6711.28,828.908,1.20641,1.15072,1.13773,0.030816,0.089696,0.015712,0.190528,0.810976,0.026273,1244819,1244819,415283,33.3609,1920,1080,raygs,triangles,1,off,0,on,-4
1781754698782070587,6712.46,827.412,1.20859,1.14858,1.13526,0.03072,0.089664,0.015456,0.188416,0.811008,0.025024,1244819,1244819,415283,33.3609,1920,1080,raygs,triangles,1,off,0,on,-4
1781754698783239157,6713.63,827.59,1.20833,1.14765,1.13456,0.030432,0.089344,0.016384,0.188416,0.809984,0.024901,1244819,1244819,415283,33.3609,1920,1080,raygs,triangles,1,off,0,on,-4
1781754698784412242,6714.8,827.333,1.2087,1.14851,1.13507,0.030688,0.08992,0.016224,0.187392,0.810848,0.025357,1244819,1244819,415283,33.3609,1920,1080,raygs,triangles,1,off,0,on,-4
1781754698785637125,6716.03,827.698,1.20817,1.14701,1.13347,0.030144,0.088928,0.01536,0.188416,0.810624,0.040134,1244819,1244819,415283,33.3609,1920,1080,raygs,triangles,1,off,0,on,-4
1781754698786775932,6717.17,827.353,1.20867,1.14976,1.13594,0.030944,0.089632,0.01536,0.18944,0.81056,0.016771,1244819,1244819,415283,33.3609,1920,1080,raygs,triangles,1,off,0,on,-4
1781754698788164395,6718.56,828.754,1.20663,1.14954,1.13658,0.030528,0.089216,0.01536,0.190464,0.811008,0.025722,1244819,1244819,415283,33.3609,1920,1080,raygs,triangles,1,off,0,on,-4
1781754698789491885,6719.88,826.197,1.21037,1.148,1.13478,0.032224,0.088992,0.016224,0.187392,0.809952,0.026524,1244819,1244819,415283,33.3609,1920,1080,raygs,triangles,1,off,0,on,-4
1781754698790660571,6721.05,824.638,1.21265,1.15046,1.13782,0.034656,0.089408,0.016384,0.187392,0.809984,0.024596,1244819,1244819,415283,33.3609,1920,1080,raygs,triangles,1,off,0,on,-4
1781754698791857864,6722.25,824.15,1.21337,1.14858,1.13485,0.030432,0.089248,0.015712,0.188448,0.811008,0.027825,1244819,1244819,415283,33.3609,1920,1080,raygs,triangles,1,off,0,on,-4
1781754698793019380,6723.41,825.991,1.21067,1.14749,1.13482,0.029568,0.089568,0.016384,0.188416,0.81088,0.024551,1244819,1244819,415283,33.3609,1920,1080,raygs,triangles,1,off,0,on,-4
1781754698794179586,6724.57,825.984,1.21068,1.14733,1.13398,0.030048,0.089824,0.015712,0.188416,0.809984,0.024248,1244819,1244819,415283,33.3609,1920,1080,raygs,triangles,1,off,0,on,-4
1781754698795392734,6725.78,827.652,1.20824,1.17206,1.15958,0.029632,0.089408,0.016384,0.213344,0.810816,0.0263,1244819,1244819,415283,33.3609,1920,1080,raygs,triangles,1,off,0,on,-4
1781754698796561554,6726.95,828.944,1.20635,1.14598,1.13392,0.030176,0.089568,0.015616,0.18768,0.81088,0.026466,1244819,1244819,415283,33.3609,1920,1080,raygs,triangles,1,off,0,on,-4
1781754698797860656,6728.25,828.933,1.20637,1.28496,1.27264,0.02992,0.089696,0.016384,0.325632,0.811008,0.024319,1244819,1244819,415283,33.3609,1920,1080,raygs,triangles,1,off,0,on,-4
1781754698799030021,6729.42,827.809,1.20801,1.14771,1.1359,0.030336,0.089632,0.016704,0.188416,0.810816,0.02368,1244819,1244819,415283,33.3609,1920,1080,raygs,triangles,1,off,0,on,-4
1781754698800209050,6730.6,827.519,1.20843,1.14582,1.13376,0.030016,0.08944,0.016384,0.188416,0.809504,0.02985,1244819,1244819,415283,33.3609,1920,1080,raygs,triangles,1,off,0,on,-4
1781754698801381206,6731.77,827.073,1.20908,1.14822,1.1359,0.030368,0.089568,0.015584,0.18944,0.810944,0.024508,1244819,1244819,415283,33.3609,1920,1080,raygs,triangles,1,off,0,on,-4
1781754698802597695,6732.99,827.04,1.20913,1.14867,1.13562,0.029792,0.089312,0.016384,0.18944,0.810688,0.03689,1244819,1244819,415283,33.3609,1920,1080,raygs,triangles,1,off,0,on,-4
1781754698803730247,6734.12,827.227,1.20886,1.14704,1.1345,0.030272,0.088864,0.01536,0.188416,0.811584,0.017126,1244819,1244819,415283,33.3609,1920,1080,raygs,triangles,1,off,0,on,-4
1781754698804905551,6735.3,828.949,1.20635,1.14893,1.13747,0.030048,0.089568,0.016384,0.190464,0.811008,0.024826,1244819,1244819,415283,33.3609,1920,1080,raygs,triangles,1,off,0,on,-4
1781754698806308464,6736.7,828.801,1.20656,1.14851,1.13514,0.030176,0.0896,0.01536,0.18944,0.81056,0.025192,1244819,1244819,415283,33.3609,1920,1080,raygs,triangles,1,off,0,on,-4
1781754698807597272,6737.99,826.469,1.20997,1.15126,1.13837,0.035776,0.089568,0.016096,0.186368,0.81056,0.02468,1244819,1244819,415283,33.3609,1920,1080,raygs,triangles,1,off,0,on,-4
1781754698808768507,6739.16,824.97,1.21217,1.14858,1.13475,0.031744,0.089152,0.015712,0.187392,0.810752,0.024125,1244819,1244819,415283,33.3609,1920,1080,raygs,triangles,1,off,0,on,-4
1781754698809942998,6740.33,824.63,1.21266,1.14582,1.13235,0.02992,0.088544,0.01536,0.187648,0.81088,0.024391,1244819,1244819,415283,33.3609,1920,1080,raygs,triangles,1,off,0,on,-4
1781754698811112850,6741.5,825.021,1.21209,1.14755,1.13306,0.029728,0.089312,0.015616,0.188416,0.809984,0.023914,1244819,1244819,415283,33.3609,1920,1080,raygs,triangles,1,off,0,on,-4
1781754698812302819,6742.69,825.365,1.21158,1.14787,1.13517,0.030016,0.089504,0.016224,0.188416,0.811008,0.026055,1244819,1244819,415283,33.3609,1920,1080,raygs,triangles,1,off,0,on,-4
1781754698813473258,6743.86,826.932,1.20929,1.14877,1.1361,0.030624,0.089664,0.016384,0.188416,0.811008,0.025162,1244819,1244819,415283,33.3609,1920,1080,raygs,triangles,1,off,0,on,-4
1781754698814758072,6745.15,828.454,1.20707,1.14771,1.13344,0.029888,0.088672,0.01536,0.188512,0.811008,0.029146,1244819,1244819,415283,33.3609,1920,1080,raygs,triangles,1,off,0,on,-4
1781754698815930711,6746.32,827.53,1.20842,1.14934,1.13782,0.030496,0.089472,0.016384,0.190464,0.811008,0.025207,1244819,1244819,415283,33.3609,1920,1080,raygs,triangles,1,off,0,on,-4
1781754698817102996,6747.49,827.193,1.20891,1.14672,1.13418,0.029824,0.089568,0.016384,0.187392,0.811008,0.02397,1244819,1244819,415283,33.3609,1920,1080,raygs,triangles,1,off,0,on,-4
1781754698818285898,6748.68,827.499,1.20846,1.14922,1.13491,0.030336,0.088928,0.01536,0.18944,0.810848,0.024361,1244819,1244819,415283,33.3609,1920,1080,raygs,triangles,1,off,0,on,-4
1781754698819455251,6749.85,827.548,1.20839,1.14816,1.13418,0.030336,0.089056,0.01536,0.18944,0.809984,0.024331,1244819,1244819,415283,33.3609,1920,1080,raygs,triangles,1,off,0,on,-4
1781754698820626715,6751.02,827.822,1.20799,1.14653,1.1351,0.029728,0.089568,0.016384,0.188416,0.811008,0.023887,1244819,1244819,415283,33.3609,1920,1080,raygs,triangles,1,off,0,on,-4
1781754698821798680,6752.19,829.339,1.20578,1.14768,1.13632,0.030208,0.089536,0.016384,0.188416,0.811776,0.023639,1244819,1244819,415283,33.3609,1920,1080,raygs,triangles,1,off,0,on,-4
1781754698823213730,6753.61,829.185,1.206,1.38723,1.37405,0.029792,0.089824,0.016384,0.427456,0.810592,0.027924,1244819,1244819,415283,33.3609,1920,1080,raygs,triangles,1,off,0,on,-4
1781754698824539974,6754.93,825.915,1.21078,1.28848,1.27574,0.030336,0.089152,0.01536,0.328928,0.811968,0.026459,1244819,1244819,415283,33.3609,1920,1080,raygs,triangles,1,off,0,on,-4
1781754698825706275,6756.1,824.015,1.21357,1.14842,1.13626,0.030432,0.09104,0.016384,0.187392,0.811008,0.024763,1244819,1244819,415283,33.3609,1920,1080,raygs,triangles,1,off,0,on,-4
1781754698826872609,6757.26,824.097,1.21345,1.14614,1.13418,0.030336,0.089152,0.016288,0.187392,0.811008,0.023942,1244819,1244819,415283,33.3609,1920,1080,raygs,triangles,1,off,0,on,-4
1781754698828046855,6758.44,824.39,1.21302,1.14646,1.13424,0.030272,0.089312,0.016256,0.187392,0.811008,0.02837,1244819,1244819,415283,33.3609,1920,1080,raygs,triangles,1,off,0,on,-4
1781754698829238297,6759.63,824.125,1.21341,1.14659,1.13267,0.029792,0.089472,0.01536,0.188416,0.809632,0.024836,1244819,1244819,415283,33.3609,1920,1080,raygs,triangles,1,off,0,on,-4
1781754698830403279,6760.79,826.964,1.20924,1.14685,1.13475,0.030048,0.088896,0.01568,0.188416,0.811712,0.025164,1244819,1244819,415283,33.3609,1920,1080,raygs,triangles,1,off,0,on,-4
1781754698831681061,6762.07,828.598,1.20686,1.14806,1.13453,0.030304,0.089312,0.015488,0.188416,0.811008,0.024242,1244819,1244819,415283,33.3609,1920,1080,raygs,triangles,1,off,0,on,-4
1781754698832852543,6763.24,827.024,1.20916,1.14979,1.13693,0.030912,0.089152,0.016384,0.190496,0.809984,0.023359,1244819,1244819,415283,33.3609,1920,1080,raygs,triangles,1,off,0,on,-4
1781754698834047809,6764.44,827.865,1.20793,1.14848,1.13552,0.030016,0.088576,0.015712,0.190464,0.810752,0.026566,1244819,1244819,415283,33.3609,1920,1080,raygs,triangles,1,off,0,on,-4
1781754698835217992,6765.61,826.792,1.20949,1.14787,1.13629,0.030048,0.089344,0.016384,0.189504,0.811008,0.025834,1244819,1244819,415283,33.3609,1920,1080,raygs,triangles,1,off,0,on,-4
1781754698836386902,6766.78,826.814,1.20946,1.14755,1.1344,0.0304,0.0896,0.01536,0.188416,0.810624,0.024766,1244819,1244819,415283,33.3609,1920,1080,raygs,triangles,1,off,0,on,-4
1781754698837555290,6767.95,828.208,1.20743,1.14912,1.13482,0.029216,0.089184,0.01536,0.190464,0.810592,0.026217,1244819,1244819,415283,33.3609,1920,1080,raygs,triangles,1,off,0,on,-4
1781754698838746085,6769.14,828.296,1.2073,1.14938,1.13498,0.029472,0.089696,0.01536,0.18944,0.811008,0.027361,1244819,1244819,415283,33.3609,1920,1080,raygs,triangles,1,off,0,on,-4
1781754698840147751,6770.54,828.417,1.20712,1.3799,1.36797,0.030656,0.090144,0.016384,0.420128,0.810656,0.025362,1244819,1244819,415283,33.3609,1920,1080,raygs,triangles,1,off,0,on,-4
1781754698841448488,6771.84,826.036,1.2106,1.28854,1.27507,0.0304,0.08896,0.01536,0.329728,0.810624,0.024952,1244819,1244819,415283,33.3609,1920,1080,raygs,triangles,1,off,0,on,-4
1781754698842629978,6773.02,824.313,1.21313,1.14787,1.13478,0.030432,0.090592,0.016384,0.187392,0.809984,0.027059,1244819,1244819,415283,33.3609,1920,1080,raygs,triangles,1,off,0,on,-4
1781754698843837620,6774.23,824.381,1.21303,1.14694,1.13437,0.030112,0.089472,0.016384,0.188416,0.809984,0.043748,1244819,1244819,415283,33.3609,1920,1080,raygs,triangles,1,off,0,on,-4
1781754698844983540,6775.37,824.049,1.21352,1.14787,1.13411,0.030016,0.089312,0.01536,0.188416,0.811008,0.017985,1244819,1244819,415283,33.3609,1920,1080,raygs,triangles,1,off,0,on,-4
1781754698846177256,6776.57,827.076,1.20908,1.14704,1.13229,0.03024,0.088576,0.01536,0.187392,0.81072,0.041347,1244819,1244819,415283,33.3609,1920,1080,raygs,triangles,1,off,0,on,-4
1781754698847441436,6777.83,828.541,1.20694,1.15085,1.13661,0.029952,0.089824,0.01536,0.190464,0.811008,0.017484,1244819,1244819,415283,33.3609,1920,1080,raygs,triangles,1,off,0,on,-4
1781754698848608810,6779,826.983,1.20921,1.1495,1.13606,0.030656,0.089696,0.016288,0.18944,0.809984,0.026502,1244819,1244819,415283,33.3609,1920,1080,raygs,triangles,1,off,0,on,-4
1781754698849784083,6780.18,827.19,1.20891,1.14851,1.13533,0.029632,0.089728,0.016384,0.188576,0.811008,0.025114,1244819,1244819,415283,33.3609,1920,1080,raygs,triangles,1,off,0,on,-4
1781754698851039205,6781.43,827.359,1.20867,1.14685,1.13488,0.030528,0.089504,0.016384,0.18848,0.809984,0.042736,1244819,1244819,415283,33.3609,1920,1080,raygs,triangles,1,off,0,on,-4
1781754698852135354,6782.53,826.566,1.20982,1.14838,1.13629,0.030528,0.089184,0.016384,0.188416,0.811776,0.017145,1244819,1244819,415283,33.3609,1920,1080,raygs,triangles,1,off,0,on,-4
1781754698853326082,6783.72,827.104,1.20904,1.14717,1.13616,0.030336,0.090016,0.016384,0.188416,0.811008,0.03224,1244819,1244819,415283,33.3609,1920,1080,raygs,triangles,1,off,0,on,-4
1781754698854465137,6784.86,828.519,1.20697,1.14787,1.13645,0.030016,0.089728,0.016384,0.18944,0.81088,0.018235,1244819,1244819,415283,33.3609,1920,1080,raygs,triangles,1,off,0,on,-4
1781754698855845598,6786.24,829.099,1.20613,1.34832,1.33744,0.030336,0.089408,0.016384,0.390368,0.810944,0.026405,1244819,1244819,415283,33.3609,1920,1080,raygs,triangles,1,off,0,on,-4
1781754698857209479,6787.6,826.263,1.21027,1.28822,1.27664,0.030112,0.089728,0.016384,0.329728,0.810688,0.044442,1244819,1244819,415283,33.3609,1920,1080,raygs,triangles,1,off,0,on,-4
1781754698858349387,6788.74,824.406,1.21299,1.14851,1.13514,0.029632,0.090624,0.016384,0.188512,0.809984,0.015512,1244819,1244819,415283,33.3609,1920,1080,raygs,triangles,1,off,0,on,-4
1781754698859505643,6789.9,825.017,1.2121,1.14982,1.13632,0.02992,0.08976,0.016256,0.189472,0.810912,0.025051,1244819,1244819,415283,33.3609,1920,1080,raygs,triangles,1,off,0,on,-4
1781754698860695427,6791.09,824.984,1.21214,1.14771,1.13478,0.030368,0.08944,0.016384,0.187808,0.810784,0.029189,1244819,1244819,415283,33.3609,1920,1080,raygs,triangles,1,off,0,on,-4
1781754698861986260,6792.38,827.301,1.20875,1.14749,1.13542,0.030112,0.089504,0.016384,0.18944,0.809984,0.025617,1244819,1244819,415283,33.3609,1920,1080,raygs,triangles,1,off,0,on,-4
1781754698863144533,6793.54,827.547,1.20839,1.14896,1.13667,0.031104,0.08992,0.016384,0.188416,0.810848,0.024487,1244819,1244819,415283,33.3609,1920,1080,raygs,triangles,1,off,0,on,-4
1781754698864447700,6794.84,828.108,1.20757,1.14755,1.13501,0.030752,0.089472,0.016384,0.188416,0.809984,0.024737,1244819,1244819,415283,33.3609,1920,1080,raygs,triangles,1,off,0,on,-4
1781754698865610226,6796,826.526,1.20988,1.14902,1.1353,0.030176,0.089312,0.016384,0.18944,0.809984,0.025134,1244819,1244819,415283,33.3609,1920,1080,raygs,triangles,1,off,0,on,-4
1781754698866794156,6797.19,826.551,1.20985,1.1481,1.13549,0.030272,0.089408,0.01536,0.18944,0.811008,0.026358,1244819,1244819,415283,33.3609,1920,1080,raygs,triangles,1,off,0,on,-4
1781754698867979091,6798.37,826.464,1.20997,1.14803,1.13523,0.030176,0.089216,0.01536,0.189472,0.811008,0.02523,1244819,1244819,415283,33.3609,1920,1080,raygs,triangles,1,off,0,on,-4
1781754698869137306,6799.53,826.633,1.20973,1.14819,1.13475,0.030368,0.089312,0.015648,0.18944,0.809984,0.023431,1244819,1244819,415283,33.3609,1920,1080,raygs,triangles,1,off,0,on,-4
1781754698870330966,6800.72,827.036,1.20914,1.14675,1.13408,0.02992,0.088256,0.016384,0.188576,0.810944,0.026116,1244819,1244819,415283,33.3609,1920,1080,raygs,triangles,1,off,0,on,-4
1781754698871498333,6801.89,827.748,1.2081,1.14909,1.13542,0.030304,0.089184,0.01536,0.189792,0.810784,0.025562,1244819,1244819,415283,33.3609,1920,1080,raygs,triangles,1,off,0,on,-4
1781754698872884952,6803.28,827.715,1.20814,1.37302,1.35965,0.029888,0.088672,0.01536,0.41472,0.811008,0.023943,1244819,1244819,415283,33.3609,1920,1080,raygs,triangles,1,off,0,on,-4
1781754698874191548,6804.58,825.572,1.21128,1.28854,1.27434,0.030432,0.088864,0.01536,0.328896,0.810784,0.02316,1244819,1244819,415283,33.3609,1920,1080,raygs,triangles,1,off,0,on,-4
1781754698875381806,6805.77,824.027,1.21355,1.14867,1.13443,0.030272,0.090496,0.01536,0.187392,0.810912,0.0259,1244819,1244819,415283,33.3609,1920,1080,raygs,triangles,1,off,0,on,-4
1781754698876545787,6806.94,824.189,1.21331,1.14573,1.13456,0.030272,0.089504,0.016384,0.187392,0.811008,0.023723,1244819,1244819,415283,33.3609,1920,1080,raygs,triangles,1,off,0,on,-4
1781754698877710934,6808.1,824.228,1.21326,1.14749,1.13578,0.029632,0.089312,0.016384,0.18944,0.811008,0.023555,1244819,1244819,415283,33.3609,1920,1080,raygs,triangles,1,off,0,on,-4
1781754698878890382,6809.28,824.119,1.21342,1.15197,1.13965,0.030368,0.089632,0.016192,0.192512,0.810944,0.024923,1244819,1244819,415283,33.3609,1920,1080,raygs,triangles,1,off,0,on,-4
1781754698880099584,6810.49,826.961,1.20925,1.14771,1.13443,0.029856,0.0896,0.015392,0.188768,0.810816,0.030346,1244819,1244819,415283,33.3609,1920,1080,raygs,triangles,1,off,0,on,-4
1781754698881362597,6811.75,827.743,1.2081,1.14717,1.13514,0.030368,0.089024,0.016384,0.188416,0.810944,0.018021,1244819,1244819,415283,33.3609,1920,1080,raygs,triangles,1,off,0,on,-4
1781754698882532829,6812.92,826.575,1.20981,1.1495,1.13562,0.031648,0.089184,0.01536,0.18944,0.809984,0.024308,1244819,1244819,415283,33.3609,1920,1080,raygs,triangles,1,off,0,on,-4
1781754698883709768,6814.1,826.577,1.20981,1.14669,1.13443,0.030272,0.089632,0.016384,0.187392,0.810752,0.028771,1244819,1244819,415283,33.3609,1920,1080,raygs,triangles,1,off,0,on,-4
1781754698884891855,6815.28,826.189,1.21038,1.14691,1.13488,0.0304,0.088672,0.016384,0.188416,0.811008,0.025029,1244819,1244819,415283,33.3609,1920,1080,raygs,triangles,1,off,0,on,-4
1781754698886052169,6816.44,826.615,1.20975,1.14794,1.13536,0.030112,0.08944,0.016384,0.18944,0.809984,0.024122,1244819,1244819,415283,33.3609,1920,1080,raygs,triangles,1,off,0,on,-4
1781754698887226596,6817.62,826.688,1.20965,1.14787,1.13459,0.03008,0.089408,0.01568,0.188416,0.811008,0.024291,1244819,1244819,415283,33.3609,1920,1080,raygs,triangles,1,off,0,on,-4
1781754698888410248,6818.8,828.231,1.20739,1.14954,1.13696,0.029632,0.089376,0.016384,0.190944,0.810624,0.025122,1244819,1244819,415283,33.3609,1920,1080,raygs,triangles,1,off,0,on,-4
1781754698889824898,6820.22,827.839,1.20796,1.37917,1.36685,0.029792,0.089184,0.01536,0.420864,0.811648,0.025252,1244819,1244819,415283,33.3609,1920,1080,raygs,triangles,1,off,0,on,-4
1781754698891121640,6821.51,824.865,1.21232,1.28829,1.27408,0.030176,0.088832,0.01536,0.328704,0.811008,0.024491,1244819,1244819,415283,33.3609,1920,1080,raygs,triangles,1,off,0,on,-4
1781754698892302858,6822.69,823.837,1.21383,1.14851,1.1335,0.029664,0.090368,0.01536,0.187392,0.81072,0.025463,1244819,1244819,415283,33.3609,1920,1080,raygs,triangles,1,off,0,on,-4
1781754698893471118,6823.86,823.518,1.2143,1.14803,1.13411,0.030176,0.08944,0.01536,0.188416,0.81072,0.024454,1244819,1244819,415283,33.3609,1920,1080,raygs,triangles,1,off,0,on,-4
1781754698894633283,6825.02,823.398,1.21448,1.14685,1.13318,0.030048,0.08928,0.01552,0.187392,0.810944,0.025404,1244819,1244819,415283,33.3609,1920,1080,raygs,triangles,1,off,0,on,-4
1781754698895813438,6826.2,823.498,1.21433,1.1473,1.13395,0.0304,0.088768,0.01536,0.188416,0.811008,0.024625,1244819,1244819,415283,33.3609,1920,1080,raygs,triangles,1,off,0,on,-4
1781754698896984438,6827.38,826.458,1.20998,1.14803,1.1361,0.030208,0.089088,0.016192,0.189792,0.810816,0.024372,1244819,1244819,415283,33.3609,1920,1080,raygs,triangles,1,off,0,on,-4
1781754698898285945,6828.68,828.173,1.20748,1.14787,1.13565,0.030048,0.089728,0.016384,0.188576,0.810912,0.025335,1244819,1244819,415283,33.3609,1920,1080,raygs,triangles,1,off,0,on,-4
1781754698899445253,6829.84,826.671,1.20967,1.14848,1.13558,0.030656,0.089472,0.016256,0.188416,0.810784,0.023937,1244819,1244819,415283,33.3609,1920,1080,raygs,triangles,1,off,0,on,-4
1781754698900640286,6831.03,826.764,1.20954,1.14685,1.13389,0.030048,0.089056,0.01536,0.188416,0.811008,0.025458,1244819,1244819,415283,33.3609,1920,1080,raygs,triangles,1,off,0,on,-4
1781754698901800254,6832.19,826.536,1.20987,1.14851,1.13411,0.029664,0.08864,0.01536,0.190464,0.809984,0.024657,1244819,1244819,415283,33.3609,1920,1080,raygs,triangles,1,off,0,on,-4
1781754698902967549,6833.36,826.8,1.20948,1.14733,1.13491,0.030496,0.089568,0.01536,0.18848,0.811008,0.024071,1244819,1244819,415283,33.3609,1920,1080,raygs,triangles,1,off,0,on,-4
1781754698904186954,6834.58,826.796,1.20949,1.14976,1.13718,0.029888,0.089472,0.016384,0.190464,0.810976,0.034748,1244819,1244819,415283,33.3609,1920,1080,raygs,triangles,1,off,0,on,-4
1781754698905341876,6835.73,827.702,1.20816,1.14851,1.13594,0.029632,0.089472,0.016384,0.18944,0.811008,0.017632,1244819,1244819,415283,33.3609,1920,1080,raygs,triangles,1,off,0,on,-4
1781754698906744159,6837.14,827.443,1.20854,1.38486,1.37069,0.030432,0.088928,0.01536,0.42496,0.811008,0.027294,1244819,1244819,415283,33.3609,1920,1080,raygs,triangles,1,off,0,on,-4
1781754698908073702,6838.47,825.362,1.21159,1.28896,1.2768,0.030112,0.089568,0.016384,0.329728,0.811008,0.033806,1244819,1244819,415283,33.3609,1920,1080,raygs,triangles,1,off,0,on,-4
1781754698909228180,6839.62,823.721,1.214,1.14829,1.13648,0.030432,0.090112,0.016384,0.188608,0.810944,0.018283,1244819,1244819,415283,33.3609,1920,1080,raygs,triangles,1,off,0,on,-4
1781754698910445271,6840.84,823.697,1.21404,1.14694,1.13283,0.030688,0.089408,0.01536,0.187392,0.809984,0.041006,1244819,1244819,415283,33.3609,1920,1080,raygs,triangles,1,off,0,on,-4
1781754698911580687,6841.97,823.309,1.21461,1.14614,1.13306,0.030336,0.089152,0.016192,0.187392,0.809984,0.017084,1244819,1244819,415283,33.3609,1920,1080,raygs,triangles,1,off,0,on,-4
1781754698912740076,6843.13,823.865,1.21379,1.14669,1.13251,0.029856,0.089696,0.015584,0.187392,0.809984,0.025431,1244819,1244819,415283,33.3609,1920,1080,raygs,triangles,1,off,0,on,-4
1781754698914042420,6844.43,826.505,1.20991,1.1479,1.13549,0.030048,0.089632,0.016384,0.188416,0.811008,0.026341,1244819,1244819,415283,33.3609,1920,1080,raygs,triangles,1,off,0,on,-4
1781754698915208433,6845.6,826.481,1.20995,1.14902,1.13587,0.031072,0.090016,0.016384,0.188416,0.809984,0.029947,1244819,1244819,415283,33.3609,1920,1080,raygs,triangles,1,off,0,on,-4
1781754698916389013,6846.78,826.645,1.20971,1.14688,1.13424,0.030016,0.08944,0.016384,0.188416,0.809984,0.026844,1244819,1244819,415283,33.3609,1920,1080,raygs,triangles,1,off,0,on,-4
1781754698917565546,6847.96,827.084,1.20907,1.14835,1.13411,0.030496,0.089152,0.01536,0.188416,0.810688,0.027351,1244819,1244819,415283,33.3609,1920,1080,raygs,triangles,1,off,0,on,-4
1781754698918757141,6849.15,826.571,1.20982,1.14762,1.1359,0.030688,0.089248,0.016384,0.188576,0.811008,0.034979,1244819,1244819,415283,33.3609,1920,1080,raygs,triangles,1,off,0,on,-4
1781754698919891509,6850.28,826.689,1.20964,1.14669,1.13382,0.03024,0.089632,0.016384,0.186688,0.81088,0.017437,1244819,1244819,415283,33.3609,1920,1080,raygs,triangles,1,off,0,on,-4
1781754698921078351,6851.47,828.172,1.20748,1.14851,1.13466,0.029632,0.089248,0.016288,0.189504,0.809984,0.024879,1244819,1244819,415283,33.3609,1920,1080,raygs,triangles,1,off,0,on,-4
1781754698922262171,6852.65,828.145,1.20752,1.1481,1.13478,0.030272,0.088704,0.016384,0.18944,0.809984,0.02573,1244819,1244819,415283,33.3609,1920,1080,raygs,triangles,1,off,0,on,-4
1781754698923623027,6854.01,827.861,1.20793,1.35078,1.33994,0.030752,0.089472,0.016384,0.392576,0.810752,0.024591,1244819,1244819,415283,33.3609,1920,1080,raygs,triangles,1,off,0,on,-4
1781754698924916025,6855.31,826.421,1.21004,1.27578,1.26234,0.02992,0.217632,0.01536,0.18944,0.809984,0.023642,1244819,1244819,415283,33.3609,1920,1080,raygs,triangles,1,off,0,on,-4
1781754698926086461,6856.48,824.749,1.21249,1.14605,1.13299,0.03024,0.089184,0.016192,0.187392,0.809984,0.023536,1244819,1244819,415283,33.3609,1920,1080,raygs,triangles,1,off,0,on,-4
1781754698927270356,6857.66,824.72,1.21253,1.14954,1.13626,0.029632,0.089792,0.01536,0.190464,0.811008,0.023999,1244819,1244819,415283,33.3609,1920,1080,raygs,triangles,1,off,0,on,-4
1781754698928435498,6858.83,824.013,1.21357,1.14819,1.13619,0.03072,0.089632,0.016384,0.1888,0.810656,0.023608,1244819,1244819,415283,33.3609,1920,1080,raygs,triangles,1,off,0,on,-4
1781754698929631795,6860.02,826.962,1.20925,1.14634,1.13354,0.029536,0.089216,0.016384,0.188416,0.809984,0.028675,1244819,1244819,415283,33.3609,1920,1080,raygs,triangles,1,off,0,on,-4
1781754698930903932,6861.3,828.355,1.20721,1.14656,1.13485,0.029664,0.089376,0.016384,0.188416,0.811008,0.024312,1244819,1244819,415283,33.3609,1920,1080,raygs,triangles,1,off,0,on,-4
1781754698932070471,6862.46,826.913,1.20932,1.15056,1.13629,0.030656,0.08976,0.01536,0.189856,0.810656,0.023595,1244819,1244819,415283,33.3609,1920,1080,raygs,triangles,1,off,0,on,-4
1781754698933248399,6863.64,827.058,1.2091,1.14771,1.1335,0.029888,0.088832,0.01536,0.18944,0.809984,0.025308,1244819,1244819,415283,33.3609,1920,1080,raygs,triangles,1,off,0,on,-4
1781754698934467079,6864.86,827.25,1.20882,1.14646,1.13267,0.029632,0.089152,0.015488,0.187392,0.811008,0.037084,1244819,1244819,415283,33.3609,1920,1080,raygs,triangles,1,off,0,on,-4
1781754698935611808,6866,827.986,1.20775,1.14819,1.13683,0.030336,0.089664,0.016384,0.18944,0.811008,0.018245,1244819,1244819,415283,33.3609,1920,1080,raygs,triangles,1,off,0,on,-4
1781754698936791468,6867.18,827.711,1.20815,1.14819,1.13587,0.030336,0.089696,0.016384,0.188448,0.811008,0.028081,1244819,1244819,415283,33.3609,1920,1080,raygs,triangles,1,off,0,on,-4
1781754698937957913,6868.35,829.406,1.20568,1.14717,1.13402,0.030368,0.089152,0.016096,0.188416,0.809984,0.026663,1244819,1244819,415283,33.3609,1920,1080,raygs,triangles,1,off,0,on,-4
1781754698939325393,6869.72,829.275,1.20587,1.34477,1.32995,0.029312,0.089504,0.01536,0.385024,0.810752,0.02657,1244819,1244819,415283,33.3609,1920,1080,raygs,triangles,1,off,0,on,-4
1781754698940629209,6871.02,827.13,1.209,1.28611,1.27462,0.030016,0.0896,0.016384,0.32768,0.810944,0.028175,1244819,1244819,415283,33.3609,1920,1080,raygs,triangles,1,off,0,on,-4
1781754698941929064,6872.32,825.989,1.21067,1.1489,1.13594,0.030112,0.09104,0.016384,0.188416,0.809984,0.024987,1244819,1244819,415283,33.3609,1920,1080,raygs,triangles,1,off,0,on,-4
1781754698943096999,6873.49,824.026,1.21355,1.14733,1.13568,0.030496,0.089376,0.016384,0.188416,0.811008,0.024633,1244819,1244819,415283,33.3609,1920,1080,raygs,triangles,1,off,0,on,-4
1781754698944271800,6874.66,824.738,1.21251,1.14544,1.13152,0.029632,0.089152,0.01536,0.187392,0.809984,0.024035,1244819,1244819,415283,33.3609,1920,1080,raygs,triangles,1,off,0,on,-4
1781754698945476713,6875.87,824.417,1.21298,1.17158,1.15862,0.030208,0.089056,0.016384,0.212992,0.809984,0.025874,1244819,1244819,415283,33.3609,1920,1080,raygs,triangles,1,off,0,on,-4
1781754698946661414,6877.05,826.514,1.2099,1.14771,1.13354,0.029856,0.089216,0.01536,0.188416,0.810688,0.024766,1244819,1244819,415283,33.3609,1920,1080,raygs,triangles,1,off,0,on,-4
1781754698947935420,6878.33,828.072,1.20763,1.14835,1.13581,0.029504,0.089312,0.016384,0.189856,0.810752,0.023761,1244819,1244819,415283,33.3609,1920,1080,raygs,triangles,1,off,0,on,-4
1781754698949107030,6879.5,826.916,1.20931,1.1481,1.13517,0.030752,0.089536,0.016384,0.188512,0.809984,0.023945,1244819,1244819,415283,33.3609,1920,1080,raygs,triangles,1,off,0,on,-4
1781754698950292841,6880.68,826.884,1.20936,1.14922,1.13718,0.030048,0.08944,0.016224,0.190464,0.811008,0.024869,1244819,1244819,415283,33.3609,1920,1080,raygs,triangles,1,off,0,on,-4
1781754698951455931,6881.85,826.399,1.21007,1.14835,1.13642,0.030496,0.090048,0.016352,0.188576,0.810944,0.024421,1244819,1244819,415283,33.3609,1920,1080,raygs,triangles,1,off,0,on,-4
1781754698952623585,6883.01,826.842,1.20942,1.14602,1.13421,0.03024,0.08912,0.016448,0.188416,0.809984,0.028889,1244819,1244819,415283,33.3609,1920,1080,raygs,triangles,1,off,0,on,-4
1781754698953803851,6884.2,827.416,1.20858,1.14938,1.13718,0.030688,0.089792,0.016384,0.18944,0.81088,0.025121,1244819,1244819,415283,33.3609,1920,1080,raygs,triangles,1,off,0,on,-4
1781754698954972489,6885.36,828.285,1.20731,1.14733,1.13459,0.029472,0.089312,0.016384,0.18944,0.809984,0.024978,1244819,1244819,415283,33.3609,1920,1080,raygs,triangles,1,off,0,on,-4
1781754698956378544,6886.77,828.57,1.2069,1.3833,1.37117,0.029952,0.089344,0.01632,0.423936,0.811616,0.023754,1244819,1244819,415283,33.3609,1920,1080,raygs,triangles,1,off,0,on,-4
1781754698957693859,6888.09,825.674,1.21113,1.28784,1.27462,0.03072,0.08912,0.01536,0.32768,0.811744,0.023966,1244819,1244819,415283,33.3609,1920,1080,raygs,triangles,1,off,0,on,-4
1781754698958865584,6889.26,824.436,1.21295,1.14749,1.13408,0.030592,0.09008,0.01536,0.187392,0.810656,0.024304,1244819,1244819,415283,33.3609,1920,1080,raygs,triangles,1,off,0,on,-4
1781754698960038610,6890.43,824.298,1.21315,1.14781,1.1345,0.029952,0.08976,0.01536,0.188416,0.811008,0.024056,1244819,1244819,415283,33.3609,1920,1080,raygs,triangles,1,off,0,on,-4
1781754698961210956,6891.6,824.076,1.21348,1.14717,1.13514,0.030336,0.090016,0.016384,0.188416,0.809984,0.028923,1244819,1244819,415283,33.3609,1920,1080,raygs,triangles,1,off,0,on,-4
1781754698962399458,6892.79,824.117,1.21342,1.1479,1.13562,0.030688,0.089344,0.016384,0.188416,0.810784,0.025631,1244819,1244819,415283,33.3609,1920,1080,raygs,triangles,1,off,0,on,-4
1781754698963571927,6893.96,826.652,1.2097,1.14835,1.13667,0.030592,0.089824,0.016384,0.188864,0.811008,0.027636,1244819,1244819,415283,33.3609,1920,1080,raygs,triangles,1,off,0,on,-4
1781754698964860133,6895.25,828.086,1.2076,1.148,1.13491,0.030272,0.088832,0.01536,0.18944,0.811008,0.025583,1244819,1244819,415283,33.3609,1920,1080,raygs,triangles,1,off,0,on,-4
1781754698966031418,6896.42,826.921,1.20931,1.15008,1.13808,0.0312,0.089856,0.016384,0.189856,0.810784,0.024685,1244819,1244819,415283,33.3609,1920,1080,raygs,triangles,1,off,0,on,-4
1781754698967202229,6897.59,826.949,1.20926,1.14694,1.1328,0.030112,0.0888,0.015488,0.188416,0.809984,0.029176,1244819,1244819,415283,33.3609,1920,1080,raygs,triangles,1,off,0,on,-4
1781754698968386829,6898.78,826.739,1.20957,1.14746,1.1361,0.029632,0.089632,0.016384,0.189728,0.81072,0.026381,1244819,1244819,415283,33.3609,1920,1080,raygs,triangles,1,off,0,on,-4
1781754698969556829,6899.95,826.754,1.20955,1.14883,1.13622,0.029952,0.089696,0.016128,0.18944,0.811008,0.024778,1244819,1244819,415283,33.3609,1920,1080,raygs,triangles,1,off,0,on,-4
1781754698970755793,6901.15,826.743,1.20957,1.14701,1.13427,0.030176,0.089312,0.01536,0.188416,0.811008,0.028132,1244819,1244819,415283,33.3609,1920,1080,raygs,triangles,1,off,0,on,-4
1781754698971916233,6902.31,828.109,1.20757,1.14778,1.13466,0.029952,0.088896,0.016384,0.18944,0.809984,0.027416,1244819,1244819,415283,33.3609,1920,1080,raygs,triangles,1,off,0,on,-4
1781754698973330876,6903.72,827.634,1.20826,1.38448,1.37283,0.030048,0.089408,0.016384,0.425984,0.811008,0.02576,1244819,1244819,415283,33.3609,1920,1080,raygs,triangles,1,off,0,on,-4
1781754698974631203,6905.02,825.492,1.2114,1.29085,1.27974,0.030304,0.089312,0.016288,0.332896,0.810944,0.025062,1244819,1244819,415283,33.3609,1920,1080,raygs,triangles,1,off,0,on,-4
1781754698975801093,6906.19,823.862,1.21379,1.15085,1.13914,0.02992,0.091808,0.016384,0.190464,0.81056,0.026526,1244819,1244819,415283,33.3609,1920,1080,raygs,triangles,1,off,0,on,-4
1781754698976983785,6907.38,823.951,1.21366,1.14672,1.13616,0.030304,0.089472,0.016384,0.18944,0.81056,0.027363,1244819,1244819,415283,33.3609,1920,1080,raygs,triangles,1,off,0,on,-4
1781754698978149867,6908.54,824.007,1.21358,1.14787,1.13437,0.030048,0.089536,0.016384,0.188416,0.809984,0.024626,1244819,1244819,415283,33.3609,1920,1080,raygs,triangles,1,off,0,on,-4
1781754698979318266,6909.71,824.11,1.21343,1.1481,1.13581,0.03024,0.08976,0.016384,0.188416,0.811008,0.024367,1244819,1244819,415283,33.3609,1920,1080,raygs,triangles,1,off,0,on,-4
1781754698980485028,6910.88,826.759,1.20954,1.14701,1.13347,0.030176,0.088832,0.01536,0.188416,0.810688,0.023835,1244819,1244819,415283,33.3609,1920,1080,raygs,triangles,1,off,0,on,-4
1781754698981779732,6912.17,828.728,1.20667,1.14861,1.13488,0.030304,0.089344,0.015648,0.188608,0.810976,0.026526,1244819,1244819,415283,33.3609,1920,1080,raygs,triangles,1,off,0,on,-4
1781754698983002395,6913.39,827.292,1.20876,1.15069,1.1376,0.030784,0.089952,0.016512,0.18944,0.810912,0.032603,1244819,1244819,415283,33.3609,1920,1080,raygs,triangles,1,off,0,on,-4
1781754698984121005,6914.51,827.026,1.20915,1.14851,1.13462,0.029632,0.089312,0.016256,0.18944,0.809984,0.016373,1244819,1244819,415283,33.3609,1920,1080,raygs,triangles,1,off,0,on,-4
1781754698985320262,6915.71,827.378,1.20864,1.14675,1.13475,0.030336,0.089632,0.016384,0.187392,0.811008,0.026588,1244819,1244819,415283,33.3609,1920,1080,raygs,triangles,1,off,0,on,-4
1781754698986484151,6916.88,826.835,1.20943,1.14973,1.13498,0.029856,0.08944,0.015392,0.18944,0.810848,0.025926,1244819,1244819,415283,33.3609,1920,1080,raygs,triangles,1,off,0,on,-4
1781754698987647101,6918.04,828.352,1.20722,1.14771,1.13328,0.030336,0.089408,0.01536,0.187392,0.810784,0.023593,1244819,1244819,415283,33.3609,1920,1080,raygs,triangles,1,off,0,on,-4
1781754698988817596,6919.21,828.586,1.20687,1.14774,1.13677,0.030528,0.089344,0.016384,0.189504,0.811008,0.022912,1244819,1244819,415283,33.3609,1920,1080,raygs,triangles,1,off,0,on,-4
1781754698990240156,6920.63,828.689,1.20673,1.38813,1.3736,0.029632,0.089312,0.015616,0.429056,0.809984,0.024032,1244819,1244819,415283,33.3609,1920,1080,raygs,triangles,1,off,0,on,-4
1781754698991569561,6921.96,825.7,1.21109,1.28864,1.27779,0.030432,0.089216,0.016384,0.330752,0.811008,0.024998,1244819,1244819,415283,33.3609,1920,1080,raygs,triangles,1,off,0,on,-4
1781754698992728337,6923.12,823.924,1.2137,1.14906,1.13485,0.030208,0.09072,0.01552,0.188416,0.809984,0.024316,1244819,1244819,415283,33.3609,1920,1080,raygs,triangles,1,off,0,on,-4
1781754698993895226,6924.29,823.805,1.21388,1.14605,1.13517,0.030272,0.089088,0.016384,0.188416,0.811008,0.023759,1244819,1244819,415283,33.3609,1920,1080,raygs,triangles,1,off,0,on,-4
1781754698995072766,6925.46,824.102,1.21344,1.14685,1.13472,0.030048,0.089888,0.016384,0.188416,0.809984,0.024108,1244819,1244819,415283,33.3609,1920,1080,raygs,triangles,1,off,0,on,-4
1781754698996260854,6926.65,823.999,1.21359,1.14787,1.1359,0.030144,0.089824,0.016384,0.188544,0.811008,0.026422,1244819,1244819,415283,33.3609,1920,1080,raygs,triangles,1,off,0,on,-4
1781754698997564297,6927.96,826.071,1.21055,1.14851,1.13498,0.030336,0.089312,0.016192,0.188416,0.81072,0.031623,1244819,1244819,415283,33.3609,1920,1080,raygs,triangles,1,off,0,on,-4
1781754698998705780,6929.1,825.727,1.21105,1.1489,1.13798,0.031104,0.089888,0.016384,0.1896,0.811008,0.020847,1244819,1244819,415283,33.3609,1920,1080,raygs,triangles,1,off,0,on,-4
1781754698999890148,6930.28,826.227,1.21032,1.14717,1.13597,0.030368,0.089792,0.016384,0.188416,0.811008,0.024811,1244819,1244819,415283,33.3609,1920,1080,raygs,triangles,1,off,0,on,-4
1781754699001054907,6931.45,826.095,1.21052,1.14832,1.13702,0.030464,0.090016,0.016384,0.188416,0.811744,0.024108,1244819,1244819,415283,33.3609,1920,1080,raygs,triangles,1,off,0,on,-4
1781754699002233721,6932.63,825.952,1.21072,1.14813,1.13459,0.030432,0.089376,0.01536,0.18944,0.809984,0.023906,1244819,1244819,415283,33.3609,1920,1080,raygs,triangles,1,off,0,on,-4
1781754699003438785,6933.83,826.322,1.21018,1.14678,1.13475,0.030208,0.08976,0.016224,0.187616,0.810944,0.034926,1244819,1244819,415283,33.3609,1920,1080,raygs,triangles,1,off,0,on,-4
1781754699004579508,6934.97,827.368,1.20865,1.14992,1.13667,0.030016,0.089824,0.01536,0.190464,0.811008,0.018458,1244819,1244819,415283,33.3609,1920,1080,raygs,triangles,1,off,0,on,-4
1781754699005980598,6936.37,827.476,1.20849,1.37482,1.36163,0.030368,0.089152,0.016384,0.415744,0.809984,0.024475,1244819,1244819,415283,33.3609,1920,1080,raygs,triangles,1,off,0,on,-4
1781754699007303408,6937.69,824.953,1.21219,1.28746,1.27613,0.030368,0.089664,0.016384,0.328704,0.811008,0.025454,1244819,1244819,415283,33.3609,1920,1080,raygs,triangles,1,off,0,on,-4
1781754699008469250,6938.86,823.52,1.2143,1.14707,1.13302,0.030272,0.09008,0.015552,0.186368,0.810752,0.024546,1244819,1244819,415283,33.3609,1920,1080,raygs,triangles,1,off,0,on,-4
1781754699009637565,6940.03,823.496,1.21434,1.14707,1.13507,0.030272,0.090016,0.016384,0.188416,0.809984,0.025717,1244819,1244819,415283,33.3609,1920,1080,raygs,triangles,1,off,0,on,-4
1781754699010806099,6941.2,823.933,1.21369,1.14598,1.13402,0.030176,0.089472,0.016384,0.187392,0.810592,0.02427,1244819,1244819,415283,33.3609,1920,1080,raygs,triangles,1,off,0,on,-4
1781754699011979777,6942.37,823.659,1.21409,1.14701,1.1327,0.030208,0.088736,0.01536,0.188416,0.809984,0.023661,1244819,1244819,415283,33.3609,1920,1080,raygs,triangles,1,off,0,on,-4
1781754699013151810,6943.54,826.069,1.21055,1.14589,1.13149,0.030176,0.0888,0.015424,0.186368,0.81072,0.023967,1244819,1244819,415283,33.3609,1920,1080,raygs,triangles,1,off,0,on,-4
1781754699014468662,6944.86,827.462,1.20851,1.14749,1.13395,0.030304,0.089888,0.01536,0.188416,0.809984,0.029032,1244819,1244819,415283,33.3609,1920,1080,raygs,triangles,1,off,0,on,-4
1781754699015645114,6946.04,827.166,1.20895,1.14886,1.13526,0.03104,0.089344,0.015456,0.18944,0.809984,0.028692,1244819,1244819,415283,33.3609,1920,1080,raygs,triangles,1,off,0,on,-4
1781754699016809120,6947.2,826.82,1.20945,1.14678,1.13411,0.029952,0.089472,0.016384,0.187392,0.810912,0.030779,1244819,1244819,415283,33.3609,1920,1080,raygs,triangles,1,off,0,on,-4
1781754699017982646,6948.37,827.207,1.20889,1.1473,1.13286,0.029472,0.089632,0.01536,0.188416,0.809984,0.027278,1244819,1244819,415283,33.3609,1920,1080,raygs,triangles,1,off,0,on,-4
1781754699019192082,6949.58,827.559,1.20837,1.14771,1.13558,0.030592,0.08928,0.016384,0.188416,0.810912,0.040147,1244819,1244819,415283,33.3609,1920,1080,raygs,triangles,1,off,0,on,-4
1781754699020328032,6950.72,827.321,1.20872,1.14787,1.13536,0.030016,0.089536,0.016384,0.188416,0.811008,0.018366,1244819,1244819,415283,33.3609,1920,1080,raygs,triangles,1,off,0,on,-4
1781754699021520367,6951.91,828.848,1.20649,1.14922,1.1359,0.030304,0.089664,0.015488,0.18944,0.811008,0.034838,1244819,1244819,415283,33.3609,1920,1080,raygs,triangles,1,off,0,on,-4
1781754699022860212,6953.25,828.543,1.20694,1.34227,1.32861,0.029888,0.089472,0.016384,0.381952,0.810912,0.019896,1244819,1244819,415283,33.3609,1920,1080,raygs,triangles,1,off,0,on,-4
1781754699024174998,6954.57,826.543,1.20986,1.28698,1.27232,0.029856,0.089344,0.015456,0.32768,0.809984,0.024606,1244819,1244819,415283,33.3609,1920,1080,raygs,triangles,1,off,0,on,-4
1781754699025475654,6955.87,824.81,1.2124,1.28541,1.27136,0.030336,0.22624,0.014336,0.190464,0.809984,0.024075,1244819,1244819,415283,33.3609,1920,1080,raygs,triangles,1,off,0,on,-4
1781754699026664123,6957.06,823.605,1.21417,1.14765,1.13555,0.030272,0.089472,0.016384,0.188416,0.811008,0.026377,1244819,1244819,415283,33.3609,1920,1080,raygs,triangles,1,off,0,on,-4
1781754699027820789,6958.21,823.427,1.21444,1.14701,1.136,0.030432,0.08976,0.016384,0.188416,0.811008,0.024024,1244819,1244819,415283,33.3609,1920,1080,raygs,triangles,1,off,0,on,-4
1781754699029024065,6959.42,823.393,1.21449,1.15434,1.14298,0.030528,0.089696,0.016384,0.19456,0.811808,0.02691,1244819,1244819,415283,33.3609,1920,1080,raygs,triangles,1,off,0,on,-4
1781754699030188684,6960.58,825.95,1.21073,1.14762,1.13472,0.029792,0.08928,0.016384,0.188416,0.810848,0.025418,1244819,1244819,415283,33.3609,1920,1080,raygs,triangles,1,off,0,on,-4
1781754699031467324,6961.86,827.353,1.20867,1.1464,1.13242,0.029536,0.08944,0.016096,0.187392,0.809952,0.025065,1244819,1244819,415283,33.3609,1920,1080,raygs,triangles,1,off,0,on,-4
1781754699032638511,6963.03,826.147,1.21044,1.1495,1.13462,0.030624,0.089376,0.016224,0.188416,0.809984,0.025392,1244819,1244819,415283,33.3609,1920,1080,raygs,triangles,1,off,0,on,-4
1781754699033851175,6964.24,826.431,1.21002,1.14896,1.13683,0.03008,0.08992,0.016384,0.18944,0.811008,0.036105,1244819,1244819,415283,33.3609,1920,1080,raygs,triangles,1,off,0,on,-4
1781754699035031720,6965.42,826.183,1.21039,1.14954,1.1369,0.029632,0.089408,0.016384,0.190464,0.811008,0.029573,1244819,1244819,415283,33.3609,1920,1080,raygs,triangles,1,off,0,on,-4
1781754699036175369,6966.57,826.314,1.21019,1.14794,1.13555,0.030432,0.089632,0.016384,0.188416,0.810688,0.018688,1244819,1244819,415283,33.3609,1920,1080,raygs,triangles,1,off,0,on,-4
1781754699037343568,6967.73,826.465,1.20997,1.14992,1.13632,0.030016,0.089472,0.01536,0.190464,0.811008,0.025203,1244819,1244819,415283,33.3609,1920,1080,raygs,triangles,1,off,0,on,-4
1781754699038518469,6968.91,827.733,1.20812,1.15126,1.14032,0.030368,0.090048,0.016384,0.192512,0.811008,0.024531,1244819,1244819,415283,33.3609,1920,1080,raygs,triangles,1,off,0,on,-4
1781754699039994026,6970.39,827.964,1.20778,1.39526,1.38038,0.029632,0.089184,0.01536,0.4352,0.811008,0.039984,1244819,1244819,415283,33.3609,1920,1080,raygs,triangles,1,off,0,on,-4
1781754699041263681,6971.65,824.548,1.21279,1.27706,1.26515,0.03056,0.0896,0.016384,0.3176,0.811008,0.016881,1244819,1244819,415283,33.3609,1920,1080,raygs,triangles,1,off,0,on,-4
1781754699042423009,6972.81,823.327,1.21458,1.14717,1.13424,0.030336,0.08912,0.01536,0.188416,0.811008,0.027385,1244819,1244819,415283,33.3609,1920,1080,raygs,triangles,1,off,0,on,-4
1781754699043587012,6973.98,823.43,1.21443,1.14717,1.13427,0.030336,0.089152,0.01536,0.188416,0.811008,0.024356,1244819,1244819,415283,33.3609,1920,1080,raygs,triangles,1,off,0,on,-4
1781754699044761296,6975.15,823.627,1.21414,1.14717,1.13546,0.029312,0.089312,0.016384,0.18944,0.811008,0.026101,1244819,1244819,415283,33.3609,1920,1080,raygs,triangles,1,off,0,on,-4
1781754699045940281,6976.33,823.636,1.21413,1.14774,1.13462,0.030656,0.089184,0.01536,0.188416,0.811008,0.024563,1244819,1244819,415283,33.3609,1920,1080,raygs,triangles,1,off,0,on,-4
1781754699047108156,6977.5,826.325,1.21018,1.14797,1.13546,0.030112,0.089536,0.016256,0.188544,0.811008,0.023821,1244819,1244819,415283,33.3609,1920,1080,raygs,triangles,1,off,0,on,-4
1781754699048398107,6978.79,827.867,1.20792,1.14874,1.13693,0.029888,0.089664,0.016384,0.18944,0.811552,0.023728,1244819,1244819,415283,33.3609,1920,1080,raygs,triangles,1,off,0,on,-4
1781754699049570850,6979.96,826.623,1.20974,1.14803,1.13542,0.030176,0.08928,0.016384,0.188864,0.81072,0.02462,1244819,1244819,415283,33.3609,1920,1080,raygs,triangles,1,off,0,on,-4
1781754699050763707,6981.16,826.902,1.20933,1.14637,1.13555,0.029568,0.089568,0.016384,0.18944,0.810592,0.025915,1244819,1244819,415283,33.3609,1920,1080,raygs,triangles,1,off,0,on,-4
1781754699051917508,6982.31,826.286,1.21024,1.1455,1.13296,0.029728,0.088448,0.016384,0.188416,0.809984,0.023633,1244819,1244819,415283,33.3609,1920,1080,raygs,triangles,1,off,0,on,-4
1781754699053090200,6983.48,826.752,1.20955,1.14749,1.13376,0.029664,0.089312,0.016384,0.188416,0.809984,0.024558,1244819,1244819,415283,33.3609,1920,1080,raygs,triangles,1,off,0,on,-4
1781754699054274098,6984.67,826.382,1.21009,1.14864,1.13478,0.030144,0.089152,0.01536,0.18944,0.810688,0.024825,1244819,1244819,415283,33.3609,1920,1080,raygs,triangles,1,off,0,on,-4
1781754699055437287,6985.83,827.381,1.20863,1.14787,1.13446,0.030016,0.089664,0.01536,0.18944,0.809984,0.025425,1244819,1244819,415283,33.3609,1920,1080,raygs,triangles,1,off,0,on,-4
1781754699056855270,6987.25,828.342,1.20723,1.38694,1.37363,0.030496,0.089056,0.016128,0.428032,0.80992,0.025594,1244819,1244819,415283,33.3609,1920,1080,raygs,triangles,1,off,0,on,-4
1781754699058160450,6988.55,824.746,1.21249,1.28701,1.2728,0.030432,0.089344,0.01536,0.32768,0.809984,0.024473,1244819,1244819,415283,33.3609,1920,1080,raygs,triangles,1,off,0,on,-4
1781754699059339854,6989.73,823.559,1.21424,1.14922,1.13539,0.030432,0.089856,0.01568,0.18944,0.809984,0.024511,1244819,1244819,415283,33.3609,1920,1080,raygs,triangles,1,off,0,on,-4
1781754699060513846,6990.91,823.781,1.21392,1.14707,1.13494,0.03024,0.088896,0.016384,0.18944,0.809984,0.025025,1244819,1244819,415283,33.3609,1920,1080,raygs,triangles,1,off,0,on,-4
1781754699061679249,6992.07,823.149,1.21485,1.14701,1.13382,0.030176,0.088864,0.016384,0.187392,0.811008,0.024272,1244819,1244819,415283,33.3609,1920,1080,raygs,triangles,1,off,0,on,-4
1781754699062850531,6993.24,823.488,1.21435,1.14672,1.13366,0.030496,0.089408,0.01536,0.187392,0.811008,0.024178,1244819,1244819,415283,33.3609,1920,1080,raygs,triangles,1,off,0,on,-4
1781754699064189462,6994.58,826.593,1.20979,1.14778,1.13398,0.02992,0.089536,0.016128,0.188416,0.809984,0.037441,1244819,1244819,415283,33.3609,1920,1080,raygs,triangles,1,off,0,on,-4
1781754699065328036,6995.72,826.295,1.21022,1.14842,1.13667,0.03056,0.089696,0.016384,0.18944,0.810592,0.01744,1244819,1244819,415283,33.3609,1920,1080,raygs,triangles,1,off,0,on,-4
1781754699066492812,6996.88,826.39,1.21008,1.14749,1.13501,0.030048,0.08944,0.016096,0.188416,0.811008,0.024032,1244819,1244819,415283,33.3609,1920,1080,raygs,triangles,1,off,0,on,-4
1781754699067662837,6998.05,826.475,1.20996,1.14694,1.13485,0.030272,0.089792,0.01632,0.187456,0.811008,0.024744,1244819,1244819,415283,33.3609,1920,1080,raygs,triangles,1,off,0,on,-4
1781754699068855403,6999.25,826.843,1.20942,1.14717,1.13587,0.030272,0.089792,0.016384,0.188416,0.811008,0.024531,1244819,1244819,415283,33.3609,1920,1080,raygs,triangles,1,off,0,on,-4
1781754699070017218,7000.41,826.503,1.20992,1.14819,1.13587,0.030368,0.089088,0.016384,0.18944,0.810592,0.024088,1244819,1244819,415283,33.3609,1920,1080,raygs,triangles,1,off,0,on,-4
1781754699071183209,7001.57,828.023,1.2077,1.14851,1.13472,0.029632,0.08928,0.016384,0.18944,0.809984,0.024334,1244819,1244819,415283,33.3609,1920,1080,raygs,triangles,1,off,0,on,-4
1781754699072366302,7002.76,827.51,1.20844,1.14835,1.13462,0.030496,0.089632,0.016096,0.188416,0.809984,0.025053,1244819,1244819,415283,33.3609,1920,1080,raygs,triangles,1,off,0,on,-4
1781754699073773668,7004.16,827.833,1.20797,1.39242,1.37994,0.029856,0.089536,0.016384,0.434176,0.809984,0.023705,1244819,1244819,415283,33.3609,1920,1080,raygs,triangles,1,off,0,on,-4
1781754699075071842,7005.46,825.392,1.21155,1.27414,1.26186,0.030208,0.214816,0.01536,0.190464,0.811008,0.023393,1244819,1244819,415283,33.3609,1920,1080,raygs,triangles,1,off,0,on,-4
1781754699076258706,7006.65,824.086,1.21347,1.14717,1.13325,0.030336,0.088992,0.01536,0.187648,0.810912,0.024391,1244819,1244819,415283,33.3609,1920,1080,raygs,triangles,1,off,0,on,-4
1781754699077423305,7007.81,823.938,1.21368,1.14867,1.13584,0.029792,0.089952,0.015648,0.18944,0.811008,0.02385,1244819,1244819,415283,33.3609,1920,1080,raygs,triangles,1,off,0,on,-4
1781754699078600817,7008.99,823.693,1.21404,1.14781,1.13648,0.0304,0.089472,0.016384,0.18944,0.810784,0.026159,1244819,1244819,415283,33.3609,1920,1080,raygs,triangles,1,off,0,on,-4
1781754699079775919,7010.17,825.971,1.2107,1.14685,1.1336,0.030048,0.089728,0.016384,0.186624,0.810816,0.024076,1244819,1244819,415283,33.3609,1920,1080,raygs,triangles,1,off,0,on,-4
1781754699081058524,7011.45,827.932,1.20783,1.14749,1.13626,0.03008,0.089472,0.016384,0.18944,0.81088,0.02356,1244819,1244819,415283,33.3609,1920,1080,raygs,triangles,1,off,0,on,-4
1781754699082237208,7012.63,826.865,1.20939,1.14832,1.13706,0.031104,0.090176,0.016352,0.18944,0.809984,0.024882,1244819,1244819,415283,33.3609,1920,1080,raygs,triangles,1,off,0,on,-4
1781754699083405418,7013.8,826.146,1.21044,1.14736,1.13523,0.029504,0.089248,0.016384,0.18944,0.810656,0.024038,1244819,1244819,415283,33.3609,1920,1080,raygs,triangles,1,off,0,on,-4
1781754699084598482,7014.99,826.456,1.20999,1.14803,1.13693,0.0304,0.089696,0.016384,0.18944,0.811008,0.02686,1244819,1244819,415283,33.3609,1920,1080,raygs,triangles,1,off,0,on,-4
1781754699085763533,7016.15,825.924,1.21077,1.1497,1.13763,0.029792,0.089376,0.016384,0.191488,0.810592,0.025117,1244819,1244819,415283,33.3609,1920,1080,raygs,triangles,1,off,0,on,-4
1781754699086943202,7017.33,826.021,1.21062,1.14874,1.13558,0.0304,0.089376,0.016384,0.188416,0.811008,0.025776,1244819,1244819,415283,33.3609,1920,1080,raygs,triangles,1,off,0,on,-4
1781754699088109613,7018.5,827.818,1.208,1.14992,1.13629,0.030048,0.089568,0.01632,0.18944,0.810912,0.02428,1244819,1244819,415283,33.3609,1920,1080,raygs,triangles,1,off,0,on,-4
1781754699089510355,7019.9,827.886,1.2079,1.37245,1.36016,0.030336,0.08976,0.016384,0.413696,0.809984,0.024779,1244819,1244819,415283,33.3609,1920,1080,raygs,triangles,1,off,0,on,-4
1781754699090815634,7021.21,825.217,1.2118,1.28602,1.27251,0.030464,0.089024,0.01536,0.326656,0.811008,0.025481,1244819,1244819,415283,33.3609,1920,1080,raygs,triangles,1,off,0,on,-4
1781754699091995949,7022.39,823.892,1.21375,1.14877,1.13661,0.030272,0.090528,0.016384,0.18944,0.809984,0.025387,1244819,1244819,415283,33.3609,1920,1080,raygs,triangles,1,off,0,on,-4
1781754699093178716,7023.57,824.001,1.21359,1.14826,1.13526,0.0304,0.088672,0.015744,0.18944,0.811008,0.025847,1244819,1244819,415283,33.3609,1920,1080,raygs,triangles,1,off,0,on,-4
1781754699094352069,7024.74,823.547,1.21426,1.14778,1.13411,0.029952,0.090016,0.015744,0.188416,0.809984,0.025485,1244819,1244819,415283,33.3609,1920,1080,raygs,triangles,1,off,0,on,-4
1781754699095546062,7025.94,823.665,1.21409,1.16163,1.15066,0.030496,0.089088,0.016288,0.203776,0.811008,0.025379,1244819,1244819,415283,33.3609,1920,1080,raygs,triangles,1,off,0,on,-4
1781754699096705466,7027.1,825.763,1.211,1.14752,1.13459,0.0304,0.089248,0.016384,0.187872,0.810688,0.023789,1244819,1244819,415283,33.3609,1920,1080,raygs,triangles,1,off,0,on,-4
1781754699097996787,7028.39,827.228,1.20886,1.14646,1.1344,0.030336,0.08928,0.016384,0.187392,0.811008,0.024117,1244819,1244819,415283,33.3609,1920,1080,raygs,triangles,1,off,0,on,-4
1781754699099170904,7029.56,827.047,1.20912,1.14819,1.13725,0.03136,0.090176,0.016384,0.188416,0.810912,0.024713,1244819,1244819,415283,33.3609,1920,1080,raygs,triangles,1,off,0,on,-4
1781754699100349504,7030.74,827.502,1.20846,1.14598,1.13424,0.030208,0.089248,0.016384,0.187392,0.811008,0.025251,1244819,1244819,415283,33.3609,1920,1080,raygs,triangles,1,off,0,on,-4
1781754699101517573,7031.91,827.261,1.20881,1.14803,1.13379,0.030176,0.088832,0.01536,0.18944,0.809984,0.025539,1244819,1244819,415283,33.3609,1920,1080,raygs,triangles,1,off,0,on,-4
1781754699102688855,7033.08,827.694,1.20818,1.14749,1.13539,0.029632,0.089408,0.016352,0.18944,0.81056,0.026812,1244819,1244819,415283,33.3609,1920,1080,raygs,triangles,1,off,0,on,-4
1781754699103865314,7034.26,827.629,1.20827,1.14896,1.13667,0.030272,0.08976,0.016192,0.18944,0.811008,0.025234,1244819,1244819,415283,33.3609,1920,1080,raygs,triangles,1,off,0,on,-4
1781754699105040319,7035.43,828.768,1.20661,1.14733,1.13424,0.030528,0.089024,0.016384,0.187392,0.810912,0.025458,1244819,1244819,415283,33.3609,1920,1080,raygs,triangles,1,off,0,on,-4
1781754699106408148,7036.8,828.423,1.20711,1.34154,1.32989,0.030336,0.089376,0.016384,0.382976,0.810816,0.026269,1244819,1244819,415283,33.3609,1920,1080,raygs,triangles,1,off,0,on,-4
1781754699107722693,7038.11,826.763,1.20954,1.28499,1.27101,0.029952,0.089312,0.01536,0.325632,0.810752,0.027205,1244819,1244819,415283,33.3609,1920,1080,raygs,triangles,1,off,0,on,-4
1781754699108894407,7039.29,825.239,1.21177,1.14778,1.13686,0.030976,0.091104,0.016384,0.187392,0.811008,0.027746,1244819,1244819,415283,33.3609,1920,1080,raygs,triangles,1,off,0,on,-4
1781754699110219826,7040.61,825.176,1.21186,1.14746,1.13645,0.030656,0.090016,0.016352,0.188416,0.811008,0.037615,1244819,1244819,415283,33.3609,1920,1080,raygs,triangles,1,off,0,on,-4
1781754699111372014,7041.76,823.499,1.21433,1.1489,1.1361,0.031072,0.089568,0.016384,0.188416,0.810656,0.020274,1244819,1244819,415283,33.3609,1920,1080,raygs,triangles,1,off,0,on,-4
1781754699112530417,7042.92,823.334,1.21457,1.14787,1.13674,0.030656,0.090272,0.016384,0.188416,0.811008,0.024949,1244819,1244819,415283,33.3609,1920,1080,raygs,triangles,1,off,0,on,-4
1781754699113731217,7044.12,827.252,1.20882,1.14819,1.13616,0.030336,0.089152,0.016128,0.189536,0.811008,0.030211,1244819,1244819,415283,33.3609,1920,1080,raygs,triangles,1,off,0,on,-4
1781754699115002350,7045.39,828.048,1.20766,1.14646,1.13491,0.029632,0.089472,0.016384,0.188416,0.811008,0.024588,1244819,1244819,415283,33.3609,1920,1080,raygs,triangles,1,off,0,on,-4
1781754699116168351,7046.56,826.776,1.20952,1.14848,1.1352,0.030656,0.088736,0.016384,0.188416,0.811008,0.023455,1244819,1244819,415283,33.3609,1920,1080,raygs,triangles,1,off,0,on,-4
1781754699117351268,7047.74,826.623,1.20974,1.14867,1.13728,0.029792,0.089632,0.016384,0.190464,0.811008,0.024158,1244819,1244819,415283,33.3609,1920,1080,raygs,triangles,1,off,0,on,-4
1781754699118519916,7048.91,826.646,1.20971,1.14733,1.13443,0.03056,0.088864,0.015744,0.188416,0.810848,0.025034,1244819,1244819,415283,33.3609,1920,1080,raygs,triangles,1,off,0,on,-4
1781754699119682530,7050.07,826.723,1.20959,1.14701,1.13328,0.030208,0.089472,0.016224,0.187392,0.809984,0.023623,1244819,1244819,415283,33.3609,1920,1080,raygs,triangles,1,off,0,on,-4
1781754699120858803,7051.25,827.026,1.20915,1.14691,1.13446,0.030112,0.089664,0.01536,0.188416,0.810912,0.023355,1244819,1244819,415283,33.3609,1920,1080,raygs,triangles,1,off,0,on,-4
1781754699122068508,7052.46,828.034,1.20768,1.1489,1.13779,0.030496,0.089472,0.016352,0.190464,0.811008,0.034723,1244819,1244819,415283,33.3609,1920,1080,raygs,triangles,1,off,0,on,-4
1781754699123462752,7053.85,827.513,1.20844,1.38765,1.37565,0.030176,0.089632,0.015776,0.429472,0.810592,0.018305,1244819,1244819,415283,33.3609,1920,1080,raygs,triangles,1,off,0,on,-4
1781754699124764399,7055.16,825.313,1.21166,1.28762,1.27459,0.030208,0.0896,0.01552,0.328704,0.81056,0.02524,1244819,1244819,415283,33.3609,1920,1080,raygs,triangles,1,off,0,on,-4
1781754699125970759,7056.36,823.64,1.21412,1.15056,1.13642,0.029664,0.089472,0.01568,0.190848,0.810752,0.033746,1244819,1244819,415283,33.3609,1920,1080,raygs,triangles,1,off,0,on,-4
1781754699127130316,7057.52,823.148,1.21485,1.14701,1.13261,0.030208,0.088704,0.01536,0.187392,0.810944,0.019635,1244819,1244819,415283,33.3609,1920,1080,raygs,triangles,1,off,0,on,-4
1781754699128320125,7058.71,823.503,1.21432,1.14749,1.13466,0.030336,0.089536,0.01536,0.188416,0.811008,0.033839,1244819,1244819,415283,33.3609,1920,1080,raygs,triangles,1,off,0,on,-4
1781754699129473158,7059.86,823.146,1.21485,1.14803,1.13386,0.030208,0.089216,0.01536,0.188416,0.810656,0.021803,1244819,1244819,415283,33.3609,1920,1080,raygs,triangles,1,off,0,on,-4
1781754699130639304,7061.03,826.18,1.21039,1.14582,1.13354,0.030048,0.089728,0.016384,0.187392,0.809984,0.026648,1244819,1244819,415283,33.3609,1920,1080,raygs,triangles,1,off,0,on,-4
1781754699131968165,7062.36,827.907,1.20786,1.14637,1.13475,0.029568,0.089376,0.016384,0.188416,0.811008,0.039726,1244819,1244819,415283,33.3609,1920,1080,raygs,triangles,1,off,0,on,-4
1781754699133096689,7063.49,826.058,1.21057,1.14998,1.13818,0.031104,0.089344,0.016384,0.190464,0.81088,0.016125,1244819,1244819,415283,33.3609,1920,1080,raygs,triangles,1,off,0,on,-4
1781754699134292799,7064.68,826.674,1.20967,1.1479,1.13574,0.030048,0.088864,0.016384,0.18944,0.811008,0.027968,1244819,1244819,415283,33.3609,1920,1080,raygs,triangles,1,off,0,on,-4
1781754699135443937,7065.84,826.06,1.21057,1.14851,1.13482,0.029632,0.089376,0.016384,0.18944,0.809984,0.025851,1244819,1244819,415283,33.3609,1920,1080,raygs,triangles,1,off,0,on,-4
1781754699136616778,7067.01,826.216,1.21034,1.14771,1.13462,0.030912,0.088992,0.016128,0.187744,0.810848,0.027722,1244819,1244819,415283,33.3609,1920,1080,raygs,triangles,1,off,0,on,-4
1781754699137827388,7068.22,828.365,1.2072,1.14749,1.13517,0.030336,0.089728,0.01568,0.188416,0.811008,0.037157,1244819,1244819,415283,33.3609,1920,1080,raygs,triangles,1,off,0,on,-4
1781754699138975847,7069.37,827.823,1.20799,1.14886,1.13619,0.030016,0.08928,0.015424,0.190464,0.811008,0.019093,1244819,1244819,415283,33.3609,1920,1080,raygs,triangles,1,off,0,on,-4
1781754699140360288,7070.75,827.457,1.20852,1.33482,1.32349,0.030816,0.08976,0.016384,0.375808,0.81072,0.035817,1244819,1244819,415283,33.3609,1920,1080,raygs,triangles,1,off,0,on,-4
1781754699141674742,7072.07,825.277,1.21171,1.31818,1.1361,0.030368,0.088768,0.01536,0.190592,0.811008,0.018009,1244819,1244819,415283,33.3609,1920,1080,raygs,triangles,1,off,0,on,-4
1781754699142855822,7073.25,823.891,1.21375,1.14944,1.13626,0.031584,0.089888,0.016384,0.188416,0.809984,0.025368,1244819,1244819,415283,33.3609,1920,1080,raygs,triangles,1,off,0,on,-4
1781754699144018234,7074.41,823.758,1.21395,1.14698,1.13363,0.030176,0.088672,0.016384,0.188416,0.809984,0.024895,1244819,1244819,415283,33.3609,1920,1080,raygs,triangles,1,off,0,on,-4
1781754699145203578,7075.59,823.819,1.21386,1.14739,1.13357,0.030176,0.089568,0.015424,0.188416,0.809984,0.027416,1244819,1244819,415283,33.3609,1920,1080,raygs,triangles,1,off,0,on,-4
1781754699146380677,7076.77,823.731,1.21399,1.14749,1.13254,0.029664,0.089184,0.01536,0.188416,0.80992,0.025779,1244819,1244819,415283,33.3609,1920,1080,raygs,triangles,1,off,0,on,-4
1781754699147647609,7078.04,826.12,1.21048,1.14765,1.13558,0.029792,0.089984,0.016384,0.188416,0.811008,0.025784,1244819,1244819,415283,33.3609,1920,1080,raygs,triangles,1,off,0,on,-4
1781754699148828915,7079.22,826.397,1.21007,1.14902,1.13472,0.030144,0.089248,0.01616,0.188416,0.810752,0.026249,1244819,1244819,415283,33.3609,1920,1080,raygs,triangles,1,off,0,on,-4
1781754699149997760,7080.39,826.669,1.20967,1.14739,1.13446,0.029568,0.089504,0.016384,0.188416,0.810592,0.025475,1244819,1244819,415283,33.3609,1920,1080,raygs,triangles,1,off,0,on,-4
1781754699151178129,7081.57,826.447,1.21,1.14938,1.13629,0.030496,0.089312,0.016384,0.18944,0.810656,0.026022,1244819,1244819,415283,33.3609,1920,1080,raygs,triangles,1,off,0,on,-4
1781754699152405908,7082.8,826.695,1.20964,1.14835,1.13504,0.029472,0.08976,0.01536,0.18944,0.811008,0.038127,1244819,1244819,415283,33.3609,1920,1080,raygs,triangles,1,off,0,on,-4
1781754699153530142,7083.92,826.212,1.21034,1.14778,1.13328,0.02992,0.088736,0.01536,0.188416,0.810848,0.015556,1244819,1244819,415283,33.3609,1920,1080,raygs,triangles,1,off,0,on,-4
1781754699154697745,7085.09,827.667,1.20822,1.14941,1.13648,0.030528,0.088992,0.01536,0.190592,0.811008,0.024729,1244819,1244819,415283,33.3609,1920,1080,raygs,triangles,1,off,0,on,-4
1781754699156119573,7086.51,828.086,1.2076,1.36202,1.3497,0.030208,0.089472,0.016384,0.402688,0.810944,0.034526,1244819,1244819,415283,33.3609,1920,1080,raygs,triangles,1,off,0,on,-4
1781754699157401046,7087.79,825.439,1.21148,1.28816,1.27584,0.030048,0.088672,0.016384,0.329728,0.811008,0.017099,1244819,1244819,415283,33.3609,1920,1080,raygs,triangles,1,off,0,on,-4
1781754699158571924,7088.96,824.176,1.21333,1.14755,1.13536,0.029696,0.089856,0.016384,0.188416,0.811008,0.0245,1244819,1244819,415283,33.3609,1920,1080,raygs,triangles,1,off,0,on,-4
1781754699159744149,7090.14,824.087,1.21346,1.1473,1.13494,0.030496,0.089984,0.016384,0.187392,0.810688,0.027402,1244819,1244819,415283,33.3609,1920,1080,raygs,triangles,1,off,0,on,-4
1781754699160913201,7091.3,824.266,1.2132,1.14733,1.13462,0.029472,0.089344,0.016384,0.18944,0.809984,0.024787,1244819,1244819,415283,33.3609,1920,1080,raygs,triangles,1,off,0,on,-4
1781754699162162636,7092.55,824.18,1.21333,1.14637,1.13421,0.030272,0.089152,0.016384,0.187392,0.811008,0.047606,1244819,1244819,415283,33.3609,1920,1080,raygs,triangles,1,off,0,on,-4
1781754699163304512,7093.7,825.973,1.21069,1.14614,1.13418,0.030336,0.08912,0.016384,0.187392,0.810944,0.028598,1244819,1244819,415283,33.3609,1920,1080,raygs,triangles,1,off,0,on,-4
1781754699164559604,7094.95,827.844,1.20796,1.14589,1.1336,0.030112,0.089728,0.016384,0.187392,0.809984,0.015914,1244819,1244819,415283,33.3609,1920,1080,raygs,triangles,1,off,0,on,-4
1781754699165854527,7096.25,826.893,1.20935,1.14806,1.13466,0.031232,0.08976,0.016288,0.187392,0.809984,0.024618,1244819,1244819,415283,33.3609,1920,1080,raygs,triangles,1,off,0,on,-4
1781754699167024314,7097.42,825.671,1.21114,1.14803,1.1351,0.0312,0.088992,0.016512,0.188416,0.809984,0.02387,1244819,1244819,415283,33.3609,1920,1080,raygs,triangles,1,off,0,on,-4
1781754699168191996,7098.58,825.844,1.21088,1.14851,1.13757,0.030688,0.089024,0.016384,0.190464,0.811008,0.024403,1244819,1244819,415283,33.3609,1920,1080,raygs,triangles,1,off,0,on,-4
1781754699169430232,7099.82,825.785,1.21097,1.14733,1.13552,0.030528,0.089152,0.016384,0.188448,0.811008,0.037837,1244819,1244819,415283,33.3609,1920,1080,raygs,triangles,1,off,0,on,-4
1781754699170548293,7100.94,825.314,1.21166,1.14746,1.13254,0.029632,0.089152,0.01536,0.188416,0.809984,0.016676,1244819,1244819,415283,33.3609,1920,1080,raygs,triangles,1,off,0,on,-4
1781754699171716053,7102.11,827.02,1.20916,1.14829,1.136,0.030624,0.088544,0.016384,0.18944,0.811008,0.024269,1244819,1244819,415283,33.3609,1920,1080,raygs,triangles,1,off,0,on,-4
1781754699173071486,7103.46,827.4,1.20861,1.14819,1.13613,0.030336,0.089152,0.016192,0.18944,0.811008,0.025334,1244819,1244819,415283,33.3609,1920,1080,raygs,triangles,1,off,0,on,-4
1781754699174385617,7104.78,825.311,1.21166,1.15069,1.13965,0.034912,0.089952,0.016384,0.187392,0.811008,0.025742,1244819,1244819,415283,33.3609,1920,1080,raygs,triangles,1,off,0,on,-4
1781754699175559909,7105.95,823.41,1.21446,1.14896,1.13629,0.031136,0.089536,0.016192,0.188416,0.811008,0.026176,1244819,1244819,415283,33.3609,1920,1080,raygs,triangles,1,off,0,on,-4
1781754699176725793,7107.12,823.413,1.21446,1.14675,1.13494,0.02992,0.089216,0.016384,0.188416,0.811008,0.025918,1244819,1244819,415283,33.3609,1920,1080,raygs,triangles,1,off,0,on,-4
1781754699177891557,7108.28,823.47,1.21437,1.14778,1.13341,0.030144,0.089504,0.01536,0.187392,0.811008,0.02406,1244819,1244819,415283,33.3609,1920,1080,raygs,triangles,1,off,0,on,-4
1781754699179089381,7109.48,823.669,1.21408,1.16442,1.15322,0.030176,0.089856,0.016384,0.205824,0.810976,0.02567,1244819,1244819,415283,33.3609,1920,1080,raygs,triangles,1,off,0,on,-4
1781754699180262215,7110.65,825.571,1.21128,1.14723,1.13478,0.030432,0.0896,0.01536,0.188864,0.810528,0.024781,1244819,1244819,415283,33.3609,1920,1080,raygs,triangles,1,off,0,on,-4
1781754699181553460,7111.94,827.066,1.20909,1.14653,1.13312,0.029632,0.089728,0.016384,0.187392,0.809984,0.025714,1244819,1244819,415283,33.3609,1920,1080,raygs,triangles,1,off,0,on,-4
1781754699182735232,7113.13,825.74,1.21104,1.14906,1.13622,0.030176,0.090176,0.016384,0.189504,0.809984,0.02876,1244819,1244819,415283,33.3609,1920,1080,raygs,triangles,1,off,0,on,-4
1781754699183891173,7114.28,827.324,1.20872,1.14621,1.13328,0.030432,0.089088,0.016384,0.187392,0.809984,0.024029,1244819,1244819,415283,33.3609,1920,1080,raygs,triangles,1,off,0,on,-4
1781754699185059816,7115.45,827.635,1.20826,1.14794,1.1352,0.03008,0.089312,0.016384,0.18944,0.809984,0.024109,1244819,1244819,415283,33.3609,1920,1080,raygs,triangles,1,off,0,on,-4
1781754699186250457,7116.64,827.272,1.20879,1.14758,1.13459,0.029728,0.089472,0.016352,0.188416,0.810624,0.025515,1244819,1244819,415283,33.3609,1920,1080,raygs,triangles,1,off,0,on,-4
1781754699187409994,7117.8,827.315,1.20873,1.14749,1.13354,0.029664,0.089536,0.01536,0.188416,0.81056,0.024664,1244819,1244819,415283,33.3609,1920,1080,raygs,triangles,1,off,0,on,-4
1781754699188577709,7118.97,828.58,1.20688,1.14832,1.13389,0.029472,0.089728,0.01536,0.188544,0.810784,0.02388,1244819,1244819,415283,33.3609,1920,1080,raygs,triangles,1,off,0,on,-4
1781754699189987635,7120.38,828.967,1.20632,1.3841,1.36998,0.030208,0.089472,0.01536,0.42496,0.809984,0.023732,1244819,1244819,415283,33.3609,1920,1080,raygs,triangles,1,off,0,on,-4
1781754699191378209,7121.77,826.273,1.21025,1.35882,1.34522,0.0304,0.088512,0.016384,0.400384,0.809536,0.024558,1244819,1244819,415283,33.3609,1920,1080,raygs,triangles,1,off,0,on,-4
1781754699192547188,7122.94,823.48,1.21436,1.14813,1.13626,0.030272,0.090176,0.016384,0.188416,0.811008,0.024158,1244819,1244819,415283,33.3609,1920,1080,raygs,triangles,1,off,0,on,-4
1781754699193714641,7124.11,823.461,1.21439,1.14691,1.1344,0.03008,0.089536,0.016384,0.18752,0.81088,0.024531,1244819,1244819,415283,33.3609,1920,1080,raygs,triangles,1,off,0,on,-4
1781754699194887398,7125.28,823.568,1.21423,1.14656,1.13261,0.030048,0.088608,0.01536,0.187584,0.811008,0.024087,1244819,1244819,415283,33.3609,1920,1080,raygs,triangles,1,off,0,on,-4
1781754699196067769,7126.46,824.089,1.21346,1.14707,1.13347,0.03024,0.089152,0.01568,0.188416,0.809984,0.024052,1244819,1244819,415283,33.3609,1920,1080,raygs,triangles,1,off,0,on,-4
1781754699197254588,7127.65,826.664,1.20968,1.14848,1.13648,0.030176,0.088448,0.016384,0.190464,0.811008,0.024553,1244819,1244819,415283,33.3609,1920,1080,raygs,triangles,1,off,0,on,-4
1781754699198527028,7128.92,827.435,1.20855,1.14733,1.13597,0.030048,0.089184,0.016288,0.18944,0.811008,0.02381,1244819,1244819,415283,33.3609,1920,1080,raygs,triangles,1,off,0,on,-4
1781754699199712110,7130.1,827.085,1.20907,1.14848,1.13606,0.031296,0.08928,0.016384,0.188416,0.810688,0.025056,1244819,1244819,415283,33.3609,1920,1080,raygs,triangles,1,off,0,on,-4
1781754699200886294,7131.28,826.678,1.20966,1.14762,1.13549,0.030304,0.089408,0.016352,0.188416,0.811008,0.02498,1244819,1244819,415283,33.3609,1920,1080,raygs,triangles,1,off,0,on,-4
1781754699202056202,7132.45,826.708,1.20962,1.14755,1.13642,0.030144,0.08944,0.016384,0.18944,0.811008,0.028803,1244819,1244819,415283,33.3609,1920,1080,raygs,triangles,1,off,0,on,-4
1781754699203231312,7133.62,826.715,1.20961,1.14762,1.13552,0.029728,0.089984,0.016384,0.188416,0.811008,0.024908,1244819,1244819,415283,33.3609,1920,1080,raygs,triangles,1,off,0,on,-4
1781754699204418123,7134.81,826.473,1.20996,1.15021,1.1376,0.030336,0.0888,0.01536,0.191488,0.811616,0.025178,1244819,1244819,415283,33.3609,1920,1080,raygs,triangles,1,off,0,on,-4
1781754699205581756,7135.97,827.949,1.2078,1.14762,1.13555,0.030816,0.089216,0.016384,0.188416,0.81072,0.02677,1244819,1244819,415283,33.3609,1920,1080,raygs,triangles,1,off,0,on,-4
1781754699207003844,7137.4,827.719,1.20814,1.38982,1.37859,0.030656,0.08944,0.016384,0.431104,0.811008,0.025693,1244819,1244819,415283,33.3609,1920,1080,raygs,triangles,1,off,0,on,-4
1781754699208335611,7138.73,825.044,1.21206,1.28941,1.27712,0.03024,0.08976,0.016384,0.329728,0.811008,0.033836,1244819,1244819,415283,33.3609,1920,1080,raygs,triangles,1,off,0,on,-4
1781754699209481610,7139.87,823.34,1.21457,1.15046,1.13821,0.03056,0.09088,0.01632,0.18944,0.811008,0.018405,1244819,1244819,415283,33.3609,1920,1080,raygs,triangles,1,off,0,on,-4
1781754699210658093,7141.05,823.345,1.21456,1.14614,1.13296,0.030336,0.088864,0.01536,0.187392,0.811008,0.024394,1244819,1244819,415283,33.3609,1920,1080,raygs,triangles,1,off,0,on,-4
1781754699211831039,7142.22,823.747,1.21396,1.14803,1.13466,0.0304,0.08976,0.016224,0.187392,0.81088,0.02597,1244819,1244819,415283,33.3609,1920,1080,raygs,triangles,1,off,0,on,-4
1781754699213005983,7143.4,823.568,1.21423,1.14669,1.13366,0.030112,0.088608,0.01552,0.188416,0.811008,0.025128,1244819,1244819,415283,33.3609,1920,1080,raygs,triangles,1,off,0,on,-4
1781754699214293614,7144.68,825.739,1.21104,1.14637,1.13277,0.029536,0.089216,0.015584,0.187424,0.811008,0.024368,1244819,1244819,415283,33.3609,1920,1080,raygs,triangles,1,off,0,on,-4
1781754699215465007,7145.86,826.283,1.21024,1.14938,1.13632,0.030432,0.08944,0.016384,0.18944,0.810624,0.02461,1244819,1244819,415283,33.3609,1920,1080,raygs,triangles,1,off,0,on,-4
1781754699216648015,7147.04,826.344,1.21015,1.14701,1.13459,0.030176,0.089632,0.016384,0.188416,0.809984,0.029844,1244819,1244819,415283,33.3609,1920,1080,raygs,triangles,1,off,0,on,-4
1781754699217945990,7148.34,826.203,1.21036,1.1463,1.13466,0.030112,0.08976,0.016384,0.187392,0.811008,0.025839,1244819,1244819,415283,33.3609,1920,1080,raygs,triangles,1,off,0,on,-4
1781754699219117524,7149.51,824.856,1.21233,1.14877,1.13754,0.030912,0.089632,0.016384,0.18864,0.811968,0.030303,1244819,1244819,415283,33.3609,1920,1080,raygs,triangles,1,off,0,on,-4
1781754699220331184,7150.72,824.868,1.21231,1.14765,1.13526,0.029824,0.089632,0.016384,0.18944,0.809984,0.040305,1244819,1244819,415283,33.3609,1920,1080,raygs,triangles,1,off,0,on,-4
1781754699221461777,7151.85,825.77,1.21099,1.14787,1.13418,0.030048,0.089248,0.015648,0.188416,0.810816,0.01486,1244819,1244819,415283,33.3609,1920,1080,raygs,triangles,1,off,0,on,-4
1781754699222831725,7153.22,826.038,1.2106,1.14666,1.13354,0.029856,0.088832,0.016384,0.188736,0.809728,0.025668,1244819,1244819,415283,33.3609,1920,1080,raygs,triangles,1,off,0,on,-4
1781754699224126162,7154.52,823.855,1.21381,1.15133,1.13914,0.03552,0.088736,0.016384,0.187488,0.811008,0.025539,1244819,1244819,415283,33.3609,1920,1080,raygs,triangles,1,off,0,on,-4
1781754699225301128,7155.69,822.526,1.21577,1.14954,1.13635,0.03168,0.088864,0.016384,0.18944,0.809984,0.024829,1244819,1244819,415283,33.3609,1920,1080,raygs,triangles,1,off,0,on,-4
1781754699226466844,7156.86,822.99,1.21508,1.14701,1.13382,0.030208,0.088928,0.016288,0.188416,0.809984,0.024522,1244819,1244819,415283,33.3609,1920,1080,raygs,triangles,1,off,0,on,-4
1781754699227689550,7158.08,822.616,1.21563,1.14685,1.13565,0.030016,0.089856,0.016384,0.188416,0.810976,0.040753,1244819,1244819,415283,33.3609,1920,1080,raygs,triangles,1,off,0,on,-4
1781754699228804654,7159.2,822.186,1.21627,1.14586,1.13421,0.030048,0.089312,0.016384,0.187456,0.811008,0.016557,1244819,1244819,415283,33.3609,1920,1080,raygs,triangles,1,off,0,on,-4
1781754699229977355,7160.37,825.293,1.21169,1.14726,1.13424,0.030432,0.08912,0.015584,0.188416,0.810688,0.024455,1244819,1244819,415283,33.3609,1920,1080,raygs,triangles,1,off,0,on,-4
1781754699231276006,7161.67,827.012,1.20917,1.14835,1.13584,0.030496,0.08976,0.01616,0.188416,0.811008,0.025747,1244819,1244819,415283,33.3609,1920,1080,raygs,triangles,1,off,0,on,-4
1781754699232441560,7162.83,825.31,1.21167,1.148,1.13536,0.0312,0.0904,0.01536,0.187392,0.811008,0.024305,1244819,1244819,415283,33.3609,1920,1080,raygs,triangles,1,off,0,on,-4
1781754699233612729,7164,825.52,1.21136,1.14922,1.13568,0.03056,0.089312,0.01536,0.190464,0.809984,0.02427,1244819,1244819,415283,33.3609,1920,1080,raygs,triangles,1,off,0,on,-4
1781754699234810055,7165.2,825.54,1.21133,1.14749,1.13478,0.030272,0.08928,0.015712,0.188704,0.810816,0.027164,1244819,1244819,415283,33.3609,1920,1080,raygs,triangles,1,off,0,on,-4
1781754699235962108,7166.35,825.889,1.21082,1.14717,1.13427,0.030336,0.089152,0.016384,0.188416,0.809984,0.023418,1244819,1244819,415283,33.3609,1920,1080,raygs,triangles,1,off,0,on,-4
1781754699237140262,7167.53,825.853,1.21087,1.14746,1.13446,0.030592,0.089088,0.01536,0.188416,0.811008,0.025099,1244819,1244819,415283,33.3609,1920,1080,raygs,triangles,1,off,0,on,-4
1781754699238324850,7168.72,826.629,1.20973,1.14954,1.13763,0.030752,0.089888,0.016384,0.18976,0.810848,0.024998,1244819,1244819,415283,33.3609,1920,1080,raygs,triangles,1,off,0,on,-4
1781754699239737559,7170.13,827.871,1.20792,1.38694,1.37389,0.029472,0.089312,0.016384,0.428032,0.810688,0.026859,1244819,1244819,415283,33.3609,1920,1080,raygs,triangles,1,off,0,on,-4
1781754699241040752,7171.43,824.9,1.21227,1.2857,1.27478,0.030592,0.08912,0.016384,0.32768,0.811008,0.025012,1244819,1244819,415283,33.3609,1920,1080,raygs,triangles,1,off,0,on,-4
1781754699242210076,7172.6,823.733,1.21399,1.14733,1.13485,0.029472,0.090432,0.016384,0.18784,0.81072,0.03249,1244819,1244819,415283,33.3609,1920,1080,raygs,triangles,1,off,0,on,-4
1781754699243382972,7173.77,824.185,1.21332,1.14717,1.13434,0.030368,0.089728,0.016256,0.187392,0.810592,0.023842,1244819,1244819,415283,33.3609,1920,1080,raygs,triangles,1,off,0,on,-4
1781754699244545775,7174.94,823.848,1.21382,1.14717,1.1351,0.030592,0.089728,0.016384,0.187392,0.811008,0.023566,1244819,1244819,415283,33.3609,1920,1080,raygs,triangles,1,off,0,on,-4
1781754699245749063,7176.14,823.841,1.21383,1.17142,1.1601,0.030208,0.089536,0.016384,0.212992,0.810976,0.02412,1244819,1244819,415283,33.3609,1920,1080,raygs,triangles,1,off,0,on,-4
1781754699246916688,7177.31,825.562,1.2113,1.14691,1.13526,0.030112,0.089792,0.016384,0.188416,0.81056,0.024008,1244819,1244819,415283,33.3609,1920,1080,raygs,triangles,1,off,0,on,-4
1781754699248215213,7178.61,827.485,1.20848,1.14803,1.13405,0.030208,0.088992,0.015424,0.188416,0.811008,0.025981,1244819,1244819,415283,33.3609,1920,1080,raygs,triangles,1,off,0,on,-4
1781754699249378658,7179.77,825.759,1.21101,1.1481,1.13466,0.031296,0.0896,0.01536,0.188416,0.809984,0.023082,1244819,1244819,415283,33.3609,1920,1080,raygs,triangles,1,off,0,on,-4
1781754699250561315,7180.95,826.112,1.21049,1.14627,1.13366,0.030464,0.089376,0.015424,0.187392,0.811008,0.024974,1244819,1244819,415283,33.3609,1920,1080,raygs,triangles,1,off,0,on,-4
1781754699251728163,7182.12,825.894,1.21081,1.14675,1.13328,0.029952,0.08928,0.015648,0.188416,0.809984,0.02582,1244819,1244819,415283,33.3609,1920,1080,raygs,triangles,1,off,0,on,-4
1781754699252898979,7183.29,826.253,1.21028,1.1463,1.13462,0.029504,0.089312,0.016384,0.188416,0.811008,0.024124,1244819,1244819,415283,33.3609,1920,1080,raygs,triangles,1,off,0,on,-4
1781754699254070828,7184.46,826.359,1.21013,1.14819,1.13619,0.030336,0.089248,0.01616,0.18944,0.811008,0.024116,1244819,1244819,415283,33.3609,1920,1080,raygs,triangles,1,off,0,on,-4
1781754699255272303,7185.66,827.649,1.20824,1.15024,1.13722,0.030432,0.088768,0.016384,0.190784,0.810848,0.026047,1244819,1244819,415283,33.3609,1920,1080,raygs,triangles,1,off,0,on,-4
1781754699256677308,7187.07,827.156,1.20896,1.38323,1.37174,0.029856,0.089728,0.016384,0.42496,0.810816,0.025313,1244819,1244819,415283,33.3609,1920,1080,raygs,triangles,1,off,0,on,-4
1781754699257986538,7188.38,824.093,1.21346,1.28627,1.2736,0.030208,0.089344,0.01536,0.32768,0.811008,0.025075,1244819,1244819,415283,33.3609,1920,1080,raygs,triangles,1,off,0,on,-4
1781754699259218070,7189.61,822.491,1.21582,1.14771,1.13456,0.029888,0.089856,0.016384,0.187712,0.81072,0.04251,1244819,1244819,415283,33.3609,1920,1080,raygs,triangles,1,off,0,on,-4
1781754699260391316,7190.78,822.429,1.21591,1.14646,1.13472,0.029632,0.08928,0.016384,0.188416,0.811008,0.032552,1244819,1244819,415283,33.3609,1920,1080,raygs,triangles,1,off,0,on,-4
1781754699261504807,7191.9,822.282,1.21613,1.14627,1.13258,0.030368,0.089472,0.01536,0.187392,0.809984,0.015506,1244819,1244819,415283,33.3609,1920,1080,raygs,triangles,1,off,0,on,-4
1781754699262675989,7193.07,822.403,1.21595,1.14912,1.1375,0.03024,0.090432,0.016384,0.18944,0.811008,0.026882,1244819,1244819,415283,33.3609,1920,1080,raygs,triangles,1,off,0,on,-4
1781754699263843456,7194.23,825.128,1.21193,1.14717,1.13418,0.030368,0.089024,0.01536,0.188416,0.811008,0.024464,1244819,1244819,415283,33.3609,1920,1080,raygs,triangles,1,off,0,on,-4
1781754699265139616,7195.53,828.013,1.20771,1.14787,1.13462,0.030016,0.088672,0.015488,0.18944,0.811008,0.025744,1244819,1244819,415283,33.3609,1920,1080,raygs,triangles,1,off,0,on,-4
1781754699266323677,7196.71,826.224,1.21033,1.1473,1.1336,0.030496,0.088608,0.016384,0.187392,0.81072,0.026796,1244819,1244819,415283,33.3609,1920,1080,raygs,triangles,1,off,0,on,-4
1781754699267487063,7197.88,826.109,1.21049,1.14829,1.1353,0.030432,0.08976,0.015712,0.18944,0.809952,0.024381,1244819,1244819,415283,33.3609,1920,1080,raygs,triangles,1,off,0,on,-4
1781754699268701646,7199.09,826.124,1.21047,1.14717,1.13488,0.030336,0.08976,0.016384,0.188416,0.809984,0.038922,1244819,1244819,415283,33.3609,1920,1080,raygs,triangles,1,off,0,on,-4
1781754699269833683,7200.22,825.973,1.21069,1.14669,1.13491,0.030432,0.089696,0.016384,0.188416,0.809984,0.015599,1244819,1244819,415283,33.3609,1920,1080,raygs,triangles,1,off,0,on,-4
1781754699271012475,7201.4,826.629,1.20973,1.14848,1.1375,0.030656,0.089984,0.016384,0.189472,0.811008,0.025902,1244819,1244819,415283,33.3609,1920,1080,raygs,triangles,1,off,0,on,-4
1781754699272191280,7202.58,827.422,1.20857,1.14614,1.13398,0.030272,0.088928,0.016384,0.187392,0.811008,0.029689,1244819,1244819,415283,33.3609,1920,1080,raygs,triangles,1,off,0,on,-4
1781754699273578523,7203.97,827.849,1.20795,1.35306,1.34195,0.030432,0.089888,0.016384,0.39424,0.811008,0.033029,1244819,1244819,415283,33.3609,1920,1080,raygs,triangles,1,off,0,on,-4
1781754699274878090,7205.27,825.389,1.21155,1.28595,1.27363,0.030208,0.089376,0.016384,0.326656,0.811008,0.023681,1244819,1244819,415283,33.3609,1920,1080,raygs,triangles,1,off,0,on,-4
1781754699276102501,7206.49,823.783,1.21391,1.14733,1.13238,0.029408,0.09024,0.01536,0.187392,0.809984,0.044381,1244819,1244819,415283,33.3609,1920,1080,raygs,triangles,1,off,0,on,-4
1781754699277217609,7207.61,823.598,1.21419,1.14902,1.13651,0.03024,0.08944,0.016384,0.18944,0.811008,0.017498,1244819,1244819,415283,33.3609,1920,1080,raygs,triangles,1,off,0,on,-4
1781754699278384865,7208.78,824.25,1.21322,1.14739,1.13376,0.03056,0.0896,0.01536,0.187392,0.810848,0.024771,1244819,1244819,415283,33.3609,1920,1080,raygs,triangles,1,off,0,on,-4
1781754699279568822,7209.96,824.26,1.21321,1.14627,1.13328,0.030496,0.08912,0.016384,0.187392,0.809888,0.026346,1244819,1244819,415283,33.3609,1920,1080,raygs,triangles,1,off,0,on,-4
1781754699280792704,7211.18,826.882,1.20936,1.14803,1.13613,0.030176,0.090016,0.016384,0.188576,0.810976,0.041083,1244819,1244819,415283,33.3609,1920,1080,raygs,triangles,1,off,0,on,-4
1781754699282028569,7212.42,828.101,1.20758,1.14714,1.1351,0.0304,0.088896,0.016384,0.18944,0.809984,0.01702,1244819,1244819,415283,33.3609,1920,1080,raygs,triangles,1,off,0,on,-4
1781754699283336444,7213.73,827.111,1.20903,1.14848,1.1351,0.030656,0.089408,0.015616,0.18944,0.809984,0.02706,1244819,1244819,415283,33.3609,1920,1080,raygs,triangles,1,off,0,on,-4
1781754699284505454,7214.9,825.483,1.21141,1.15078,1.13654,0.030912,0.089824,0.01536,0.18944,0.811008,0.026078,1244819,1244819,415283,33.3609,1920,1080,raygs,triangles,1,off,0,on,-4
1781754699285681472,7216.07,825.646,1.21117,1.14675,1.13421,0.02992,0.088736,0.015552,0.18944,0.81056,0.03054,1244819,1244819,415283,33.3609,1920,1080,raygs,triangles,1,off,0,on,-4
1781754699286843006,7217.23,825.505,1.21138,1.14755,1.136,0.029728,0.08944,0.016384,0.18944,0.811008,0.025232,1244819,1244819,415283,33.3609,1920,1080,raygs,triangles,1,off,0,on,-4
1781754699288019060,7218.41,826.993,1.2092,1.14749,1.1336,0.029664,0.089152,0.016384,0.188416,0.809984,0.026318,1244819,1244819,415283,33.3609,1920,1080,raygs,triangles,1,off,0,on,-4
1781754699289370516,7219.76,826.938,1.20928,1.15027,1.13808,0.030368,0.088992,0.016384,0.190464,0.811872,0.026135,1244819,1244819,415283,33.3609,1920,1080,raygs,triangles,1,off,0,on,-4
1781754699290678601,7221.07,825.012,1.2121,1.15213,1.14211,0.035296,0.089312,0.016384,0.18944,0.81168,0.025684,1244819,1244819,415283,33.3609,1920,1080,raygs,triangles,1,off,0,on,-4
1781754699291887830,7222.28,824.907,1.21226,1.14992,1.13555,0.03104,0.089568,0.01552,0.188416,0.811008,0.037731,1244819,1244819,415283,33.3609,1920,1080,raygs,triangles,1,off,0,on,-4
1781754699293024502,7223.42,824.691,1.21257,1.14733,1.1352,0.030144,0.090272,0.016384,0.188416,0.809984,0.017522,1244819,1244819,415283,33.3609,1920,1080,raygs,triangles,1,off,0,on,-4
1781754699294192072,7224.58,825.181,1.21185,1.14864,1.1369,0.03008,0.089056,0.015616,0.190464,0.81168,0.024911,1244819,1244819,415283,33.3609,1920,1080,raygs,triangles,1,off,0,on,-4
1781754699295400661,7225.79,824.681,1.21259,1.14627,1.13472,0.029472,0.08944,0.016384,0.188416,0.811008,0.036523,1244819,1244819,415283,33.3609,1920,1080,raygs,triangles,1,off,0,on,-4
1781754699296542019,7226.93,826.948,1.20927,1.14733,1.1351,0.030464,0.088928,0.016384,0.188416,0.810912,0.018461,1244819,1244819,415283,33.3609,1920,1080,raygs,triangles,1,off,0,on,-4
1781754699297718536,7228.11,828.488,1.20702,1.14614,1.13318,0.030048,0.08928,0.01536,0.187712,0.810784,0.026415,1244819,1244819,415283,33.3609,1920,1080,raygs,triangles,1,off,0,on,-4
1781754699299033159,7229.42,828.647,1.20679,1.27926,1.26582,0.029312,0.08928,0.016096,0.320512,0.810624,0.027079,1244819,1244819,415283,33.3609,1920,1080,raygs,triangles,1,off,0,on,-4
1781754699300189004,7230.58,826.812,1.20946,1.14851,1.1352,0.029664,0.088608,0.016384,0.189792,0.810752,0.024939,1244819,1244819,415283,33.3609,1920,1080,raygs,triangles,1,off,0,on,-4
1781754699301363125,7231.75,827.304,1.20875,1.14835,1.13514,0.030528,0.090144,0.01536,0.188416,0.810688,0.025786,1244819,1244819,415283,33.3609,1920,1080,raygs,triangles,1,off,0,on,-4
1781754699302529956,7232.92,826.916,1.20931,1.14771,1.13446,0.029856,0.089824,0.016384,0.188416,0.809984,0.024307,1244819,1244819,415283,33.3609,1920,1080,raygs,triangles,1,off,0,on,-4
1781754699303770490,7234.16,826.976,1.20922,1.14781,1.13434,0.029952,0.088576,0.016384,0.18944,0.809984,0.044124,1244819,1244819,415283,33.3609,1920,1080,raygs,triangles,1,off,0,on,-4
1781754699304893840,7235.29,827.782,1.20805,1.14733,1.13446,0.029472,0.089312,0.016256,0.188416,0.811008,0.016462,1244819,1244819,415283,33.3609,1920,1080,raygs,triangles,1,off,0,on,-4
1781754699306275263,7236.67,827.809,1.20801,1.14906,1.13469,0.030176,0.089536,0.015552,0.188416,0.811008,0.027439,1244819,1244819,415283,33.3609,1920,1080,raygs,triangles,1,off,0,on,-4
1781754699307562730,7237.95,825.557,1.2113,1.15197,1.13904,0.035488,0.089504,0.015648,0.187392,0.811008,0.02671,1244819,1244819,415283,33.3609,1920,1080,raygs,triangles,1,off,0,on,-4
1781754699308743507,7239.13,824.691,1.21257,1.14762,1.13568,0.031776,0.090144,0.016384,0.187392,0.809984,0.029425,1244819,1244819,415283,33.3609,1920,1080,raygs,triangles,1,off,0,on,-4
1781754699309917594,7240.31,824.116,1.21342,1.14912,1.13856,0.030656,0.0904,0.016384,0.18944,0.81168,0.026824,1244819,1244819,415283,33.3609,1920,1080,raygs,triangles,1,off,0,on,-4
1781754699311207264,7241.6,824.44,1.21294,1.14867,1.13642,0.030816,0.08896,0.016384,0.18944,0.810816,0.029612,1244819,1244819,415283,33.3609,1920,1080,raygs,triangles,1,off,0,on,-4
1781754699312391555,7242.78,823.228,1.21473,1.16749,1.15341,0.0312,0.088992,0.01536,0.207872,0.809984,0.025237,1244819,1244819,415283,33.3609,1920,1080,raygs,triangles,1,off,0,on,-4
1781754699313564510,7243.96,826.092,1.21052,1.14762,1.13549,0.03024,0.08944,0.016384,0.188416,0.811008,0.024054,1244819,1244819,415283,33.3609,1920,1080,raygs,triangles,1,off,0,on,-4
1781754699314851568,7245.24,827.588,1.20833,1.14717,1.13504,0.030368,0.088864,0.016384,0.188416,0.811008,0.023378,1244819,1244819,415283,33.3609,1920,1080,raygs,triangles,1,off,0,on,-4
1781754699316036368,7246.43,826.164,1.21041,1.14918,1.13616,0.03104,0.089312,0.016384,0.18944,0.809984,0.026015,1244819,1244819,415283,33.3609,1920,1080,raygs,triangles,1,off,0,on,-4
1781754699317210498,7247.6,825.828,1.21091,1.14755,1.13414,0.029728,0.089568,0.016384,0.18848,0.809984,0.03078,1244819,1244819,415283,33.3609,1920,1080,raygs,triangles,1,off,0,on,-4
1781754699318377872,7248.77,825.41,1.21152,1.14778,1.13296,0.029952,0.089248,0.01536,0.188416,0.809984,0.024036,1244819,1244819,415283,33.3609,1920,1080,raygs,triangles,1,off,0,on,-4
1781754699319546827,7249.94,826.134,1.21046,1.14544,1.13341,0.030208,0.08944,0.016384,0.186496,0.81088,0.024037,1244819,1244819,415283,33.3609,1920,1080,raygs,triangles,1,off,0,on,-4
1781754699320752320,7251.14,826.096,1.21051,1.14797,1.13546,0.0304,0.089504,0.016384,0.188416,0.810752,0.028549,1244819,1244819,415283,33.3609,1920,1080,raygs,triangles,1,off,0,on,-4
1781754699321903170,7252.29,827.168,1.20894,1.14794,1.1345,0.03008,0.088608,0.016384,0.18944,0.809984,0.023703,1244819,1244819,415283,33.3609,1920,1080,raygs,triangles,1,off,0,on,-4
1781754699323344796,7253.74,827.113,1.20902,1.38899,1.37571,0.030496,0.089536,0.015616,0.43008,0.809984,0.03291,1244819,1244819,415283,33.3609,1920,1080,raygs,triangles,1,off,0,on,-4
1781754699324628558,7255.02,824.258,1.21321,1.28707,1.27206,0.029984,0.089216,0.01536,0.326656,0.810848,0.01846,1244819,1244819,415283,33.3609,1920,1080,raygs,triangles,1,off,0,on,-4
1781754699325798526,7256.19,822.787,1.21538,1.14835,1.13389,0.030368,0.08976,0.01536,0.188416,0.809984,0.025181,1244819,1244819,415283,33.3609,1920,1080,raygs,triangles,1,off,0,on,-4
1781754699326977166,7257.37,823.033,1.21502,1.14749,1.13306,0.029632,0.089312,0.015712,0.188416,0.809984,0.024464,1244819,1244819,415283,33.3609,1920,1080,raygs,triangles,1,off,0,on,-4
1781754699328145847,7258.54,822.631,1.21561,1.14896,1.13562,0.030752,0.089312,0.016128,0.18944,0.809984,0.024298,1244819,1244819,415283,33.3609,1920,1080,raygs,triangles,1,off,0,on,-4
1781754699329345709,7259.74,823.256,1.21469,1.1455,1.13283,0.03072,0.089216,0.016384,0.186528,0.809984,0.033598,1244819,1244819,415283,33.3609,1920,1080,raygs,triangles,1,off,0,on,-4
1781754699330512728,7260.9,825.684,1.21112,1.14749,1.13427,0.030368,0.08928,0.016224,0.188416,0.809984,0.029613,1244819,1244819,415283,33.3609,1920,1080,raygs,triangles,1,off,0,on,-4
1781754699331790348,7262.18,827.291,1.20876,1.14806,1.13507,0.03024,0.089024,0.016384,0.188416,0.811008,0.028954,1244819,1244819,415283,33.3609,1920,1080,raygs,triangles,1,off,0,on,-4
1781754699332955311,7263.35,826.616,1.20975,1.14906,1.13622,0.031168,0.08896,0.015648,0.18944,0.811008,0.025094,1244819,1244819,415283,33.3609,1920,1080,raygs,triangles,1,off,0,on,-4
1781754699334124184,7264.52,826.971,1.20923,1.14749,1.13437,0.030112,0.089472,0.016384,0.188416,0.809984,0.024366,1244819,1244819,415283,33.3609,1920,1080,raygs,triangles,1,off,0,on,-4
1781754699335300812,7265.69,826.563,1.20983,1.14784,1.13408,0.030432,0.08896,0.01536,0.188416,0.810912,0.024905,1244819,1244819,415283,33.3609,1920,1080,raygs,triangles,1,off,0,on,-4
1781754699336473285,7266.86,826.2,1.21036,1.14787,1.13533,0.030048,0.089472,0.016384,0.188416,0.811008,0.024254,1244819,1244819,415283,33.3609,1920,1080,raygs,triangles,1,off,0,on,-4
1781754699337670675,7268.06,826.335,1.21016,1.14896,1.13638,0.03008,0.0896,0.016384,0.18944,0.81088,0.02771,1244819,1244819,415283,33.3609,1920,1080,raygs,triangles,1,off,0,on,-4
1781754699338829761,7269.22,827.322,1.20872,1.14762,1.13504,0.02976,0.089472,0.016384,0.18944,0.809984,0.025488,1244819,1244819,415283,33.3609,1920,1080,raygs,triangles,1,off,0,on,-4
1781754699340241154,7270.63,827.452,1.20853,1.38096,1.36842,0.029632,0.089312,0.016384,0.422304,0.810784,0.026456,1244819,1244819,415283,33.3609,1920,1080,raygs,triangles,1,off,0,on,-4
1781754699341551721,7271.94,824.712,1.21254,1.28627,1.27443,0.03024,0.090144,0.016384,0.326656,0.811008,0.025024,1244819,1244819,415283,33.3609,1920,1080,raygs,triangles,1,off,0,on,-4
1781754699342715872,7273.11,823.415,1.21445,1.15139,1.13664,0.029472,0.090336,0.01536,0.190464,0.811008,0.024389,1244819,1244819,415283,33.3609,1920,1080,raygs,triangles,1,off,0,on,-4
1781754699343895162,7274.29,823.203,1.21477,1.14646,1.1327,0.029632,0.089312,0.015456,0.187392,0.810912,0.026129,1244819,1244819,415283,33.3609,1920,1080,raygs,triangles,1,off,0,on,-4
1781754699345057857,7275.45,823.279,1.21466,1.14717,1.13379,0.030336,0.088992,0.016096,0.187392,0.810976,0.023848,1244819,1244819,415283,33.3609,1920,1080,raygs,triangles,1,off,0,on,-4
1781754699346242122,7276.63,823.709,1.21402,1.14771,1.13581,0.029856,0.089728,0.016128,0.18944,0.810656,0.02512,1244819,1244819,415283,33.3609,1920,1080,raygs,triangles,1,off,0,on,-4
1781754699347412025,7277.8,825.651,1.21117,1.14938,1.13738,0.030496,0.089056,0.016384,0.190464,0.810976,0.024839,1244819,1244819,415283,33.3609,1920,1080,raygs,triangles,1,off,0,on,-4
1781754699348697633,7279.09,827.233,1.20885,1.14835,1.13424,0.030496,0.088928,0.015616,0.188416,0.810784,0.023791,1244819,1244819,415283,33.3609,1920,1080,raygs,triangles,1,off,0,on,-4
1781754699349869925,7280.26,826.578,1.20981,1.15069,1.13699,0.030816,0.089344,0.01536,0.18944,0.812032,0.023435,1244819,1244819,415283,33.3609,1920,1080,raygs,triangles,1,off,0,on,-4
1781754699351044319,7281.44,825.763,1.211,1.14922,1.13622,0.029344,0.089344,0.016384,0.190464,0.810688,0.023329,1244819,1244819,415283,33.3609,1920,1080,raygs,triangles,1,off,0,on,-4
1781754699352240648,7282.63,825.945,1.21073,1.14659,1.13405,0.029792,0.089472,0.016384,0.187392,0.811008,0.025083,1244819,1244819,415283,33.3609,1920,1080,raygs,triangles,1,off,0,on,-4
1781754699353413432,7283.8,825.786,1.21097,1.14851,1.13546,0.030336,0.089312,0.01536,0.18944,0.811008,0.025568,1244819,1244819,415283,33.3609,1920,1080,raygs,triangles,1,off,0,on,-4
1781754699354587133,7284.98,826.05,1.21058,1.14954,1.13635,0.030656,0.089152,0.01536,0.18944,0.811744,0.031135,1244819,1244819,415283,33.3609,1920,1080,raygs,triangles,1,off,0,on,-4
1781754699355758774,7286.15,826.854,1.2094,1.14787,1.13555,0.029952,0.089792,0.016384,0.188416,0.811008,0.025192,1244819,1244819,415283,33.3609,1920,1080,raygs,triangles,1,off,0,on,-4
1781754699357171224,7287.56,828.416,1.20712,1.38704,1.37453,0.029568,0.088512,0.016384,0.429056,0.811008,0.025489,1244819,1244819,415283,33.3609,1920,1080,raygs,triangles,1,off,0,on,-4
1781754699358476887,7288.87,825.694,1.2111,1.2879,1.27514,0.030272,0.089664,0.015456,0.329024,0.81072,0.024662,1244819,1244819,415283,33.3609,1920,1080,raygs,triangles,1,off,0,on,-4
1781754699359844335,7290.24,824.294,1.21316,1.14656,1.13312,0.029728,0.0896,0.01536,0.187584,0.810848,0.040994,1244819,1244819,415283,33.3609,1920,1080,raygs,triangles,1,off,0,on,-4
1781754699360970466,7291.36,822.096,1.2164,1.14803,1.13514,0.0312,0.089152,0.01536,0.188416,0.811008,0.017169,1244819,1244819,415283,33.3609,1920,1080,raygs,triangles,1,off,0,on,-4
1781754699362158305,7292.55,822.507,1.21579,1.14659,1.1327,0.02976,0.089216,0.015616,0.187392,0.81072,0.037556,1244819,1244819,415283,33.3609,1920,1080,raygs,triangles,1,off,0,on,-4
1781754699363340662,7293.73,824.497,1.21286,1.14646,1.1343,0.030112,0.088384,0.016384,0.188416,0.811008,0.030973,1244819,1244819,415283,33.3609,1920,1080,raygs,triangles,1,off,0,on,-4
1781754699364500875,7294.89,825.939,1.21074,1.14701,1.13456,0.030176,0.0896,0.01536,0.188416,0.811008,0.024253,1244819,1244819,415283,33.3609,1920,1080,raygs,triangles,1,off,0,on,-4
1781754699365762646,7296.15,826.293,1.21022,1.14912,1.13798,0.030272,0.089856,0.016384,0.190464,0.811008,0.019176,1244819,1244819,415283,33.3609,1920,1080,raygs,triangles,1,off,0,on,-4
1781754699366939651,7297.33,824.906,1.21226,1.1481,1.13565,0.030688,0.089536,0.016128,0.188416,0.81088,0.027409,1244819,1244819,415283,33.3609,1920,1080,raygs,triangles,1,off,0,on,-4
1781754699368110992,7298.5,825.097,1.21198,1.14598,1.1327,0.030144,0.0888,0.01536,0.188416,0.809984,0.025902,1244819,1244819,415283,33.3609,1920,1080,raygs,triangles,1,off,0,on,-4
1781754699369351095,7299.74,824.956,1.21219,1.14669,1.13293,0.030688,0.089184,0.01568,0.187392,0.809984,0.041803,1244819,1244819,415283,33.3609,1920,1080,raygs,triangles,1,off,0,on,-4
1781754699370500702,7300.89,824.137,1.21339,1.14851,1.13581,0.029632,0.090368,0.016384,0.18944,0.809984,0.026214,1244819,1244819,415283,33.3609,1920,1080,raygs,triangles,1,off,0,on,-4
1781754699371623983,7302.02,824.539,1.2128,1.14944,1.13805,0.030048,0.08944,0.016384,0.191488,0.810688,0.015285,1244819,1244819,415283,33.3609,1920,1080,raygs,triangles,1,off,0,on,-4
1781754699373003182,7303.39,826.609,1.20976,1.14672,1.13459,0.030464,0.089344,0.016384,0.187392,0.811008,0.024223,1244819,1244819,415283,33.3609,1920,1080,raygs,triangles,1,off,0,on,-4
1781754699374339356,7304.73,824.088,1.21346,1.15078,1.13782,0.036,0.089088,0.01536,0.186368,0.811008,0.036023,1244819,1244819,415283,33.3609,1920,1080,raygs,triangles,1,off,0,on,-4
1781754699375471583,7305.86,822.321,1.21607,1.15056,1.13741,0.031712,0.089888,0.016384,0.188416,0.811008,0.016606,1244819,1244819,415283,33.3609,1920,1080,raygs,triangles,1,off,0,on,-4
1781754699376704321,7307.1,822.339,1.21604,1.1489,1.13632,0.029952,0.089632,0.016352,0.18944,0.810944,0.040313,1244819,1244819,415283,33.3609,1920,1080,raygs,triangles,1,off,0,on,-4
1781754699377855240,7308.25,822.762,1.21542,1.14733,1.1353,0.030496,0.089696,0.01568,0.188416,0.811008,0.024965,1244819,1244819,415283,33.3609,1920,1080,raygs,triangles,1,off,0,on,-4
1781754699379038606,7309.43,822.665,1.21556,1.14746,1.13456,0.029632,0.089312,0.016384,0.188416,0.810816,0.027263,1244819,1244819,415283,33.3609,1920,1080,raygs,triangles,1,off,0,on,-4
1781754699380265219,7310.66,824.842,1.21235,1.14691,1.13475,0.030368,0.0896,0.016384,0.188416,0.809984,0.031023,1244819,1244819,415283,33.3609,1920,1080,raygs,triangles,1,off,0,on,-4
1781754699381499777,7311.89,825.432,1.21149,1.14749,1.13344,0.030688,0.088992,0.01536,0.188416,0.809984,0.02736,1244819,1244819,415283,33.3609,1920,1080,raygs,triangles,1,off,0,on,-4
1781754699382665095,7313.06,824.902,1.21227,1.1489,1.13789,0.03104,0.090016,0.016384,0.18944,0.811008,0.024934,1244819,1244819,415283,33.3609,1920,1080,raygs,triangles,1,off,0,on,-4
1781754699383795777,7314.19,825.059,1.21204,1.14864,1.13667,0.029792,0.08944,0.016384,0.190464,0.810592,0.016421,1244819,1244819,415283,33.3609,1920,1080,raygs,triangles,1,off,0,on,-4
1781754699385072540,7315.46,826.557,1.20984,1.14662,1.13456,0.030336,0.089568,0.016256,0.187392,0.811008,0.036186,1244819,1244819,415283,33.3609,1920,1080,raygs,triangles,1,off,0,on,-4
1781754699386211113,7316.6,825.491,1.2114,1.14755,1.13571,0.029728,0.0896,0.016384,0.18944,0.81056,0.029633,1244819,1244819,415283,33.3609,1920,1080,raygs,triangles,1,off,0,on,-4
1781754699387318392,7317.71,825.885,1.21082,1.1479,1.13549,0.030208,0.089504,0.016384,0.188416,0.810976,0.014982,1244819,1244819,415283,33.3609,1920,1080,raygs,triangles,1,off,0,on,-4
1781754699388486194,7318.88,827.678,1.2082,1.14954,1.13638,0.03024,0.08928,0.016384,0.189472,0.811008,0.02545,1244819,1244819,415283,33.3609,1920,1080,raygs,triangles,1,off,0,on,-4
1781754699389894965,7320.29,828.158,1.2075,1.38701,1.3728,0.029568,0.089792,0.01536,0.42736,0.81072,0.025608,1244819,1244819,415283,33.3609,1920,1080,raygs,triangles,1,off,0,on,-4
1781754699391210779,7321.6,825.776,1.21098,1.28845,1.27706,0.030336,0.088832,0.016352,0.329728,0.811808,0.029631,1244819,1244819,415283,33.3609,1920,1080,raygs,triangles,1,off,0,on,-4
1781754699392408304,7322.8,823.791,1.2139,1.14646,1.13542,0.030304,0.090336,0.016384,0.187392,0.811008,0.027757,1244819,1244819,415283,33.3609,1920,1080,raygs,triangles,1,off,0,on,-4
1781754699393561065,7323.95,823.237,1.21472,1.148,1.13456,0.030176,0.088576,0.01536,0.18944,0.811008,0.025375,1244819,1244819,415283,33.3609,1920,1080,raygs,triangles,1,off,0,on,-4
1781754699394727638,7325.12,824.053,1.21351,1.14528,1.13258,0.030496,0.089344,0.01536,0.187392,0.809984,0.024052,1244819,1244819,415283,33.3609,1920,1080,raygs,triangles,1,off,0,on,-4
1781754699396052789,7326.44,823.902,1.21374,1.16512,1.15206,0.030048,0.088832,0.016384,0.205824,0.810976,0.044059,1244819,1244819,415283,33.3609,1920,1080,raygs,triangles,1,off,0,on,-4
1781754699397107146,7327.5,825.138,1.21192,1.14819,1.13677,0.030336,0.090016,0.016384,0.188416,0.811616,0.016263,1244819,1244819,415283,33.3609,1920,1080,raygs,triangles,1,off,0,on,-4
1781754699398393142,7328.78,827.783,1.20805,1.14707,1.13389,0.030272,0.088832,0.01536,0.188416,0.811008,0.025443,1244819,1244819,415283,33.3609,1920,1080,raygs,triangles,1,off,0,on,-4
1781754699399562779,7329.95,826.213,1.21034,1.14832,1.13485,0.030496,0.0896,0.016352,0.187392,0.811008,0.025638,1244819,1244819,415283,33.3609,1920,1080,raygs,triangles,1,off,0,on,-4
1781754699400733601,7331.12,826.647,1.20971,1.14803,1.13411,0.030176,0.08912,0.015392,0.18944,0.809984,0.026265,1244819,1244819,415283,33.3609,1920,1080,raygs,triangles,1,off,0,on,-4
1781754699401898918,7332.29,826.657,1.20969,1.14835,1.13466,0.029472,0.089376,0.016384,0.188416,0.811008,0.023968,1244819,1244819,415283,33.3609,1920,1080,raygs,triangles,1,off,0,on,-4
1781754699403069031,7333.46,827.206,1.20889,1.14675,1.13398,0.029952,0.08944,0.016384,0.187392,0.810816,0.023892,1244819,1244819,415283,33.3609,1920,1080,raygs,triangles,1,off,0,on,-4
1781754699404251776,7334.64,827.183,1.20892,1.14771,1.13542,0.029888,0.089728,0.016384,0.18944,0.809984,0.024279,1244819,1244819,415283,33.3609,1920,1080,raygs,triangles,1,off,0,on,-4
1781754699405416386,7335.81,828.018,1.2077,1.15056,1.13645,0.030656,0.08896,0.01536,0.191488,0.809984,0.02401,1244819,1244819,415283,33.3609,1920,1080,raygs,triangles,1,off,0,on,-4
1781754699406829271,7337.22,828.047,1.20766,1.38531,1.37299,0.03008,0.089728,0.016352,0.425984,0.810848,0.023489,1244819,1244819,415283,33.3609,1920,1080,raygs,triangles,1,off,0,on,-4
1781754699408135114,7338.53,824.97,1.21217,1.28627,1.27354,0.030176,0.0896,0.016384,0.326656,0.81072,0.023507,1244819,1244819,415283,33.3609,1920,1080,raygs,triangles,1,off,0,on,-4
1781754699409329553,7339.72,824.082,1.21347,1.1489,1.13507,0.030048,0.090336,0.016288,0.188416,0.809984,0.026785,1244819,1244819,415283,33.3609,1920,1080,raygs,triangles,1,off,0,on,-4
1781754699410492140,7340.88,823.294,1.21463,1.14746,1.13488,0.029632,0.08944,0.016384,0.18944,0.809984,0.025339,1244819,1244819,415283,33.3609,1920,1080,raygs,triangles,1,off,0,on,-4
1781754699411658249,7342.05,823.933,1.21369,1.14778,1.13587,0.030304,0.0896,0.016384,0.188608,0.810976,0.025054,1244819,1244819,415283,33.3609,1920,1080,raygs,triangles,1,off,0,on,-4
1781754699412889920,7343.28,824.146,1.21338,1.1488,1.13427,0.02992,0.089472,0.01536,0.188576,0.810944,0.040826,1244819,1244819,415283,33.3609,1920,1080,raygs,triangles,1,off,0,on,-4
1781754699414022588,7344.41,826.089,1.21052,1.14669,1.13398,0.029856,0.08944,0.016288,0.187392,0.811008,0.016786,1244819,1244819,415283,33.3609,1920,1080,raygs,triangles,1,off,0,on,-4
1781754699415312581,7345.7,827.858,1.20794,1.14922,1.13568,0.030368,0.089504,0.01536,0.190464,0.809984,0.026029,1244819,1244819,415283,33.3609,1920,1080,raygs,triangles,1,off,0,on,-4
1781754699416481784,7346.87,826.593,1.20978,1.15056,1.13773,0.030688,0.089536,0.016384,0.190464,0.810656,0.024908,1244819,1244819,415283,33.3609,1920,1080,raygs,triangles,1,off,0,on,-4
1781754699417651640,7348.04,826.649,1.2097,1.14835,1.13603,0.030496,0.089152,0.016384,0.18944,0.81056,0.025144,1244819,1244819,415283,33.3609,1920,1080,raygs,triangles,1,off,0,on,-4
1781754699418830130,7349.22,826.227,1.21032,1.14605,1.13382,0.030272,0.089632,0.015648,0.187392,0.81088,0.025261,1244819,1244819,415283,33.3609,1920,1080,raygs,triangles,1,off,0,on,-4
1781754699419995714,7350.39,826.599,1.20978,1.14646,1.13402,0.029632,0.0896,0.016384,0.188416,0.809984,0.024524,1244819,1244819,415283,33.3609,1920,1080,raygs,triangles,1,off,0,on,-4
1781754699421167446,7351.56,826.645,1.20971,1.14918,1.13875,0.03056,0.08976,0.016384,0.190464,0.811584,0.024051,1244819,1244819,415283,33.3609,1920,1080,raygs,triangles,1,off,0,on,-4
1781754699422354037,7352.75,827.897,1.20788,1.14909,1.13498,0.03024,0.088864,0.01536,0.189536,0.810976,0.025932,1244819,1244819,415283,33.3609,1920,1080,raygs,triangles,1,off,0,on,-4
1781754699423749426,7354.14,827.85,1.20795,1.37434,1.36109,0.030208,0.089888,0.01632,0.413696,0.810976,0.028925,1244819,1244819,415283,33.3609,1920,1080,raygs,triangles,1,off,0,on,-4
1781754699425054207,7355.45,824.985,1.21214,1.28579,1.27341,0.029728,0.089472,0.016384,0.326944,0.81088,0.024541,1244819,1244819,415283,33.3609,1920,1080,raygs,triangles,1,off,0,on,-4
1781754699426236352,7356.63,823.945,1.21367,1.14819,1.13686,0.030368,0.091072,0.016384,0.188416,0.810624,0.025471,1244819,1244819,415283,33.3609,1920,1080,raygs,triangles,1,off,0,on,-4
1781754699427448447,7357.84,823.843,1.21382,1.14762,1.13523,0.029792,0.088608,0.016384,0.18944,0.811008,0.036793,1244819,1244819,415283,33.3609,1920,1080,raygs,triangles,1,off,0,on,-4
1781754699428579960,7358.97,823.719,1.21401,1.14733,1.13459,0.030496,0.089152,0.016384,0.188608,0.809952,0.016772,1244819,1244819,415283,33.3609,1920,1080,raygs,triangles,1,off,0,on,-4
1781754699429803640,7360.19,824.006,1.21358,1.14669,1.13338,0.029856,0.088736,0.016384,0.188416,0.809984,0.038793,1244819,1244819,415283,33.3609,1920,1080,raygs,triangles,1,off,0,on,-4
1781754699430933588,7361.32,826.26,1.21027,1.1471,1.13603,0.030528,0.089696,0.016384,0.188416,0.811008,0.016622,1244819,1244819,415283,33.3609,1920,1080,raygs,triangles,1,off,0,on,-4
1781754699432304259,7362.7,828.017,1.20771,1.14656,1.13382,0.029728,0.089312,0.016384,0.188416,0.809984,0.049915,1244819,1244819,415283,33.3609,1920,1080,raygs,triangles,1,off,0,on,-4
1781754699433392061,7363.78,828.047,1.20766,1.15056,1.13818,0.030976,0.089728,0.016384,0.190464,0.810624,0.015565,1244819,1244819,415283,33.3609,1920,1080,raygs,triangles,1,off,0,on,-4
1781754699434568733,7364.96,828.458,1.20706,1.14672,1.13395,0.029888,0.08928,0.01536,0.188416,0.811008,0.02659,1244819,1244819,415283,33.3609,1920,1080,raygs,triangles,1,off,0,on,-4
1781754699435748908,7366.14,828.491,1.20701,1.14586,1.1345,0.029984,0.089728,0.016384,0.187392,0.811008,0.027002,1244819,1244819,415283,33.3609,1920,1080,raygs,triangles,1,off,0,on,-4
1781754699436967281,7367.36,828.524,1.20697,1.1489,1.13622,0.029888,0.089504,0.016384,0.18944,0.811008,0.039877,1244819,1244819,415283,33.3609,1920,1080,raygs,triangles,1,off,0,on,-4
1781754699438101543,7368.49,827.987,1.20775,1.14749,1.13523,0.030304,0.090336,0.016384,0.188416,0.809792,0.015171,1244819,1244819,415283,33.3609,1920,1080,raygs,triangles,1,off,0,on,-4
1781754699439480319,7369.87,829.411,1.20567,1.14954,1.13648,0.03024,0.089408,0.01536,0.190464,0.811008,0.034146,1244819,1244819,415283,33.3609,1920,1080,raygs,triangles,1,off,0,on,-4
1781754699440751776,7371.14,827.326,1.20871,1.15242,1.13837,0.034496,0.08992,0.01536,0.18768,0.810912,0.018314,1244819,1244819,415283,33.3609,1920,1080,raygs,triangles,1,off,0,on,-4
1781754699441923581,7372.31,826.001,1.21065,1.14982,1.13674,0.031968,0.08896,0.01536,0.18944,0.811008,0.024249,1244819,1244819,415283,33.3609,1920,1080,raygs,triangles,1,off,0,on,-4
1781754699443093250,7373.48,826.707,1.20962,1.14746,1.13338,0.030592,0.089024,0.01536,0.188416,0.809984,0.02541,1244819,1244819,415283,33.3609,1920,1080,raygs,triangles,1,off,0,on,-4
1781754699444271633,7374.66,826.252,1.21029,1.14582,1.1337,0.030048,0.088864,0.016384,0.187392,0.811008,0.02561,1244819,1244819,415283,33.3609,1920,1080,raygs,triangles,1,off,0,on,-4
1781754699445439872,7375.83,825.823,1.21091,1.14646,1.13446,0.030624,0.089056,0.016384,0.187392,0.811008,0.030277,1244819,1244819,415283,33.3609,1920,1080,raygs,triangles,1,off,0,on,-4
1781754699446737832,7377.13,828.338,1.20724,1.14598,1.13405,0.030208,0.089024,0.016288,0.188672,0.809856,0.046434,1244819,1244819,415283,33.3609,1920,1080,raygs,triangles,1,off,0,on,-4
1781754699447953316,7378.34,828.706,1.2067,1.14707,1.13462,0.030272,0.089568,0.01536,0.188416,0.811008,0.027747,1244819,1244819,415283,33.3609,1920,1080,raygs,triangles,1,off,0,on,-4
1781754699449131939,7379.52,828.024,1.20769,1.14922,1.13722,0.03136,0.089024,0.016384,0.18944,0.811008,0.025538,1244819,1244819,415283,33.3609,1920,1080,raygs,triangles,1,off,0,on,-4
1781754699450301505,7380.69,828.379,1.20718,1.14838,1.13565,0.029536,0.08944,0.016224,0.18944,0.811008,0.025476,1244819,1244819,415283,33.3609,1920,1080,raygs,triangles,1,off,0,on,-4
1781754699451480034,7381.87,828.121,1.20755,1.14714,1.13565,0.030336,0.088928,0.016288,0.18944,0.810656,0.025761,1244819,1244819,415283,33.3609,1920,1080,raygs,triangles,1,off,0,on,-4
1781754699452585425,7382.98,828.2,1.20744,1.14614,1.13309,0.030336,0.088992,0.01536,0.187392,0.811008,0.014977,1244819,1244819,415283,33.3609,1920,1080,raygs,triangles,1,off,0,on,-4
1781754699453763916,7384.16,829.756,1.20517,1.14723,1.13418,0.030432,0.089088,0.016128,0.187712,0.810816,0.024811,1244819,1244819,415283,33.3609,1920,1080,raygs,triangles,1,off,0,on,-4
1781754699454959507,7385.35,830.328,1.20434,1.14867,1.13427,0.029792,0.089056,0.01536,0.18944,0.810624,0.027862,1244819,1244819,415283,33.3609,1920,1080,raygs,triangles,1,off,0,on,-4
1781754699456369909,7386.76,829.722,1.20522,1.38883,1.37498,0.029344,0.089152,0.01536,0.430272,0.810848,0.026229,1244819,1244819,415283,33.3609,1920,1080,raygs,triangles,1,off,0,on,-4
1781754699457666996,7388.06,826.749,1.20956,1.28688,1.27309,0.030752,0.089088,0.015584,0.32768,0.809984,0.023736,1244819,1244819,415283,33.3609,1920,1080,raygs,triangles,1,off,0,on,-4
1781754699458842482,7389.23,826.548,1.20985,1.14864,1.13533,0.029792,0.089632,0.015456,0.18944,0.811008,0.024702,1244819,1244819,415283,33.3609,1920,1080,raygs,triangles,1,off,0,on,-4
1781754699460007429,7390.4,825.919,1.21077,1.1455,1.13341,0.030336,0.089312,0.016384,0.186368,0.811008,0.024012,1244819,1244819,415283,33.3609,1920,1080,raygs,triangles,1,off,0,on,-4
1781754699461224740,7391.62,825.492,1.2114,1.14688,1.1344,0.03008,0.089696,0.016384,0.187392,0.810848,0.036691,1244819,1244819,415283,33.3609,1920,1080,raygs,triangles,1,off,0,on,-4
1781754699462373281,7392.76,825.09,1.21199,1.14739,1.13344,0.029536,0.08912,0.016384,0.187392,0.811008,0.018609,1244819,1244819,415283,33.3609,1920,1080,raygs,triangles,1,off,0,on,-4
1781754699463568012,7393.96,827.535,1.20841,1.14643,1.13501,0.030624,0.0896,0.016384,0.187392,0.811008,0.035715,1244819,1244819,415283,33.3609,1920,1080,raygs,triangles,1,off,0,on,-4
1781754699464816018,7395.21,829.147,1.20606,1.14733,1.13482,0.030496,0.089536,0.016384,0.188416,0.809984,0.017164,1244819,1244819,415283,33.3609,1920,1080,raygs,triangles,1,off,0,on,-4
1781754699465999019,7396.39,828.892,1.20643,1.14832,1.13568,0.030496,0.089568,0.016192,0.188416,0.811008,0.0258,1244819,1244819,415283,33.3609,1920,1080,raygs,triangles,1,off,0,on,-4
1781754699467168063,7397.56,828.349,1.20722,1.14867,1.13498,0.029728,0.089248,0.016384,0.18864,0.810976,0.02468,1244819,1244819,415283,33.3609,1920,1080,raygs,triangles,1,off,0,on,-4
1781754699468340843,7398.73,828.241,1.20738,1.14611,1.1353,0.030336,0.089152,0.016384,0.188416,0.811008,0.024452,1244819,1244819,415283,33.3609,1920,1080,raygs,triangles,1,off,0,on,-4
1781754699469550959,7399.94,829.969,1.20486,1.14835,1.13475,0.029472,0.089696,0.016384,0.188416,0.810784,0.035585,1244819,1244819,415283,33.3609,1920,1080,raygs,triangles,1,off,0,on,-4
1781754699470696693,7401.09,828.483,1.20703,1.14803,1.13446,0.030176,0.088576,0.016384,0.188416,0.810912,0.019819,1244819,1244819,415283,33.3609,1920,1080,raygs,triangles,1,off,0,on,-4
1781754699471879010,7402.27,829.878,1.205,1.14893,1.13581,0.030496,0.089504,0.016384,0.188416,0.811008,0.025359,1244819,1244819,415283,33.3609,1920,1080,raygs,triangles,1,off,0,on,-4
1781754699473276375,7403.67,829.632,1.20535,1.38323,1.37162,0.029824,0.088768,0.016384,0.42496,0.81168,0.025548,1244819,1244819,415283,33.3609,1920,1080,raygs,triangles,1,off,0,on,-4
1781754699474586019,7404.98,827.103,1.20904,1.28918,1.27667,0.030016,0.089536,0.016384,0.330752,0.809984,0.024722,1244819,1244819,415283,33.3609,1920,1080,raygs,triangles,1,off,0,on,-4
1781754699475791944,7406.18,825.17,1.21187,1.14819,1.13613,0.029984,0.090336,0.016384,0.188416,0.811008,0.034533,1244819,1244819,415283,33.3609,1920,1080,raygs,triangles,1,off,0,on,-4
1781754699476932206,7407.32,824.982,1.21215,1.14717,1.13453,0.030016,0.089568,0.016384,0.187616,0.810944,0.018197,1244819,1244819,415283,33.3609,1920,1080,raygs,triangles,1,off,0,on,-4
1781754699478101027,7408.49,825.502,1.21138,1.14851,1.13693,0.030688,0.089824,0.016384,0.18944,0.810592,0.025015,1244819,1244819,415283,33.3609,1920,1080,raygs,triangles,1,off,0,on,-4
1781754699479442533,7409.83,825.208,1.21182,1.16982,1.15606,0.029472,0.089472,0.016192,0.210944,0.809984,0.042516,1244819,1244819,415283,33.3609,1920,1080,raygs,triangles,1,off,0,on,-4
1781754699480478368,7410.87,826.445,1.21,1.14656,1.13405,0.02976,0.089504,0.016384,0.188416,0.809984,0.015933,1244819,1244819,415283,33.3609,1920,1080,raygs,triangles,1,off,0,on,-4
1781754699481781091,7412.17,829.119,1.2061,1.14717,1.13603,0.030336,0.089888,0.016384,0.188416,0.811008,0.027624,1244819,1244819,415283,33.3609,1920,1080,raygs,triangles,1,off,0,on,-4
1781754699482937839,7413.33,828.149,1.20751,1.14832,1.13552,0.030496,0.08928,0.01632,0.18944,0.809984,0.025332,1244819,1244819,415283,33.3609,1920,1080,raygs,triangles,1,off,0,on,-4
1781754699484111359,7414.5,828.221,1.20741,1.14938,1.13696,0.030496,0.089728,0.016384,0.18944,0.810912,0.025287,1244819,1244819,415283,33.3609,1920,1080,raygs,triangles,1,off,0,on,-4
1781754699485328943,7415.72,827.813,1.208,1.14909,1.13654,0.03024,0.08976,0.016384,0.18944,0.81072,0.036493,1244819,1244819,415283,33.3609,1920,1080,raygs,triangles,1,off,0,on,-4
1781754699486457532,7416.85,828.361,1.2072,1.14646,1.13283,0.029664,0.08864,0.016384,0.187392,0.810752,0.015203,1244819,1244819,415283,33.3609,1920,1080,raygs,triangles,1,off,0,on,-4
1781754699487624360,7418.02,828.684,1.20673,1.14733,1.13453,0.030432,0.089152,0.01536,0.188864,0.81072,0.024013,1244819,1244819,415283,33.3609,1920,1080,raygs,triangles,1,off,0,on,-4
1781754699488803453,7419.19,830.031,1.20477,1.14803,1.13702,0.030176,0.090016,0.016384,0.18944,0.811008,0.024751,1244819,1244819,415283,33.3609,1920,1080,raygs,triangles,1,off,0,on,-4
1781754699490245734,7420.64,829.542,1.20548,1.38672,1.37379,0.030272,0.088992,0.01536,0.428384,0.810784,0.027808,1244819,1244819,415283,33.3609,1920,1080,raygs,triangles,1,off,0,on,-4
1781754699491538527,7421.93,826.616,1.20975,1.28774,1.27475,0.0296,0.089152,0.016384,0.328704,0.810912,0.024392,1244819,1244819,415283,33.3609,1920,1080,raygs,triangles,1,off,0,on,-4
1781754699492704510,7423.1,825.273,1.21172,1.14749,1.13414,0.029632,0.08944,0.015648,0.188416,0.811008,0.028773,1244819,1244819,415283,33.3609,1920,1080,raygs,triangles,1,off,0,on,-4
1781754699493874318,7424.27,825.23,1.21178,1.14496,1.13309,0.030208,0.089024,0.016384,0.186464,0.811008,0.024419,1244819,1244819,415283,33.3609,1920,1080,raygs,triangles,1,off,0,on,-4
1781754699495043168,7425.43,824.994,1.21213,1.14832,1.13517,0.030656,0.088704,0.01536,0.18944,0.811008,0.023846,1244819,1244819,415283,33.3609,1920,1080,raygs,triangles,1,off,0,on,-4
1781754699496328096,7426.72,825.395,1.21154,1.14678,1.13315,0.02992,0.08944,0.016288,0.18752,0.809984,0.041623,1244819,1244819,415283,33.3609,1920,1080,raygs,triangles,1,off,0,on,-4
1781754699497412812,7427.8,826.782,1.20951,1.14851,1.13606,0.030208,0.089344,0.016352,0.18944,0.81072,0.017449,1244819,1244819,415283,33.3609,1920,1080,raygs,triangles,1,off,0,on,-4
1781754699498694195,7429.09,829.204,1.20598,1.14749,1.13603,0.029632,0.08944,0.016384,0.189728,0.810848,0.026896,1244819,1244819,415283,33.3609,1920,1080,raygs,triangles,1,off,0,on,-4
1781754699499915045,7430.31,828.071,1.20763,1.14922,1.13693,0.031584,0.089152,0.015616,0.18992,0.810656,0.043793,1244819,1244819,415283,33.3609,1920,1080,raygs,triangles,1,off,0,on,-4
1781754699501045761,7431.44,827.966,1.20778,1.14954,1.13754,0.030592,0.090112,0.016384,0.18944,0.811008,0.015681,1244819,1244819,415283,33.3609,1920,1080,raygs,triangles,1,off,0,on,-4
1781754699502223133,7432.61,827.983,1.20775,1.14787,1.13478,0.030176,0.088736,0.01536,0.189504,0.811008,0.032643,1244819,1244819,415283,33.3609,1920,1080,raygs,triangles,1,off,0,on,-4
1781754699503393666,7433.78,828.39,1.20716,1.148,1.13613,0.030496,0.089632,0.016384,0.188704,0.810912,0.02657,1244819,1244819,415283,33.3609,1920,1080,raygs,triangles,1,off,0,on,-4
1781754699504556545,7434.95,828.114,1.20756,1.14662,1.13309,0.029792,0.088416,0.01536,0.188512,0.811008,0.026845,1244819,1244819,415283,33.3609,1920,1080,raygs,triangles,1,off,0,on,-4
1781754699505729620,7436.12,830.164,1.20458,1.14614,1.13424,0.030336,0.089152,0.016384,0.18848,0.809888,0.027707,1244819,1244819,415283,33.3609,1920,1080,raygs,triangles,1,off,0,on,-4
1781754699507104439,7437.5,829.462,1.2056,1.3455,1.3345,0.030016,0.089856,0.016384,0.387264,0.810976,0.025952,1244819,1244819,415283,33.3609,1920,1080,raygs,triangles,1,off,0,on,-4
1781754699508403132,7438.79,827.128,1.209,1.28525,1.27312,0.03008,0.08944,0.016384,0.326656,0.81056,0.025291,1244819,1244819,415283,33.3609,1920,1080,raygs,triangles,1,off,0,on,-4
1781754699509571071,7439.96,825.787,1.21097,1.14934,1.13683,0.030464,0.09008,0.016384,0.188896,0.811008,0.024431,1244819,1244819,415283,33.3609,1920,1080,raygs,triangles,1,off,0,on,-4
1781754699510771236,7441.16,826.489,1.20994,1.14627,1.13254,0.029472,0.089312,0.016384,0.187392,0.809984,0.027587,1244819,1244819,415283,33.3609,1920,1080,raygs,triangles,1,off,0,on,-4
1781754699511924095,7442.32,825.708,1.21108,1.14717,1.13296,0.030336,0.088672,0.015552,0.188416,0.809984,0.024513,1244819,1244819,415283,33.3609,1920,1080,raygs,triangles,1,off,0,on,-4
1781754699513225145,7443.62,828.004,1.20772,1.14896,1.1369,0.030112,0.089856,0.016384,0.189536,0.811008,0.04641,1244819,1244819,415283,33.3609,1920,1080,raygs,triangles,1,off,0,on,-4
1781754699514287950,7444.68,828.044,1.20767,1.14819,1.13738,0.030336,0.089184,0.016384,0.190464,0.811008,0.01673,1244819,1244819,415283,33.3609,1920,1080,raygs,triangles,1,off,0,on,-4
1781754699515632991,7446.02,829.198,1.20598,1.14787,1.13421,0.030048,0.088736,0.01536,0.188416,0.811648,0.044908,1244819,1244819,415283,33.3609,1920,1080,raygs,triangles,1,off,0,on,-4
1781754699516736897,7447.13,827.359,1.20867,1.14864,1.13414,0.030784,0.088576,0.01536,0.188832,0.810592,0.015555,1244819,1244819,415283,33.3609,1920,1080,raygs,triangles,1,off,0,on,-4
1781754699517914203,7448.31,828.002,1.20773,1.14605,1.13376,0.03056,0.088512,0.016384,0.187392,0.810912,0.025814,1244819,1244819,415283,33.3609,1920,1080,raygs,triangles,1,off,0,on,-4
1781754699519096092,7449.49,827.86,1.20793,1.14611,1.13286,0.030816,0.089472,0.016224,0.186368,0.809984,0.027343,1244819,1244819,415283,33.3609,1920,1080,raygs,triangles,1,off,0,on,-4
1781754699520407429,7450.8,828.979,1.2063,1.14771,1.13443,0.029856,0.09008,0.016384,0.187392,0.81072,0.025469,1244819,1244819,415283,33.3609,1920,1080,raygs,triangles,1,off,0,on,-4
1781754699521557078,7451.95,827.458,1.20852,1.15069,1.13661,0.031808,0.088992,0.01536,0.190464,0.809984,0.025665,1244819,1244819,415283,33.3609,1920,1080,raygs,triangles,1,off,0,on,-4
1781754699522885706,7453.28,828.516,1.20698,1.14787,1.1337,0.030048,0.088864,0.01536,0.188448,0.810976,0.02442,1244819,1244819,415283,33.3609,1920,1080,raygs,triangles,1,off,0,on,-4
1781754699524227402,7454.62,826.719,1.2096,1.14787,1.13587,0.031712,0.089216,0.016384,0.186784,0.811776,0.026457,1244819,1244819,415283,33.3609,1920,1080,raygs,triangles,1,off,0,on,-4
1781754699525399953,7455.79,824.841,1.21236,1.15056,1.13798,0.03488,0.089088,0.01664,0.187392,0.809984,0.024099,1244819,1244819,415283,33.3609,1920,1080,raygs,triangles,1,off,0,on,-4
1781754699526608662,7457,824.025,1.21355,1.14598,1.13309,0.030176,0.089152,0.01536,0.187392,0.811008,0.034887,1244819,1244819,415283,33.3609,1920,1080,raygs,triangles,1,off,0,on,-4
1781754699527752154,7458.14,823.651,1.21411,1.1463,1.13363,0.029408,0.08944,0.016384,0.188416,0.809984,0.019726,1244819,1244819,415283,33.3609,1920,1080,raygs,triangles,1,off,0,on,-4
1781754699529052262,7459.44,824.089,1.21346,1.14758,1.13469,0.029664,0.089024,0.016384,0.188736,0.81088,0.043209,1244819,1244819,415283,33.3609,1920,1080,raygs,triangles,1,off,0,on,-4
1781754699530121135,7460.51,825.682,1.21112,1.14778,1.1344,0.030368,0.089472,0.016384,0.187392,0.810784,0.017257,1244819,1244819,415283,33.3609,1920,1080,raygs,triangles,1,off,0,on,-4
1781754699531397960,7461.79,828.026,1.20769,1.14749,1.13443,0.030688,0.089024,0.01536,0.188416,0.810944,0.027233,1244819,1244819,415283,33.3609,1920,1080,raygs,triangles,1,off,0,on,-4
1781754699532563358,7462.95,827.089,1.20906,1.14691,1.13373,0.031104,0.088896,0.015488,0.187392,0.810848,0.02607,1244819,1244819,415283,33.3609,1920,1080,raygs,triangles,1,off,0,on,-4
1781754699533735583,7464.13,827.237,1.20884,1.14816,1.13613,0.030336,0.08896,0.016384,0.18944,0.811008,0.025935,1244819,1244819,415283,33.3609,1920,1080,raygs,triangles,1,off,0,on,-4
1781754699534955842,7465.35,827.109,1.20903,1.148,1.13469,0.030176,0.088704,0.016384,0.18944,0.809984,0.041258,1244819,1244819,415283,33.3609,1920,1080,raygs,triangles,1,off,0,on,-4
1781754699536072922,7466.46,826.889,1.20935,1.14851,1.13494,0.029632,0.089504,0.016384,0.18944,0.809984,0.015007,1244819,1244819,415283,33.3609,1920,1080,raygs,triangles,1,off,0,on,-4
1781754699537250844,7467.64,827.616,1.20829,1.14666,1.13354,0.030528,0.089184,0.016384,0.187584,0.809856,0.024749,1244819,1244819,415283,33.3609,1920,1080,raygs,triangles,1,off,0,on,-4
1781754699538421412,7468.81,828.332,1.20725,1.14874,1.13632,0.030272,0.089472,0.016384,0.18944,0.810752,0.025956,1244819,1244819,415283,33.3609,1920,1080,raygs,triangles,1,off,0,on,-4
1781754699539802758,7470.19,828.736,1.20666,1.31338,1.30115,0.030656,0.088992,0.015616,0.355328,0.81056,0.037784,1244819,1244819,415283,33.3609,1920,1080,raygs,triangles,1,off,0,on,-4
1781754699541134500,7471.53,826.275,1.21025,1.34394,1.33066,0.030112,0.089824,0.015712,0.385024,0.809984,0.016856,1244819,1244819,415283,33.3609,1920,1080,raygs,triangles,1,off,0,on,-4
1781754699542317708,7472.71,824.478,1.21289,1.14819,1.13395,0.0304,0.089792,0.01536,0.188416,0.809984,0.02528,1244819,1244819,415283,33.3609,1920,1080,raygs,triangles,1,off,0,on,-4
1781754699543476304,7473.87,824.594,1.21272,1.14701,1.13443,0.030176,0.089472,0.016384,0.188416,0.809984,0.024869,1244819,1244819,415283,33.3609,1920,1080,raygs,triangles,1,off,0,on,-4
1781754699544654160,7475.05,824.671,1.21261,1.14582,1.1344,0.030048,0.089568,0.016384,0.188416,0.809984,0.023752,1244819,1244819,415283,33.3609,1920,1080,raygs,triangles,1,off,0,on,-4
1781754699545819167,7476.21,824.823,1.21238,1.14954,1.13722,0.030816,0.089728,0.016384,0.18944,0.810848,0.02419,1244819,1244819,415283,33.3609,1920,1080,raygs,triangles,1,off,0,on,-4
1781754699547113741,7477.51,827.349,1.20868,1.14864,1.13446,0.03024,0.08944,0.01536,0.188416,0.811008,0.043751,1244819,1244819,415283,33.3609,1920,1080,raygs,triangles,1,off,0,on,-4
1781754699548301534,7478.69,827.394,1.20861,1.14701,1.13514,0.030208,0.089376,0.015488,0.18944,0.810624,0.017826,1244819,1244819,415283,33.3609,1920,1080,raygs,triangles,1,off,0,on,-4
1781754699549468093,7479.86,827.493,1.20847,1.14928,1.13661,0.0304,0.090272,0.016384,0.188576,0.810976,0.025701,1244819,1244819,415283,33.3609,1920,1080,raygs,triangles,1,off,0,on,-4
1781754699550633285,7481.02,827.455,1.20852,1.14646,1.13414,0.030176,0.08944,0.016384,0.188416,0.809728,0.026769,1244819,1244819,415283,33.3609,1920,1080,raygs,triangles,1,off,0,on,-4
1781754699551802679,7482.19,827.502,1.20846,1.14794,1.13395,0.030208,0.08912,0.01536,0.188416,0.810848,0.024812,1244819,1244819,415283,33.3609,1920,1080,raygs,triangles,1,off,0,on,-4
1781754699552982012,7483.37,829.271,1.20588,1.14902,1.136,0.030336,0.088832,0.016384,0.190464,0.809984,0.026052,1244819,1244819,415283,33.3609,1920,1080,raygs,triangles,1,off,0,on,-4
1781754699554147701,7484.54,827.791,1.20803,1.14749,1.13309,0.030368,0.089152,0.01536,0.188416,0.809792,0.025235,1244819,1244819,415283,33.3609,1920,1080,raygs,triangles,1,off,0,on,-4
1781754699555326987,7485.72,829.362,1.20575,1.14819,1.1353,0.030336,0.089152,0.01536,0.188416,0.812032,0.025048,1244819,1244819,415283,33.3609,1920,1080,raygs,triangles,1,off,0,on,-4
1781754699556672680,7487.06,829.059,1.20619,1.32141,1.30784,0.030016,0.08976,0.015584,0.361472,0.811008,0.02616,1244819,1244819,415283,33.3609,1920,1080,raygs,triangles,1,off,0,on,-4
1781754699558049044,7488.44,827.188,1.20892,1.33795,1.32496,0.030688,0.089152,0.01536,0.37888,0.81088,0.026449,1244819,1244819,415283,33.3609,1920,1080,raygs,triangles,1,off,0,on,-4
1781754699559225891,7489.62,825.056,1.21204,1.14758,1.13539,0.029696,0.090912,0.016384,0.187392,0.811008,0.026548,1244819,1244819,415283,33.3609,1920,1080,raygs,triangles,1,off,0,on,-4
1781754699560451275,7490.84,824.334,1.2131,1.14643,1.13334,0.030112,0.088448,0.016384,0.188416,0.809984,0.040097,1244819,1244819,415283,33.3609,1920,1080,raygs,triangles,1,off,0,on,-4
1781754699561585775,7491.98,823.777,1.21392,1.14669,1.1327,0.030496,0.089312,0.01552,0.187392,0.809984,0.028731,1244819,1244819,415283,33.3609,1920,1080,raygs,triangles,1,off,0,on,-4
1781754699562825703,7493.22,824.671,1.21261,1.16102,1.14736,0.029792,0.089472,0.01536,0.201728,0.811008,0.034302,1244819,1244819,415283,33.3609,1920,1080,raygs,triangles,1,off,0,on,-4
1781754699563935578,7494.33,826.679,1.20966,1.14723,1.1329,0.029376,0.08976,0.01536,0.188416,0.809984,0.017972,1244819,1244819,415283,33.3609,1920,1080,raygs,triangles,1,off,0,on,-4
1781754699565241924,7495.63,828.946,1.20635,1.14819,1.1367,0.030336,0.089536,0.016384,0.18944,0.811008,0.035549,1244819,1244819,415283,33.3609,1920,1080,raygs,triangles,1,off,0,on,-4
1781754699566379338,7496.77,827.381,1.20863,1.14826,1.13619,0.031008,0.089376,0.016384,0.18944,0.809984,0.016956,1244819,1244819,415283,33.3609,1920,1080,raygs,triangles,1,off,0,on,-4
1781754699567558366,7497.95,827.793,1.20803,1.14717,1.1335,0.029312,0.0896,0.01536,0.188416,0.810816,0.025766,1244819,1244819,415283,33.3609,1920,1080,raygs,triangles,1,off,0,on,-4
1781754699568771884,7499.16,827.665,1.20822,1.14813,1.13562,0.030336,0.08976,0.016192,0.188416,0.810912,0.038591,1244819,1244819,415283,33.3609,1920,1080,raygs,triangles,1,off,0,on,-4
1781754699569945188,7500.34,828.336,1.20724,1.1473,1.13357,0.029472,0.089312,0.016384,0.188416,0.809984,0.033351,1244819,1244819,415283,33.3609,1920,1080,raygs,triangles,1,off,0,on,-4
1781754699571079914,7501.47,827.4,1.20861,1.14966,1.13638,0.030176,0.0896,0.01552,0.190464,0.810624,0.01501,1244819,1244819,415283,33.3609,1920,1080,raygs,triangles,1,off,0,on,-4
1781754699572290552,7502.68,829.173,1.20602,1.14733,1.1335,0.029472,0.08912,0.01536,0.188544,0.811008,0.0372,1244819,1244819,415283,33.3609,1920,1080,raygs,triangles,1,off,0,on,-4
1781754699573598310,7503.99,829.03,1.20623,1.32755,1.31562,0.030496,0.089248,0.016224,0.369664,0.809984,0.018021,1244819,1244819,415283,33.3609,1920,1080,raygs,triangles,1,off,0,on,-4
1781754699574938418,7505.33,827.206,1.20889,1.31862,1.30525,0.029696,0.089536,0.18352,0.192512,0.809984,0.024369,1244819,1244819,415283,33.3609,1920,1080,raygs,triangles,1,off,0,on,-4
1781754699576110887,7506.5,825.362,1.21159,1.14906,1.13616,0.031232,0.089216,0.015648,0.18944,0.810624,0.024301,1244819,1244819,415283,33.3609,1920,1080,raygs,triangles,1,off,0,on,-4
1781754699577300016,7507.69,825.407,1.21152,1.14522,1.13117,0.0304,0.089056,0.01536,0.186368,0.809984,0.024292,1244819,1244819,415283,33.3609,1920,1080,raygs,triangles,1,off,0,on,-4
1781754699578505016,7508.9,825.171,1.21187,1.14771,1.13568,0.030144,0.089728,0.016384,0.188416,0.811008,0.035525,1244819,1244819,415283,33.3609,1920,1080,raygs,triangles,1,off,0,on,-4
1781754699579711948,7510.1,824.687,1.21258,1.14659,1.13366,0.030816,0.08896,0.015456,0.187648,0.810784,0.036063,1244819,1244819,415283,33.3609,1920,1080,raygs,triangles,1,off,0,on,-4
1781754699580879422,7511.27,826.388,1.21009,1.14701,1.13456,0.030208,0.089632,0.016384,0.188416,0.80992,0.028327,1244819,1244819,415283,33.3609,1920,1080,raygs,triangles,1,off,0,on,-4
1781754699582106697,7512.5,828.112,1.20757,1.14771,1.13462,0.029856,0.089312,0.016288,0.188416,0.810752,0.015719,1244819,1244819,415283,33.3609,1920,1080,raygs,triangles,1,off,0,on,-4
1781754699583281675,7513.67,827.167,1.20895,1.14803,1.13622,0.031232,0.089184,0.016384,0.18944,0.809984,0.025428,1244819,1244819,415283,33.3609,1920,1080,raygs,triangles,1,off,0,on,-4
1781754699584446334,7514.84,827.678,1.2082,1.14726,1.1343,0.030432,0.089088,0.016384,0.188416,0.809984,0.026859,1244819,1244819,415283,33.3609,1920,1080,raygs,triangles,1,off,0,on,-4
1781754699585616854,7516.01,827.624,1.20828,1.14883,1.13667,0.030368,0.08976,0.016096,0.18944,0.811008,0.025276,1244819,1244819,415283,33.3609,1920,1080,raygs,triangles,1,off,0,on,-4
1781754699586833875,7517.23,828.873,1.20646,1.14643,1.13421,0.029632,0.089312,0.016256,0.188416,0.810592,0.037743,1244819,1244819,415283,33.3609,1920,1080,raygs,triangles,1,off,0,on,-4
1781754699587967819,7518.36,827.267,1.2088,1.14826,1.13725,0.030112,0.09024,0.016384,0.189504,0.811008,0.016566,1244819,1244819,415283,33.3609,1920,1080,raygs,triangles,1,off,0,on,-4
1781754699589139632,7519.53,829.558,1.20546,1.14819,1.13523,0.030368,0.089056,0.01536,0.18944,0.811008,0.024909,1244819,1244819,415283,33.3609,1920,1080,raygs,triangles,1,off,0,on,-4
1781754699596997068,7527.39,751.969,1.32984,1.3103,1.29654,0.029632,0.089312,0.016384,0.351232,0.809984,0.055941,1244819,1244819,415283,33.3609,1920,1080,raygs,triangles,1,off,0,on,-4
1781754699597301240,7527.69,758.908,1.31768,1.32211,1.31008,0.030176,0.088992,0.016384,0.36352,0.811008,0.016078,1244819,1244819,415283,33.3609,1920,1080,raygs,triangles,1,off,0,on,-4
1781754699598368152,7528.76,767.53,1.30288,1.14173,1.13117,0.028768,0.088672,0.015616,0.187392,0.81072,0.016171,1244819,1244819,415283,33.3609,1920,1080,raygs,triangles,1,off,0,on,-4
1781754699599548999,7529.94,770.198,1.29837,1.14954,1.13914,0.03168,0.090016,0.016384,0.190464,0.810592,0.025399,1244819,1244819,415283,33.3609,1920,1080,raygs,triangles,1,off,0,on,-4
1781754699600845701,7531.24,769.281,1.29992,1.14922,1.1377,0.030368,0.089824,0.016384,0.190464,0.810656,0.024775,1244819,1244819,415283,33.3609,1920,1080,raygs,triangles,1,off,0,on,-4
1781754699602082482,7532.47,769.578,1.29941,1.1495,1.1361,0.031296,0.08928,0.01536,0.188416,0.811744,0.040816,1244819,1244819,415283,33.3609,1920,1080,raygs,triangles,1,off,0,on,-4
1781754699603223850,7533.62,770.624,1.29765,1.1473,1.13446,0.030496,0.089184,0.01536,0.188416,0.811008,0.022166,1244819,1244819,415283,33.3609,1920,1080,raygs,triangles,1,off,0,on,-4
1781754699604366752,7534.76,770.946,1.29711,1.14557,1.13347,0.02976,0.089312,0.016384,0.188416,0.8096,0.018895,1244819,1244819,415283,33.3609,1920,1080,raygs,triangles,1,off,0,on,-4
1781754699605536446,7535.93,771.645,1.29593,1.14835,1.13546,0.029472,0.090176,0.016384,0.18944,0.809984,0.024459,1244819,1244819,415283,33.3609,1920,1080,raygs,triangles,1,off,0,on,-4
1781754699606864608,7537.26,771.744,1.29577,1.14749,1.13427,0.029632,0.089312,0.01616,0.188416,0.810752,0.024212,1244819,1244819,415283,33.3609,1920,1080,raygs,triangles,1,off,0,on,-4
1781754699608192750,7538.58,771.237,1.29662,1.14803,1.13571,0.0312,0.089728,0.016384,0.188416,0.809984,0.02401,1244819,1244819,415283,33.3609,1920,1080,raygs,triangles,1,off,0,on,-4
1781754699609378676,7539.77,768.513,1.30121,1.15155,1.1385,0.034944,0.08976,0.015392,0.187392,0.811008,0.025292,1244819,1244819,415283,33.3609,1920,1080,raygs,triangles,1,off,0,on,-4
1781754699610536779,7540.93,769.498,1.29955,1.14614,1.13533,0.030368,0.090048,0.016384,0.187744,0.810784,0.023682,1244819,1244819,415283,33.3609,1920,1080,raygs,triangles,1,off,0,on,-4
1781754699611709828,7542.1,769.51,1.29953,1.14714,1.13421,0.030304,0.08912,0.01536,0.188416,0.811008,0.0243,1244819,1244819,415283,33.3609,1920,1080,raygs,triangles,1,off,0,on,-4
1781754699612963953,7543.36,769.825,1.299,1.1463,1.13488,0.030496,0.089504,0.01648,0.187392,0.811008,0.038689,1244819,1244819,415283,33.3609,1920,1080,raygs,triangles,1,off,0,on,-4
1781754699614114811,7544.51,769.154,1.30013,1.1473,1.13408,0.030496,0.088832,0.01536,0.188416,0.810976,0.02842,1244819,1244819,415283,33.3609,1920,1080,raygs,triangles,1,off,0,on,-4
1781754699615359725,7545.75,768.757,1.3008,1.14704,1.1361,0.030208,0.09008,0.016384,0.188416,0.811008,0.016188,1244819,1244819,415283,33.3609,1920,1080,raygs,triangles,1,off,0,on,-4
1781754699616530972,7546.92,768.077,1.30195,1.14982,1.13622,0.030976,0.08944,0.01536,0.190464,0.809984,0.025897,1244819,1244819,415283,33.3609,1920,1080,raygs,triangles,1,off,0,on,-4
1781754699617698870,7548.09,768.141,1.30185,1.14893,1.13654,0.030048,0.089664,0.016384,0.18944,0.811008,0.024347,1244819,1244819,415283,33.3609,1920,1080,raygs,triangles,1,off,0,on,-4
1781754699618872505,7549.26,770.242,1.29829,1.1489,1.13757,0.03072,0.089248,0.016384,0.18944,0.811776,0.024011,1244819,1244819,415283,33.3609,1920,1080,raygs,triangles,1,off,0,on,-4
1781754699620043331,7550.43,771.836,1.29561,1.14848,1.13434,0.03024,0.089312,0.01536,0.188416,0.811008,0.024279,1244819,1244819,415283,33.3609,1920,1080,raygs,triangles,1,off,0,on,-4
1781754699621227266,7551.62,771.979,1.29537,1.14685,1.1353,0.030016,0.089696,0.016384,0.188416,0.810784,0.028335,1244819,1244819,415283,33.3609,1920,1080,raygs,triangles,1,off,0,on,-4
1781754699622406006,7552.8,771.658,1.29591,1.14688,1.13485,0.03008,0.089312,0.016384,0.188416,0.810656,0.027134,1244819,1244819,415283,33.3609,1920,1080,raygs,triangles,1,off,0,on,-4
1781754699623754011,7554.15,771.661,1.2959,1.3233,1.3103,0.030304,0.089024,0.01568,0.364544,0.810752,0.027919,1244819,1244819,415283,33.3609,1920,1080,raygs,triangles,1,off,0,on,-4
1781754699625101266,7555.49,769.859,1.29894,1.32806,1.3161,0.030368,0.088608,0.016384,0.36992,0.810816,0.02682,1244819,1244819,415283,33.3609,1920,1080,raygs,triangles,1,off,0,on,-4
1781754699626277555,7556.67,769.493,1.29956,1.14512,1.13338,0.030368,0.088608,0.016384,0.187392,0.810624,0.024551,1244819,1244819,415283,33.3609,1920,1080,raygs,triangles,1,off,0,on,-4
1781754699627441180,7557.83,769.53,1.29949,1.14614,1.13344,0.030336,0.089184,0.015488,0.187424,0.811008,0.02447,1244819,1244819,415283,33.3609,1920,1080,raygs,triangles,1,off,0,on,-4
1781754699628618189,7559.01,769.49,1.29956,1.14627,1.13216,0.0304,0.089184,0.01536,0.186368,0.810848,0.024941,1244819,1244819,415283,33.3609,1920,1080,raygs,triangles,1,off,0,on,-4
1781754699629870434,7560.26,769.371,1.29976,1.14851,1.1352,0.03056,0.089056,0.016384,0.188416,0.810784,0.040918,1244819,1244819,415283,33.3609,1920,1080,raygs,triangles,1,off,0,on,-4
1781754699630964457,7561.36,768.497,1.30124,1.14746,1.1344,0.030656,0.08896,0.01536,0.188416,0.811008,0.016496,1244819,1244819,415283,33.3609,1920,1080,raygs,triangles,1,off,0,on,-4
1781754699632311456,7562.7,769.384,1.29974,1.14922,1.13616,0.030336,0.089152,0.016384,0.18944,0.810848,0.040763,1244819,1244819,415283,33.3609,1920,1080,raygs,triangles,1,off,0,on,-4
1781754699633418653,7563.81,767.547,1.30285,1.14819,1.13594,0.030336,0.0896,0.016384,0.187776,0.81184,0.015551,1244819,1244819,415283,33.3609,1920,1080,raygs,triangles,1,off,0,on,-4
1781754699634605214,7565,768.333,1.30152,1.1497,1.13648,0.029984,0.08864,0.016384,0.191488,0.809984,0.026228,1244819,1244819,415283,33.3609,1920,1080,raygs,triangles,1,off,0,on,-4
1781754699635820839,7566.21,769.881,1.2989,1.14771,1.1343,0.029856,0.089664,0.01536,0.188416,0.811008,0.037706,1244819,1244819,415283,33.3609,1920,1080,raygs,triangles,1,off,0,on,-4
1781754699636947706,7567.34,771.509,1.29616,1.14749,1.13363,0.029664,0.089184,0.016384,0.188416,0.809984,0.017006,1244819,1244819,415283,33.3609,1920,1080,raygs,triangles,1,off,0,on,-4
1781754699638117707,7568.51,772.166,1.29506,1.14928,1.13517,0.030528,0.088832,0.015648,0.18944,0.81072,0.024347,1244819,1244819,415283,33.3609,1920,1080,raygs,triangles,1,off,0,on,-4
1781754699639327487,7569.72,772.624,1.29429,1.1473,1.13533,0.030496,0.089184,0.016224,0.188416,0.811008,0.034203,1244819,1244819,415283,33.3609,1920,1080,raygs,triangles,1,off,0,on,-4
1781754699640636973,7571.03,771.806,1.29566,1.31405,1.30096,0.029952,0.088288,0.016384,0.356352,0.809984,0.019164,1244819,1244819,415283,33.3609,1920,1080,raygs,triangles,1,off,0,on,-4
1781754699641994642,7572.39,771.25,1.2966,1.33747,1.32499,0.030176,0.08976,0.016384,0.377856,0.810816,0.024994,1244819,1244819,415283,33.3609,1920,1080,raygs,triangles,1,off,0,on,-4
1781754699643191054,7573.58,768.722,1.30086,1.14819,1.1351,0.030496,0.08976,0.016288,0.187744,0.810816,0.028131,1244819,1244819,415283,33.3609,1920,1080,raygs,triangles,1,off,0,on,-4
1781754699644373426,7574.76,769.704,1.2992,1.14688,1.13446,0.030336,0.089728,0.016384,0.187392,0.810624,0.033699,1244819,1244819,415283,33.3609,1920,1080,raygs,triangles,1,off,0,on,-4
1781754699645514077,7575.91,769.298,1.29989,1.14685,1.13347,0.030016,0.088672,0.01536,0.188416,0.811008,0.018466,1244819,1244819,415283,33.3609,1920,1080,raygs,triangles,1,off,0,on,-4
1781754699646756928,7577.15,769.649,1.29929,1.1473,1.13398,0.030496,0.089728,0.01536,0.188416,0.809984,0.040159,1244819,1244819,415283,33.3609,1920,1080,raygs,triangles,1,off,0,on,-4
1781754699647989331,7578.38,769.317,1.29985,1.14685,1.13315,0.03008,0.089312,0.01536,0.187392,0.811008,0.018061,1244819,1244819,415283,33.3609,1920,1080,raygs,triangles,1,off,0,on,-4
1781754699649156282,7579.55,768.826,1.30068,1.14906,1.1353,0.030176,0.089472,0.016384,0.188416,0.810848,0.025661,1244819,1244819,415283,33.3609,1920,1080,raygs,triangles,1,off,0,on,-4
1781754699650339318,7580.73,768.509,1.30122,1.14646,1.13174,0.029664,0.08832,0.01536,0.188416,0.809984,0.026437,1244819,1244819,415283,33.3609,1920,1080,raygs,triangles,1,off,0,on,-4
1781754699651496986,7581.89,768.788,1.30075,1.14717,1.13446,0.030336,0.089344,0.016384,0.188416,0.809984,0.024536,1244819,1244819,415283,33.3609,1920,1080,raygs,triangles,1,off,0,on,-4
1781754699652664431,7583.06,770.249,1.29828,1.14701,1.13376,0.030176,0.08896,0.01536,0.188416,0.810848,0.024244,1244819,1244819,415283,33.3609,1920,1080,raygs,triangles,1,off,0,on,-4
1781754699653859406,7584.25,771.955,1.29541,1.1473,1.13475,0.030496,0.089344,0.01536,0.188608,0.810944,0.026247,1244819,1244819,415283,33.3609,1920,1080,raygs,triangles,1,off,0,on,-4
1781754699655017419,7585.41,771.708,1.29583,1.14893,1.13539,0.03008,0.089504,0.01536,0.18944,0.811008,0.023415,1244819,1244819,415283,33.3609,1920,1080,raygs,triangles,1,off,0,on,-4
1781754699656368822,7586.76,772.051,1.29525,1.31715,1.30477,0.030336,0.089344,0.015744,0.3584,0.810944,0.026245,1244819,1244819,415283,33.3609,1920,1080,raygs,triangles,1,off,0,on,-4
1781754699657770831,7588.16,770.527,1.29781,1.33747,1.32461,0.030208,0.089312,0.016224,0.377856,0.811008,0.03674,1244819,1244819,415283,33.3609,1920,1080,raygs,triangles,1,off,0,on,-4
1781754699658884536,7589.28,768.809,1.30071,1.14925,1.13648,0.030496,0.090176,0.016384,0.188416,0.811008,0.015862,1244819,1244819,415283,33.3609,1920,1080,raygs,triangles,1,off,0,on,-4
1781754699660091754,7590.48,769.218,1.30002,1.14701,1.13299,0.030176,0.088704,0.015712,0.188416,0.809984,0.029159,1244819,1244819,415283,33.3609,1920,1080,raygs,triangles,1,off,0,on,-4
1781754699661262154,7591.65,769.371,1.29976,1.1464,1.13494,0.029568,0.089568,0.016384,0.188416,0.811008,0.025728,1244819,1244819,415283,33.3609,1920,1080,raygs,triangles,1,off,0,on,-4
1781754699662414155,7592.81,769.358,1.29978,1.14528,1.13315,0.029472,0.089312,0.016384,0.187392,0.810592,0.02439,1244819,1244819,415283,33.3609,1920,1080,raygs,triangles,1,off,0,on,-4
1781754699663666952,7594.06,769.548,1.29946,1.14774,1.13651,0.029888,0.089728,0.016384,0.189504,0.811008,0.045884,1244819,1244819,415283,33.3609,1920,1080,raygs,triangles,1,off,0,on,-4
1781754699664884097,7595.28,768.757,1.3008,1.14835,1.13485,0.030496,0.08976,0.016192,0.188416,0.809984,0.017161,1244819,1244819,415283,33.3609,1920,1080,raygs,triangles,1,off,0,on,-4
1781754699666070374,7596.46,768.742,1.30083,1.1481,1.13498,0.03088,0.089472,0.016384,0.187392,0.810848,0.027259,1244819,1244819,415283,33.3609,1920,1080,raygs,triangles,1,off,0,on,-4
1781754699667231580,7597.62,768.217,1.30172,1.14832,1.13658,0.030496,0.089216,0.016384,0.189472,0.811008,0.025252,1244819,1244819,415283,33.3609,1920,1080,raygs,triangles,1,off,0,on,-4
1781754699668398497,7598.79,848.901,1.17799,1.14746,1.13373,0.029632,0.089312,0.016384,0.188416,0.809984,0.024552,1244819,1244819,415283,33.3609,1920,1080,raygs,triangles,1,off,0,on,-4
1781754699669576601,7599.97,840.383,1.18993,1.14592,1.13478,0.030112,0.089696,0.016384,0.187584,0.811008,0.024571,1244819,1244819,415283,33.3609,1920,1080,raygs,triangles,1,off,0,on,-4
1781754699670779697,7601.17,830.179,1.20456,1.14835,1.1352,0.030528,0.08912,0.016384,0.188416,0.810752,0.036789,1244819,1244819,415283,33.3609,1920,1080,raygs,triangles,1,off,0,on,-4
1781754699671920857,7602.31,828.584,1.20688,1.14701,1.13382,0.030208,0.088864,0.01552,0.188416,0.810816,0.018278,1244819,1244819,415283,33.3609,1920,1080,raygs,triangles,1,off,0,on,-4
1781754699673319271,7603.71,829.022,1.20624,1.31667,1.30442,0.029888,0.08976,0.016384,0.357376,0.811008,0.040448,1244819,1244819,415283,33.3609,1920,1080,raygs,triangles,1,off,0,on,-4
1781754699674662101,7605.05,827.876,1.20791,1.32413,1.31168,0.030176,0.08896,0.016384,0.365568,0.810592,0.028225,1244819,1244819,415283,33.3609,1920,1080,raygs,triangles,1,off,0,on,-4
1781754699675796744,7606.19,826.652,1.2097,1.14906,1.13642,0.030176,0.090752,0.01632,0.187392,0.811776,0.016074,1244819,1244819,415283,33.3609,1920,1080,raygs,triangles,1,off,0,on,-4
1781754699676976936,7607.37,826.761,1.20954,1.14611,1.13514,0.030272,0.089216,0.016384,0.188416,0.810848,0.026202,1244819,1244819,415283,33.3609,1920,1080,raygs,triangles,1,off,0,on,-4
1781754699678145796,7608.54,826.288,1.21023,1.14682,1.13466,0.030016,0.08976,0.016384,0.18768,0.810816,0.027232,1244819,1244819,415283,33.3609,1920,1080,raygs,triangles,1,off,0,on,-4
1781754699679435741,7609.83,826.29,1.21023,1.15942,1.1473,0.030336,0.088832,0.016384,0.201024,0.81072,0.048222,1244819,1244819,415283,33.3609,1920,1080,raygs,triangles,1,off,0,on,-4
1781754699680510079,7610.9,826.634,1.20973,1.14701,1.13523,0.030208,0.089696,0.016288,0.188416,0.810624,0.016377,1244819,1244819,415283,33.3609,1920,1080,raygs,triangles,1,off,0,on,-4
1781754699681806940,7612.2,829.739,1.2052,1.14819,1.13645,0.029312,0.090304,0.016384,0.18944,0.811008,0.027848,1244819,1244819,415283,33.3609,1920,1080,raygs,triangles,1,off,0,on,-4
1781754699682973086,7613.36,828.374,1.20718,1.14877,1.13674,0.031296,0.089472,0.016384,0.188736,0.810848,0.025118,1244819,1244819,415283,33.3609,1920,1080,raygs,triangles,1,off,0,on,-4
1781754699684139866,7614.53,828.309,1.20728,1.14717,1.13466,0.030368,0.08848,0.016384,0.188416,0.811008,0.024672,1244819,1244819,415283,33.3609,1920,1080,raygs,triangles,1,off,0,on,-4
1781754699685380766,7615.77,828.335,1.20724,1.14803,1.13514,0.030176,0.088992,0.01552,0.18944,0.811008,0.043141,1244819,1244819,415283,33.3609,1920,1080,raygs,triangles,1,off,0,on,-4
1781754699686508995,7616.9,828.521,1.20697,1.14819,1.1359,0.030432,0.089408,0.015616,0.18944,0.811008,0.015845,1244819,1244819,415283,33.3609,1920,1080,raygs,triangles,1,off,0,on,-4
1781754699687679827,7618.07,828.849,1.20649,1.14794,1.136,0.030496,0.089568,0.016384,0.188576,0.810976,0.025385,1244819,1244819,415283,33.3609,1920,1080,raygs,triangles,1,off,0,on,-4
1781754699688852667,7619.24,829.75,1.20518,1.14906,1.13616,0.030176,0.089152,0.016384,0.18944,0.811008,0.025484,1244819,1244819,415283,33.3609,1920,1080,raygs,triangles,1,off,0,on,-4
1781754699690223489,7620.61,829.638,1.20535,1.31645,1.30234,0.030304,0.089312,0.01536,0.356352,0.811008,0.041964,1244819,1244819,415283,33.3609,1920,1080,raygs,triangles,1,off,0,on,-4
1781754699691543031,7621.93,827.262,1.20881,1.31974,1.3064,0.029888,0.088672,0.01536,0.361472,0.811008,0.016845,1244819,1244819,415283,33.3609,1920,1080,raygs,triangles,1,off,0,on,-4
1781754699692708234,7623.1,825.592,1.21125,1.14982,1.13789,0.029952,0.090496,0.016384,0.18944,0.811616,0.025181,1244819,1244819,415283,33.3609,1920,1080,raygs,triangles,1,off,0,on,-4
1781754699693877826,7624.27,825.66,1.21115,1.14848,1.1345,0.030624,0.089312,0.01552,0.188416,0.810624,0.027375,1244819,1244819,415283,33.3609,1920,1080,raygs,triangles,1,off,0,on,-4
1781754699695053564,7625.44,825.86,1.21086,1.14707,1.1327,0.03024,0.088704,0.01536,0.188416,0.809984,0.024701,1244819,1244819,415283,33.3609,1920,1080,raygs,triangles,1,off,0,on,-4
1781754699696377665,7626.77,825.919,1.21077,1.15258,1.13994,0.029632,0.08928,0.015776,0.193536,0.811712,0.04787,1244819,1244819,415283,33.3609,1920,1080,raygs,triangles,1,off,0,on,-4
1781754699697418554,7627.81,826.005,1.21065,1.14758,1.13514,0.03072,0.089632,0.01536,0.188416,0.811008,0.01852,1244819,1244819,415283,33.3609,1920,1080,raygs,triangles,1,off,0,on,-4
1781754699698700908,7629.09,829.597,1.2054,1.14701,1.13264,0.030176,0.088832,0.015488,0.187392,0.810752,0.026559,1244819,1244819,415283,33.3609,1920,1080,raygs,triangles,1,off,0,on,-4
1781754699699863434,7630.25,828.351,1.20722,1.14851,1.13594,0.030656,0.088448,0.016384,0.18944,0.811008,0.026161,1244819,1244819,415283,33.3609,1920,1080,raygs,triangles,1,off,0,on,-4
1781754699701035440,7631.43,828.512,1.20698,1.14672,1.13501,0.02992,0.089632,0.016384,0.188416,0.810656,0.026181,1244819,1244819,415283,33.3609,1920,1080,raygs,triangles,1,off,0,on,-4
1781754699702212831,7632.6,828.526,1.20696,1.14941,1.13699,0.03056,0.08992,0.016384,0.18944,0.810688,0.030032,1244819,1244819,415283,33.3609,1920,1080,raygs,triangles,1,off,0,on,-4
1781754699703377150,7633.77,829.517,1.20552,1.14832,1.13558,0.029472,0.08928,0.016384,0.18944,0.811008,0.024667,1244819,1244819,415283,33.3609,1920,1080,raygs,triangles,1,off,0,on,-4
1781754699704591405,7634.98,828.623,1.20682,1.14787,1.13488,0.030176,0.088864,0.01536,0.189472,0.811008,0.038101,1244819,1244819,415283,33.3609,1920,1080,raygs,triangles,1,off,0,on,-4
1781754699705725524,7636.12,830.175,1.20456,1.14614,1.13542,0.030336,0.08912,0.016384,0.18864,0.810944,0.016999,1244819,1244819,415283,33.3609,1920,1080,raygs,triangles,1,off,0,on,-4
1781754699707075497,7637.47,829.818,1.20508,1.31744,1.30538,0.030208,0.089376,0.016384,0.359424,0.809984,0.025426,1244819,1244819,415283,33.3609,1920,1080,raygs,triangles,1,off,0,on,-4
1781754699708451858,7638.84,827.96,1.20779,1.34493,1.33251,0.029472,0.0896,0.016384,0.386048,0.811008,0.025081,1244819,1244819,415283,33.3609,1920,1080,raygs,triangles,1,off,0,on,-4
1781754699709606272,7640,826.151,1.21043,1.14714,1.13488,0.030272,0.090176,0.01536,0.188416,0.810656,0.023896,1244819,1244819,415283,33.3609,1920,1080,raygs,triangles,1,off,0,on,-4
1781754699710774608,7641.17,825.797,1.21095,1.14717,1.13421,0.030336,0.089312,0.01616,0.188416,0.809984,0.023519,1244819,1244819,415283,33.3609,1920,1080,raygs,triangles,1,off,0,on,-4
1781754699711952238,7642.34,825.816,1.21092,1.1457,1.13194,0.029888,0.08944,0.016256,0.186368,0.809984,0.024158,1244819,1244819,415283,33.3609,1920,1080,raygs,triangles,1,off,0,on,-4
1781754699713230442,7643.62,826.199,1.21036,1.1481,1.1344,0.03024,0.089536,0.016224,0.187392,0.811008,0.044922,1244819,1244819,415283,33.3609,1920,1080,raygs,triangles,1,off,0,on,-4
1781754699714307839,7644.7,826.426,1.21003,1.14749,1.13331,0.03008,0.088448,0.01536,0.18944,0.809984,0.016362,1244819,1244819,415283,33.3609,1920,1080,raygs,triangles,1,off,0,on,-4
1781754699715592947,7645.98,829.67,1.2053,1.14992,1.13606,0.030016,0.089312,0.016384,0.18944,0.810912,0.02567,1244819,1244819,415283,33.3609,1920,1080,raygs,triangles,1,off,0,on,-4
1781754699716762687,7647.15,828.793,1.20657,1.15014,1.13722,0.031296,0.089088,0.016384,0.18944,0.811008,0.026331,1244819,1244819,415283,33.3609,1920,1080,raygs,triangles,1,off,0,on,-4
1781754699717930206,7648.32,828.886,1.20644,1.14669,1.13453,0.03024,0.089536,0.016352,0.188416,0.809984,0.024216,1244819,1244819,415283,33.3609,1920,1080,raygs,triangles,1,off,0,on,-4
1781754699719099664,7649.49,828.625,1.20682,1.14746,1.13398,0.0296,0.0896,0.016384,0.188416,0.809984,0.024075,1244819,1244819,415283,33.3609,1920,1080,raygs,triangles,1,off,0,on,-4
1781754699720288733,7650.68,829.555,1.20547,1.14749,1.1361,0.030144,0.089472,0.01632,0.18944,0.81072,0.025284,1244819,1244819,415283,33.3609,1920,1080,raygs,triangles,1,off,0,on,-4
1781754699721458414,7651.85,829.911,1.20495,1.14819,1.1361,0.030336,0.088864,0.016384,0.189824,0.810688,0.023973,1244819,1244819,415283,33.3609,1920,1080,raygs,triangles,1,off,0,on,-4
1781754699722624360,7653.02,829.868,1.20501,1.14986,1.136,0.030848,0.08944,0.01536,0.18944,0.810912,0.024597,1244819,1244819,415283,33.3609,1920,1080,raygs,triangles,1,off,0,on,-4
1781754699723955123,7654.35,830.082,1.2047,1.30589,1.29341,0.029984,0.089312,0.016384,0.347136,0.810592,0.024468,1244819,1244819,415283,33.3609,1920,1080,raygs,triangles,1,off,0,on,-4
1781754699725326388,7655.72,828.061,1.20764,1.34013,1.32758,0.029792,0.089472,0.016384,0.380928,0.811008,0.024597,1244819,1244819,415283,33.3609,1920,1080,raygs,triangles,1,off,0,on,-4
1781754699726504678,7656.9,825.728,1.21105,1.14906,1.1383,0.030208,0.090656,0.016384,0.18944,0.811616,0.024195,1244819,1244819,415283,33.3609,1920,1080,raygs,triangles,1,off,0,on,-4
1781754699727708617,7658.1,825.905,1.21079,1.14742,1.1345,0.030592,0.08912,0.01536,0.188416,0.811008,0.035442,1244819,1244819,415283,33.3609,1920,1080,raygs,triangles,1,off,0,on,-4
1781754699728839961,7659.23,825.389,1.21155,1.14675,1.1335,0.029952,0.088608,0.015744,0.188416,0.810784,0.017743,1244819,1244819,415283,33.3609,1920,1080,raygs,triangles,1,off,0,on,-4
1781754699730088005,7660.48,828.05,1.20766,1.14614,1.13501,0.030368,0.089888,0.016384,0.187392,0.810976,0.040616,1244819,1244819,415283,33.3609,1920,1080,raygs,triangles,1,off,0,on,-4
1781754699731326470,7661.72,829.623,1.20537,1.14803,1.13565,0.030304,0.089536,0.016384,0.188416,0.811008,0.018648,1244819,1244819,415283,33.3609,1920,1080,raygs,triangles,1,off,0,on,-4
1781754699732490252,7662.88,828.186,1.20746,1.14925,1.1361,0.03104,0.089248,0.016384,0.18944,0.809984,0.026176,1244819,1244819,415283,33.3609,1920,1080,raygs,triangles,1,off,0,on,-4
1781754699733657046,7664.05,828.759,1.20662,1.14922,1.13514,0.030336,0.088992,0.01536,0.190464,0.809984,0.025142,1244819,1244819,415283,33.3609,1920,1080,raygs,triangles,1,off,0,on,-4
1781754699734828712,7665.22,828.877,1.20645,1.1471,1.13546,0.030272,0.089376,0.016384,0.18944,0.809984,0.025042,1244819,1244819,415283,33.3609,1920,1080,raygs,triangles,1,off,0,on,-4
1781754699736026325,7666.42,828.548,1.20693,1.14749,1.13507,0.03024,0.089344,0.016256,0.188416,0.810816,0.028394,1244819,1244819,415283,33.3609,1920,1080,raygs,triangles,1,off,0,on,-4
1781754699737181382,7667.57,829.285,1.20586,1.14803,1.1337,0.03008,0.088832,0.01536,0.18944,0.809984,0.023669,1244819,1244819,415283,33.3609,1920,1080,raygs,triangles,1,off,0,on,-4
1781754699738358257,7668.75,829.921,1.20493,1.14656,1.13376,0.029728,0.089568,0.016384,0.187392,0.810688,0.024435,1244819,1244819,415283,33.3609,1920,1080,raygs,triangles,1,off,0,on,-4
1781754699739518501,7669.91,830.04,1.20476,1.15085,1.13699,0.030336,0.088608,0.01536,0.191712,0.810976,0.025551,1244819,1244819,415283,33.3609,1920,1080,raygs,triangles,1,off,0,on,-4
1781754699740892086,7671.28,830.055,1.20474,1.32691,1.31405,0.030624,0.089664,0.01536,0.367616,0.810784,0.027036,1244819,1244819,415283,33.3609,1920,1080,raygs,triangles,1,off,0,on,-4
1781754699742225096,7672.62,827.667,1.20822,1.32013,1.30874,0.03088,0.259296,0.016064,0.191488,0.811008,0.026892,1244819,1244819,415283,33.3609,1920,1080,raygs,triangles,1,off,0,on,-4
1781754699743397975,7673.79,825.89,1.21081,1.14672,1.1344,0.029888,0.089728,0.016384,0.187392,0.811008,0.023614,1244819,1244819,415283,33.3609,1920,1080,raygs,triangles,1,off,0,on,-4
1781754699744561172,7674.95,826.283,1.21024,1.14678,1.13434,0.029952,0.089472,0.016384,0.18864,0.809888,0.024346,1244819,1244819,415283,33.3609,1920,1080,raygs,triangles,1,off,0,on,-4
1781754699745798288,7676.19,826.065,1.21056,1.1479,1.13664,0.030048,0.089824,0.016384,0.18944,0.810944,0.038718,1244819,1244819,415283,33.3609,1920,1080,raygs,triangles,1,off,0,on,-4
1781754699746924785,7677.32,827.813,1.208,1.1481,1.13619,0.03024,0.08912,0.016384,0.190464,0.809984,0.017084,1244819,1244819,415283,33.3609,1920,1080,raygs,triangles,1,off,0,on,-4
1781754699748215608,7678.61,830.326,1.20435,1.14582,1.13366,0.030048,0.089024,0.016448,0.187392,0.810752,0.029409,1244819,1244819,415283,33.3609,1920,1080,raygs,triangles,1,off,0,on,-4
1781754699749378003,7679.77,828.502,1.207,1.14646,1.13536,0.030976,0.089568,0.016384,0.187584,0.810848,0.025854,1244819,1244819,415283,33.3609,1920,1080,raygs,triangles,1,off,0,on,-4
1781754699750555952,7680.95,828.757,1.20663,1.14723,1.1369,0.030432,0.090016,0.016384,0.18944,0.810624,0.027236,1244819,1244819,415283,33.3609,1920,1080,raygs,triangles,1,off,0,on,-4
1781754699751727960,7682.12,828.632,1.20681,1.14749,1.13478,0.030656,0.089376,0.01536,0.188416,0.810976,0.026167,1244819,1244819,415283,33.3609,1920,1080,raygs,triangles,1,off,0,on,-4
1781754699752902364,7683.29,830.082,1.2047,1.14835,1.13485,0.030048,0.089312,0.01536,0.18944,0.810688,0.02517,1244819,1244819,415283,33.3609,1920,1080,raygs,triangles,1,off,0,on,-4
1781754699754088022,7684.48,828.744,1.20664,1.14858,1.13363,0.029696,0.089248,0.01536,0.188416,0.810912,0.026874,1244819,1244819,415283,33.3609,1920,1080,raygs,triangles,1,off,0,on,-4
1781754699755251372,7685.64,830.111,1.20466,1.1481,1.13709,0.030336,0.08992,0.016384,0.18944,0.811008,0.026646,1244819,1244819,415283,33.3609,1920,1080,raygs,triangles,1,off,0,on,-4
1781754699756593899,7686.99,830.115,1.20465,1.31526,1.30256,0.029472,0.089344,0.016384,0.357376,0.809984,0.025516,1244819,1244819,415283,33.3609,1920,1080,raygs,triangles,1,off,0,on,-4
1781754699757945180,7688.34,828.147,1.20751,1.324,1.30925,0.030016,0.089344,0.01536,0.36352,0.811008,0.032087,1244819,1244819,415283,33.3609,1920,1080,raygs,triangles,1,off,0,on,-4
1781754699759159490,7689.55,826.933,1.20929,1.1471,1.13478,0.030176,0.089824,0.016384,0.188416,0.809984,0.041389,1244819,1244819,415283,33.3609,1920,1080,raygs,triangles,1,off,0,on,-4
1781754699760312320,7690.7,825.83,1.2109,1.14861,1.13402,0.029728,0.089504,0.01536,0.18944,0.809984,0.022952,1244819,1244819,415283,33.3609,1920,1080,raygs,triangles,1,off,0,on,-4
1781754699761478270,7691.87,826.023,1.21062,1.14746,1.1359,0.029632,0.089472,0.016384,0.18944,0.810976,0.019695,1244819,1244819,415283,33.3609,1920,1080,raygs,triangles,1,off,0,on,-4
1781754699762713203,7693.1,826.147,1.21044,1.14781,1.13526,0.030016,0.089376,0.016384,0.188896,0.810592,0.04634,1244819,1244819,415283,33.3609,1920,1080,raygs,triangles,1,off,0,on,-4
1781754699763842171,7694.23,827.651,1.20824,1.14832,1.13402,0.030432,0.0888,0.01536,0.18944,0.809984,0.027078,1244819,1244819,415283,33.3609,1920,1080,raygs,triangles,1,off,0,on,-4
1781754699765097531,7695.49,829.891,1.20498,1.14858,1.13466,0.030048,0.089728,0.01536,0.188768,0.810752,0.016082,1244819,1244819,415283,33.3609,1920,1080,raygs,triangles,1,off,0,on,-4
1781754699766280167,7696.67,828.858,1.20648,1.15008,1.1369,0.031232,0.088832,0.016384,0.190464,0.809984,0.026236,1244819,1244819,415283,33.3609,1920,1080,raygs,triangles,1,off,0,on,-4
1781754699767606407,7698,828.747,1.20664,1.1463,1.13309,0.030496,0.089024,0.01536,0.187392,0.810816,0.033974,1244819,1244819,415283,33.3609,1920,1080,raygs,triangles,1,off,0,on,-4
1781754699768732979,7699.12,826.975,1.20923,1.1488,1.13568,0.031296,0.088576,0.01536,0.18944,0.811008,0.016681,1244819,1244819,415283,33.3609,1920,1080,raygs,triangles,1,off,0,on,-4
1781754699769914023,7700.31,829.461,1.2056,1.14806,1.13709,0.03024,0.090208,0.016384,0.18944,0.810816,0.028001,1244819,1244819,415283,33.3609,1920,1080,raygs,triangles,1,off,0,on,-4
1781754699771124678,7701.52,827.757,1.20808,1.14691,1.13546,0.030048,0.0896,0.016384,0.188416,0.811008,0.03672,1244819,1244819,415283,33.3609,1920,1080,raygs,triangles,1,off,0,on,-4
1781754699772275924,7702.67,828.511,1.20698,1.14771,1.13616,0.029856,0.089504,0.016384,0.18944,0.810976,0.017781,1244819,1244819,415283,33.3609,1920,1080,raygs,triangles,1,off,0,on,-4
1781754699773591718,7703.98,828.576,1.20689,1.14598,1.13331,0.030208,0.088864,0.016128,0.187392,0.81072,0.025511,1244819,1244819,415283,33.3609,1920,1080,raygs,triangles,1,off,0,on,-4
1781754699774910901,7705.3,826.986,1.20921,1.14835,1.13728,0.03152,0.089952,0.016384,0.188416,0.811008,0.024193,1244819,1244819,415283,33.3609,1920,1080,raygs,triangles,1,off,0,on,-4
1781754699776087825,7706.48,825.362,1.21159,1.15197,1.14,0.035168,0.088896,0.016384,0.187648,0.811904,0.023883,1244819,1244819,415283,33.3609,1920,1080,raygs,triangles,1,off,0,on,-4
1781754699777301132,7707.69,825.216,1.2118,1.14803,1.13578,0.030048,0.088768,0.016384,0.1896,0.810976,0.033568,1244819,1244819,415283,33.3609,1920,1080,raygs,triangles,1,off,0,on,-4
1781754699778442199,7708.83,825.193,1.21184,1.14717,1.13373,0.030336,0.088832,0.016384,0.187392,0.810784,0.017803,1244819,1244819,415283,33.3609,1920,1080,raygs,triangles,1,off,0,on,-4
1781754699779713842,7710.11,825.124,1.21194,1.15133,1.1375,0.0304,0.08896,0.015648,0.192512,0.809984,0.03914,1244819,1244819,415283,33.3609,1920,1080,raygs,triangles,1,off,0,on,-4
1781754699780807863,7711.2,825.931,1.21076,1.14787,1.13504,0.030528,0.089728,0.01536,0.188416,0.811008,0.016389,1244819,1244819,415283,33.3609,1920,1080,raygs,triangles,1,off,0,on,-4
1781754699782142751,7712.53,829.135,1.20608,1.14701,1.13552,0.030176,0.089536,0.016384,0.188416,0.811008,0.039211,1244819,1244819,415283,33.3609,1920,1080,raygs,triangles,1,off,0,on,-4
1781754699783267800,7713.66,827.095,1.20905,1.14918,1.13648,0.031328,0.08912,0.015584,0.18944,0.811008,0.015333,1244819,1244819,415283,33.3609,1920,1080,raygs,triangles,1,off,0,on,-4
1781754699784432749,7714.82,827.641,1.20825,1.14531,1.13299,0.030208,0.089216,0.016384,0.186368,0.810816,0.024841,1244819,1244819,415283,33.3609,1920,1080,raygs,triangles,1,off,0,on,-4
1781754699785603998,7716,827.818,1.208,1.14685,1.13299,0.030048,0.088768,0.015584,0.18784,0.810752,0.02588,1244819,1244819,415283,33.3609,1920,1080,raygs,triangles,1,off,0,on,-4
1781754699786775960,7717.17,829.162,1.20604,1.14944,1.13709,0.029536,0.089536,0.016384,0.190848,0.810784,0.024228,1244819,1244819,415283,33.3609,1920,1080,raygs,triangles,1,off,0,on,-4
1781754699787973723,7718.37,828.011,1.20771,1.14778,1.13312,0.029824,0.089536,0.01536,0.188416,0.809984,0.028347,1244819,1244819,415283,33.3609,1920,1080,raygs,triangles,1,off,0,on,-4
1781754699789138130,7719.53,828.932,1.20637,1.14938,1.13795,0.030528,0.089536,0.016384,0.190528,0.810976,0.024506,1244819,1244819,415283,33.3609,1920,1080,raygs,triangles,1,off,0,on,-4
1781754699790480345,7720.87,829.009,1.20626,1.31411,1.3009,0.030368,0.088832,0.016384,0.354304,0.811008,0.025203,1244819,1244819,415283,33.3609,1920,1080,raygs,triangles,1,off,0,on,-4
1781754699791842790,7722.23,826.992,1.2092,1.34378,1.33069,0.030368,0.088928,0.01536,0.386048,0.809984,0.024476,1244819,1244819,415283,33.3609,1920,1080,raygs,triangles,1,off,0,on,-4
1781754699793014987,7723.41,824.825,1.21238,1.14707,1.13418,0.030208,0.090208,0.015552,0.187392,0.810816,0.024318,1244819,1244819,415283,33.3609,1920,1080,raygs,triangles,1,off,0,on,-4
1781754699794184226,7724.58,825.065,1.21203,1.1473,1.13558,0.029472,0.08928,0.016384,0.18944,0.811008,0.024546,1244819,1244819,415283,33.3609,1920,1080,raygs,triangles,1,off,0,on,-4
1781754699795362471,7725.75,824.96,1.21218,1.1473,1.13414,0.030496,0.089056,0.016384,0.187392,0.810816,0.02409,1244819,1244819,415283,33.3609,1920,1080,raygs,triangles,1,off,0,on,-4
1781754699796612844,7727,824.876,1.2123,1.1456,1.13347,0.030368,0.089344,0.016384,0.187392,0.809984,0.041726,1244819,1244819,415283,33.3609,1920,1080,raygs,triangles,1,off,0,on,-4
1781754699797704394,7728.1,825.7,1.21109,1.14787,1.13555,0.030368,0.089568,0.01616,0.188864,0.810592,0.015275,1244819,1244819,415283,33.3609,1920,1080,raygs,triangles,1,off,0,on,-4
1781754699799038091,7729.43,828.98,1.2063,1.14803,1.13587,0.030176,0.089888,0.016384,0.18944,0.809984,0.036451,1244819,1244819,415283,33.3609,1920,1080,raygs,triangles,1,off,0,on,-4
1781754699800164232,7730.56,827.221,1.20887,1.14922,1.1359,0.03136,0.089152,0.016256,0.188416,0.81072,0.016827,1244819,1244819,415283,33.3609,1920,1080,raygs,triangles,1,off,0,on,-4
1781754699801348327,7731.74,828.083,1.20761,1.14669,1.13542,0.029856,0.08976,0.016384,0.188416,0.811008,0.025054,1244819,1244819,415283,33.3609,1920,1080,raygs,triangles,1,off,0,on,-4
1781754699802512672,7732.9,827.408,1.20859,1.14787,1.13638,0.030336,0.0896,0.016384,0.18944,0.810624,0.024089,1244819,1244819,415283,33.3609,1920,1080,raygs,triangles,1,off,0,on,-4
1781754699803682114,7734.07,828.581,1.20688,1.14762,1.13482,0.0304,0.089312,0.01568,0.188416,0.811008,0.024051,1244819,1244819,415283,33.3609,1920,1080,raygs,triangles,1,off,0,on,-4
1781754699804881724,7735.27,829.325,1.2058,1.1504,1.13834,0.030496,0.090016,0.016352,0.190464,0.811008,0.027958,1244819,1244819,415283,33.3609,1920,1080,raygs,triangles,1,off,0,on,-4
1781754699806039324,7736.43,828.853,1.20649,1.14685,1.13571,0.030496,0.089472,0.016384,0.188416,0.810944,0.024205,1244819,1244819,415283,33.3609,1920,1080,raygs,triangles,1,off,0,on,-4
1781754699807387024,7737.78,828.95,1.20635,1.32064,1.30733,0.030752,0.088864,0.016384,0.361472,0.809856,0.024672,1244819,1244819,415283,33.3609,1920,1080,raygs,triangles,1,off,0,on,-4
1781754699808753778,7739.15,826.871,1.20938,1.34029,1.32749,0.03008,0.088736,0.015712,0.381952,0.811008,0.025871,1244819,1244819,415283,33.3609,1920,1080,raygs,triangles,1,off,0,on,-4
1781754699809922700,7740.31,825.032,1.21207,1.14822,1.13539,0.030368,0.09008,0.01536,0.188704,0.81088,0.025059,1244819,1244819,415283,33.3609,1920,1080,raygs,triangles,1,off,0,on,-4
1781754699811089997,7741.48,824.879,1.2123,1.14659,1.13354,0.029792,0.088576,0.015744,0.188416,0.811008,0.023718,1244819,1244819,415283,33.3609,1920,1080,raygs,triangles,1,off,0,on,-4
1781754699812285628,7742.68,824.966,1.21217,1.14698,1.13504,0.030176,0.088928,0.016384,0.188544,0.811008,0.026168,1244819,1244819,415283,33.3609,1920,1080,raygs,triangles,1,off,0,on,-4
1781754699813492228,7743.88,824.442,1.21294,1.14643,1.13411,0.030656,0.089696,0.01536,0.187392,0.811008,0.03679,1244819,1244819,415283,33.3609,1920,1080,raygs,triangles,1,off,0,on,-4
1781754699814746776,7745.14,826.36,1.21013,1.14637,1.13341,0.030592,0.088832,0.01536,0.187808,0.810816,0.0175,1244819,1244819,415283,33.3609,1920,1080,raygs,triangles,1,off,0,on,-4
1781754699815912806,7746.3,827.316,1.20873,1.14762,1.13642,0.030784,0.08976,0.016384,0.18848,0.811008,0.025708,1244819,1244819,415283,33.3609,1920,1080,raygs,triangles,1,off,0,on,-4
1781754699817125284,7747.52,827.406,1.2086,1.1463,1.13382,0.030528,0.089536,0.01536,0.187392,0.811008,0.036784,1244819,1244819,415283,33.3609,1920,1080,raygs,triangles,1,off,0,on,-4
1781754699818300182,7748.69,826.807,1.20947,1.14938,1.13712,0.030528,0.090112,0.016384,0.18944,0.810656,0.032108,1244819,1244819,415283,33.3609,1920,1080,raygs,triangles,1,off,0,on,-4
1781754699819447318,7749.84,827.627,1.20827,1.14717,1.1327,0.029312,0.089632,0.01536,0.188416,0.809984,0.0191,1244819,1244819,415283,33.3609,1920,1080,raygs,triangles,1,off,0,on,-4
1781754699820615612,7751.01,827.341,1.20869,1.14733,1.1345,0.030528,0.089088,0.01536,0.188544,0.810976,0.025659,1244819,1244819,415283,33.3609,1920,1080,raygs,triangles,1,off,0,on,-4
1781754699821789415,7752.18,828.752,1.20663,1.14835,1.13706,0.030208,0.090144,0.016384,0.18944,0.81088,0.025172,1244819,1244819,415283,33.3609,1920,1080,raygs,triangles,1,off,0,on,-4
1781754699822958304,7753.35,828.531,1.20696,1.15069,1.13594,0.029792,0.089376,0.015552,0.190464,0.810752,0.024827,1244819,1244819,415283,33.3609,1920,1080,raygs,triangles,1,off,0,on,-4
1781754699824320379,7754.71,828.7,1.20671,1.3247,1.31152,0.0296,0.089344,0.016096,0.365568,0.810912,0.026855,1244819,1244819,415283,33.3609,1920,1080,raygs,triangles,1,off,0,on,-4
1781754699825696055,7756.09,826.522,1.20989,1.32326,1.30986,0.02928,0.262624,0.01536,0.19184,0.810752,0.037138,1244819,1244819,415283,33.3609,1920,1080,raygs,triangles,1,off,0,on,-4
1781754699826811702,7757.2,824.298,1.21315,1.14637,1.13402,0.029536,0.089536,0.016384,0.187808,0.810752,0.014727,1244819,1244819,415283,33.3609,1920,1080,raygs,triangles,1,off,0,on,-4
1781754699828033675,7758.42,825.061,1.21203,1.1471,1.13421,0.030272,0.089024,0.016384,0.187648,0.81088,0.036885,1244819,1244819,415283,33.3609,1920,1080,raygs,triangles,1,off,0,on,-4
1781754699829181525,7759.57,824.312,1.21313,1.14899,1.13638,0.029952,0.089344,0.015616,0.190464,0.811008,0.019682,1244819,1244819,415283,33.3609,1920,1080,raygs,triangles,1,off,0,on,-4
1781754699830506227,7760.9,826.52,1.20989,1.14717,1.13443,0.02928,0.08912,0.01648,0.187712,0.81184,0.04985,1244819,1244819,415283,33.3609,1920,1080,raygs,triangles,1,off,0,on,-4
1781754699831664469,7762.06,826.629,1.20973,1.14778,1.13434,0.030144,0.088736,0.016384,0.188416,0.810656,0.022906,1244819,1244819,415283,33.3609,1920,1080,raygs,triangles,1,off,0,on,-4
1781754699832826073,7763.22,827.541,1.2084,1.14909,1.13629,0.031264,0.08912,0.016384,0.1888,0.81072,0.026622,1244819,1244819,415283,33.3609,1920,1080,raygs,triangles,1,off,0,on,-4
1781754699833995309,7764.39,827.454,1.20853,1.14906,1.13456,0.030176,0.088576,0.01536,0.18944,0.811008,0.027011,1244819,1244819,415283,33.3609,1920,1080,raygs,triangles,1,off,0,on,-4
1781754699835183408,7765.57,827.32,1.20872,1.14794,1.13597,0.030304,0.089696,0.016384,0.1888,0.810784,0.034979,1244819,1244819,415283,33.3609,1920,1080,raygs,triangles,1,off,0,on,-4
1781754699836396034,7766.79,828.02,1.2077,1.14758,1.13491,0.030752,0.08944,0.016384,0.187392,0.810944,0.04012,1244819,1244819,415283,33.3609,1920,1080,raygs,triangles,1,off,0,on,-4
1781754699837513694,7767.91,826.937,1.20928,1.14746,1.13565,0.030656,0.089088,0.016384,0.188512,0.811008,0.015605,1244819,1244819,415283,33.3609,1920,1080,raygs,triangles,1,off,0,on,-4
1781754699838692412,7769.08,828.55,1.20693,1.14893,1.1351,0.030048,0.089504,0.016128,0.18944,0.809984,0.027183,1244819,1244819,415283,33.3609,1920,1080,raygs,triangles,1,off,0,on,-4
1781754699840039611,7770.43,828.568,1.2069,1.32637,1.31402,0.0304,0.089632,0.016384,0.367616,0.809984,0.025352,1244819,1244819,415283,33.3609,1920,1080,raygs,triangles,1,off,0,on,-4
1781754699841355922,7771.75,828.379,1.20718,1.30368,1.29229,0.030176,0.088992,0.16896,0.193536,0.810624,0.024281,1244819,1244819,415283,33.3609,1920,1080,raygs,triangles,1,off,0,on,-4
1781754699842661802,7773.05,826.154,1.21043,1.28541,1.27152,0.1696,0.089184,0.01536,0.186368,0.811008,0.026547,1244819,1244819,415283,33.3609,1920,1080,raygs,triangles,1,off,0,on,-4
1781754699843840599,7774.23,824.757,1.21248,1.14582,1.13149,0.03024,0.088768,0.01536,0.187392,0.809728,0.024644,1244819,1244819,415283,33.3609,1920,1080,raygs,triangles,1,off,0,on,-4
1781754699845046585,7775.44,825.194,1.21184,1.14701,1.13552,0.030176,0.089536,0.016384,0.188416,0.811008,0.032994,1244819,1244819,415283,33.3609,1920,1080,raygs,triangles,1,off,0,on,-4
1781754699846321940,7776.71,824.487,1.21287,1.1711,1.15686,0.030048,0.089664,0.015392,0.210944,0.810816,0.036552,1244819,1244819,415283,33.3609,1920,1080,raygs,triangles,1,off,0,on,-4
1781754699847386232,7777.78,824.804,1.21241,1.14758,1.13408,0.030176,0.088416,0.01536,0.18944,0.810688,0.016136,1244819,1244819,415283,33.3609,1920,1080,raygs,triangles,1,off,0,on,-4
1781754699848677019,7779.07,827.816,1.208,1.14723,1.13347,0.030016,0.089536,0.01552,0.188416,0.809984,0.025921,1244819,1244819,415283,33.3609,1920,1080,raygs,triangles,1,off,0,on,-4
1781754699849848833,7780.24,826.543,1.20986,1.14803,1.13456,0.031328,0.088768,0.01536,0.188416,0.810688,0.024687,1244819,1244819,415283,33.3609,1920,1080,raygs,triangles,1,off,0,on,-4
1781754699851014949,7781.41,827.071,1.20909,1.14701,1.13331,0.030208,0.089152,0.015552,0.188416,0.809984,0.023845,1244819,1244819,415283,33.3609,1920,1080,raygs,triangles,1,off,0,on,-4
1781754699852248738,7782.64,826.761,1.20954,1.15101,1.1377,0.030144,0.089376,0.015648,0.19152,0.811008,0.039328,1244819,1244819,415283,33.3609,1920,1080,raygs,triangles,1,off,0,on,-4
1781754699853389137,7783.78,827.23,1.20885,1.14794,1.13398,0.029952,0.088672,0.015744,0.188608,0.811008,0.016214,1244819,1244819,415283,33.3609,1920,1080,raygs,triangles,1,off,0,on,-4
1781754699854547789,7784.94,826.748,1.20956,1.1479,1.13504,0.030048,0.089024,0.016384,0.188704,0.81088,0.025721,1244819,1244819,415283,33.3609,1920,1080,raygs,triangles,1,off,0,on,-4
1781754699855714340,7786.11,828.721,1.20668,1.14922,1.1352,0.030368,0.089184,0.01536,0.18944,0.810848,0.024468,1244819,1244819,415283,33.3609,1920,1080,raygs,triangles,1,off,0,on,-4
1781754699857068531,7787.46,828.233,1.20739,1.31786,1.30403,0.030048,0.088864,0.015712,0.360448,0.80896,0.024579,1244819,1244819,415283,33.3609,1920,1080,raygs,triangles,1,off,0,on,-4
1781754699858446828,7788.84,826.026,1.21062,1.34496,1.33104,0.030496,0.089152,0.01536,0.386048,0.809984,0.024567,1244819,1244819,415283,33.3609,1920,1080,raygs,triangles,1,off,0,on,-4
1781754699859598119,7789.99,823.678,1.21407,1.14669,1.13274,0.029888,0.089888,0.015488,0.186464,0.811008,0.024238,1244819,1244819,415283,33.3609,1920,1080,raygs,triangles,1,off,0,on,-4
1781754699860769172,7791.16,823.934,1.21369,1.14685,1.13296,0.029856,0.089472,0.016256,0.187392,0.809984,0.024524,1244819,1244819,415283,33.3609,1920,1080,raygs,triangles,1,off,0,on,-4
1781754699861940964,7792.33,824.266,1.2132,1.14653,1.13213,0.029728,0.089632,0.015392,0.187392,0.809984,0.024322,1244819,1244819,415283,33.3609,1920,1080,raygs,triangles,1,off,0,on,-4
1781754699863169602,7793.56,824.097,1.21345,1.14829,1.13466,0.030464,0.089664,0.016128,0.188416,0.809984,0.040796,1244819,1244819,415283,33.3609,1920,1080,raygs,triangles,1,off,0,on,-4
1781754699864362433,7794.75,825.341,1.21162,1.14794,1.13555,0.030112,0.089632,0.016384,0.18944,0.809984,0.032059,1244819,1244819,415283,33.3609,1920,1080,raygs,triangles,1,off,0,on,-4
1781754699865591358,7795.98,827.029,1.20915,1.14646,1.1343,0.0304,0.089184,0.016256,0.187456,0.811008,0.016741,1244819,1244819,415283,33.3609,1920,1080,raygs,triangles,1,off,0,on,-4
1781754699866765908,7797.16,826.585,1.2098,1.15085,1.1385,0.030976,0.08896,0.016384,0.191488,0.810688,0.025059,1244819,1244819,415283,33.3609,1920,1080,raygs,triangles,1,off,0,on,-4
1781754699867933882,7798.33,826.706,1.20962,1.14816,1.13462,0.030336,0.089536,0.01536,0.18944,0.809952,0.024302,1244819,1244819,415283,33.3609,1920,1080,raygs,triangles,1,off,0,on,-4
1781754699869109658,7799.5,826.783,1.20951,1.14624,1.13328,0.030432,0.089472,0.01536,0.187392,0.810624,0.025037,1244819,1244819,415283,33.3609,1920,1080,raygs,triangles,1,off,0,on,-4
1781754699870288822,7800.68,827.731,1.20812,1.14749,1.13546,0.030336,0.088288,0.016384,0.18944,0.811008,0.024961,1244819,1244819,415283,33.3609,1920,1080,raygs,triangles,1,off,0,on,-4
1781754699871450567,7801.84,826.635,1.20972,1.14822,1.13578,0.030496,0.089504,0.016384,0.188416,0.810976,0.024042,1244819,1244819,415283,33.3609,1920,1080,raygs,triangles,1,off,0,on,-4
1781754699872624648,7803.02,828.633,1.20681,1.14771,1.13462,0.030272,0.089568,0.016384,0.188416,0.809984,0.025037,1244819,1244819,415283,33.3609,1920,1080,raygs,triangles,1,off,0,on,-4
1781754699873966311,7804.36,828.077,1.20762,1.3176,1.30506,0.029792,0.089472,0.016384,0.359424,0.809984,0.024107,1244819,1244819,415283,33.3609,1920,1080,raygs,triangles,1,off,0,on,-4
1781754699875341071,7805.73,826.319,1.21019,1.34221,1.33002,0.030848,0.090016,0.016384,0.381952,0.810816,0.025506,1244819,1244819,415283,33.3609,1920,1080,raygs,triangles,1,off,0,on,-4
1781754699876506534,7806.9,823.845,1.21382,1.14829,1.13616,0.030432,0.090048,0.016256,0.188416,0.811008,0.024133,1244819,1244819,415283,33.3609,1920,1080,raygs,triangles,1,off,0,on,-4
1781754699877680064,7808.07,823.901,1.21374,1.14685,1.13434,0.030016,0.089536,0.016384,0.187392,0.811008,0.025432,1244819,1244819,415283,33.3609,1920,1080,raygs,triangles,1,off,0,on,-4
1781754699878853958,7809.25,824.2,1.2133,1.14666,1.13466,0.029728,0.0896,0.016384,0.188416,0.810528,0.023775,1244819,1244819,415283,33.3609,1920,1080,raygs,triangles,1,off,0,on,-4
1781754699880105598,7810.5,824.007,1.21358,1.14573,1.13443,0.030464,0.08944,0.016352,0.187392,0.810784,0.039965,1244819,1244819,415283,33.3609,1920,1080,raygs,triangles,1,off,0,on,-4
1781754699881215747,7811.61,825.046,1.21205,1.15021,1.13674,0.030336,0.0896,0.01536,0.190464,0.810976,0.018243,1244819,1244819,415283,33.3609,1920,1080,raygs,triangles,1,off,0,on,-4
1781754699882501241,7812.89,827.954,1.2078,1.14726,1.13498,0.030432,0.089088,0.01536,0.188416,0.81168,0.026058,1244819,1244819,415283,33.3609,1920,1080,raygs,triangles,1,off,0,on,-4
1781754699883741971,7814.13,826.675,1.20967,1.14717,1.13462,0.030368,0.089696,0.016384,0.187392,0.810784,0.045531,1244819,1244819,415283,33.3609,1920,1080,raygs,triangles,1,off,0,on,-4
1781754699884865838,7815.26,825.749,1.21102,1.14819,1.13642,0.029312,0.08944,0.016192,0.190464,0.811008,0.016709,1244819,1244819,415283,33.3609,1920,1080,raygs,triangles,1,off,0,on,-4
1781754699886027910,7816.42,826.747,1.20956,1.14749,1.13546,0.030336,0.089152,0.016384,0.1888,0.810784,0.025679,1244819,1244819,415283,33.3609,1920,1080,raygs,triangles,1,off,0,on,-4
1781754699887202623,7817.59,827.266,1.2088,1.14803,1.13562,0.030592,0.0896,0.016384,0.188416,0.810624,0.029939,1244819,1244819,415283,33.3609,1920,1080,raygs,triangles,1,off,0,on,-4
1781754699888375910,7818.77,828.07,1.20763,1.14838,1.1359,0.029536,0.089536,0.016384,0.190464,0.809984,0.02821,1244819,1244819,415283,33.3609,1920,1080,raygs,triangles,1,off,0,on,-4
1781754699889563834,7819.96,827.908,1.20786,1.14925,1.13802,0.030368,0.089184,0.016384,0.190464,0.811616,0.033335,1244819,1244819,415283,33.3609,1920,1080,raygs,triangles,1,off,0,on,-4
1781754699890936115,7821.33,828.311,1.20728,1.32598,1.31181,0.030528,0.089344,0.01536,0.365568,0.811008,0.030404,1244819,1244819,415283,33.3609,1920,1080,raygs,triangles,1,off,0,on,-4
1781754699892236589,7822.63,825.999,1.21065,1.31981,1.3057,0.030272,0.088608,0.183296,0.193536,0.809984,0.015089,1244819,1244819,415283,33.3609,1920,1080,raygs,triangles,1,off,0,on,-4
1781754699893421064,7823.81,824.318,1.21312,1.14611,1.13466,0.030336,0.089824,0.016384,0.187392,0.81072,0.025517,1244819,1244819,415283,33.3609,1920,1080,raygs,triangles,1,off,0,on,-4
1781754699894587851,7824.98,824.129,1.2134,1.14746,1.13546,0.030656,0.08912,0.016256,0.188416,0.811008,0.024716,1244819,1244819,415283,33.3609,1920,1080,raygs,triangles,1,off,0,on,-4
1781754699895812678,7826.2,824.256,1.21322,1.148,1.13482,0.030176,0.088832,0.016384,0.18944,0.809984,0.04588,1244819,1244819,415283,33.3609,1920,1080,raygs,triangles,1,off,0,on,-4
1781754699897004000,7827.4,823.391,1.21449,1.14794,1.13283,0.030048,0.089376,0.01536,0.187392,0.810656,0.031344,1244819,1244819,415283,33.3609,1920,1080,raygs,triangles,1,off,0,on,-4
1781754699898222489,7828.61,825.455,1.21145,1.14749,1.13491,0.030368,0.08976,0.016384,0.188416,0.809984,0.014858,1244819,1244819,415283,33.3609,1920,1080,raygs,triangles,1,off,0,on,-4
1781754699899395536,7829.79,827.34,1.20869,1.14832,1.13715,0.03104,0.08944,0.016384,0.188416,0.811872,0.024051,1244819,1244819,415283,33.3609,1920,1080,raygs,triangles,1,off,0,on,-4
1781754699900564870,7830.96,826.634,1.20972,1.14794,1.13661,0.03008,0.08992,0.016384,0.18944,0.810784,0.02852,1244819,1244819,415283,33.3609,1920,1080,raygs,triangles,1,off,0,on,-4
1781754699901743546,7832.13,827.322,1.20872,1.14835,1.13414,0.029472,0.089568,0.01568,0.18944,0.809984,0.024543,1244819,1244819,415283,33.3609,1920,1080,raygs,triangles,1,off,0,on,-4
1781754699902911088,7833.3,826.978,1.20922,1.1488,1.1359,0.030624,0.089312,0.01552,0.18944,0.811008,0.024274,1244819,1244819,415283,33.3609,1920,1080,raygs,triangles,1,off,0,on,-4
1781754699904079957,7834.47,828.974,1.20631,1.14733,1.13434,0.029472,0.089312,0.016256,0.188416,0.81088,0.023856,1244819,1244819,415283,33.3609,1920,1080,raygs,triangles,1,off,0,on,-4
1781754699905265215,7835.66,828.642,1.20679,1.14835,1.13437,0.029472,0.089152,0.01536,0.18944,0.810944,0.02518,1244819,1244819,415283,33.3609,1920,1080,raygs,triangles,1,off,0,on,-4
1781754699906602046,7836.99,828.28,1.20732,1.31965,1.30778,0.029792,0.0896,0.016384,0.360448,0.811552,0.024884,1244819,1244819,415283,33.3609,1920,1080,raygs,triangles,1,off,0,on,-4
1781754699907948747,7838.34,826.463,1.20998,1.32141,1.30736,0.030016,0.08848,0.01536,0.36352,0.809984,0.024062,1244819,1244819,415283,33.3609,1920,1080,raygs,triangles,1,off,0,on,-4
1781754699909113997,7839.51,824.66,1.21262,1.14701,1.13478,0.030176,0.09088,0.016352,0.187392,0.809984,0.024003,1244819,1244819,415283,33.3609,1920,1080,raygs,triangles,1,off,0,on,-4
1781754699910302585,7840.69,825.226,1.21179,1.14726,1.13363,0.030432,0.08944,0.01536,0.187392,0.811008,0.026751,1244819,1244819,415283,33.3609,1920,1080,raygs,triangles,1,off,0,on,-4
1781754699911469432,7841.86,824.328,1.21311,1.14925,1.13683,0.030368,0.089632,0.016384,0.18944,0.811008,0.026162,1244819,1244819,415283,33.3609,1920,1080,raygs,triangles,1,off,0,on,-4
1781754699912684619,7843.08,824.489,1.21287,1.1463,1.13424,0.029472,0.089344,0.016352,0.188416,0.810656,0.037207,1244819,1244819,415283,33.3609,1920,1080,raygs,triangles,1,off,0,on,-4
1781754699913880096,7844.27,825.879,1.21083,1.14614,1.13408,0.030368,0.089152,0.01616,0.187392,0.811008,0.031963,1244819,1244819,415283,33.3609,1920,1080,raygs,triangles,1,off,0,on,-4
1781754699915115590,7845.51,827.222,1.20887,1.14717,1.13376,0.030336,0.08864,0.016384,0.188416,0.809984,0.016455,1244819,1244819,415283,33.3609,1920,1080,raygs,triangles,1,off,0,on,-4
1781754699916292202,7846.68,828.006,1.20772,1.14803,1.13424,0.030208,0.089696,0.01536,0.188416,0.81056,0.026835,1244819,1244819,415283,33.3609,1920,1080,raygs,triangles,1,off,0,on,-4
1781754699917460442,7847.85,828.129,1.20754,1.14835,1.13632,0.030368,0.08912,0.016384,0.18944,0.811008,0.025974,1244819,1244819,415283,33.3609,1920,1080,raygs,triangles,1,off,0,on,-4
1781754699918701549,7849.09,828.6,1.20686,1.14774,1.13501,0.029888,0.089472,0.016224,0.18944,0.809984,0.04576,1244819,1244819,415283,33.3609,1920,1080,raygs,triangles,1,off,0,on,-4
1781754699919811761,7850.2,829.017,1.20625,1.14771,1.13536,0.029856,0.089696,0.016384,0.188416,0.811008,0.015679,1244819,1244819,415283,33.3609,1920,1080,raygs,triangles,1,off,0,on,-4
1781754699920987715,7851.38,828.471,1.20704,1.14739,1.1336,0.029472,0.089472,0.016256,0.188416,0.809984,0.025887,1244819,1244819,415283,33.3609,1920,1080,raygs,triangles,1,off,0,on,-4
1781754699922388200,7852.78,829.74,1.2052,1.15088,1.13664,0.029952,0.089856,0.01536,0.190464,0.811008,0.025842,1244819,1244819,415283,33.3609,1920,1080,raygs,triangles,1,off,0,on,-4
1781754699923707734,7854.1,827.124,1.20901,1.14982,1.13645,0.032416,0.089248,0.016384,0.188416,0.809984,0.025362,1244819,1244819,415283,33.3609,1920,1080,raygs,triangles,1,off,0,on,-4
1781754699924880117,7855.27,825.392,1.21154,1.15184,1.13824,0.035008,0.089632,0.016224,0.187392,0.809984,0.023649,1244819,1244819,415283,33.3609,1920,1080,raygs,triangles,1,off,0,on,-4
1781754699926049911,7856.44,826.159,1.21042,1.14701,1.13395,0.030176,0.088992,0.016384,0.188416,0.809984,0.023845,1244819,1244819,415283,33.3609,1920,1080,raygs,triangles,1,off,0,on,-4
1781754699927228165,7857.62,825.789,1.21096,1.14717,1.13405,0.0304,0.088864,0.016384,0.188416,0.809984,0.024673,1244819,1244819,415283,33.3609,1920,1080,raygs,triangles,1,off,0,on,-4
1781754699928410411,7858.8,825.548,1.21132,1.14819,1.13517,0.030304,0.089024,0.015392,0.18944,0.811008,0.024116,1244819,1244819,415283,33.3609,1920,1080,raygs,triangles,1,off,0,on,-4
1781754699929684929,7860.08,825.339,1.21162,1.17088,1.15718,0.030368,0.089504,0.01536,0.211968,0.809984,0.040126,1244819,1244819,415283,33.3609,1920,1080,raygs,triangles,1,off,0,on,-4
1781754699930777741,7861.17,826.149,1.21044,1.14701,1.13354,0.030208,0.088992,0.01536,0.188416,0.81056,0.015758,1244819,1244819,415283,33.3609,1920,1080,raygs,triangles,1,off,0,on,-4
1781754699932085719,7862.48,829.518,1.20552,1.28419,1.27082,0.030176,0.089568,0.01536,0.325728,0.809984,0.024508,1244819,1244819,415283,33.3609,1920,1080,raygs,triangles,1,off,0,on,-4
1781754699933261046,7863.65,827.715,1.20815,1.15056,1.13722,0.029632,0.089408,0.01664,0.190848,0.810688,0.024798,1244819,1244819,415283,33.3609,1920,1080,raygs,triangles,1,off,0,on,-4
1781754699934430471,7864.82,827.675,1.2082,1.15008,1.1377,0.030368,0.089472,0.016384,0.191488,0.809984,0.025707,1244819,1244819,415283,33.3609,1920,1080,raygs,triangles,1,off,0,on,-4
1781754699935605107,7866,827.762,1.20808,1.14675,1.1336,0.029952,0.089248,0.01536,0.188416,0.810624,0.024306,1244819,1244819,415283,33.3609,1920,1080,raygs,triangles,1,off,0,on,-4
1781754699936801553,7867.19,828.453,1.20707,1.14774,1.13565,0.03056,0.089408,0.016256,0.188416,0.811008,0.02746,1244819,1244819,415283,33.3609,1920,1080,raygs,triangles,1,off,0,on,-4
1781754699937953191,7868.34,828.601,1.20685,1.14678,1.13494,0.029952,0.089344,0.015584,0.188416,0.811648,0.024876,1244819,1244819,415283,33.3609,1920,1080,raygs,triangles,1,off,0,on,-4
1781754699939122006,7869.51,829.293,1.20585,1.14934,1.13824,0.030624,0.089856,0.016384,0.190464,0.810912,0.024396,1244819,1244819,415283,33.3609,1920,1080,raygs,triangles,1,off,0,on,-4
1781754699940474615,7870.87,829.251,1.20591,1.14598,1.1319,0.030176,0.088832,0.01536,0.186784,0.810752,0.025843,1244819,1244819,415283,33.3609,1920,1080,raygs,triangles,1,off,0,on,-4
1781754699941794731,7872.19,827.104,1.20904,1.14781,1.13523,0.030976,0.089472,0.016384,0.187392,0.811008,0.024429,1244819,1244819,415283,33.3609,1920,1080,raygs,triangles,1,off,0,on,-4
1781754699942965782,7873.36,825.487,1.21141,1.1527,1.13962,0.035904,0.089952,0.016384,0.186368,0.811008,0.023634,1244819,1244819,415283,33.3609,1920,1080,raygs,triangles,1,off,0,on,-4
1781754699944142238,7874.53,825.546,1.21132,1.14685,1.13555,0.030496,0.089472,0.016384,0.188416,0.810784,0.023411,1244819,1244819,415283,33.3609,1920,1080,raygs,triangles,1,off,0,on,-4
1781754699945330404,7875.72,825.43,1.21149,1.14733,1.13363,0.029504,0.089184,0.016384,0.187584,0.810976,0.030804,1244819,1244819,415283,33.3609,1920,1080,raygs,triangles,1,off,0,on,-4
1781754699946550035,7876.94,825.242,1.21177,1.14646,1.13424,0.030656,0.089824,0.016384,0.186368,0.811008,0.040745,1244819,1244819,415283,33.3609,1920,1080,raygs,triangles,1,off,0,on,-4
1781754699947666632,7878.06,826.55,1.20985,1.14662,1.13466,0.029792,0.089248,0.016384,0.188416,0.810816,0.016706,1244819,1244819,415283,33.3609,1920,1080,raygs,triangles,1,off,0,on,-4
1781754699948953123,7879.34,829.556,1.20546,1.14598,1.13494,0.030624,0.089536,0.016384,0.188416,0.809984,0.026132,1244819,1244819,415283,33.3609,1920,1080,raygs,triangles,1,off,0,on,-4
1781754699950132633,7880.52,828.167,1.20749,1.15011,1.13696,0.030912,0.08928,0.01632,0.18944,0.811008,0.025554,1244819,1244819,415283,33.3609,1920,1080,raygs,triangles,1,off,0,on,-4
1781754699951298795,7881.69,828.118,1.20756,1.14685,1.13466,0.030304,0.089696,0.016128,0.18768,0.810848,0.024816,1244819,1244819,415283,33.3609,1920,1080,raygs,triangles,1,off,0,on,-4
1781754699952472474,7882.86,828.212,1.20742,1.14733,1.13462,0.029472,0.089536,0.016192,0.188416,0.811008,0.02682,1244819,1244819,415283,33.3609,1920,1080,raygs,triangles,1,off,0,on,-4
1781754699953704954,7884.1,829.224,1.20595,1.14906,1.13616,0.030208,0.088992,0.016384,0.189792,0.810784,0.045872,1244819,1244819,415283,33.3609,1920,1080,raygs,triangles,1,off,0,on,-4
1781754699954815471,7885.21,827.684,1.20819,1.14682,1.13552,0.030016,0.089696,0.016384,0.188416,0.811008,0.015445,1244819,1244819,415283,33.3609,1920,1080,raygs,triangles,1,off,0,on,-4
1781754699955990887,7886.38,829.723,1.20522,1.14733,1.13315,0.030528,0.088864,0.01536,0.188416,0.809984,0.026477,1244819,1244819,415283,33.3609,1920,1080,raygs,triangles,1,off,0,on,-4
1781754699957337118,7887.73,830.504,1.20409,1.31155,1.29923,0.029888,0.089568,0.016384,0.3536,0.809792,0.026571,1244819,1244819,415283,33.3609,1920,1080,raygs,triangles,1,off,0,on,-4
1781754699958749424,7889.14,827.901,1.20787,1.34266,1.33152,0.030528,0.0896,0.016384,0.384,0.811008,0.038976,1244819,1244819,415283,33.3609,1920,1080,raygs,triangles,1,off,0,on,-4
1781754699959878757,7890.27,825.011,1.21211,1.14582,1.13206,0.02976,0.089568,0.01536,0.187392,0.809984,0.015109,1244819,1244819,415283,33.3609,1920,1080,raygs,triangles,1,off,0,on,-4
1781754699961041227,7891.43,825.616,1.21122,1.14787,1.13565,0.030528,0.089312,0.016384,0.188416,0.811008,0.024821,1244819,1244819,415283,33.3609,1920,1080,raygs,triangles,1,off,0,on,-4
1781754699962219962,7892.61,825.783,1.21097,1.14669,1.13472,0.03056,0.089376,0.016384,0.188416,0.809984,0.029867,1244819,1244819,415283,33.3609,1920,1080,raygs,triangles,1,off,0,on,-4
1781754699963477617,7893.87,825.815,1.21092,1.14746,1.13331,0.0296,0.089952,0.01536,0.188416,0.809984,0.040598,1244819,1244819,415283,33.3609,1920,1080,raygs,triangles,1,off,0,on,-4
1781754699964568785,7894.96,827.086,1.20906,1.14778,1.13446,0.029984,0.08944,0.015616,0.18944,0.809984,0.017003,1244819,1244819,415283,33.3609,1920,1080,raygs,triangles,1,off,0,on,-4
1781754699965874781,7896.27,829.494,1.20555,1.14797,1.13392,0.030112,0.090048,0.01536,0.188416,0.809984,0.027987,1244819,1244819,415283,33.3609,1920,1080,raygs,triangles,1,off,0,on,-4
1781754699967061116,7897.45,828.122,1.20755,1.1481,1.13402,0.031296,0.089024,0.015488,0.187392,0.810816,0.036429,1244819,1244819,415283,33.3609,1920,1080,raygs,triangles,1,off,0,on,-4
1781754699968223887,7898.62,827.894,1.20788,1.14717,1.13238,0.029312,0.089312,0.01536,0.188416,0.809984,0.031099,1244819,1244819,415283,33.3609,1920,1080,raygs,triangles,1,off,0,on,-4
1781754699969383921,7899.78,828.771,1.20661,1.14723,1.13469,0.030432,0.089344,0.015488,0.188416,0.811008,0.023838,1244819,1244819,415283,33.3609,1920,1080,raygs,triangles,1,off,0,on,-4
1781754699970552844,7900.94,828.963,1.20633,1.1473,1.13453,0.030496,0.089248,0.016384,0.188416,0.809984,0.025676,1244819,1244819,415283,33.3609,1920,1080,raygs,triangles,1,off,0,on,-4
1781754699971712143,7902.1,829.581,1.20543,1.14992,1.13603,0.03104,0.089024,0.01552,0.190464,0.809984,0.024484,1244819,1244819,415283,33.3609,1920,1080,raygs,triangles,1,off,0,on,-4
1781754699972892484,7903.28,829.71,1.20524,1.14954,1.1344,0.029632,0.089184,0.01536,0.18944,0.810784,0.025714,1244819,1244819,415283,33.3609,1920,1080,raygs,triangles,1,off,0,on,-4
1781754699974240150,7904.63,829.566,1.20545,1.31699,1.3049,0.030208,0.08992,0.016384,0.357376,0.811008,0.025518,1244819,1244819,415283,33.3609,1920,1080,raygs,triangles,1,off,0,on,-4
1781754699975597140,7905.99,827.591,1.20833,1.34173,1.32848,0.03072,0.088576,0.016384,0.381952,0.810848,0.024619,1244819,1244819,415283,33.3609,1920,1080,raygs,triangles,1,off,0,on,-4
1781754699976764303,7907.16,825.463,1.21144,1.1464,1.13549,0.0296,0.090432,0.016384,0.188416,0.810656,0.024112,1244819,1244819,415283,33.3609,1920,1080,raygs,triangles,1,off,0,on,-4
1781754699977942609,7908.33,825.478,1.21142,1.14707,1.1359,0.030272,0.089824,0.016384,0.188416,0.811008,0.024487,1244819,1244819,415283,33.3609,1920,1080,raygs,triangles,1,off,0,on,-4
1781754699979130997,7909.52,825.626,1.2112,1.14672,1.13558,0.030432,0.089344,0.016384,0.188416,0.811008,0.029046,1244819,1244819,415283,33.3609,1920,1080,raygs,triangles,1,off,0,on,-4
1781754699980350215,7910.74,827.14,1.20898,1.14502,1.13296,0.03024,0.089344,0.01536,0.187392,0.810624,0.038209,1244819,1244819,415283,33.3609,1920,1080,raygs,triangles,1,off,0,on,-4
1781754699981578895,7911.97,828.668,1.20676,1.14851,1.13475,0.029664,0.089536,0.016128,0.18944,0.809984,0.01493,1244819,1244819,415283,33.3609,1920,1080,raygs,triangles,1,off,0,on,-4
1781754699982752952,7913.14,827.957,1.20779,1.14826,1.13549,0.030496,0.088832,0.015712,0.18944,0.811008,0.024254,1244819,1244819,415283,33.3609,1920,1080,raygs,triangles,1,off,0,on,-4
1781754699983927186,7914.32,828.178,1.20747,1.14832,1.13475,0.030528,0.089248,0.015552,0.18944,0.809984,0.026371,1244819,1244819,415283,33.3609,1920,1080,raygs,triangles,1,off,0,on,-4
1781754699985096802,7915.49,828.069,1.20763,1.14794,1.13536,0.03008,0.089792,0.016384,0.188416,0.810688,0.024093,1244819,1244819,415283,33.3609,1920,1080,raygs,triangles,1,off,0,on,-4
1781754699986271824,7916.66,828.676,1.20674,1.14784,1.13363,0.030176,0.088672,0.01536,0.188416,0.811008,0.02403,1244819,1244819,415283,33.3609,1920,1080,raygs,triangles,1,off,0,on,-4
1781754699987440938,7917.83,828.95,1.20635,1.1481,1.13699,0.030272,0.089888,0.016384,0.18944,0.811008,0.023663,1244819,1244819,415283,33.3609,1920,1080,raygs,triangles,1,off,0,on,-4
1781754699988613490,7919,829.714,1.20524,1.14842,1.13562,0.029536,0.089248,0.016384,0.190464,0.809984,0.023451,1244819,1244819,415283,33.3609,1920,1080,raygs,triangles,1,off,0,on,-4
1781754699989957301,7920.35,829.657,1.20532,1.31597,1.30384,0.030368,0.08976,0.016352,0.357376,0.809984,0.02409,1244819,1244819,415283,33.3609,1920,1080,raygs,triangles,1,off,0,on,-4
1781754699991311798,7921.7,827.638,1.20826,1.32112,1.30698,0.030208,0.088928,0.01536,0.362496,0.809984,0.024799,1244819,1244819,415283,33.3609,1920,1080,raygs,triangles,1,off,0,on,-4
1781754699992484724,7922.88,826.435,1.21002,1.1473,1.13283,0.029472,0.090336,0.015648,0.187392,0.809984,0.026509,1244819,1244819,415283,33.3609,1920,1080,raygs,triangles,1,off,0,on,-4
1781754699993655947,7924.05,825.631,1.2112,1.14749,1.1335,0.029632,0.089344,0.016128,0.188416,0.809984,0.024797,1244819,1244819,415283,33.3609,1920,1080,raygs,triangles,1,off,0,on,-4
1781754699994830320,7925.22,825.699,1.2111,1.14451,1.13354,0.030112,0.089568,0.016384,0.186656,0.810816,0.025079,1244819,1244819,415283,33.3609,1920,1080,raygs,triangles,1,off,0,on,-4
1781754699996068766,7926.46,828.268,1.20734,1.14646,1.13392,0.029664,0.089472,0.016384,0.188416,0.809984,0.039955,1244819,1244819,415283,33.3609,1920,1080,raygs,triangles,1,off,0,on,-4
1781754699997185456,7927.58,828.994,1.20628,1.14954,1.13805,0.030656,0.0896,0.016384,0.190464,0.810944,0.017417,1244819,1244819,415283,33.3609,1920,1080,raygs,triangles,1,off,0,on,-4
1781754699998469283,7928.86,829.68,1.20528,1.14646,1.13555,0.030656,0.089088,0.016384,0.188416,0.811008,0.026765,1244819,1244819,415283,33.3609,1920,1080,raygs,triangles,1,off,0,on,-4
1781754699999636860,7930.03,828.476,1.20704,1.14714,1.13453,0.030336,0.08928,0.016384,0.187584,0.810944,0.026667,1244819,1244819,415283,33.3609,1920,1080,raygs,triangles,1,off,0,on,-4
1781754700000813085,7931.2,828.637,1.2068,1.14906,1.13491,0.030176,0.088832,0.01536,0.189696,0.810848,0.026541,1244819,1244819,415283,33.3609,1920,1080,raygs,triangles,1,off,0,on,-4
1781754700002185384,7932.58,828.639,1.2068,1.14701,1.13536,0.030176,0.089504,0.016352,0.188416,0.810912,0.047007,1244819,1244819,415283,33.3609,1920,1080,raygs,triangles,1,off,0,on,-4
1781754700003282977,7933.67,827.541,1.2084,1.14643,1.13488,0.030624,0.08944,0.016384,0.187648,0.810784,0.016441,1244819,1244819,415283,33.3609,1920,1080,raygs,triangles,1,off,0,on,-4
1781754700004453519,7934.84,827.529,1.20842,1.14893,1.13578,0.030048,0.08976,0.016384,0.188768,0.810816,0.024911,1244819,1244819,415283,33.3609,1920,1080,raygs,triangles,1,off,0,on,-4
1781754700005628447,7936.02,829.112,1.20611,1.14675,1.13229,0.02992,0.088736,0.01536,0.188416,0.809856,0.026309,1244819,1244819,415283,33.3609,1920,1080,raygs,triangles,1,off,0,on,-4
1781754700006995872,7937.39,829.081,1.20615,1.14675,1.13491,0.02992,0.089536,0.016384,0.188416,0.810656,0.034414,1244819,1244819,415283,33.3609,1920,1080,raygs,triangles,1,off,0,on,-4
1781754700008297131,7938.69,826.81,1.20947,1.14832,1.13494,0.03152,0.088832,0.01536,0.187392,0.81184,0.018922,1244819,1244819,415283,33.3609,1920,1080,raygs,triangles,1,off,0,on,-4
1781754700009467265,7939.86,825.378,1.21157,1.15213,1.13978,0.034272,0.089696,0.016384,0.188416,0.811008,0.024461,1244819,1244819,415283,33.3609,1920,1080,raygs,triangles,1,off,0,on,-4
1781754700010671565,7941.06,825.731,1.21105,1.14646,1.13533,0.030272,0.089408,0.016224,0.188416,0.811008,0.035892,1244819,1244819,415283,33.3609,1920,1080,raygs,triangles,1,off,0,on,-4
1781754700011844015,7942.24,825.05,1.21205,1.14733,1.13251,0.029472,0.08928,0.01536,0.188416,0.809984,0.02672,1244819,1244819,415283,33.3609,1920,1080,raygs,triangles,1,off,0,on,-4
1781754700013116561,7943.51,824.998,1.21212,1.1713,1.15965,0.029888,0.089408,0.016384,0.211968,0.812,0.035836,1244819,1244819,415283,33.3609,1920,1080,raygs,triangles,1,off,0,on,-4
1781754700014182064,7944.57,825.804,1.21094,1.14749,1.13462,0.029664,0.089152,0.016384,0.18944,0.809984,0.016254,1244819,1244819,415283,33.3609,1920,1080,raygs,triangles,1,off,0,on,-4
1781754700015480007,7945.87,828.799,1.20657,1.14803,1.13542,0.030176,0.08928,0.016384,0.18864,0.810944,0.027323,1244819,1244819,415283,33.3609,1920,1080,raygs,triangles,1,off,0,on,-4
1781754700016653357,7947.04,827.44,1.20855,1.14954,1.13568,0.030656,0.089472,0.016128,0.18944,0.809984,0.025736,1244819,1244819,415283,33.3609,1920,1080,raygs,triangles,1,off,0,on,-4
1781754700017900348,7948.29,827.409,1.20859,1.14803,1.13574,0.03024,0.089888,0.016384,0.188416,0.810816,0.046666,1244819,1244819,415283,33.3609,1920,1080,raygs,triangles,1,off,0,on,-4
1781754700019007593,7949.4,826.657,1.20969,1.14861,1.13526,0.030208,0.0896,0.016128,0.188416,0.810912,0.015442,1244819,1244819,415283,33.3609,1920,1080,raygs,triangles,1,off,0,on,-4
1781754700020171818,7950.56,828.129,1.20754,1.14749,1.13562,0.029632,0.08944,0.016384,0.18944,0.81072,0.02587,1244819,1244819,415283,33.3609,1920,1080,raygs,triangles,1,off,0,on,-4
1781754700021352678,7951.74,827.45,1.20853,1.14749,1.13443,0.0304,0.089248,0.01536,0.188416,0.811008,0.026624,1244819,1244819,415283,33.3609,1920,1080,raygs,triangles,1,off,0,on,-4
1781754700022519663,7952.91,828.706,1.2067,1.14698,1.13619,0.030176,0.0896,0.016384,0.18944,0.810592,0.026041,1244819,1244819,415283,33.3609,1920,1080,raygs,triangles,1,off,0,on,-4
1781754700023919166,7954.31,828.871,1.20646,1.3263,1.31235,0.030272,0.088832,0.015712,0.36688,0.810656,0.038558,1244819,1244819,415283,33.3609,1920,1080,raygs,triangles,1,off,0,on,-4
1781754700025244698,7955.64,826.018,1.21063,1.34266,1.32906,0.03024,0.089472,0.01536,0.384,0.809984,0.01644,1244819,1244819,415283,33.3609,1920,1080,raygs,triangles,1,off,0,on,-4
1781754700026409360,7956.8,824.465,1.21291,1.14701,1.13597,0.030176,0.090016,0.016384,0.188416,0.810976,0.028522,1244819,1244819,415283,33.3609,1920,1080,raygs,triangles,1,off,0,on,-4
1781754700027575295,7957.97,825.341,1.21162,1.14646,1.13453,0.030656,0.089024,0.016384,0.187456,0.811008,0.026391,1244819,1244819,415283,33.3609,1920,1080,raygs,triangles,1,off,0,on,-4
1781754700028779337,7959.17,824.654,1.21263,1.14922,1.13718,0.030336,0.090016,0.016384,0.18944,0.811008,0.034422,1244819,1244819,415283,33.3609,1920,1080,raygs,triangles,1,off,0,on,-4
1781754700030026813,7960.42,824.333,1.2131,1.14685,1.13395,0.03104,0.089152,0.01536,0.187392,0.811008,0.035304,1244819,1244819,415283,33.3609,1920,1080,raygs,triangles,1,off,0,on,-4
1781754700031106318,7961.5,825.389,1.21155,1.14691,1.13411,0.030304,0.089056,0.015552,0.188416,0.810784,0.016573,1244819,1244819,415283,33.3609,1920,1080,raygs,triangles,1,off,0,on,-4
1781754700032447151,7962.84,829.281,1.20586,1.14573,1.13363,0.030432,0.08944,0.016384,0.187392,0.809984,0.042906,1244819,1244819,415283,33.3609,1920,1080,raygs,triangles,1,off,0,on,-4
1781754700033560401,7963.95,826.734,1.20958,1.14902,1.13802,0.031296,0.089888,0.016384,0.18944,0.811008,0.01564,1244819,1244819,415283,33.3609,1920,1080,raygs,triangles,1,off,0,on,-4
1781754700034737179,7965.13,827.399,1.20861,1.14858,1.1335,0.029568,0.089376,0.01536,0.188416,0.810784,0.02505,1244819,1244819,415283,33.3609,1920,1080,raygs,triangles,1,off,0,on,-4
1781754700035904512,7966.3,827.41,1.20859,1.14752,1.13427,0.030176,0.089952,0.015584,0.187872,0.810688,0.024505,1244819,1244819,415283,33.3609,1920,1080,raygs,triangles,1,off,0,on,-4
1781754700037073372,7967.46,828.538,1.20695,1.14698,1.13581,0.030144,0.089856,0.016384,0.188416,0.811008,0.023847,1244819,1244819,415283,33.3609,1920,1080,raygs,triangles,1,off,0,on,-4
1781754700038265867,7968.66,827.598,1.20832,1.14771,1.13558,0.0304,0.089376,0.016384,0.18944,0.809984,0.030502,1244819,1244819,415283,33.3609,1920,1080,raygs,triangles,1,off,0,on,-4
1781754700039424418,7969.82,828.807,1.20655,1.14646,1.13469,0.029632,0.089312,0.016384,0.188416,0.810944,0.024823,1244819,1244819,415283,33.3609,1920,1080,raygs,triangles,1,off,0,on,-4
1781754700040830821,7971.22,829.186,1.206,1.38589,1.37389,0.030048,0.08944,0.016384,0.427008,0.811008,0.024583,1244819,1244819,415283,33.3609,1920,1080,raygs,triangles,1,off,0,on,-4
1781754700042134592,7972.53,826.424,1.21003,1.28384,1.27229,0.029792,0.089472,0.016384,0.325632,0.811008,0.023702,1244819,1244819,415283,33.3609,1920,1080,raygs,triangles,1,off,0,on,-4
1781754700043325162,7973.72,824.793,1.21243,1.1481,1.13517,0.030272,0.090112,0.016384,0.187392,0.811008,0.025492,1244819,1244819,415283,33.3609,1920,1080,raygs,triangles,1,off,0,on,-4
1781754700044487478,7974.88,824.459,1.21292,1.14669,1.13453,0.030112,0.089728,0.016384,0.187392,0.810912,0.024674,1244819,1244819,415283,33.3609,1920,1080,raygs,triangles,1,off,0,on,-4
1781754700045680765,7976.07,824.454,1.21292,1.14688,1.13411,0.030048,0.0896,0.016384,0.187392,0.810688,0.026572,1244819,1244819,415283,33.3609,1920,1080,raygs,triangles,1,off,0,on,-4
1781754700046926748,7977.32,824.294,1.21316,1.14749,1.13456,0.029472,0.08944,0.016384,0.188416,0.810848,0.045294,1244819,1244819,415283,33.3609,1920,1080,raygs,triangles,1,off,0,on,-4
1781754700048008564,7978.4,825.381,1.21156,1.14746,1.13427,0.030304,0.08912,0.01536,0.188544,0.810944,0.016078,1244819,1244819,415283,33.3609,1920,1080,raygs,triangles,1,off,0,on,-4
1781754700049355969,7979.75,828.573,1.20689,1.14749,1.13386,0.029632,0.089632,0.016192,0.188416,0.809984,0.04099,1244819,1244819,415283,33.3609,1920,1080,raygs,triangles,1,off,0,on,-4
1781754700050469709,7980.86,826.465,1.20997,1.14794,1.13482,0.031104,0.08912,0.01536,0.188416,0.810816,0.015084,1244819,1244819,415283,33.3609,1920,1080,raygs,triangles,1,off,0,on,-4
1781754700051645095,7982.04,827.221,1.20887,1.14749,1.13491,0.029632,0.089472,0.016384,0.18944,0.809984,0.025309,1244819,1244819,415283,33.3609,1920,1080,raygs,triangles,1,off,0,on,-4
1781754700052814427,7983.21,827.559,1.20837,1.14781,1.13626,0.029952,0.089472,0.016384,0.189504,0.810944,0.02519,1244819,1244819,415283,33.3609,1920,1080,raygs,triangles,1,off,0,on,-4
1781754700053987164,7984.38,828.028,1.20769,1.14899,1.13642,0.030112,0.089472,0.016384,0.190464,0.809984,0.025296,1244819,1244819,415283,33.3609,1920,1080,raygs,triangles,1,off,0,on,-4
1781754700055158271,7985.55,828.65,1.20678,1.14998,1.13795,0.03008,0.090016,0.016384,0.190464,0.811008,0.024503,1244819,1244819,415283,33.3609,1920,1080,raygs,triangles,1,off,0,on,-4
1781754700056343464,7986.73,828.681,1.20674,1.14797,1.13555,0.030112,0.089472,0.016384,0.189888,0.809696,0.025676,1244819,1244819,415283,33.3609,1920,1080,raygs,triangles,1,off,0,on,-4
1781754700057740814,7988.13,828.538,1.20695,1.38134,1.36915,0.030016,0.089856,0.016384,0.422912,0.809984,0.025071,1244819,1244819,415283,33.3609,1920,1080,raygs,triangles,1,off,0,on,-4
1781754700059048231,7989.44,825.95,1.21073,1.28611,1.27178,0.030016,0.088736,0.01536,0.32768,0.809984,0.024406,1244819,1244819,415283,33.3609,1920,1080,raygs,triangles,1,off,0,on,-4
1781754700060229860,7990.62,824.457,1.21292,1.14816,1.13523,0.030496,0.089856,0.015456,0.188416,0.811008,0.025083,1244819,1244819,415283,33.3609,1920,1080,raygs,triangles,1,off,0,on,-4
1781754700061440861,7991.83,824.28,1.21318,1.14749,1.13466,0.029664,0.089376,0.016384,0.188416,0.810816,0.035331,1244819,1244819,415283,33.3609,1920,1080,raygs,triangles,1,off,0,on,-4
1781754700062677903,7993.07,823.832,1.21384,1.1488,1.13635,0.02992,0.0896,0.016384,0.18944,0.811008,0.032828,1244819,1244819,415283,33.3609,1920,1080,raygs,triangles,1,off,0,on,-4
1781754700063756754,7994.15,824.92,1.21224,1.14787,1.13418,0.030016,0.089824,0.016384,0.187392,0.81056,0.016456,1244819,1244819,415283,33.3609,1920,1080,raygs,triangles,1,off,0,on,-4
1781754700065045870,7995.44,828.196,1.20744,1.14835,1.1343,0.030496,0.089024,0.01536,0.18944,0.809984,0.026192,1244819,1244819,415283,33.3609,1920,1080,raygs,triangles,1,off,0,on,-4
1781754700066220539,7996.61,826.879,1.20937,1.14778,1.1352,0.031072,0.089504,0.016384,0.188416,0.809824,0.030202,1244819,1244819,415283,33.3609,1920,1080,raygs,triangles,1,off,0,on,-4
1781754700067383152,7997.77,826.8,1.20948,1.14717,1.13466,0.030336,0.089504,0.01536,0.188832,0.810624,0.024129,1244819,1244819,415283,33.3609,1920,1080,raygs,triangles,1,off,0,on,-4
1781754700068551736,7998.94,827.01,1.20918,1.14771,1.13558,0.030112,0.089696,0.016352,0.18944,0.809984,0.024198,1244819,1244819,415283,33.3609,1920,1080,raygs,triangles,1,off,0,on,-4
1781754700069726859,8000.12,827.967,1.20778,1.1488,1.13504,0.029824,0.089856,0.01536,0.18944,0.81056,0.024045,1244819,1244819,415283,33.3609,1920,1080,raygs,triangles,1,off,0,on,-4
1781754700070894756,8001.29,827.246,1.20883,1.14851,1.13542,0.030656,0.089056,0.016288,0.18944,0.809984,0.024835,1244819,1244819,415283,33.3609,1920,1080,raygs,triangles,1,off,0,on,-4
1781754700072073892,8002.47,828.482,1.20703,1.1489,1.13757,0.030016,0.089696,0.016384,0.190464,0.811008,0.024477,1244819,1244819,415283,33.3609,1920,1080,raygs,triangles,1,off,0,on,-4
1781754700073476131,8003.87,828.34,1.20723,1.36899,1.35696,0.030016,0.088928,0.016384,0.410624,0.811008,0.02582,1244819,1244819,415283,33.3609,1920,1080,raygs,triangles,1,off,0,on,-4
1781754700074829070,8005.22,825.787,1.21097,1.28848,1.27706,0.030336,0.089056,0.016384,0.329728,0.811552,0.041818,1244819,1244819,415283,33.3609,1920,1080,raygs,triangles,1,off,0,on,-4
1781754700075976401,8006.37,826.087,1.21053,1.14851,1.1367,0.030592,0.090304,0.016384,0.188416,0.811008,0.018906,1244819,1244819,415283,33.3609,1920,1080,raygs,triangles,1,off,0,on,-4
1781754700077149534,8007.54,825.368,1.21158,1.1488,1.13536,0.02992,0.0896,0.016384,0.188608,0.810848,0.026342,1244819,1244819,415283,33.3609,1920,1080,raygs,triangles,1,off,0,on,-4
1781754700078310034,8008.7,825.339,1.21162,1.14717,1.13491,0.030336,0.089024,0.016384,0.188416,0.810752,0.026056,1244819,1244819,415283,33.3609,1920,1080,raygs,triangles,1,off,0,on,-4
1781754700079546409,8009.94,825.488,1.2114,1.14816,1.13603,0.030368,0.08928,0.016384,0.18944,0.81056,0.039831,1244819,1244819,415283,33.3609,1920,1080,raygs,triangles,1,off,0,on,-4
1781754700080661179,8011.05,826.879,1.20937,1.14659,1.13238,0.029696,0.089184,0.016128,0.187392,0.809984,0.01783,1244819,1244819,415283,33.3609,1920,1080,raygs,triangles,1,off,0,on,-4
1781754700081958542,8012.35,829.097,1.20613,1.14893,1.13613,0.030048,0.08944,0.016384,0.18944,0.810816,0.027021,1244819,1244819,415283,33.3609,1920,1080,raygs,triangles,1,off,0,on,-4
1781754700083128008,8013.52,827.622,1.20828,1.14864,1.13488,0.030816,0.08928,0.016384,0.188416,0.809984,0.026698,1244819,1244819,415283,33.3609,1920,1080,raygs,triangles,1,off,0,on,-4
1781754700084307299,8014.7,828.136,1.20753,1.14787,1.13654,0.029952,0.08976,0.016384,0.18944,0.811008,0.027987,1244819,1244819,415283,33.3609,1920,1080,raygs,triangles,1,off,0,on,-4
1781754700085479057,8015.87,828.052,1.20765,1.14832,1.13792,0.030496,0.089888,0.016384,0.18944,0.811712,0.02642,1244819,1244819,415283,33.3609,1920,1080,raygs,triangles,1,off,0,on,-4
1781754700086712504,8017.1,829.339,1.20578,1.14653,1.13344,0.030336,0.089344,0.016384,0.187392,0.809984,0.041249,1244819,1244819,415283,33.3609,1920,1080,raygs,triangles,1,off,0,on,-4
1781754700087816590,8018.21,827.251,1.20882,1.14688,1.13229,0.030112,0.088768,0.01536,0.187392,0.810656,0.015894,1244819,1244819,415283,33.3609,1920,1080,raygs,triangles,1,off,0,on,-4
1781754700089005873,8019.4,829.495,1.20555,1.14928,1.13834,0.0304,0.09008,0.016384,0.190464,0.811008,0.0262,1244819,1244819,415283,33.3609,1920,1080,raygs,triangles,1,off,0,on,-4
1781754700090392727,8020.78,829.283,1.20586,1.36109,1.35014,0.03024,0.09008,0.016384,0.401408,0.812032,0.025478,1244819,1244819,415283,33.3609,1920,1080,raygs,triangles,1,off,0,on,-4
1781754700091701335,8022.09,827.789,1.20804,1.29053,1.27811,0.030336,0.089632,0.016384,0.330752,0.811008,0.02446,1244819,1244819,415283,33.3609,1920,1080,raygs,triangles,1,off,0,on,-4
1781754700092906741,8023.3,825.397,1.21154,1.14858,1.13475,0.03104,0.089568,0.015744,0.188416,0.809984,0.034226,1244819,1244819,415283,33.3609,1920,1080,raygs,triangles,1,off,0,on,-4
1781754700094036227,8024.43,824.972,1.21216,1.1447,1.13235,0.030048,0.08976,0.016384,0.186368,0.809792,0.017959,1244819,1244819,415283,33.3609,1920,1080,raygs,triangles,1,off,0,on,-4
1781754700095209277,8025.6,825.525,1.21135,1.14605,1.13347,0.03024,0.08944,0.01536,0.187424,0.811008,0.029867,1244819,1244819,415283,33.3609,1920,1080,raygs,triangles,1,off,0,on,-4
1781754700096462240,8026.85,825.452,1.21146,1.1697,1.15603,0.030368,0.089376,0.01536,0.210944,0.809984,0.038903,1244819,1244819,415283,33.3609,1920,1080,raygs,triangles,1,off,0,on,-4
1781754700097638351,8028.03,827.201,1.2089,1.14749,1.13507,0.029632,0.089504,0.016384,0.188544,0.811008,0.03187,1244819,1244819,415283,33.3609,1920,1080,raygs,triangles,1,off,0,on,-4
1781754700098883817,8029.28,828.76,1.20662,1.14771,1.13584,0.029888,0.090048,0.01648,0.188416,0.811008,0.015755,1244819,1244819,415283,33.3609,1920,1080,raygs,triangles,1,off,0,on,-4
1781754700100078015,8030.47,827.859,1.20794,1.14928,1.13824,0.031456,0.089952,0.016384,0.189856,0.810592,0.032731,1244819,1244819,415283,33.3609,1920,1080,raygs,triangles,1,off,0,on,-4
1781754700101217657,8031.61,827.505,1.20845,1.14931,1.13626,0.030432,0.088992,0.016384,0.18944,0.811008,0.01807,1244819,1244819,415283,33.3609,1920,1080,raygs,triangles,1,off,0,on,-4
1781754700102391238,8032.78,828.326,1.20725,1.14835,1.13523,0.030496,0.089376,0.01536,0.18944,0.81056,0.02521,1244819,1244819,415283,33.3609,1920,1080,raygs,triangles,1,off,0,on,-4
1781754700103570454,8033.96,829.23,1.20594,1.14749,1.13648,0.030816,0.089792,0.016384,0.188608,0.81088,0.024434,1244819,1244819,415283,33.3609,1920,1080,raygs,triangles,1,off,0,on,-4
1781754700104759663,8035.15,828.027,1.20769,1.14691,1.1345,0.03008,0.088704,0.016384,0.188416,0.810912,0.027284,1244819,1244819,415283,33.3609,1920,1080,raygs,triangles,1,off,0,on,-4
1781754700105926507,8036.32,829.756,1.20517,1.14954,1.13539,0.029632,0.089952,0.01536,0.190464,0.809984,0.024824,1244819,1244819,415283,33.3609,1920,1080,raygs,triangles,1,off,0,on,-4
1781754700107350520,8037.74,829.129,1.20608,1.38685,1.37414,0.030432,0.089152,0.01536,0.428448,0.810752,0.031223,1244819,1244819,415283,33.3609,1920,1080,raygs,triangles,1,off,0,on,-4
1781754700108686484,8039.08,826.266,1.21026,1.28714,1.27437,0.0304,0.089792,0.016512,0.32768,0.809984,0.036948,1244819,1244819,415283,33.3609,1920,1080,raygs,triangles,1,off,0,on,-4
1781754700109799110,8040.19,824.36,1.21306,1.14803,1.13574,0.030592,0.09056,0.016192,0.187392,0.811008,0.014533,1244819,1244819,415283,33.3609,1920,1080,raygs,triangles,1,off,0,on,-4
1781754700111013330,8041.4,825.029,1.21208,1.14672,1.13462,0.030272,0.089568,0.016384,0.187392,0.811008,0.033788,1244819,1244819,415283,33.3609,1920,1080,raygs,triangles,1,off,0,on,-4
1781754700112156516,8042.55,824.799,1.21242,1.14566,1.13344,0.029984,0.0888,0.016384,0.187392,0.81088,0.019624,1244819,1244819,415283,33.3609,1920,1080,raygs,triangles,1,off,0,on,-4
1781754700113411887,8043.8,824.853,1.21234,1.14922,1.13603,0.030336,0.089856,0.016416,0.188416,0.811008,0.0402,1244819,1244819,415283,33.3609,1920,1080,raygs,triangles,1,off,0,on,-4
1781754700114517297,8044.91,826.516,1.2099,1.14803,1.13568,0.030304,0.088768,0.016384,0.188416,0.811808,0.017822,1244819,1244819,415283,33.3609,1920,1080,raygs,triangles,1,off,0,on,-4
1781754700115804446,8046.2,828.941,1.20636,1.14675,1.13363,0.029952,0.088896,0.016384,0.187616,0.810784,0.025341,1244819,1244819,415283,33.3609,1920,1080,raygs,triangles,1,off,0,on,-4
1781754700116967627,8047.36,827.816,1.208,1.14906,1.13558,0.0312,0.0896,0.01536,0.188416,0.811008,0.024539,1244819,1244819,415283,33.3609,1920,1080,raygs,triangles,1,off,0,on,-4
1781754700118136969,8048.53,827.82,1.20799,1.14835,1.13443,0.030496,0.089152,0.01536,0.18944,0.809984,0.024702,1244819,1244819,415283,33.3609,1920,1080,raygs,triangles,1,off,0,on,-4
1781754700119325180,8049.72,828.121,1.20755,1.14733,1.13315,0.029952,0.08944,0.01536,0.188416,0.809984,0.02631,1244819,1244819,415283,33.3609,1920,1080,raygs,triangles,1,off,0,on,-4
1781754700120488203,8050.88,828.863,1.20647,1.14787,1.13565,0.030016,0.089984,0.016384,0.188416,0.810848,0.024823,1244819,1244819,415283,33.3609,1920,1080,raygs,triangles,1,off,0,on,-4
1781754700121654118,8052.05,827.846,1.20795,1.14883,1.13443,0.029984,0.088768,0.01536,0.18944,0.81088,0.024009,1244819,1244819,415283,33.3609,1920,1080,raygs,triangles,1,off,0,on,-4
1781754700122860909,8053.25,829.993,1.20483,1.14611,1.1343,0.030368,0.089024,0.016384,0.187776,0.810752,0.033284,1244819,1244819,415283,33.3609,1920,1080,raygs,triangles,1,off,0,on,-4
1781754700124254481,8054.65,828.845,1.2065,1.38608,1.37334,0.029632,0.090464,0.016384,0.425984,0.81088,0.02076,1244819,1244819,415283,33.3609,1920,1080,raygs,triangles,1,off,0,on,-4
1781754700125554465,8055.95,826.268,1.21026,1.28509,1.27267,0.030016,0.088608,0.016384,0.326656,0.811008,0.024478,1244819,1244819,415283,33.3609,1920,1080,raygs,triangles,1,off,0,on,-4
1781754700126721228,8057.11,824.881,1.2123,1.14605,1.13405,0.030272,0.08992,0.016384,0.186464,0.811008,0.024821,1244819,1244819,415283,33.3609,1920,1080,raygs,triangles,1,off,0,on,-4
1781754700127892550,8058.28,824.932,1.21222,1.14717,1.13482,0.029312,0.089696,0.016384,0.188416,0.811008,0.024264,1244819,1244819,415283,33.3609,1920,1080,raygs,triangles,1,off,0,on,-4
1781754700129064030,8059.46,824.93,1.21222,1.14688,1.13581,0.03008,0.089792,0.016384,0.188544,0.811008,0.02394,1244819,1244819,415283,33.3609,1920,1080,raygs,triangles,1,off,0,on,-4
1781754700130310673,8060.7,825.122,1.21194,1.14512,1.13318,0.030368,0.089408,0.01536,0.187392,0.810656,0.040905,1244819,1244819,415283,33.3609,1920,1080,raygs,triangles,1,off,0,on,-4
1781754700131424249,8061.82,826.687,1.20965,1.14874,1.13642,0.029888,0.089696,0.016384,0.18944,0.811008,0.016501,1244819,1244819,415283,33.3609,1920,1080,raygs,triangles,1,off,0,on,-4
1781754700132716131,8063.11,828.924,1.20638,1.14733,1.13523,0.029472,0.089312,0.016384,0.18944,0.810624,0.025963,1244819,1244819,415283,33.3609,1920,1080,raygs,triangles,1,off,0,on,-4
1781754700133884228,8064.28,827.749,1.2081,1.14864,1.13622,0.03072,0.089536,0.016384,0.188768,0.810816,0.024938,1244819,1244819,415283,33.3609,1920,1080,raygs,triangles,1,off,0,on,-4
1781754700135054931,8065.45,828.278,1.20732,1.14963,1.13587,0.029728,0.089184,0.016384,0.190624,0.809952,0.024461,1244819,1244819,415283,33.3609,1920,1080,raygs,triangles,1,off,0,on,-4
1781754700136240696,8066.63,829.161,1.20604,1.14675,1.13533,0.02992,0.088896,0.016384,0.18944,0.810688,0.025763,1244819,1244819,415283,33.3609,1920,1080,raygs,triangles,1,off,0,on,-4
1781754700137405886,8067.8,827.792,1.20803,1.14739,1.13389,0.03056,0.088832,0.016384,0.187392,0.81072,0.024266,1244819,1244819,415283,33.3609,1920,1080,raygs,triangles,1,off,0,on,-4
1781754700138573487,8068.96,829.221,1.20595,1.14886,1.13648,0.030016,0.089536,0.01632,0.1896,0.811008,0.024633,1244819,1244819,415283,33.3609,1920,1080,raygs,triangles,1,off,0,on,-4
1781754700139750733,8070.14,829.352,1.20576,1.14867,1.13626,0.030208,0.0896,0.016384,0.18944,0.810624,0.027957,1244819,1244819,415283,33.3609,1920,1080,raygs,triangles,1,off,0,on,-4
1781754700141163743,8071.56,829.116,1.2061,1.38634,1.37322,0.030208,0.08976,0.016256,0.427008,0.809984,0.025423,1244819,1244819,415283,33.3609,1920,1080,raygs,triangles,1,off,0,on,-4
1781754700142476826,8072.87,826.278,1.21025,1.28714,1.2759,0.030272,0.08944,0.016384,0.329024,0.810784,0.024456,1244819,1244819,415283,33.3609,1920,1080,raygs,triangles,1,off,0,on,-4
1781754700143672514,8074.06,824.766,1.21247,1.14774,1.13312,0.029888,0.089472,0.01536,0.188416,0.809984,0.026355,1244819,1244819,415283,33.3609,1920,1080,raygs,triangles,1,off,0,on,-4
1781754700144863948,8075.26,824.397,1.21301,1.14819,1.13542,0.030368,0.089248,0.016384,0.188416,0.811008,0.040953,1244819,1244819,415283,33.3609,1920,1080,raygs,triangles,1,off,0,on,-4
1781754700146094965,8076.49,824.242,1.21324,1.14749,1.13491,0.029632,0.089472,0.016384,0.18944,0.809984,0.035274,1244819,1244819,415283,33.3609,1920,1080,raygs,triangles,1,off,0,on,-4
1781754700147175685,8077.57,826.098,1.21051,1.14659,1.13373,0.030816,0.089056,0.016384,0.187616,0.809856,0.016394,1244819,1244819,415283,33.3609,1920,1080,raygs,triangles,1,off,0,on,-4
1781754700148466256,8078.86,829.297,1.20584,1.14749,1.13443,0.030656,0.088992,0.016384,0.187392,0.811008,0.025466,1244819,1244819,415283,33.3609,1920,1080,raygs,triangles,1,off,0,on,-4
1781754700149637054,8080.03,827.735,1.20812,1.14714,1.13366,0.030336,0.089312,0.01568,0.187392,0.810944,0.024987,1244819,1244819,415283,33.3609,1920,1080,raygs,triangles,1,off,0,on,-4
1781754700150819051,8081.21,827.732,1.20812,1.14614,1.13427,0.029312,0.089152,0.016384,0.18944,0.809984,0.026039,1244819,1244819,415283,33.3609,1920,1080,raygs,triangles,1,off,0,on,-4
1781754700152041352,8082.43,827.511,1.20844,1.14605,1.13482,0.030208,0.089824,0.016384,0.188416,0.809984,0.039681,1244819,1244819,415283,33.3609,1920,1080,raygs,triangles,1,off,0,on,-4
1781754700153171375,8083.56,827.638,1.20826,1.14835,1.13715,0.030656,0.089792,0.016384,0.18944,0.81088,0.01884,1244819,1244819,415283,33.3609,1920,1080,raygs,triangles,1,off,0,on,-4
1781754700154354575,8084.75,827.427,1.20857,1.14646,1.13501,0.029632,0.089408,0.016384,0.188608,0.810976,0.032549,1244819,1244819,415283,33.3609,1920,1080,raygs,triangles,1,off,0,on,-4
1781754700155506255,8085.9,828.803,1.20656,1.14826,1.13475,0.029408,0.088352,0.01536,0.190624,0.811008,0.018885,1244819,1244819,415283,33.3609,1920,1080,raygs,triangles,1,off,0,on,-4
1781754700156940577,8087.33,828.984,1.2063,1.33997,1.32813,0.029632,0.090176,0.016384,0.380928,0.811008,0.047899,1244819,1244819,415283,33.3609,1920,1080,raygs,triangles,1,off,0,on,-4
1781754700158247593,8088.64,825.964,1.21071,1.28925,1.27574,0.030432,0.089568,0.016384,0.329728,0.809632,0.030273,1244819,1244819,415283,33.3609,1920,1080,raygs,triangles,1,off,0,on,-4
1781754700159365448,8089.76,824.477,1.21289,1.14806,1.13478,0.03008,0.08992,0.016384,0.187616,0.810784,0.01581,1244819,1244819,415283,33.3609,1920,1080,raygs,triangles,1,off,0,on,-4
1781754700160556730,8090.95,825.784,1.21097,1.14714,1.13341,0.030336,0.089312,0.01536,0.187392,0.811008,0.035346,1244819,1244819,415283,33.3609,1920,1080,raygs,triangles,1,off,0,on,-4
1781754700161704817,8092.1,824.807,1.21241,1.14701,1.13501,0.030208,0.090016,0.016384,0.188416,0.809984,0.018536,1244819,1244819,415283,33.3609,1920,1080,raygs,triangles,1,off,0,on,-4
1781754700162933316,8093.32,825.356,1.2116,1.14707,1.13504,0.030208,0.089024,0.016384,0.188416,0.811008,0.039912,1244819,1244819,415283,33.3609,1920,1080,raygs,triangles,1,off,0,on,-4
1781754700164062375,8094.45,827.011,1.20917,1.14864,1.13517,0.029792,0.089664,0.016384,0.188416,0.810912,0.01856,1244819,1244819,415283,33.3609,1920,1080,raygs,triangles,1,off,0,on,-4
1781754700165349314,8095.74,829.144,1.20606,1.14787,1.13366,0.029984,0.08896,0.01536,0.188416,0.810944,0.026665,1244819,1244819,415283,33.3609,1920,1080,raygs,triangles,1,off,0,on,-4
1781754700166637258,8097.03,828.289,1.20731,1.14707,1.13421,0.030208,0.089216,0.016384,0.188416,0.809984,0.025177,1244819,1244819,415283,33.3609,1920,1080,raygs,triangles,1,off,0,on,-4
1781754700167814649,8098.21,826.446,1.21,1.1488,1.13501,0.030944,0.089312,0.01536,0.18864,0.810752,0.026398,1244819,1244819,415283,33.3609,1920,1080,raygs,triangles,1,off,0,on,-4
1781754700168984739,8099.38,826.387,1.21009,1.14704,1.13408,0.03024,0.088864,0.01536,0.188768,0.810848,0.026534,1244819,1244819,415283,33.3609,1920,1080,raygs,triangles,1,off,0,on,-4
1781754700170219762,8100.61,827.439,1.20855,1.14746,1.13453,0.029632,0.08928,0.016384,0.188416,0.810816,0.041988,1244819,1244819,415283,33.3609,1920,1080,raygs,triangles,1,off,0,on,-4
1781754700171362015,8101.75,826.727,1.20959,1.14698,1.13363,0.030144,0.088704,0.016384,0.188416,0.809984,0.022066,1244819,1244819,415283,33.3609,1920,1080,raygs,triangles,1,off,0,on,-4
1781754700172509165,8102.9,827.849,1.20795,1.14832,1.13427,0.030496,0.088992,0.01536,0.18944,0.809984,0.017945,1244819,1244819,415283,33.3609,1920,1080,raygs,triangles,1,off,0,on,-4
1781754700173851882,8104.24,828.436,1.20709,1.14778,1.13398,0.02992,0.08928,0.016384,0.188416,0.809984,0.024244,1244819,1244819,415283,33.3609,1920,1080,raygs,triangles,1,off,0,on,-4
1781754700175143826,8105.54,826.083,1.21053,1.15258,1.13997,0.034688,0.090496,0.016384,0.187392,0.811008,0.023602,1244819,1244819,415283,33.3609,1920,1080,raygs,triangles,1,off,0,on,-4
1781754700176340524,8106.73,824.741,1.2125,1.14819,1.13539,0.031712,0.089888,0.015488,0.187392,0.810912,0.031182,1244819,1244819,415283,33.3609,1920,1080,raygs,triangles,1,off,0,on,-4
1781754700177507417,8107.9,824.48,1.21289,1.1471,1.13578,0.030272,0.089696,0.016384,0.188416,0.811008,0.025452,1244819,1244819,415283,33.3609,1920,1080,raygs,triangles,1,off,0,on,-4
1781754700178659546,8109.05,824.85,1.21234,1.14787,1.13488,0.030368,0.088576,0.016384,0.188608,0.810944,0.024494,1244819,1244819,415283,33.3609,1920,1080,raygs,triangles,1,off,0,on,-4
1781754700179921142,8110.31,824.962,1.21218,1.17027,1.15821,0.030528,0.089344,0.016384,0.211968,0.809984,0.044779,1244819,1244819,415283,33.3609,1920,1080,raygs,triangles,1,off,0,on,-4
1781754700181083855,8111.48,826.69,1.20964,1.14595,1.13443,0.030144,0.0896,0.016384,0.187392,0.810912,0.029859,1244819,1244819,415283,33.3609,1920,1080,raygs,triangles,1,off,0,on,-4
1781754700182346099,8112.74,828.716,1.20669,1.14819,1.1353,0.030336,0.089152,0.01536,0.18944,0.811008,0.017434,1244819,1244819,415283,33.3609,1920,1080,raygs,triangles,1,off,0,on,-4
1781754700183511705,8113.9,826.986,1.20921,1.14864,1.13619,0.030784,0.0896,0.016384,0.18944,0.809984,0.025534,1244819,1244819,415283,33.3609,1920,1080,raygs,triangles,1,off,0,on,-4
1781754700184680844,8115.07,827.638,1.20826,1.14518,1.1321,0.030144,0.089216,0.01536,0.186368,0.811008,0.026286,1244819,1244819,415283,33.3609,1920,1080,raygs,triangles,1,off,0,on,-4
1781754700185857041,8116.25,827.321,1.20872,1.14803,1.13696,0.030496,0.089632,0.016384,0.18944,0.811008,0.025579,1244819,1244819,415283,33.3609,1920,1080,raygs,triangles,1,off,0,on,-4
1781754700187028148,8117.42,828.301,1.20729,1.1495,1.13562,0.030656,0.089152,0.01536,0.190464,0.809984,0.02573,1244819,1244819,415283,33.3609,1920,1080,raygs,triangles,1,off,0,on,-4
1781754700188189641,8118.58,827.495,1.20847,1.14659,1.13555,0.030048,0.089696,0.016384,0.188416,0.811008,0.024058,1244819,1244819,415283,33.3609,1920,1080,raygs,triangles,1,off,0,on,-4
1781754700189359239,8119.75,828.876,1.20645,1.14877,1.13667,0.0304,0.08944,0.016384,0.190464,0.809984,0.023724,1244819,1244819,415283,33.3609,1920,1080,raygs,triangles,1,off,0,on,-4
1781754700190771721,8121.16,828.823,1.20653,1.38416,1.37203,0.030176,0.089632,0.016384,0.42496,0.81088,0.023905,1244819,1244819,415283,33.3609,1920,1080,raygs,triangles,1,off,0,on,-4
1781754700192076915,8122.47,826.047,1.21059,1.28723,1.27395,0.030112,0.088768,0.016384,0.32768,0.811008,0.023392,1244819,1244819,415283,33.3609,1920,1080,raygs,triangles,1,off,0,on,-4
1781754700193261767,8123.65,824.755,1.21248,1.14819,1.13603,0.030336,0.090048,0.016224,0.188416,0.811008,0.028609,1244819,1244819,415283,33.3609,1920,1080,raygs,triangles,1,off,0,on,-4
1781754700194430562,8124.82,824.473,1.2129,1.14614,1.13459,0.030336,0.089472,0.016384,0.187392,0.811008,0.024124,1244819,1244819,415283,33.3609,1920,1080,raygs,triangles,1,off,0,on,-4
1781754700195730605,8126.12,824.442,1.21294,1.14582,1.13139,0.029984,0.088672,0.01536,0.187392,0.809984,0.043287,1244819,1244819,415283,33.3609,1920,1080,raygs,triangles,1,off,0,on,-4
1781754700196812582,8127.2,823.267,1.21467,1.14755,1.13424,0.03072,0.089152,0.01536,0.188416,0.810592,0.024175,1244819,1244819,415283,33.3609,1920,1080,raygs,triangles,1,off,0,on,-4
1781754700197953574,8128.34,826.965,1.20924,1.14851,1.1359,0.029632,0.089312,0.016384,0.189568,0.811008,0.019006,1244819,1244819,415283,33.3609,1920,1080,raygs,triangles,1,off,0,on,-4
1781754700199250223,8129.64,828.728,1.20667,1.14726,1.13638,0.030368,0.089184,0.016384,0.18944,0.811008,0.026247,1244819,1244819,415283,33.3609,1920,1080,raygs,triangles,1,off,0,on,-4
1781754700200422611,8130.81,827.243,1.20883,1.15302,1.13962,0.031104,0.089632,0.01536,0.192512,0.811008,0.02774,1244819,1244819,415283,33.3609,1920,1080,raygs,triangles,1,off,0,on,-4
1781754700201598988,8131.99,827.216,1.20887,1.14701,1.1336,0.030176,0.089408,0.015616,0.188416,0.809984,0.025897,1244819,1244819,415283,33.3609,1920,1080,raygs,triangles,1,off,0,on,-4
1781754700202765513,8133.16,827.157,1.20896,1.14598,1.13312,0.030208,0.089024,0.01536,0.187808,0.81072,0.024803,1244819,1244819,415283,33.3609,1920,1080,raygs,triangles,1,off,0,on,-4
1781754700203978691,8134.37,828.215,1.20742,1.14746,1.13398,0.0296,0.0896,0.016384,0.188416,0.809984,0.035982,1244819,1244819,415283,33.3609,1920,1080,raygs,triangles,1,off,0,on,-4
1781754700205108110,8135.5,826.948,1.20927,1.14774,1.13523,0.029888,0.089536,0.016384,0.18944,0.809984,0.017798,1244819,1244819,415283,33.3609,1920,1080,raygs,triangles,1,off,0,on,-4
1781754700206296613,8136.69,828.838,1.20651,1.14707,1.13277,0.03024,0.088768,0.01536,0.188416,0.809984,0.024578,1244819,1244819,415283,33.3609,1920,1080,raygs,triangles,1,off,0,on,-4
1781754700207690726,8138.08,828.575,1.20689,1.38147,1.37002,0.030176,0.089536,0.016384,0.423936,0.809984,0.024287,1244819,1244819,415283,33.3609,1920,1080,raygs,triangles,1,off,0,on,-4
1781754700208992232,8139.38,826.049,1.21058,1.28486,1.27293,0.030848,0.08944,0.016384,0.325632,0.810624,0.023672,1244819,1244819,415283,33.3609,1920,1080,raygs,triangles,1,off,0,on,-4
1781754700210163225,8140.55,824.763,1.21247,1.14582,1.13277,0.030048,0.089984,0.015552,0.186368,0.810816,0.024781,1244819,1244819,415283,33.3609,1920,1080,raygs,triangles,1,off,0,on,-4
1781754700211353364,8141.74,824.647,1.21264,1.14614,1.13469,0.030336,0.089152,0.016128,0.187392,0.81168,0.024309,1244819,1244819,415283,33.3609,1920,1080,raygs,triangles,1,off,0,on,-4
1781754700212510424,8142.9,824.397,1.21301,1.14646,1.13242,0.030336,0.089728,0.01536,0.186368,0.810624,0.024011,1244819,1244819,415283,33.3609,1920,1080,raygs,triangles,1,off,0,on,-4
1781754700213740084,8144.13,824.592,1.21272,1.14794,1.1351,0.029984,0.088928,0.015744,0.18944,0.811008,0.039073,1244819,1244819,415283,33.3609,1920,1080,raygs,triangles,1,off,0,on,-4
1781754700214910878,8145.3,826.684,1.20965,1.14832,1.13718,0.030496,0.089856,0.016384,0.18944,0.811008,0.03003,1244819,1244819,415283,33.3609,1920,1080,raygs,triangles,1,off,0,on,-4
1781754700216175858,8146.57,828.239,1.20738,1.14726,1.13539,0.030464,0.08944,0.01536,0.18944,0.810688,0.018275,1244819,1244819,415283,33.3609,1920,1080,raygs,triangles,1,off,0,on,-4
1781754700217343721,8147.74,827.468,1.20851,1.15085,1.13661,0.030944,0.088832,0.01536,0.190464,0.811008,0.02822,1244819,1244819,415283,33.3609,1920,1080,raygs,triangles,1,off,0,on,-4
1781754700218509005,8148.9,827.787,1.20804,1.14685,1.13616,0.029984,0.08976,0.016288,0.18944,0.810688,0.025974,1244819,1244819,415283,33.3609,1920,1080,raygs,triangles,1,off,0,on,-4
1781754700219683440,8150.07,828.702,1.20671,1.14826,1.1344,0.030432,0.089152,0.01536,0.18864,0.810816,0.026947,1244819,1244819,415283,33.3609,1920,1080,raygs,triangles,1,off,0,on,-4
1781754700220898163,8151.29,827.555,1.20838,1.14851,1.13494,0.029664,0.088448,0.016384,0.190464,0.809984,0.041075,1244819,1244819,415283,33.3609,1920,1080,raygs,triangles,1,off,0,on,-4
1781754700222036000,8152.43,828.294,1.2073,1.14627,1.13254,0.029344,0.089344,0.016384,0.186528,0.810944,0.018626,1244819,1244819,415283,33.3609,1920,1080,raygs,triangles,1,off,0,on,-4
1781754700223372820,8153.76,828.719,1.20668,1.14982,1.13536,0.029888,0.089664,0.01536,0.190464,0.809984,0.028335,1244819,1244819,415283,33.3609,1920,1080,raygs,triangles,1,off,0,on,-4
1781754700224713052,8155.1,826.955,1.20926,1.14784,1.13667,0.03136,0.089504,0.016384,0.188416,0.811008,0.025273,1244819,1244819,415283,33.3609,1920,1080,raygs,triangles,1,off,0,on,-4
1781754700225872879,8156.26,825.787,1.21097,1.15158,1.1383,0.035776,0.088768,0.01536,0.187392,0.811008,0.025344,1244819,1244819,415283,33.3609,1920,1080,raygs,triangles,1,off,0,on,-4
1781754700227041172,8157.43,825.398,1.21154,1.14749,1.13379,0.029664,0.089344,0.016384,0.188416,0.809984,0.024965,1244819,1244819,415283,33.3609,1920,1080,raygs,triangles,1,off,0,on,-4
1781754700228219051,8158.61,825.496,1.21139,1.14643,1.13347,0.029504,0.089184,0.016384,0.187392,0.811008,0.029253,1244819,1244819,415283,33.3609,1920,1080,raygs,triangles,1,off,0,on,-4
1781754700229505409,8159.9,825.143,1.21191,1.14819,1.13725,0.030368,0.090048,0.016384,0.18944,0.811008,0.045831,1244819,1244819,415283,33.3609,1920,1080,raygs,triangles,1,off,0,on,-4
1781754700230576789,8160.97,826.81,1.20947,1.14717,1.13299,0.02928,0.08912,0.016384,0.187392,0.810816,0.016909,1244819,1244819,415283,33.3609,1920,1080,raygs,triangles,1,off,0,on,-4
1781754700231745153,8162.14,829.56,1.20546,1.14883,1.13837,0.030272,0.089632,0.016384,0.190464,0.811616,0.027864,1244819,1244819,415283,33.3609,1920,1080,raygs,triangles,1,off,0,on,-4
1781754700233044634,8163.44,829.074,1.20616,1.27632,1.26422,0.030464,0.08912,0.015584,0.318464,0.810592,0.027107,1244819,1244819,415283,33.3609,1920,1080,raygs,triangles,1,off,0,on,-4
1781754700234224818,8164.62,827.768,1.20807,1.14874,1.13606,0.03088,0.089376,0.016384,0.18944,0.809984,0.03134,1244819,1244819,415283,33.3609,1920,1080,raygs,triangles,1,off,0,on,-4
1781754700235397360,8165.79,827.339,1.2087,1.14954,1.13632,0.030272,0.09024,0.016384,0.18944,0.809984,0.026164,1244819,1244819,415283,33.3609,1920,1080,raygs,triangles,1,off,0,on,-4
1781754700236558944,8166.95,828.148,1.20751,1.14851,1.13683,0.029568,0.09024,0.016384,0.188864,0.811776,0.024769,1244819,1244819,415283,33.3609,1920,1080,raygs,triangles,1,off,0,on,-4
1781754700237906612,8168.3,827.693,1.20818,1.1473,1.13558,0.030496,0.08912,0.016384,0.1896,0.809984,0.039351,1244819,1244819,415283,33.3609,1920,1080,raygs,triangles,1,off,0,on,-4
1781754700239042810,8169.43,826.891,1.20935,1.14819,1.13542,0.030208,0.089408,0.016384,0.188416,0.811008,0.016905,1244819,1244819,415283,33.3609,1920,1080,raygs,triangles,1,off,0,on,-4
1781754700240396837,8170.79,828.697,1.20671,1.14822,1.13434,0.0304,0.089024,0.015488,0.18944,0.809984,0.026686,1244819,1244819,415283,33.3609,1920,1080,raygs,triangles,1,off,0,on,-4
1781754700241683576,8172.07,826.587,1.20979,1.15069,1.13811,0.034912,0.089056,0.015648,0.187616,0.81088,0.024455,1244819,1244819,415283,33.3609,1920,1080,raygs,triangles,1,off,0,on,-4
1781754700242850768,8173.24,825.33,1.21164,1.14707,1.13603,0.031264,0.089792,0.016384,0.187808,0.810784,0.025097,1244819,1244819,415283,33.3609,1920,1080,raygs,triangles,1,off,0,on,-4
1781754700244021655,8174.41,826.121,1.21048,1.14685,1.13376,0.030048,0.088928,0.01536,0.188416,0.811008,0.023922,1244819,1244819,415283,33.3609,1920,1080,raygs,triangles,1,off,0,on,-4
1781754700245200207,8175.59,825.812,1.21093,1.1473,1.13597,0.030464,0.089696,0.016384,0.188416,0.811008,0.030637,1244819,1244819,415283,33.3609,1920,1080,raygs,triangles,1,off,0,on,-4
1781754700246429525,8176.82,825.374,1.21157,1.14765,1.13597,0.029792,0.089344,0.016384,0.18944,0.811008,0.046869,1244819,1244819,415283,33.3609,1920,1080,raygs,triangles,1,off,0,on,-4
1781754700247591852,8177.98,826.486,1.20994,1.14643,1.13341,0.030144,0.089504,0.016384,0.187392,0.809984,0.029227,1244819,1244819,415283,33.3609,1920,1080,raygs,triangles,1,off,0,on,-4
1781754700248821479,8179.21,828.087,1.2076,1.14614,1.13478,0.030464,0.089344,0.016384,0.187744,0.810848,0.015132,1244819,1244819,415283,33.3609,1920,1080,raygs,triangles,1,off,0,on,-4
1781754700249999944,8180.39,827.841,1.20796,1.15046,1.13696,0.030528,0.09008,0.01536,0.190464,0.810528,0.025204,1244819,1244819,415283,33.3609,1920,1080,raygs,triangles,1,off,0,on,-4
1781754700251173819,8181.57,827.7,1.20817,1.14653,1.13466,0.03024,0.089632,0.016384,0.187392,0.811008,0.025712,1244819,1244819,415283,33.3609,1920,1080,raygs,triangles,1,off,0,on,-4
1781754700252350990,8182.74,827.337,1.2087,1.14781,1.13469,0.030144,0.08896,0.01616,0.18944,0.809984,0.024804,1244819,1244819,415283,33.3609,1920,1080,raygs,triangles,1,off,0,on,-4
1781754700253514125,8183.91,828.486,1.20702,1.1463,1.13494,0.03056,0.0896,0.016384,0.187392,0.811008,0.024358,1244819,1244819,415283,33.3609,1920,1080,raygs,triangles,1,off,0,on,-4
1781754700254686878,8185.08,828.485,1.20702,1.14621,1.13318,0.030432,0.088992,0.016384,0.187392,0.809984,0.02467,1244819,1244819,415283,33.3609,1920,1080,raygs,triangles,1,off,0,on,-4
1781754700255859097,8186.25,829.483,1.20557,1.14883,1.13779,0.030304,0.089632,0.016384,0.190464,0.811008,0.025269,1244819,1244819,415283,33.3609,1920,1080,raygs,triangles,1,off,0,on,-4
1781754700257325305,8187.72,829.3,1.20584,1.38646,1.37366,0.030752,0.089504,0.016384,0.426304,0.81072,0.038695,1244819,1244819,415283,33.3609,1920,1080,raygs,triangles,1,off,0,on,-4
1781754700258592826,8188.98,825.988,1.21067,1.28586,1.2721,0.02976,0.089312,0.016384,0.325632,0.811008,0.014955,1244819,1244819,415283,33.3609,1920,1080,raygs,triangles,1,off,0,on,-4
1781754700259758311,8190.15,824.937,1.21221,1.14778,1.13568,0.030528,0.090368,0.016384,0.188416,0.809984,0.023872,1244819,1244819,415283,33.3609,1920,1080,raygs,triangles,1,off,0,on,-4
1781754700260924301,8191.32,824.979,1.21215,1.14566,1.13267,0.029856,0.088832,0.015648,0.187392,0.810944,0.02309,1244819,1244819,415283,33.3609,1920,1080,raygs,triangles,1,off,0,on,-4
1781754700262093249,8192.48,824.967,1.21217,1.14749,1.13373,0.029664,0.088608,0.016384,0.188416,0.810656,0.023496,1244819,1244819,415283,33.3609,1920,1080,raygs,triangles,1,off,0,on,-4
1781754700263387756,8193.78,824.951,1.21219,1.16502,1.15258,0.029792,0.089568,0.016384,0.205824,0.811008,0.039337,1244819,1244819,415283,33.3609,1920,1080,raygs,triangles,1,off,0,on,-4
1781754700264474097,8194.87,826.148,1.21044,1.14749,1.13402,0.029632,0.089664,0.01536,0.188416,0.810944,0.016509,1244819,1244819,415283,33.3609,1920,1080,raygs,triangles,1,off,0,on,-4
1781754700265814215,8196.21,828.715,1.20669,1.14851,1.13466,0.030656,0.089024,0.015552,0.18944,0.809984,0.035258,1244819,1244819,415283,33.3609,1920,1080,raygs,triangles,1,off,0,on,-4
1781754700266929500,8197.32,826.99,1.2092,1.14938,1.13693,0.03152,0.08944,0.01536,0.1896,0.811008,0.015879,1244819,1244819,415283,33.3609,1920,1080,raygs,triangles,1,off,0,on,-4
1781754700268129114,8198.52,827.551,1.20838,1.14858,1.13469,0.029728,0.089408,0.016128,0.188416,0.811008,0.026819,1244819,1244819,415283,33.3609,1920,1080,raygs,triangles,1,off,0,on,-4
1781754700269292911,8199.68,828.902,1.20641,1.14714,1.13488,0.030336,0.08976,0.016384,0.187392,0.811008,0.025344,1244819,1244819,415283,33.3609,1920,1080,raygs,triangles,1,off,0,on,-4
1781754700270450882,8200.84,827.863,1.20793,1.1473,1.13523,0.03024,0.089152,0.016416,0.188416,0.811008,0.024475,1244819,1244819,415283,33.3609,1920,1080,raygs,triangles,1,off,0,on,-4
1781754700271619448,8202.01,827.644,1.20825,1.14685,1.13475,0.030272,0.088672,0.016384,0.188416,0.811008,0.024249,1244819,1244819,415283,33.3609,1920,1080,raygs,triangles,1,off,0,on,-4
1781754700272833377,8203.22,829.11,1.20611,1.1481,1.13482,0.030272,0.089056,0.016384,0.188416,0.810688,0.033971,1244819,1244819,415283,33.3609,1920,1080,raygs,triangles,1,off,0,on,-4
1781754700274209100,8204.6,828.594,1.20686,1.38387,1.36998,0.030528,0.088992,0.01552,0.423936,0.811008,0.023314,1244819,1244819,415283,33.3609,1920,1080,raygs,triangles,1,off,0,on,-4
1781754700275523098,8205.91,826.331,1.21017,1.28726,1.27482,0.030304,0.089376,0.015648,0.328704,0.810784,0.02403,1244819,1244819,415283,33.3609,1920,1080,raygs,triangles,1,off,0,on,-4
1781754700276687881,8207.08,824.659,1.21262,1.14912,1.13552,0.030272,0.089856,0.01536,0.18944,0.810592,0.023256,1244819,1244819,415283,33.3609,1920,1080,raygs,triangles,1,off,0,on,-4
1781754700277865736,8208.26,825.321,1.21165,1.14749,1.13475,0.029632,0.089312,0.016384,0.188416,0.811008,0.025785,1244819,1244819,415283,33.3609,1920,1080,raygs,triangles,1,off,0,on,-4
1781754700279099321,8209.49,824.679,1.21259,1.14614,1.13232,0.029312,0.089184,0.015424,0.187392,0.811008,0.04144,1244819,1244819,415283,33.3609,1920,1080,raygs,triangles,1,off,0,on,-4
1781754700280222942,8210.61,824.074,1.21348,1.14685,1.13229,0.030016,0.089312,0.015552,0.187424,0.809984,0.017012,1244819,1244819,415283,33.3609,1920,1080,raygs,triangles,1,off,0,on,-4
1781754700281390728,8211.78,827.173,1.20894,1.1488,1.13466,0.030624,0.089248,0.01536,0.18944,0.809984,0.026114,1244819,1244819,415283,33.3609,1920,1080,raygs,triangles,1,off,0,on,-4
1781754700282673659,8213.06,828.734,1.20666,1.14598,1.13514,0.030048,0.089728,0.016384,0.188416,0.81056,0.025145,1244819,1244819,415283,33.3609,1920,1080,raygs,triangles,1,off,0,on,-4
1781754700283843902,8214.24,827.491,1.20847,1.14842,1.13635,0.030944,0.089632,0.016224,0.18864,0.810912,0.024699,1244819,1244819,415283,33.3609,1920,1080,raygs,triangles,1,off,0,on,-4
1781754700285013086,8215.4,827.69,1.20818,1.14755,1.13376,0.030752,0.08928,0.01536,0.188416,0.809952,0.024027,1244819,1244819,415283,33.3609,1920,1080,raygs,triangles,1,off,0,on,-4
1781754700286190278,8216.58,827.609,1.2083,1.14678,1.13555,0.030176,0.089792,0.016384,0.188416,0.810784,0.024732,1244819,1244819,415283,33.3609,1920,1080,raygs,triangles,1,off,0,on,-4
1781754700287361437,8217.75,828.162,1.20749,1.14794,1.13584,0.03056,0.089472,0.016384,0.18944,0.809984,0.02485,1244819,1244819,415283,33.3609,1920,1080,raygs,triangles,1,off,0,on,-4
1781754700288531558,8218.92,828.238,1.20738,1.14669,1.13286,0.029856,0.089536,0.016096,0.187392,0.809984,0.025336,1244819,1244819,415283,33.3609,1920,1080,raygs,triangles,1,off,0,on,-4
1781754700289723175,8220.11,829.253,1.2059,1.14803,1.1369,0.0304,0.089728,0.016384,0.18944,0.810944,0.027459,1244819,1244819,415283,33.3609,1920,1080,raygs,triangles,1,off,0,on,-4
1781754700291162159,8221.55,828.948,1.20635,1.37834,1.36672,0.03008,0.089408,0.016384,0.41984,0.811008,0.036204,1244819,1244819,415283,33.3609,1920,1080,raygs,triangles,1,off,0,on,-4
1781754700292427424,8222.82,825.759,1.21101,1.28602,1.27242,0.02992,0.089888,0.016384,0.325632,0.810592,0.015801,1244819,1244819,415283,33.3609,1920,1080,raygs,triangles,1,off,0,on,-4
1781754700293607860,8224,824.783,1.21244,1.14717,1.13462,0.030336,0.089792,0.016384,0.186368,0.811744,0.02642,1244819,1244819,415283,33.3609,1920,1080,raygs,triangles,1,off,0,on,-4
1781754700294777148,8225.17,825.176,1.21186,1.14781,1.13568,0.030432,0.089504,0.01632,0.188416,0.811008,0.025414,1244819,1244819,415283,33.3609,1920,1080,raygs,triangles,1,off,0,on,-4
1781754700295940527,8226.33,824.83,1.21237,1.14717,1.13318,0.030208,0.089024,0.015552,0.188416,0.809984,0.025012,1244819,1244819,415283,33.3609,1920,1080,raygs,triangles,1,off,0,on,-4
1781754700297176637,8227.57,826.837,1.20943,1.14688,1.13414,0.030496,0.089888,0.01536,0.187392,0.811008,0.039905,1244819,1244819,415283,33.3609,1920,1080,raygs,triangles,1,off,0,on,-4
1781754700298475467,8228.87,827.865,1.20793,1.14714,1.1353,0.030304,0.089152,0.01632,0.188512,0.811008,0.030493,1244819,1244819,415283,33.3609,1920,1080,raygs,triangles,1,off,0,on,-4
1781754700299594153,8229.99,826.298,1.21022,1.14896,1.13683,0.031328,0.089664,0.01536,0.189472,0.811008,0.017044,1244819,1244819,415283,33.3609,1920,1080,raygs,triangles,1,off,0,on,-4
1781754700300768267,8231.16,826.817,1.20946,1.14646,1.13491,0.029632,0.089472,0.016384,0.188416,0.811008,0.027134,1244819,1244819,415283,33.3609,1920,1080,raygs,triangles,1,off,0,on,-4
1781754700301940229,8232.33,826.961,1.20925,1.14832,1.13482,0.030464,0.089376,0.015552,0.18944,0.809984,0.028514,1244819,1244819,415283,33.3609,1920,1080,raygs,triangles,1,off,0,on,-4
1781754700303106896,8233.5,828.424,1.20711,1.14794,1.13453,0.030112,0.088608,0.01536,0.18944,0.811008,0.025556,1244819,1244819,415283,33.3609,1920,1080,raygs,triangles,1,off,0,on,-4
1781754700304279096,8234.67,827.26,1.20881,1.14704,1.13437,0.030176,0.089472,0.01536,0.188448,0.810912,0.025377,1244819,1244819,415283,33.3609,1920,1080,raygs,triangles,1,off,0,on,-4
1781754700305466983,8235.86,827.212,1.20888,1.14726,1.13526,0.030432,0.089024,0.016384,0.187392,0.812032,0.027409,1244819,1244819,415283,33.3609,1920,1080,raygs,triangles,1,off,0,on,-4
1781754700306635169,8237.03,828.438,1.20709,1.15085,1.13834,0.030368,0.089472,0.016384,0.191488,0.810624,0.027086,1244819,1244819,415283,33.3609,1920,1080,raygs,triangles,1,off,0,on,-4
1781754700308208213,8238.6,828.152,1.20751,1.3537,1.33939,0.030048,0.088672,0.015424,0.395264,0.809984,0.054867,1244819,1244819,415283,33.3609,1920,1080,raygs,triangles,1,off,0,on,-4
1781754700309524139,8239.92,823.668,1.21408,1.35197,1.34003,0.030304,0.292896,0.01536,0.190464,0.811008,0.036462,1244819,1244819,415283,33.3609,1920,1080,raygs,triangles,1,off,0,on,-4
1781754700310695004,8241.09,821.961,1.2166,1.14646,1.13328,0.030368,0.089152,0.016384,0.187392,0.809984,0.036655,1244819,1244819,415283,33.3609,1920,1080,raygs,triangles,1,off,0,on,-4
1781754700311857915,8242.25,824.041,1.21353,1.14602,1.1328,0.030208,0.089568,0.015648,0.187392,0.809984,0.035115,1244819,1244819,415283,33.3609,1920,1080,raygs,triangles,1,off,0,on,-4
1781754700313039141,8243.43,823.676,1.21407,1.14701,1.13478,0.030176,0.08944,0.015744,0.188416,0.811008,0.036502,1244819,1244819,415283,33.3609,1920,1080,raygs,triangles,1,off,0,on,-4
1781754700314233764,8244.63,825.678,1.21113,1.14749,1.13654,0.030688,0.090048,0.016384,0.188416,0.811008,0.043664,1244819,1244819,415283,33.3609,1920,1080,raygs,triangles,1,off,0,on,-4
1781754700315519540,8245.91,826.647,1.20971,1.14717,1.13466,0.030368,0.089504,0.01536,0.188416,0.811008,0.037222,1244819,1244819,415283,33.3609,1920,1080,raygs,triangles,1,off,0,on,-4
1781754700316674149,8247.07,825.271,1.21172,1.15014,1.13808,0.030848,0.08976,0.016384,0.190464,0.810624,0.035985,1244819,1244819,415283,33.3609,1920,1080,raygs,triangles,1,off,0,on,-4
1781754700317842939,8248.23,825.512,1.21137,1.14672,1.13398,0.029888,0.088288,0.016384,0.188416,0.811008,0.035326,1244819,1244819,415283,33.3609,1920,1080,raygs,triangles,1,off,0,on,-4
1781754700319010766,8249.4,825.686,1.21111,1.14749,1.13504,0.029632,0.0896,0.016384,0.18944,0.809984,0.034985,1244819,1244819,415283,33.3609,1920,1080,raygs,triangles,1,off,0,on,-4
1781754700320216286,8250.61,826.553,1.20984,1.14819,1.13661,0.03024,0.08992,0.016384,0.18944,0.810624,0.041648,1244819,1244819,415283,33.3609,1920,1080,raygs,triangles,1,off,0,on,-4
1781754700321380387,8251.77,825.877,1.21083,1.14989,1.13754,0.031008,0.089984,0.016384,0.18944,0.81072,0.03802,1244819,1244819,415283,33.3609,1920,1080,raygs,triangles,1,off,0,on,-4
1781754700322547722,8252.94,826.504,1.20992,1.14835,1.1353,0.030496,0.088992,0.016384,0.188416,0.811008,0.037701,1244819,1244819,415283,33.3609,1920,1080,raygs,triangles,1,off,0,on,-4
1781754700323958588,8254.35,826.683,1.20965,1.3897,1.37834,0.0304,0.088768,0.016384,0.431104,0.81168,0.035242,1244819,1244819,415283,33.3609,1920,1080,raygs,triangles,1,off,0,on,-4
1781754700325187141,8255.58,824.095,1.21345,1.28909,1.27584,0.029952,0.088736,0.01536,0.330784,0.811008,0.033407,1244819,1244819,415283,33.3609,1920,1080,raygs,triangles,1,off,0,on,-4
1781754700326325990,8256.72,823.528,1.21429,1.14672,1.13469,0.03024,0.089664,0.016384,0.187392,0.811008,0.017471,1244819,1244819,415283,33.3609,1920,1080,raygs,triangles,1,off,0,on,-4
1781754700327493156,8257.88,823.977,1.21363,1.14688,1.13478,0.030624,0.089504,0.016256,0.187392,0.811008,0.027192,1244819,1244819,415283,33.3609,1920,1080,raygs,triangles,1,off,0,on,-4
1781754700328658715,8259.05,824.079,1.21348,1.14586,1.13459,0.030432,0.089504,0.016384,0.187552,0.81072,0.025693,1244819,1244819,415283,33.3609,1920,1080,raygs,triangles,1,off,0,on,-4
1781754700329889451,8260.28,824.211,1.21328,1.15699,1.14477,0.02992,0.089664,0.016384,0.19792,0.81088,0.039556,1244819,1244819,415283,33.3609,1920,1080,raygs,triangles,1,off,0,on,-4
1781754700331014800,8261.41,826.82,1.20945,1.14701,1.13446,0.030176,0.089408,0.015488,0.188416,0.810976,0.016522,1244819,1244819,415283,33.3609,1920,1080,raygs,triangles,1,off,0,on,-4
1781754700332333627,8262.72,828.472,1.20704,1.14816,1.13597,0.029952,0.08944,0.016384,0.18944,0.810752,0.033142,1244819,1244819,415283,33.3609,1920,1080,raygs,triangles,1,off,0,on,-4
1781754700333474460,8263.87,826.684,1.20965,1.14746,1.13434,0.030656,0.08896,0.01536,0.188416,0.810944,0.020148,1244819,1244819,415283,33.3609,1920,1080,raygs,triangles,1,off,0,on,-4
1781754700334649309,8265.04,827.009,1.20918,1.14819,1.1353,0.030336,0.089152,0.016384,0.18944,0.809984,0.025474,1244819,1244819,415283,33.3609,1920,1080,raygs,triangles,1,off,0,on,-4
1781754700335819433,8266.21,826.922,1.2093,1.14976,1.13686,0.029888,0.0904,0.016384,0.18944,0.810752,0.025448,1244819,1244819,415283,33.3609,1920,1080,raygs,triangles,1,off,0,on,-4
1781754700336991845,8267.38,828.479,1.20703,1.1463,1.13238,0.030496,0.089152,0.01536,0.187392,0.809984,0.025979,1244819,1244819,415283,33.3609,1920,1080,raygs,triangles,1,off,0,on,-4
1781754700338163322,8268.55,827.413,1.20859,1.14774,1.13629,0.030432,0.089408,0.016384,0.188416,0.811648,0.024444,1244819,1244819,415283,33.3609,1920,1080,raygs,triangles,1,off,0,on,-4
1781754700339349872,8269.74,829.297,1.20584,1.14842,1.13539,0.03056,0.088896,0.01536,0.189632,0.810944,0.026353,1244819,1244819,415283,33.3609,1920,1080,raygs,triangles,1,off,0,on,-4
1781754700340749494,8271.14,828.53,1.20696,1.38253,1.37014,0.030208,0.088864,0.016384,0.423936,0.810752,0.0247,1244819,1244819,415283,33.3609,1920,1080,raygs,triangles,1,off,0,on,-4
1781754700342055883,8272.45,826.235,1.21031,1.28688,1.27549,0.029792,0.0896,0.016384,0.328704,0.811008,0.02436,1244819,1244819,415283,33.3609,1920,1080,raygs,triangles,1,off,0,on,-4
1781754700343233648,8273.62,824.608,1.2127,1.15024,1.13939,0.030272,0.091264,0.016384,0.190464,0.811008,0.023995,1244819,1244819,415283,33.3609,1920,1080,raygs,triangles,1,off,0,on,-4
1781754700344415584,8274.81,824.363,1.21306,1.14739,1.1336,0.03056,0.08928,0.01536,0.188416,0.809984,0.025335,1244819,1244819,415283,33.3609,1920,1080,raygs,triangles,1,off,0,on,-4
1781754700345581091,8275.97,824.198,1.2133,1.14778,1.13542,0.030176,0.0896,0.016384,0.188416,0.810848,0.024418,1244819,1244819,415283,33.3609,1920,1080,raygs,triangles,1,off,0,on,-4
1781754700346814158,8277.21,824.746,1.21249,1.15078,1.13856,0.029888,0.089792,0.016384,0.192512,0.809984,0.038213,1244819,1244819,415283,33.3609,1920,1080,raygs,triangles,1,off,0,on,-4
1781754700347938247,8278.33,826.314,1.21019,1.14787,1.1368,0.030048,0.08992,0.016384,0.18944,0.811008,0.017174,1244819,1244819,415283,33.3609,1920,1080,raygs,triangles,1,off,0,on,-4
1781754700349262010,8279.65,828.477,1.20703,1.14806,1.13606,0.030208,0.089024,0.016384,0.18944,0.811008,0.038335,1244819,1244819,415283,33.3609,1920,1080,raygs,triangles,1,off,0,on,-4
1781754700350512085,8280.9,826.613,1.20976,1.14746,1.13674,0.030656,0.0896,0.016384,0.18944,0.810656,0.037229,1244819,1244819,415283,33.3609,1920,1080,raygs,triangles,1,off,0,on,-4
1781754700351626950,8282.02,825.675,1.21113,1.14685,1.13434,0.030048,0.089504,0.01536,0.188416,0.811008,0.042778,1244819,1244819,415283,33.3609,1920,1080,raygs,triangles,1,off,0,on,-4
1781754700352758597,8283.15,827.252,1.20882,1.14723,1.13293,0.030304,0.088864,0.015584,0.187392,0.810784,0.016579,1244819,1244819,415283,33.3609,1920,1080,raygs,triangles,1,off,0,on,-4
1781754700353974032,8284.37,826.829,1.20944,1.14906,1.13699,0.03024,0.08976,0.016384,0.189856,0.810752,0.053791,1244819,1244819,415283,33.3609,1920,1080,raygs,triangles,1,off,0,on,-4
1781754700355135972,8285.53,826.551,1.20985,1.14851,1.13482,0.030272,0.08976,0.01536,0.18944,0.809984,0.042332,1244819,1244819,415283,33.3609,1920,1080,raygs,triangles,1,off,0,on,-4
1781754700356433937,8286.83,827.91,1.20786,1.14794,1.13408,0.030016,0.0888,0.016384,0.188896,0.809984,0.041023,1244819,1244819,415283,33.3609,1920,1080,raygs,triangles,1,off,0,on,-4
1781754700357731429,8288.12,826.126,1.21047,1.34614,1.33296,0.030656,0.088864,0.016384,0.387072,0.809984,0.031267,1244819,1244819,415283,33.3609,1920,1080,raygs,triangles,1,off,0,on,-4
1781754700358989339,8289.38,824.868,1.21232,1.3136,1.29984,0.029856,0.254176,0.01536,0.18944,0.811008,0.016697,1244819,1244819,415283,33.3609,1920,1080,raygs,triangles,1,off,0,on,-4
1781754700360166328,8290.56,824.163,1.21335,1.14806,1.13424,0.03024,0.089216,0.01536,0.188416,0.811008,0.028247,1244819,1244819,415283,33.3609,1920,1080,raygs,triangles,1,off,0,on,-4
1781754700361344420,8291.74,823.979,1.21362,1.14739,1.13283,0.029536,0.08928,0.015616,0.188416,0.809984,0.030319,1244819,1244819,415283,33.3609,1920,1080,raygs,triangles,1,off,0,on,-4
1781754700362595375,8292.99,824.039,1.21353,1.14675,1.13322,0.029952,0.089536,0.015552,0.187392,0.810784,0.046216,1244819,1244819,415283,33.3609,1920,1080,raygs,triangles,1,off,0,on,-4
1781754700363721240,8294.11,823.25,1.2147,1.14803,1.13555,0.030176,0.088544,0.016384,0.18944,0.811008,0.031971,1244819,1244819,415283,33.3609,1920,1080,raygs,triangles,1,off,0,on,-4
1781754700364865226,8295.26,826.923,1.2093,1.14819,1.13504,0.0304,0.088832,0.016384,0.18944,0.809984,0.01763,1244819,1244819,415283,33.3609,1920,1080,raygs,triangles,1,off,0,on,-4
1781754700366148908,8296.54,828.271,1.20733,1.14749,1.13446,0.030656,0.089024,0.01536,0.188416,0.811008,0.02533,1244819,1244819,415283,33.3609,1920,1080,raygs,triangles,1,off,0,on,-4
1781754700367318921,8297.71,827.22,1.20887,1.14848,1.13562,0.030624,0.088992,0.015552,0.18944,0.811008,0.02525,1244819,1244819,415283,33.3609,1920,1080,raygs,triangles,1,off,0,on,-4
1781754700368485080,8298.88,827.156,1.20896,1.14778,1.13536,0.030144,0.088704,0.016384,0.18944,0.810688,0.024621,1244819,1244819,415283,33.3609,1920,1080,raygs,triangles,1,off,0,on,-4
1781754700369652278,8300.04,827.129,1.209,1.14749,1.13469,0.030656,0.089152,0.01536,0.188512,0.811008,0.023987,1244819,1244819,415283,33.3609,1920,1080,raygs,triangles,1,off,0,on,-4
1781754700370823835,8301.22,828.045,1.20766,1.14717,1.13306,0.030368,0.088832,0.01536,0.188512,0.809984,0.026222,1244819,1244819,415283,33.3609,1920,1080,raygs,triangles,1,off,0,on,-4
1781754700371994913,8302.39,829.43,1.20565,1.15056,1.13901,0.030688,0.089504,0.015712,0.191488,0.811616,0.024421,1244819,1244819,415283,33.3609,1920,1080,raygs,triangles,1,off,0,on,-4
1781754700373173898,8303.57,828.913,1.2064,1.14643,1.13206,0.029632,0.088288,0.015744,0.188416,0.809984,0.024274,1244819,1244819,415283,33.3609,1920,1080,raygs,triangles,1,off,0,on,-4
1781754700374533871,8304.93,828.734,1.20666,1.33069,1.31856,0.030624,0.088832,0.016384,0.371712,0.811008,0.024098,1244819,1244819,415283,33.3609,1920,1080,raygs,triangles,1,off,0,on,-4
1781754700375860663,8306.25,826.546,1.20985,1.30432,1.2919,0.029792,0.089632,0.16896,0.192512,0.811008,0.025234,1244819,1244819,415283,33.3609,1920,1080,raygs,triangles,1,off,0,on,-4
1781754700377035355,8307.43,824.744,1.2125,1.14691,1.13408,0.030176,0.08944,0.016384,0.187392,0.810688,0.024337,1244819,1244819,415283,33.3609,1920,1080,raygs,triangles,1,off,0,on,-4
1781754700378204744,8308.6,824.703,1.21256,1.14698,1.13395,0.030176,0.088992,0.016384,0.188416,0.809984,0.028927,1244819,1244819,415283,33.3609,1920,1080,raygs,triangles,1,off,0,on,-4
1781754700379405528,8309.8,824.92,1.21224,1.14701,1.13472,0.030176,0.089984,0.016384,0.187392,0.810784,0.030337,1244819,1244819,415283,33.3609,1920,1080,raygs,triangles,1,off,0,on,-4
1781754700380602131,8310.99,824.874,1.21231,1.14749,1.1337,0.029664,0.088448,0.016384,0.188416,0.810784,0.038543,1244819,1244819,415283,33.3609,1920,1080,raygs,triangles,1,off,0,on,-4
1781754700381843601,8312.23,829.044,1.20621,1.1495,1.13674,0.0296,0.090304,0.016384,0.190464,0.809984,0.015483,1244819,1244819,415283,33.3609,1920,1080,raygs,triangles,1,off,0,on,-4
1781754700383022356,8313.41,829.925,1.20493,1.15021,1.13821,0.03136,0.090016,0.016384,0.190464,0.809984,0.027036,1244819,1244819,415283,33.3609,1920,1080,raygs,triangles,1,off,0,on,-4
1781754700384191914,8314.58,829.831,1.20506,1.14781,1.13539,0.029952,0.088608,0.016384,0.18944,0.811008,0.026664,1244819,1244819,415283,33.3609,1920,1080,raygs,triangles,1,off,0,on,-4
1781754700385367879,8315.76,829.656,1.20532,1.14934,1.13603,0.030496,0.089472,0.015616,0.18944,0.811008,0.026546,1244819,1244819,415283,33.3609,1920,1080,raygs,triangles,1,off,0,on,-4
1781754700386539943,8316.93,829.848,1.20504,1.14954,1.13654,0.030624,0.090112,0.016384,0.18944,0.809984,0.026689,1244819,1244819,415283,33.3609,1920,1080,raygs,triangles,1,off,0,on,-4
1781754700387859183,8318.25,830.045,1.20475,1.14598,1.1353,0.030208,0.089152,0.016384,0.188544,0.811008,0.030249,1244819,1244819,415283,33.3609,1920,1080,raygs,triangles,1,off,0,on,-4
1781754700389220193,8319.61,829.034,1.20622,1.15114,1.13994,0.031264,0.089728,0.016384,0.191808,0.810752,0.057768,1244819,1244819,415283,33.3609,1920,1080,raygs,triangles,1,off,0,on,-4
1781754700390501226,8320.89,826.98,1.20922,1.14602,1.1329,0.030336,0.0888,0.016384,0.187392,0.809984,0.035879,1244819,1244819,415283,33.3609,1920,1080,raygs,triangles,1,off,0,on,-4
1781754700391791528,8322.18,825.749,1.21102,1.15126,1.13837,0.03536,0.08912,0.01568,0.186368,0.81184,0.035215,1244819,1244819,415283,33.3609,1920,1080,raygs,triangles,1,off,0,on,-4
1781754700392964124,8323.36,824.383,1.21303,1.14976,1.13734,0.03088,0.089472,0.016384,0.189728,0.81088,0.035279,1244819,1244819,415283,33.3609,1920,1080,raygs,triangles,1,off,0,on,-4
1781754700394138294,8324.53,824.823,1.21238,1.14669,1.13414,0.029888,0.089728,0.016384,0.187392,0.810752,0.036928,1244819,1244819,415283,33.3609,1920,1080,raygs,triangles,1,off,0,on,-4
1781754700395311115,8325.7,824.702,1.21256,1.1463,1.13331,0.030496,0.089312,0.016384,0.186368,0.810752,0.035175,1244819,1244819,415283,33.3609,1920,1080,raygs,triangles,1,off,0,on,-4
1781754700396488322,8326.88,824.626,1.21267,1.14816,1.13523,0.030208,0.089216,0.016384,0.18944,0.809984,0.034995,1244819,1244819,415283,33.3609,1920,1080,raygs,triangles,1,off,0,on,-4
1781754700397656397,8328.05,827.239,1.20884,1.14739,1.13651,0.030432,0.089248,0.016384,0.18944,0.811008,0.036249,1244819,1244819,415283,33.3609,1920,1080,raygs,triangles,1,off,0,on,-4
1781754700398960597,8329.35,827.856,1.20794,1.14819,1.13443,0.029312,0.089312,0.016384,0.18944,0.809984,0.035917,1244819,1244819,415283,33.3609,1920,1080,raygs,triangles,1,off,0,on,-4
1781754700400120545,8330.51,825.762,1.211,1.14867,1.13571,0.031104,0.088672,0.016384,0.188704,0.810848,0.034891,1244819,1244819,415283,33.3609,1920,1080,raygs,triangles,1,off,0,on,-4
1781754700401295659,8331.69,825.84,1.21089,1.14781,1.13645,0.029952,0.089472,0.016384,0.18976,0.81088,0.034914,1244819,1244819,415283,33.3609,1920,1080,raygs,triangles,1,off,0,on,-4
1781754700402464019,8332.86,825.706,1.21109,1.1463,1.13488,0.029472,0.08944,0.016384,0.188576,0.811008,0.034083,1244819,1244819,415283,33.3609,1920,1080,raygs,triangles,1,off,0,on,-4
1781754700403639104,8334.03,826.43,1.21002,1.14909,1.13558,0.030208,0.089792,0.016384,0.188416,0.810784,0.03497,1244819,1244819,415283,33.3609,1920,1080,raygs,triangles,1,off,0,on,-4
1781754700404810544,8335.2,825.905,1.21079,1.14787,1.13507,0.030656,0.089728,0.01536,0.188416,0.810912,0.035365,1244819,1244819,415283,33.3609,1920,1080,raygs,triangles,1,off,0,on,-4
1781754700405991265,8336.38,827.562,1.20837,1.14797,1.13411,0.030112,0.088928,0.015648,0.18944,0.809984,0.036121,1244819,1244819,415283,33.3609,1920,1080,raygs,triangles,1,off,0,on,-4
1781754700407408230,8337.8,827.093,1.20905,1.38675,1.37379,0.030336,0.09008,0.016384,0.427008,0.809984,0.035249,1244819,1244819,415283,33.3609,1920,1080,raygs,triangles,1,off,0,on,-4
1781754700408706175,8339.1,824.32,1.21312,1.28557,1.2743,0.030528,0.0896,0.016384,0.32704,0.810752,0.034378,1244819,1244819,415283,33.3609,1920,1080,raygs,triangles,1,off,0,on,-4
1781754700409877744,8340.27,822.887,1.21523,1.14774,1.13571,0.0304,0.089504,0.016384,0.188416,0.811008,0.033776,1244819,1244819,415283,33.3609,1920,1080,raygs,triangles,1,off,0,on,-4
1781754700411050676,8341.44,822.904,1.21521,1.14755,1.13456,0.030752,0.089024,0.016384,0.188416,0.809984,0.033809,1244819,1244819,415283,33.3609,1920,1080,raygs,triangles,1,off,0,on,-4
1781754700412233985,8342.63,822.908,1.2152,1.14816,1.13718,0.030304,0.090048,0.016384,0.18944,0.811008,0.033963,1244819,1244819,415283,33.3609,1920,1080,raygs,triangles,1,off,0,on,-4
1781754700413422677,8343.81,822.92,1.21518,1.16458,1.1527,0.030336,0.089152,0.016384,0.206848,0.809984,0.034291,1244819,1244819,415283,33.3609,1920,1080,raygs,triangles,1,off,0,on,-4
1781754700414623773,8345.02,825.292,1.21169,1.14694,1.13318,0.030112,0.088672,0.01536,0.188416,0.810624,0.036839,1244819,1244819,415283,33.3609,1920,1080,raygs,triangles,1,off,0,on,-4
1781754700415948905,8346.34,826.427,1.21003,1.14774,1.13562,0.030496,0.089312,0.016384,0.18944,0.809984,0.042361,1244819,1244819,415283,33.3609,1920,1080,raygs,triangles,1,off,0,on,-4
1781754700417113792,8347.51,824.664,1.21261,1.14762,1.13434,0.030816,0.088704,0.01536,0.188608,0.810848,0.040981,1244819,1244819,415283,33.3609,1920,1080,raygs,triangles,1,off,0,on,-4
1781754700418259281,8348.65,824.933,1.21222,1.14746,1.13469,0.0296,0.08928,0.016384,0.18944,0.809984,0.037314,1244819,1244819,415283,33.3609,1920,1080,raygs,triangles,1,off,0,on,-4
1781754700419437365,8349.83,825.237,1.21177,1.14803,1.13661,0.030208,0.08992,0.016384,0.18944,0.810656,0.038387,1244819,1244819,415283,33.3609,1920,1080,raygs,triangles,1,off,0,on,-4
1781754700420599099,8350.99,825.892,1.21081,1.14803,1.13386,0.030176,0.088896,0.01536,0.18944,0.809984,0.037301,1244819,1244819,415283,33.3609,1920,1080,raygs,triangles,1,off,0,on,-4
1781754700421775552,8352.17,825.465,1.21144,1.14787,1.13542,0.030016,0.0896,0.016384,0.18944,0.809984,0.040171,1244819,1244819,415283,33.3609,1920,1080,raygs,triangles,1,off,0,on,-4
1781754700422980760,8353.37,827.129,1.209,1.15072,1.13782,0.030208,0.08976,0.016384,0.191488,0.809984,0.039052,1244819,1244819,415283,33.3609,1920,1080,raygs,triangles,1,off,0,on,-4
1781754700424303790,8354.7,827.752,1.20809,1.32102,1.30694,0.030368,0.088608,0.015744,0.362496,0.809728,0.037883,1244819,1244819,415283,33.3609,1920,1080,raygs,triangles,1,off,0,on,-4
1781754700425627273,8356.02,825.328,1.21164,1.32125,1.30941,0.030208,0.089312,0.187392,0.191488,0.811008,0.035937,1244819,1244819,415283,33.3609,1920,1080,raygs,triangles,1,off,0,on,-4
1781754700426802886,8357.19,823.471,1.21437,1.1473,1.13549,0.030464,0.089568,0.01536,0.18944,0.810656,0.035988,1244819,1244819,415283,33.3609,1920,1080,raygs,triangles,1,off,0,on,-4
1781754700427994566,8358.39,823.594,1.21419,1.14544,1.13459,0.030144,0.089504,0.016384,0.187776,0.810784,0.041046,1244819,1244819,415283,33.3609,1920,1080,raygs,triangles,1,off,0,on,-4
1781754700429184019,8359.58,823.174,1.21481,1.14739,1.13504,0.030208,0.089216,0.016224,0.18864,0.810752,0.042773,1244819,1244819,415283,33.3609,1920,1080,raygs,triangles,1,off,0,on,-4
1781754700430321151,8360.71,824.656,1.21263,1.14688,1.13424,0.030048,0.089568,0.015648,0.188416,0.81056,0.03527,1244819,1244819,415283,33.3609,1920,1080,raygs,triangles,1,off,0,on,-4
1781754700431502111,8361.89,826.472,1.20996,1.14701,1.13373,0.030176,0.088768,0.01536,0.188416,0.811008,0.037734,1244819,1244819,415283,33.3609,1920,1080,raygs,triangles,1,off,0,on,-4
1781754700432787839,8363.18,827.032,1.20914,1.14912,1.13667,0.03024,0.089632,0.016384,0.189696,0.81072,0.036082,1244819,1244819,415283,33.3609,1920,1080,raygs,triangles,1,off,0,on,-4
1781754700433953698,8364.35,826.027,1.21061,1.14922,1.13616,0.031392,0.08896,0.01536,0.18944,0.811008,0.034629,1244819,1244819,415283,33.3609,1920,1080,raygs,triangles,1,off,0,on,-4
1781754700435122493,8365.51,826.103,1.2105,1.14685,1.13472,0.030048,0.089888,0.016384,0.188416,0.809984,0.034494,1244819,1244819,415283,33.3609,1920,1080,raygs,triangles,1,off,0,on,-4
1781754700436346816,8366.74,827.159,1.20896,1.1481,1.13536,0.029216,0.089568,0.015584,0.18944,0.811552,0.03617,1244819,1244819,415283,33.3609,1920,1080,raygs,triangles,1,off,0,on,-4
1781754700437409027,8367.8,825.95,1.21073,1.14864,1.13667,0.030496,0.089248,0.016384,0.189856,0.810688,0.02771,1244819,1244819,415283,33.3609,1920,1080,raygs,triangles,1,off,0,on,-4
1781754700438534278,8368.93,827.041,1.20913,1.14787,1.13587,0.030496,0.089408,0.016384,0.188768,0.810816,0.016853,1244819,1244819,415283,33.3609,1920,1080,raygs,triangles,1,off,0,on,-4
1781754700439706116,8370.1,828.597,1.20686,1.14819,1.13766,0.030336,0.089472,0.016384,0.190464,0.811008,0.028547,1244819,1244819,415283,33.3609,1920,1080,raygs,triangles,1,off,0,on,-4
1781754700441103271,8371.49,828.642,1.20679,1.37299,1.3599,0.030336,0.089376,0.016384,0.412832,0.810976,0.026654,1244819,1244819,415283,33.3609,1920,1080,raygs,triangles,1,off,0,on,-4
1781754700442405291,8372.8,825.968,1.2107,1.28557,1.27187,0.030464,0.08912,0.015648,0.325632,0.811008,0.025432,1244819,1244819,415283,33.3609,1920,1080,raygs,triangles,1,off,0,on,-4
1781754700443577549,8373.97,824.484,1.21288,1.14909,1.13446,0.029184,0.090176,0.01568,0.188416,0.811008,0.024863,1244819,1244819,415283,33.3609,1920,1080,raygs,triangles,1,off,0,on,-4
1781754700444739704,8375.13,824.491,1.21287,1.14851,1.13485,0.030272,0.089792,0.01536,0.18944,0.809984,0.024078,1244819,1244819,415283,33.3609,1920,1080,raygs,triangles,1,off,0,on,-4
1781754700445911856,8376.3,824.798,1.21242,1.14749,1.13459,0.030688,0.08944,0.01536,0.188416,0.810688,0.024394,1244819,1244819,415283,33.3609,1920,1080,raygs,triangles,1,off,0,on,-4
1781754700447086056,8377.48,824.609,1.2127,1.14656,1.13226,0.030144,0.089504,0.01536,0.187392,0.809856,0.024242,1244819,1244819,415283,33.3609,1920,1080,raygs,triangles,1,off,0,on,-4
1781754700448260177,8378.65,827.062,1.2091,1.14966,1.13616,0.030496,0.089216,0.016384,0.18944,0.810624,0.024336,1244819,1244819,415283,33.3609,1920,1080,raygs,triangles,1,off,0,on,-4
1781754700449547438,8379.94,828.454,1.20707,1.14867,1.13536,0.029824,0.089792,0.01632,0.188416,0.811008,0.023645,1244819,1244819,415283,33.3609,1920,1080,raygs,triangles,1,off,0,on,-4
1781754700450725301,8381.12,827.444,1.20854,1.14979,1.13597,0.031616,0.089632,0.01552,0.188416,0.810784,0.025592,1244819,1244819,415283,33.3609,1920,1080,raygs,triangles,1,off,0,on,-4
1781754700451896265,8382.29,827.112,1.20903,1.1489,1.13779,0.030368,0.089632,0.016384,0.190464,0.810944,0.025261,1244819,1244819,415283,33.3609,1920,1080,raygs,triangles,1,off,0,on,-4
1781754700453064535,8383.46,827.825,1.20799,1.14691,1.13363,0.030304,0.088736,0.016384,0.187392,0.810816,0.023587,1244819,1244819,415283,33.3609,1920,1080,raygs,triangles,1,off,0,on,-4
1781754700454257529,8384.65,828.187,1.20746,1.14794,1.13581,0.03024,0.089888,0.016384,0.188416,0.81088,0.025719,1244819,1244819,415283,33.3609,1920,1080,raygs,triangles,1,off,0,on,-4
1781754700455420310,8385.81,828.385,1.20717,1.1489,1.13757,0.030016,0.089696,0.016384,0.190464,0.811008,0.024966,1244819,1244819,415283,33.3609,1920,1080,raygs,triangles,1,off,0,on,-4
1781754700456590978,8386.98,828.482,1.20703,1.1481,1.13533,0.030272,0.089056,0.015552,0.18944,0.811008,0.024543,1244819,1244819,415283,33.3609,1920,1080,raygs,triangles,1,off,0,on,-4
1781754700457953614,8388.34,828.678,1.20674,1.3401,1.32819,0.0304,0.089344,0.016384,0.380224,0.81184,0.024028,1244819,1244819,415283,33.3609,1920,1080,raygs,triangles,1,off,0,on,-4
1781754700459272258,8389.66,826.684,1.20965,1.28554,1.27302,0.030496,0.089504,0.01536,0.326656,0.811008,0.024954,1244819,1244819,415283,33.3609,1920,1080,raygs,triangles,1,off,0,on,-4
1781754700460441321,8390.83,824.777,1.21245,1.14685,1.13546,0.03056,0.090112,0.016384,0.187392,0.811008,0.025304,1244819,1244819,415283,33.3609,1920,1080,raygs,triangles,1,off,0,on,-4
1781754700461619047,8392.01,827.128,1.209,1.14774,1.13523,0.02992,0.089504,0.016384,0.188416,0.811008,0.025205,1244819,1244819,415283,33.3609,1920,1080,raygs,triangles,1,off,0,on,-4
1781754700462792924,8393.18,828.925,1.20638,1.14614,1.13434,0.030304,0.08912,0.016384,0.187552,0.810976,0.026796,1244819,1244819,415283,33.3609,1920,1080,raygs,triangles,1,off,0,on,-4
1781754700463971762,8394.36,829.992,1.20483,1.14582,1.13427,0.029952,0.089536,0.016384,0.187392,0.811008,0.026113,1244819,1244819,415283,33.3609,1920,1080,raygs,triangles,1,off,0,on,-4
1781754700465271604,8395.66,831.24,1.20302,1.14784,1.13443,0.029984,0.08864,0.016384,0.18944,0.809984,0.027387,1244819,1244819,415283,33.3609,1920,1080,raygs,triangles,1,off,0,on,-4
1781754700466430000,8396.82,829.844,1.20505,1.14934,1.13517,0.031104,0.08928,0.01536,0.18944,0.809984,0.02381,1244819,1244819,415283,33.3609,1920,1080,raygs,triangles,1,off,0,on,-4
1781754700467723128,8398.11,830.058,1.20474,1.14755,1.13437,0.030208,0.088352,0.016384,0.18944,0.809984,0.024329,1244819,1244819,415283,33.3609,1920,1080,raygs,triangles,1,off,0,on,-4
1781754700468895354,8399.29,828.608,1.20684,1.14918,1.13667,0.031328,0.08944,0.016384,0.1888,0.81072,0.024135,1244819,1244819,415283,33.3609,1920,1080,raygs,triangles,1,off,0,on,-4
1781754700470063533,8400.45,828.724,1.20667,1.14608,1.13334,0.030272,0.08896,0.015712,0.187392,0.811008,0.023654,1244819,1244819,415283,33.3609,1920,1080,raygs,triangles,1,off,0,on,-4
1781754700471235386,8401.63,829.038,1.20622,1.14646,1.13286,0.029632,0.088448,0.016384,0.188416,0.809984,0.02388,1244819,1244819,415283,33.3609,1920,1080,raygs,triangles,1,off,0,on,-4
1781754700472409984,8402.8,830.533,1.20405,1.1497,1.13594,0.029792,0.089312,0.016384,0.190464,0.809984,0.023972,1244819,1244819,415283,33.3609,1920,1080,raygs,triangles,1,off,0,on,-4
1781754700473758731,8404.15,830.327,1.20435,1.14678,1.13539,0.029952,0.089632,0.016384,0.188416,0.811008,0.023847,1244819,1244819,415283,33.3609,1920,1080,raygs,triangles,1,off,0,on,-4
1781754700475072269,8405.46,828.337,1.20724,1.15165,1.14042,0.03488,0.089568,0.016384,0.187648,0.811936,0.026543,1244819,1244819,415283,33.3609,1920,1080,raygs,triangles,1,off,0,on,-4
1781754700476248547,8406.64,826.45,1.20999,1.14992,1.1377,0.03136,0.089536,0.016384,0.18944,0.810976,0.023933,1244819,1244819,415283,33.3609,1920,1080,raygs,triangles,1,off,0,on,-4
1781754700477414979,8407.81,826.416,1.21004,1.14717,1.13504,0.030336,0.08992,0.016384,0.188416,0.809984,0.024964,1244819,1244819,415283,33.3609,1920,1080,raygs,triangles,1,off,0,on,-4
1781754700478583211,8408.97,826.454,1.20999,1.14672,1.13472,0.030624,0.089312,0.016384,0.187392,0.811008,0.024882,1244819,1244819,415283,33.3609,1920,1080,raygs,triangles,1,off,0,on,-4
1781754700479756150,8410.15,826.628,1.20973,1.14688,1.13312,0.03008,0.089376,0.01536,0.187392,0.810912,0.024052,1244819,1244819,415283,33.3609,1920,1080,raygs,triangles,1,off,0,on,-4
1781754700480939562,8411.33,829.673,1.20529,1.14778,1.13571,0.030464,0.08944,0.016384,0.188416,0.811008,0.02501,1244819,1244819,415283,33.3609,1920,1080,raygs,triangles,1,off,0,on,-4
1781754700482244796,8412.64,830.676,1.20384,1.14909,1.13683,0.030208,0.089888,0.01632,0.18944,0.810976,0.024877,1244819,1244819,415283,33.3609,1920,1080,raygs,triangles,1,off,0,on,-4
1781754700483402922,8413.79,829.15,1.20605,1.14902,1.13664,0.031168,0.08976,0.016384,0.188416,0.810912,0.024454,1244819,1244819,415283,33.3609,1920,1080,raygs,triangles,1,off,0,on,-4
1781754700484577951,8414.97,829.294,1.20584,1.14883,1.13629,0.029984,0.089472,0.016384,0.190464,0.809984,0.026041,1244819,1244819,415283,33.3609,1920,1080,raygs,triangles,1,off,0,on,-4
1781754700485750914,8416.14,829.456,1.20561,1.14643,1.13405,0.029632,0.089472,0.016384,0.187648,0.810912,0.025979,1244819,1244819,415283,33.3609,1920,1080,raygs,triangles,1,off,0,on,-4
1781754700486930886,8417.32,829.659,1.20531,1.14714,1.13283,0.030336,0.0888,0.015424,0.187424,0.810848,0.025257,1244819,1244819,415283,33.3609,1920,1080,raygs,triangles,1,off,0,on,-4
1781754700488090410,8418.48,829.839,1.20505,1.14883,1.13558,0.030336,0.08992,0.016384,0.188416,0.810528,0.02465,1244819,1244819,415283,33.3609,1920,1080,raygs,triangles,1,off,0,on,-4
1781754700489289427,8419.68,831.949,1.202,1.1488,1.13613,0.029952,0.089632,0.016384,0.18944,0.81072,0.033701,1244819,1244819,415283,33.3609,1920,1080,raygs,triangles,1,off,0,on,-4
1781754700490684001,8421.08,831.602,1.2025,1.38992,1.37862,0.030784,0.090368,0.016384,0.43008,0.811008,0.018439,1244819,1244819,415283,33.3609,1920,1080,raygs,triangles,1,off,0,on,-4
1781754700491986788,8422.38,828.514,1.20698,1.28707,1.27462,0.029952,0.0896,0.016384,0.328704,0.809984,0.024024,1244819,1244819,415283,33.3609,1920,1080,raygs,triangles,1,off,0,on,-4
1781754700493158418,8423.55,827.43,1.20856,1.14717,1.13427,0.030336,0.090176,0.01536,0.187392,0.811008,0.023361,1244819,1244819,415283,33.3609,1920,1080,raygs,triangles,1,off,0,on,-4
1781754700494336597,8424.73,827.296,1.20876,1.14701,1.13562,0.030176,0.089824,0.016384,0.188416,0.810816,0.024801,1244819,1244819,415283,33.3609,1920,1080,raygs,triangles,1,off,0,on,-4
1781754700495513410,8425.9,827.021,1.20916,1.14768,1.13501,0.029824,0.089472,0.01648,0.187392,0.81184,0.023886,1244819,1244819,415283,33.3609,1920,1080,raygs,triangles,1,off,0,on,-4
1781754700496696884,8427.09,827.368,1.20865,1.16899,1.15626,0.029632,0.089312,0.016384,0.210944,0.809984,0.024094,1244819,1244819,415283,33.3609,1920,1080,raygs,triangles,1,off,0,on,-4
1781754700497887705,8428.28,829.184,1.206,1.14842,1.13411,0.03056,0.088992,0.01536,0.188416,0.810784,0.027777,1244819,1244819,415283,33.3609,1920,1080,raygs,triangles,1,off,0,on,-4
1781754700499262866,8429.65,830.402,1.20424,1.14832,1.1359,0.030496,0.08944,0.01536,0.189728,0.81088,0.042373,1244819,1244819,415283,33.3609,1920,1080,raygs,triangles,1,off,0,on,-4
1781754700500352230,8430.74,828.239,1.20738,1.14739,1.13427,0.030432,0.089376,0.016384,0.187392,0.810688,0.016797,1244819,1244819,415283,33.3609,1920,1080,raygs,triangles,1,off,0,on,-4
1781754700501524397,8431.92,829.376,1.20573,1.14723,1.13456,0.030432,0.089696,0.016384,0.187392,0.810656,0.025394,1244819,1244819,415283,33.3609,1920,1080,raygs,triangles,1,off,0,on,-4
1781754700502692888,8433.08,829.739,1.2052,1.14787,1.13562,0.030016,0.089856,0.016384,0.188416,0.810944,0.025037,1244819,1244819,415283,33.3609,1920,1080,raygs,triangles,1,off,0,on,-4
1781754700503870497,8434.26,829.09,1.20614,1.14749,1.13366,0.029632,0.089472,0.01536,0.188416,0.810784,0.024695,1244819,1244819,415283,33.3609,1920,1080,raygs,triangles,1,off,0,on,-4
1781754700505034457,8435.43,829.291,1.20585,1.14685,1.13542,0.030016,0.0896,0.016384,0.188416,0.811008,0.024589,1244819,1244819,415283,33.3609,1920,1080,raygs,triangles,1,off,0,on,-4
1781754700506216225,8436.61,830.543,1.20403,1.14739,1.13411,0.030816,0.088672,0.01536,0.188416,0.810848,0.029222,1244819,1244819,415283,33.3609,1920,1080,raygs,triangles,1,off,0,on,-4
1781754700507621154,8438.01,830.344,1.20432,1.38349,1.36963,0.030144,0.08944,0.01536,0.423936,0.810752,0.024534,1244819,1244819,415283,33.3609,1920,1080,raygs,triangles,1,off,0,on,-4
1781754700508932409,8439.32,827.646,1.20825,1.28838,1.27568,0.030272,0.089056,0.015616,0.329728,0.811008,0.028041,1244819,1244819,415283,33.3609,1920,1080,raygs,triangles,1,off,0,on,-4
1781754700510109598,8440.5,826.642,1.20971,1.14739,1.13555,0.030592,0.090176,0.016384,0.187392,0.811008,0.024897,1244819,1244819,415283,33.3609,1920,1080,raygs,triangles,1,off,0,on,-4
1781754700511277971,8441.67,825.073,1.21201,1.14602,1.1335,0.03024,0.089472,0.015456,0.187392,0.810944,0.025068,1244819,1244819,415283,33.3609,1920,1080,raygs,triangles,1,off,0,on,-4
1781754700512443475,8442.83,824.866,1.21232,1.14762,1.1344,0.029792,0.089824,0.01536,0.188416,0.811008,0.023811,1244819,1244819,415283,33.3609,1920,1080,raygs,triangles,1,off,0,on,-4
1781754700513613948,8444.01,825.166,1.21188,1.14704,1.13434,0.030208,0.089344,0.016384,0.188416,0.809984,0.024206,1244819,1244819,415283,33.3609,1920,1080,raygs,triangles,1,off,0,on,-4
1781754700514793402,8445.18,827.764,1.20807,1.1463,1.1343,0.030208,0.089312,0.016384,0.187392,0.811008,0.025615,1244819,1244819,415283,33.3609,1920,1080,raygs,triangles,1,off,0,on,-4
1781754700516079373,8446.47,828.818,1.20654,1.14717,1.13446,0.03008,0.089152,0.015648,0.188672,0.810912,0.024019,1244819,1244819,415283,33.3609,1920,1080,raygs,triangles,1,off,0,on,-4
1781754700517254347,8447.65,827.835,1.20797,1.14864,1.13629,0.030816,0.089472,0.016384,0.188704,0.810912,0.024253,1244819,1244819,415283,33.3609,1920,1080,raygs,triangles,1,off,0,on,-4
1781754700518438271,8448.83,827.44,1.20855,1.14749,1.1337,0.029664,0.089312,0.01632,0.188416,0.809984,0.025619,1244819,1244819,415283,33.3609,1920,1080,raygs,triangles,1,off,0,on,-4
1781754700519604012,8450,827.305,1.20874,1.14835,1.13728,0.030112,0.089344,0.016384,0.190464,0.810976,0.024693,1244819,1244819,415283,33.3609,1920,1080,raygs,triangles,1,off,0,on,-4
1781754700520772646,8451.16,827.105,1.20904,1.14685,1.13568,0.03024,0.089632,0.016384,0.188416,0.811008,0.024893,1244819,1244819,415283,33.3609,1920,1080,raygs,triangles,1,off,0,on,-4
1781754700521949280,8452.34,827.752,1.20809,1.14624,1.13258,0.030432,0.089408,0.01536,0.187392,0.809984,0.024798,1244819,1244819,415283,33.3609,1920,1080,raygs,triangles,1,off,0,on,-4
1781754700523117107,8453.51,828.733,1.20666,1.1495,1.1351,0.029632,0.088576,0.01536,0.190528,0.811008,0.024466,1244819,1244819,415283,33.3609,1920,1080,raygs,triangles,1,off,0,on,-4
1781754700524520959,8454.91,829.1,1.20613,1.37962,1.36723,0.030336,0.089792,0.016384,0.41984,0.81088,0.024131,1244819,1244819,415283,33.3609,1920,1080,raygs,triangles,1,off,0,on,-4
1781754700525833371,8456.22,826.183,1.21038,1.28595,1.27334,0.029856,0.089536,0.016288,0.32768,0.809984,0.023971,1244819,1244819,415283,33.3609,1920,1080,raygs,triangles,1,off,0,on,-4
1781754700527007273,8457.4,824.544,1.21279,1.14906,1.13715,0.030176,0.090144,0.016384,0.18944,0.811008,0.02409,1244819,1244819,415283,33.3609,1920,1080,raygs,triangles,1,off,0,on,-4
1781754700528178550,8458.57,825.045,1.21206,1.14598,1.13424,0.030176,0.089472,0.016384,0.187392,0.810816,0.024676,1244819,1244819,415283,33.3609,1920,1080,raygs,triangles,1,off,0,on,-4
1781754700529374969,8459.77,824.994,1.21213,1.14582,1.1344,0.030048,0.089568,0.016384,0.187392,0.811008,0.026699,1244819,1244819,415283,33.3609,1920,1080,raygs,triangles,1,off,0,on,-4
1781754700530528827,8460.92,824.33,1.21311,1.14739,1.1353,0.030592,0.089152,0.016128,0.188416,0.811008,0.023933,1244819,1244819,415283,33.3609,1920,1080,raygs,triangles,1,off,0,on,-4
1781754700531701263,8462.09,826.758,1.20954,1.14947,1.13568,0.0296,0.089248,0.01536,0.190464,0.811008,0.025031,1244819,1244819,415283,33.3609,1920,1080,raygs,triangles,1,off,0,on,-4
1781754700532986884,8463.38,828.725,1.20667,1.1463,1.13309,0.030496,0.088992,0.016224,0.187392,0.809984,0.023884,1244819,1244819,415283,33.3609,1920,1080,raygs,triangles,1,off,0,on,-4
1781754700534162167,8464.55,827.42,1.20858,1.14778,1.13536,0.030976,0.0896,0.01536,0.188416,0.811008,0.024387,1244819,1244819,415283,33.3609,1920,1080,raygs,triangles,1,off,0,on,-4
1781754700535344081,8465.74,827.336,1.2087,1.14858,1.13754,0.030656,0.089184,0.016224,0.190464,0.811008,0.025204,1244819,1244819,415283,33.3609,1920,1080,raygs,triangles,1,off,0,on,-4
1781754700536514810,8466.91,827.068,1.20909,1.1463,1.13421,0.030496,0.089088,0.01552,0.188416,0.810688,0.024291,1244819,1244819,415283,33.3609,1920,1080,raygs,triangles,1,off,0,on,-4
1781754700537686275,8468.08,827.187,1.20892,1.14733,1.13411,0.030496,0.088832,0.01536,0.188416,0.811008,0.025187,1244819,1244819,415283,33.3609,1920,1080,raygs,triangles,1,off,0,on,-4
1781754700538862016,8469.25,828.563,1.20691,1.14902,1.13539,0.030176,0.089536,0.01536,0.18944,0.81088,0.023744,1244819,1244819,415283,33.3609,1920,1080,raygs,triangles,1,off,0,on,-4
1781754700540026919,8470.42,828.675,1.20675,1.1481,1.13558,0.030272,0.089504,0.016384,0.18944,0.809984,0.023574,1244819,1244819,415283,33.3609,1920,1080,raygs,triangles,1,off,0,on,-4
1781754700541501653,8471.89,830.176,1.20456,1.3689,1.35558,0.030368,0.089472,0.01616,0.4096,0.809984,0.040136,1244819,1244819,415283,33.3609,1920,1080,raygs,triangles,1,off,0,on,-4
1781754700542753895,8473.15,826.564,1.20983,1.28426,1.27123,0.030208,0.089024,0.016384,0.325632,0.809984,0.015238,1244819,1244819,415283,33.3609,1920,1080,raygs,triangles,1,off,0,on,-4
1781754700543953234,8474.34,825.11,1.21196,1.14701,1.13571,0.030176,0.090176,0.016384,0.188416,0.81056,0.037468,1244819,1244819,415283,33.3609,1920,1080,raygs,triangles,1,off,0,on,-4
1781754700545104851,8475.5,825.056,1.21204,1.14832,1.13594,0.029472,0.08944,0.016384,0.189728,0.810912,0.018923,1244819,1244819,415283,33.3609,1920,1080,raygs,triangles,1,off,0,on,-4
1781754700546278281,8476.67,825.13,1.21193,1.14829,1.13459,0.030432,0.089344,0.015584,0.188416,0.810816,0.02652,1244819,1244819,415283,33.3609,1920,1080,raygs,triangles,1,off,0,on,-4
1781754700547446577,8477.84,827.058,1.20911,1.14883,1.1352,0.029952,0.08976,0.01536,0.18944,0.810688,0.026127,1244819,1244819,415283,33.3609,1920,1080,raygs,triangles,1,off,0,on,-4
1781754700548731894,8479.12,829.028,1.20623,1.1479,1.13366,0.030048,0.088864,0.01536,0.188416,0.810976,0.025235,1244819,1244819,415283,33.3609,1920,1080,raygs,triangles,1,off,0,on,-4
1781754700549901451,8480.29,827.747,1.2081,1.14966,1.13709,0.030752,0.089568,0.016384,0.189632,0.810752,0.024787,1244819,1244819,415283,33.3609,1920,1080,raygs,triangles,1,off,0,on,-4
1781754700551077460,8481.47,827.797,1.20803,1.14614,1.13459,0.029312,0.089472,0.016384,0.18944,0.809984,0.025462,1244819,1244819,415283,33.3609,1920,1080,raygs,triangles,1,off,0,on,-4
1781754700552292502,8482.68,827.572,1.20835,1.14608,1.13363,0.030272,0.089408,0.01536,0.187584,0.811008,0.03606,1244819,1244819,415283,33.3609,1920,1080,raygs,triangles,1,off,0,on,-4
1781754700553450894,8483.84,827.154,1.20896,1.14819,1.13664,0.030176,0.089472,0.016384,0.1896,0.811008,0.025376,1244819,1244819,415283,33.3609,1920,1080,raygs,triangles,1,off,0,on,-4
1781754700557210795,8487.6,793.696,1.25993,1.14835,1.13613,0.030496,0.089824,0.016384,0.18944,0.809984,0.068484,1244819,1244819,415283,33.3609,1920,1080,raygs,triangles,1,off,0,on,-4
1781754700557760566,8488.15,800.181,1.24972,1.14893,1.13562,0.031104,0.089856,0.01536,0.188416,0.81088,0.026424,1244819,1244819,415283,33.3609,1920,1080,raygs,triangles,1,off,0,on,-4
1781754700558673036,8489.06,806.842,1.2394,1.14394,1.13373,0.03328,0.088512,0.015584,0.186368,0.809984,0.037574,1244819,1244819,415283,33.3609,1920,1080,raygs,triangles,1,off,0,on,-4
1781754700559822602,8490.21,809.605,1.23517,1.14582,1.13462,0.030016,0.089824,0.016384,0.187392,0.811008,0.0347,1244819,1244819,415283,33.3609,1920,1080,raygs,triangles,1,off,0,on,-4
1781754700560993172,8491.38,809.919,1.23469,1.14733,1.13414,0.030496,0.089088,0.01536,0.188416,0.810784,0.03534,1244819,1244819,415283,33.3609,1920,1080,raygs,triangles,1,off,0,on,-4
1781754700562162760,8492.55,810.141,1.23435,1.14749,1.13523,0.030272,0.089152,0.016384,0.188416,0.811008,0.035913,1244819,1244819,415283,33.3609,1920,1080,raygs,triangles,1,off,0,on,-4
1781754700563364687,8493.76,809.876,1.23476,1.1463,1.13178,0.029472,0.088544,0.01536,0.187392,0.811008,0.040446,1244819,1244819,415283,33.3609,1920,1080,raygs,triangles,1,off,0,on,-4
1781754700564560902,8494.95,809.728,1.23498,1.14771,1.13411,0.029792,0.08864,0.016192,0.188576,0.810912,0.041181,1244819,1244819,415283,33.3609,1920,1080,raygs,triangles,1,off,0,on,-4
1781754700565779676,8496.17,811.924,1.23164,1.14691,1.13331,0.030112,0.088416,0.016384,0.187392,0.811008,0.041359,1244819,1244819,415283,33.3609,1920,1080,raygs,triangles,1,off,0,on,-4
1781754700567003400,8497.39,812.499,1.23077,1.28032,1.26819,0.030304,0.089568,0.015776,0.321536,0.811008,0.036474,1244819,1244819,415283,33.3609,1920,1080,raygs,triangles,1,off,0,on,-4
1781754700568105796,8498.5,812.192,1.23124,1.14826,1.13619,0.030144,0.09024,0.016384,0.18944,0.809984,0.034297,1244819,1244819,415283,33.3609,1920,1080,raygs,triangles,1,off,0,on,-4
1781754700569197928,8499.59,813.565,1.22916,1.14778,1.13498,0.030624,0.089568,0.01536,0.188416,0.811008,0.017114,1244819,1244819,415283,33.3609,1920,1080,raygs,triangles,1,off,0,on,-4
1781754700570382863,8500.77,814.569,1.22764,1.14592,1.13315,0.030112,0.08928,0.01536,0.188416,0.809984,0.026858,1244819,1244819,415283,33.3609,1920,1080,raygs,triangles,1,off,0,on,-4
1781754700571547871,8501.94,814.198,1.2282,1.14717,1.1351,0.030368,0.088928,0.016384,0.188416,0.811008,0.024975,1244819,1244819,415283,33.3609,1920,1080,raygs,triangles,1,off,0,on,-4
1781754700572720193,8503.11,814.799,1.2273,1.14752,1.13462,0.03072,0.08912,0.01536,0.188416,0.811008,0.026794,1244819,1244819,415283,33.3609,1920,1080,raygs,triangles,1,off,0,on,-4
1781754700574040407,8504.43,816.979,1.22402,1.1488,1.13539,0.030112,0.089792,0.016256,0.188416,0.810816,0.024433,1244819,1244819,415283,33.3609,1920,1080,raygs,triangles,1,off,0,on,-4
1781754700575402660,8505.79,814.534,1.2277,1.14918,1.13514,0.03136,0.088992,0.01536,0.188416,0.811008,0.025472,1244819,1244819,415283,33.3609,1920,1080,raygs,triangles,1,off,0,on,-4
1781754700576574053,8506.97,812.365,1.23097,1.1529,1.14054,0.035072,0.089664,0.016288,0.188512,0.811008,0.024176,1244819,1244819,415283,33.3609,1920,1080,raygs,triangles,1,off,0,on,-4
1781754700577752211,8508.14,812.419,1.23089,1.14749,1.13475,0.030176,0.089792,0.01536,0.188416,0.811008,0.02495,1244819,1244819,415283,33.3609,1920,1080,raygs,triangles,1,off,0,on,-4
1781754700578925717,8509.32,812.432,1.23087,1.14685,1.13552,0.030208,0.08976,0.016384,0.187392,0.811776,0.029409,1244819,1244819,415283,33.3609,1920,1080,raygs,triangles,1,off,0,on,-4
1781754700580121767,8510.51,812.289,1.23109,1.16925,1.1577,0.029856,0.089504,0.016384,0.210944,0.811008,0.024291,1244819,1244819,415283,33.3609,1920,1080,raygs,triangles,1,off,0,on,-4
1781754700581296934,8511.69,812.143,1.23131,1.14717,1.13498,0.030336,0.089664,0.016384,0.187776,0.810816,0.023877,1244819,1244819,415283,33.3609,1920,1080,raygs,triangles,1,off,0,on,-4
1781754700582576514,8512.97,814.641,1.22753,1.1479,1.13379,0.030048,0.088864,0.015456,0.18944,0.809984,0.024429,1244819,1244819,415283,33.3609,1920,1080,raygs,triangles,1,off,0,on,-4
1781754700583749437,8514.14,815.022,1.22696,1.14998,1.13949,0.031136,0.08992,0.016384,0.190464,0.811584,0.023762,1244819,1244819,415283,33.3609,1920,1080,raygs,triangles,1,off,0,on,-4
1781754700584921986,8515.31,815.124,1.22681,1.1455,1.13274,0.030016,0.08896,0.01536,0.187392,0.811008,0.02375,1244819,1244819,415283,33.3609,1920,1080,raygs,triangles,1,off,0,on,-4
1781754700586094016,8516.49,815.031,1.22695,1.14918,1.1376,0.030304,0.090464,0.016384,0.18944,0.811008,0.023707,1244819,1244819,415283,33.3609,1920,1080,raygs,triangles,1,off,0,on,-4
1781754700587273745,8517.67,814.676,1.22748,1.14685,1.13405,0.030368,0.088672,0.015584,0.18944,0.809984,0.027875,1244819,1244819,415283,33.3609,1920,1080,raygs,triangles,1,off,0,on,-4
1781754700588446928,8518.84,814.559,1.22766,1.14781,1.13526,0.029952,0.089824,0.016384,0.188416,0.810688,0.024639,1244819,1244819,415283,33.3609,1920,1080,raygs,triangles,1,off,0,on,-4
1781754700589620155,8520.01,814.918,1.22712,1.14771,1.13456,0.029888,0.089888,0.01536,0.188416,0.811008,0.023964,1244819,1244819,415283,33.3609,1920,1080,raygs,triangles,1,off,0,on,-4
1781754700590966339,8521.36,815.884,1.22566,1.32512,1.31098,0.030272,0.089792,0.01536,0.364704,0.810848,0.024609,1244819,1244819,415283,33.3609,1920,1080,raygs,triangles,1,off,0,on,-4
1781754700592309148,8522.7,813.978,1.22853,1.31731,1.3055,0.029472,0.089568,0.183296,0.192512,0.810656,0.023673,1244819,1244819,415283,33.3609,1920,1080,raygs,triangles,1,off,0,on,-4
1781754700593489547,8523.88,812.498,1.23077,1.14768,1.1335,0.030112,0.089568,0.015424,0.188416,0.809984,0.025249,1244819,1244819,415283,33.3609,1920,1080,raygs,triangles,1,off,0,on,-4
1781754700594656001,8525.05,812.359,1.23098,1.14659,1.13315,0.029792,0.088416,0.016384,0.187744,0.810816,0.025105,1244819,1244819,415283,33.3609,1920,1080,raygs,triangles,1,off,0,on,-4
1781754700596020905,8526.41,812.112,1.23136,1.14685,1.13488,0.030368,0.0896,0.016384,0.187616,0.810912,0.048831,1244819,1244819,415283,33.3609,1920,1080,raygs,triangles,1,off,0,on,-4
1781754700597141572,8527.53,809.64,1.23512,1.14758,1.13549,0.031008,0.089696,0.016384,0.188416,0.809984,0.035341,1244819,1244819,415283,33.3609,1920,1080,raygs,triangles,1,off,0,on,-4
1781754700598354321,8528.75,810.181,1.23429,1.14771,1.1367,0.030144,0.089728,0.016384,0.188416,0.812032,0.037602,1244819,1244819,415283,33.3609,1920,1080,raygs,triangles,1,off,0,on,-4
1781754700599612952,8530,812.209,1.23121,1.1473,1.13453,0.02944,0.08928,0.016384,0.188416,0.811008,0.035878,1244819,1244819,415283,33.3609,1920,1080,raygs,triangles,1,off,0,on,-4
1781754700600775861,8531.17,812.873,1.2302,1.14934,1.13782,0.030496,0.090496,0.016384,0.18944,0.811008,0.035079,1244819,1244819,415283,33.3609,1920,1080,raygs,triangles,1,off,0,on,-4
1781754700601949705,8532.34,813.023,1.22998,1.14832,1.13667,0.030496,0.089568,0.016384,0.18944,0.810784,0.036298,1244819,1244819,415283,33.3609,1920,1080,raygs,triangles,1,off,0,on,-4
1781754700603122502,8533.51,813.028,1.22997,1.14685,1.1345,0.030016,0.089792,0.016384,0.187392,0.810912,0.034632,1244819,1244819,415283,33.3609,1920,1080,raygs,triangles,1,off,0,on,-4
1781754700604302327,8534.69,813.543,1.22919,1.14765,1.13562,0.030496,0.089312,0.016384,0.18944,0.809984,0.030774,1244819,1244819,415283,33.3609,1920,1080,raygs,triangles,1,off,0,on,-4
1781754700605376240,8535.77,813.146,1.22979,1.14701,1.13312,0.030208,0.089152,0.01536,0.188416,0.809984,0.024985,1244819,1244819,415283,33.3609,1920,1080,raygs,triangles,1,off,0,on,-4
1781754700606521225,8536.91,814.308,1.22804,1.14701,1.1328,0.030208,0.088928,0.01536,0.187392,0.810912,0.019916,1244819,1244819,415283,33.3609,1920,1080,raygs,triangles,1,off,0,on,-4
1781754700607918095,8538.31,815.864,1.22569,1.37418,1.36051,0.030656,0.089792,0.01536,0.413696,0.811008,0.025782,1244819,1244819,415283,33.3609,1920,1080,raygs,triangles,1,off,0,on,-4
1781754700609234328,8539.63,813.445,1.22934,1.28819,1.27475,0.030048,0.089632,0.016384,0.328704,0.809984,0.025358,1244819,1244819,415283,33.3609,1920,1080,raygs,triangles,1,off,0,on,-4
1781754700610403366,8540.79,812.251,1.23115,1.14621,1.13318,0.030432,0.089856,0.01536,0.186688,0.810848,0.023988,1244819,1244819,415283,33.3609,1920,1080,raygs,triangles,1,off,0,on,-4
1781754700611566351,8541.96,812.278,1.23111,1.14781,1.13347,0.030272,0.088608,0.01536,0.188416,0.810816,0.024443,1244819,1244819,415283,33.3609,1920,1080,raygs,triangles,1,off,0,on,-4
1781754700612780955,8543.17,812.408,1.23091,1.14675,1.13389,0.030528,0.089312,0.015648,0.187392,0.811008,0.033265,1244819,1244819,415283,33.3609,1920,1080,raygs,triangles,1,off,0,on,-4
1781754700613929711,8544.32,811.633,1.23208,1.14787,1.13427,0.030016,0.089472,0.01536,0.18944,0.809984,0.019151,1244819,1244819,415283,33.3609,1920,1080,raygs,triangles,1,off,0,on,-4
1781754700615099382,8545.49,811.781,1.23186,1.14938,1.13642,0.030464,0.08912,0.01536,0.190464,0.811008,0.024685,1244819,1244819,415283,33.3609,1920,1080,raygs,triangles,1,off,0,on,-4
1781754700616383279,8546.77,815.293,1.22655,1.1481,1.13539,0.030272,0.089056,0.015616,0.18944,0.811008,0.025246,1244819,1244819,415283,33.3609,1920,1080,raygs,triangles,1,off,0,on,-4
1781754700617565686,8547.96,815.119,1.22681,1.15024,1.13744,0.030336,0.089952,0.01568,0.190464,0.811008,0.026555,1244819,1244819,415283,33.3609,1920,1080,raygs,triangles,1,off,0,on,-4
1781754700618734887,8549.13,815.087,1.22686,1.14755,1.1345,0.03024,0.089376,0.015456,0.188416,0.811008,0.02548,1244819,1244819,415283,33.3609,1920,1080,raygs,triangles,1,off,0,on,-4
1781754700619907986,8550.3,815.041,1.22693,1.14835,1.13523,0.029472,0.089312,0.016448,0.18944,0.81056,0.02558,1244819,1244819,415283,33.3609,1920,1080,raygs,triangles,1,off,0,on,-4
1781754700621083233,8551.47,815.179,1.22672,1.14688,1.1337,0.029984,0.088928,0.01536,0.188416,0.811008,0.025698,1244819,1244819,415283,33.3609,1920,1080,raygs,triangles,1,off,0,on,-4
1781754700622269404,8552.66,815.094,1.22685,1.14982,1.13754,0.029952,0.089664,0.016384,0.19072,0.810816,0.026123,1244819,1244819,415283,33.3609,1920,1080,raygs,triangles,1,off,0,on,-4
1781754700623432128,8553.82,816.089,1.22536,1.14566,1.1335,0.029856,0.089024,0.016384,0.187392,0.810848,0.025514,1244819,1244819,415283,33.3609,1920,1080,raygs,triangles,1,off,0,on,-4
1781754700624781246,8555.17,816.151,1.22526,1.32675,1.31526,0.029696,0.089472,0.016384,0.368992,0.81072,0.026658,1244819,1244819,415283,33.3609,1920,1080,raygs,triangles,1,off,0,on,-4
1781754700626112710,8556.5,814.314,1.22803,1.30131,1.28906,0.029856,0.088672,0.167936,0.19168,0.810912,0.026117,1244819,1244819,415283,33.3609,1920,1080,raygs,triangles,1,off,0,on,-4
1781754700627306142,8557.7,812.753,1.23039,1.14806,1.13661,0.031232,0.089472,0.016384,0.188512,0.811008,0.035385,1244819,1244819,415283,33.3609,1920,1080,raygs,triangles,1,off,0,on,-4
1781754700628464438,8558.86,848.058,1.17916,1.14694,1.13286,0.030688,0.089408,0.015392,0.186368,0.811008,0.018968,1244819,1244819,415283,33.3609,1920,1080,raygs,triangles,1,off,0,on,-4
1781754700629692716,8560.08,842.439,1.18703,1.14675,1.1351,0.029824,0.089472,0.016384,0.188416,0.811008,0.041373,1244819,1244819,415283,33.3609,1920,1080,raygs,triangles,1,off,0,on,-4
1781754700630797252,8561.19,834.383,1.19849,1.1471,1.13504,0.03072,0.089536,0.016384,0.188416,0.809984,0.016692,1244819,1244819,415283,33.3609,1920,1080,raygs,triangles,1,off,0,on,-4
1781754700632089435,8562.48,832.262,1.20155,1.14883,1.13603,0.029952,0.08992,0.016384,0.188768,0.811008,0.027039,1244819,1244819,415283,33.3609,1920,1080,raygs,triangles,1,off,0,on,-4
1781754700633264995,8563.66,830.543,1.20403,1.14848,1.13654,0.030656,0.089472,0.016288,0.18944,0.810688,0.026111,1244819,1244819,415283,33.3609,1920,1080,raygs,triangles,1,off,0,on,-4
1781754700634446019,8564.84,830.487,1.20411,1.14803,1.13571,0.030208,0.089696,0.016384,0.188416,0.811008,0.034551,1244819,1244819,415283,33.3609,1920,1080,raygs,triangles,1,off,0,on,-4
1781754700635924853,8566.32,829.76,1.20517,1.14749,1.13491,0.029632,0.088448,0.016384,0.18944,0.811008,0.050091,1244819,1244819,415283,33.3609,1920,1080,raygs,triangles,1,off,0,on,-4
1781754700637038190,8567.43,826.908,1.20932,1.14928,1.13574,0.031136,0.089216,0.01536,0.18944,0.810592,0.03769,1244819,1244819,415283,33.3609,1920,1080,raygs,triangles,1,off,0,on,-4
1781754700638205605,8568.6,828.077,1.20762,1.14739,1.13322,0.030176,0.089312,0.01536,0.187392,0.810976,0.040415,1244819,1244819,415283,33.3609,1920,1080,raygs,triangles,1,off,0,on,-4
1781754700639383412,8569.77,828.72,1.20668,1.14906,1.13693,0.030336,0.08976,0.016384,0.190464,0.809984,0.034367,1244819,1244819,415283,33.3609,1920,1080,raygs,triangles,1,off,0,on,-4
1781754700640700404,8571.09,828.98,1.2063,1.14634,1.13181,0.029536,0.089504,0.016416,0.186368,0.809984,0.035106,1244819,1244819,415283,33.3609,1920,1080,raygs,triangles,1,off,0,on,-4
1781754700642055949,8572.45,826.226,1.21032,1.14768,1.13619,0.03152,0.089888,0.016384,0.187392,0.811008,0.034529,1244819,1244819,415283,33.3609,1920,1080,raygs,triangles,1,off,0,on,-4
1781754700643224473,8573.62,823.178,1.2148,1.15123,1.1384,0.034432,0.089184,0.016384,0.188416,0.809984,0.037229,1244819,1244819,415283,33.3609,1920,1080,raygs,triangles,1,off,0,on,-4
1781754700644401727,8574.79,823.46,1.21439,1.1489,1.13536,0.0304,0.089312,0.01536,0.18944,0.810848,0.033893,1244819,1244819,415283,33.3609,1920,1080,raygs,triangles,1,off,0,on,-4
1781754700645568116,8575.96,823.266,1.21467,1.14589,1.13248,0.030112,0.089344,0.015648,0.187392,0.809984,0.034278,1244819,1244819,415283,33.3609,1920,1080,raygs,triangles,1,off,0,on,-4
1781754700646743071,8577.13,823.302,1.21462,1.14678,1.13392,0.029952,0.088768,0.01568,0.188512,0.811008,0.034615,1244819,1244819,415283,33.3609,1920,1080,raygs,triangles,1,off,0,on,-4
1781754700647881531,8578.27,824.907,1.21226,1.14803,1.13546,0.030176,0.089472,0.016384,0.18944,0.809984,0.035341,1244819,1244819,415283,33.3609,1920,1080,raygs,triangles,1,off,0,on,-4
1781754700649241425,8579.63,827.572,1.20835,1.14803,1.13696,0.030496,0.089632,0.016384,0.18944,0.811008,0.036772,1244819,1244819,415283,33.3609,1920,1080,raygs,triangles,1,off,0,on,-4
1781754700650356205,8580.75,825.269,1.21173,1.14803,1.13658,0.031456,0.089728,0.016384,0.188416,0.810592,0.029994,1244819,1244819,415283,33.3609,1920,1080,raygs,triangles,1,off,0,on,-4
1781754700651451733,8581.84,826.268,1.21026,1.14717,1.13453,0.030336,0.088992,0.015744,0.188448,0.811008,0.017103,1244819,1244819,415283,33.3609,1920,1080,raygs,triangles,1,off,0,on,-4
1781754700652618151,8583.01,827.24,1.20884,1.14653,1.13302,0.029696,0.088544,0.016384,0.188416,0.809984,0.026741,1244819,1244819,415283,33.3609,1920,1080,raygs,triangles,1,off,0,on,-4
1781754700653781401,8584.17,827.596,1.20832,1.1488,1.13578,0.0304,0.089568,0.016384,0.188576,0.810848,0.025674,1244819,1244819,415283,33.3609,1920,1080,raygs,triangles,1,off,0,on,-4
1781754700654947991,8585.34,827.789,1.20804,1.14778,1.13424,0.030144,0.089184,0.01536,0.188832,0.81072,0.024868,1244819,1244819,415283,33.3609,1920,1080,raygs,triangles,1,off,0,on,-4
1781754700656118609,8586.51,829.01,1.20626,1.14771,1.13392,0.029888,0.089504,0.016384,0.187392,0.810752,0.024302,1244819,1244819,415283,33.3609,1920,1080,raygs,triangles,1,off,0,on,-4
1781754700657515718,8587.91,829.121,1.2061,1.3649,1.35235,0.030496,0.089504,0.016256,0.405504,0.810592,0.026647,1244819,1244819,415283,33.3609,1920,1080,raygs,triangles,1,off,0,on,-4
1781754700658842090,8589.23,826.464,1.20997,1.28947,1.27702,0.030336,0.0896,0.016384,0.329952,0.810752,0.025333,1244819,1244819,415283,33.3609,1920,1080,raygs,triangles,1,off,0,on,-4
1781754700659997781,8590.39,824.699,1.21256,1.14682,1.13446,0.030016,0.089664,0.016384,0.187392,0.811008,0.02602,1244819,1244819,415283,33.3609,1920,1080,raygs,triangles,1,off,0,on,-4
1781754700661162714,8591.55,825.021,1.21209,1.1463,1.13363,0.029504,0.089472,0.016384,0.187392,0.81088,0.02387,1244819,1244819,415283,33.3609,1920,1080,raygs,triangles,1,off,0,on,-4
1781754700662347691,8592.74,825.074,1.21201,1.1481,1.13594,0.030272,0.089856,0.016384,0.188416,0.811008,0.025815,1244819,1244819,415283,33.3609,1920,1080,raygs,triangles,1,off,0,on,-4
1781754700663533328,8593.92,824.968,1.21217,1.17002,1.15731,0.029664,0.089312,0.016384,0.211968,0.809984,0.024928,1244819,1244819,415283,33.3609,1920,1080,raygs,triangles,1,off,0,on,-4
1781754700664700478,8595.09,826.824,1.20945,1.14624,1.13251,0.02944,0.089664,0.01536,0.187392,0.810656,0.024055,1244819,1244819,415283,33.3609,1920,1080,raygs,triangles,1,off,0,on,-4
1781754700666006510,8596.4,828.851,1.20649,1.1488,1.13667,0.030528,0.089312,0.016384,0.18944,0.811008,0.025111,1244819,1244819,415283,33.3609,1920,1080,raygs,triangles,1,off,0,on,-4
1781754700667171212,8597.56,827.324,1.20872,1.14848,1.13501,0.030624,0.088576,0.016384,0.18944,0.809984,0.024818,1244819,1244819,415283,33.3609,1920,1080,raygs,triangles,1,off,0,on,-4
1781754700668338271,8598.73,827.368,1.20865,1.14771,1.13494,0.029888,0.089568,0.01552,0.188416,0.811552,0.023636,1244819,1244819,415283,33.3609,1920,1080,raygs,triangles,1,off,0,on,-4
1781754700669508948,8599.9,830.083,1.2047,1.1481,1.1351,0.030272,0.089216,0.016384,0.188416,0.810816,0.023836,1244819,1244819,415283,33.3609,1920,1080,raygs,triangles,1,off,0,on,-4
1781754700670686722,8601.08,829.485,1.20557,1.14938,1.1352,0.03024,0.089184,0.01536,0.18944,0.810976,0.025425,1244819,1244819,415283,33.3609,1920,1080,raygs,triangles,1,off,0,on,-4
1781754700671859895,8602.25,829.94,1.20491,1.14781,1.13613,0.029888,0.089408,0.016384,0.18944,0.811008,0.024075,1244819,1244819,415283,33.3609,1920,1080,raygs,triangles,1,off,0,on,-4
1781754700673029596,8603.42,830.865,1.20356,1.1473,1.13498,0.030208,0.089152,0.016384,0.188416,0.810816,0.023509,1244819,1244819,415283,33.3609,1920,1080,raygs,triangles,1,off,0,on,-4
1781754700674448934,8604.84,830.704,1.2038,1.38416,1.37101,0.030464,0.088192,0.016384,0.425984,0.809984,0.025238,1244819,1244819,415283,33.3609,1920,1080,raygs,triangles,1,off,0,on,-4
1781754700675759270,8606.15,827.906,1.20787,1.28541,1.27254,0.030336,0.089184,0.016384,0.325632,0.811008,0.029012,1244819,1244819,415283,33.3609,1920,1080,raygs,triangles,1,off,0,on,-4
1781754700676923513,8607.31,826.369,1.21011,1.1489,1.13597,0.030016,0.090784,0.015584,0.187712,0.811872,0.024278,1244819,1244819,415283,33.3609,1920,1080,raygs,triangles,1,off,0,on,-4
1781754700678096862,8608.49,826.364,1.21012,1.14893,1.13453,0.0304,0.089504,0.01536,0.188416,0.810848,0.024064,1244819,1244819,415283,33.3609,1920,1080,raygs,triangles,1,off,0,on,-4
1781754700679285836,8609.68,825.123,1.21194,1.1471,1.13443,0.030272,0.089504,0.016384,0.187392,0.81088,0.025492,1244819,1244819,415283,33.3609,1920,1080,raygs,triangles,1,off,0,on,-4
1781754700680451295,8610.84,824.641,1.21265,1.14819,1.13498,0.030368,0.089824,0.016384,0.188416,0.809984,0.024932,1244819,1244819,415283,33.3609,1920,1080,raygs,triangles,1,off,0,on,-4
1781754700681621001,8612.01,827.237,1.20884,1.14819,1.13629,0.030336,0.08912,0.016384,0.190464,0.809984,0.024642,1244819,1244819,415283,33.3609,1920,1080,raygs,triangles,1,off,0,on,-4
1781754700682914592,8613.31,828.941,1.20636,1.14582,1.13366,0.030048,0.088832,0.016384,0.187392,0.811008,0.024453,1244819,1244819,415283,33.3609,1920,1080,raygs,triangles,1,off,0,on,-4
1781754700684087680,8614.48,827.487,1.20848,1.14915,1.13712,0.031328,0.08912,0.016224,0.18944,0.811008,0.02397,1244819,1244819,415283,33.3609,1920,1080,raygs,triangles,1,off,0,on,-4
1781754700685271702,8615.66,827.361,1.20866,1.14749,1.13446,0.030592,0.089088,0.01536,0.188416,0.811008,0.024285,1244819,1244819,415283,33.3609,1920,1080,raygs,triangles,1,off,0,on,-4
1781754700686484568,8616.88,827.74,1.20811,1.14678,1.13379,0.029952,0.088768,0.015648,0.18944,0.809984,0.04158,1244819,1244819,415283,33.3609,1920,1080,raygs,triangles,1,off,0,on,-4
1781754700687624627,8618.02,826.987,1.20921,1.14803,1.13558,0.030176,0.0896,0.016384,0.18944,0.809984,0.016397,1244819,1244819,415283,33.3609,1920,1080,raygs,triangles,1,off,0,on,-4
1781754700688788699,8619.18,827.288,1.20877,1.14803,1.13578,0.030208,0.089856,0.016384,0.188416,0.810912,0.025306,1244819,1244819,415283,33.3609,1920,1080,raygs,triangles,1,off,0,on,-4
1781754700689957848,8620.35,828.733,1.20666,1.14851,1.13571,0.030688,0.089152,0.016384,0.18848,0.811008,0.025426,1244819,1244819,415283,33.3609,1920,1080,raygs,triangles,1,off,0,on,-4
1781754700691391250,8621.78,828.849,1.20649,1.3625,1.35139,0.030272,0.089248,0.016384,0.40448,0.811008,0.039156,1244819,1244819,415283,33.3609,1920,1080,raygs,triangles,1,off,0,on,-4
1781754700692686830,8623.08,825.828,1.21091,1.28896,1.2752,0.029792,0.089312,0.016384,0.329728,0.809984,0.025331,1244819,1244819,415283,33.3609,1920,1080,raygs,triangles,1,off,0,on,-4
1781754700693840819,8624.23,824.365,1.21305,1.14733,1.13504,0.030496,0.090016,0.016384,0.188416,0.809728,0.02131,1244819,1244819,415283,33.3609,1920,1080,raygs,triangles,1,off,0,on,-4
1781754700695003910,8625.4,824.66,1.21262,1.14771,1.13411,0.030368,0.089856,0.015488,0.188416,0.809984,0.025044,1244819,1244819,415283,33.3609,1920,1080,raygs,triangles,1,off,0,on,-4
1781754700696188147,8626.58,825.026,1.21208,1.14842,1.1344,0.030208,0.089504,0.01536,0.188416,0.810912,0.025341,1244819,1244819,415283,33.3609,1920,1080,raygs,triangles,1,off,0,on,-4
1781754700697366076,8627.76,824.701,1.21256,1.1471,1.1353,0.030272,0.089088,0.016384,0.188864,0.810688,0.025366,1244819,1244819,415283,33.3609,1920,1080,raygs,triangles,1,off,0,on,-4
1781754700698671381,8629.06,826.687,1.20965,1.14659,1.13555,0.030432,0.089312,0.016384,0.188416,0.811008,0.03974,1244819,1244819,415283,33.3609,1920,1080,raygs,triangles,1,off,0,on,-4
1781754700699824398,8630.22,826.968,1.20924,1.148,1.13411,0.031296,0.088832,0.015584,0.188416,0.809984,0.019593,1244819,1244819,415283,33.3609,1920,1080,raygs,triangles,1,off,0,on,-4
1781754700700984960,8631.38,827.349,1.20868,1.14781,1.13578,0.030304,0.089664,0.016384,0.18944,0.809984,0.026125,1244819,1244819,415283,33.3609,1920,1080,raygs,triangles,1,off,0,on,-4
1781754700702163386,8632.55,827.434,1.20856,1.14848,1.13667,0.029568,0.089248,0.016384,0.190464,0.811008,0.025982,1244819,1244819,415283,33.3609,1920,1080,raygs,triangles,1,off,0,on,-4
1781754700703342297,8633.73,828.031,1.20768,1.14739,1.13338,0.030528,0.089088,0.01536,0.188416,0.809984,0.027767,1244819,1244819,415283,33.3609,1920,1080,raygs,triangles,1,off,0,on,-4
1781754700704532900,8634.92,827.148,1.20897,1.14781,1.13661,0.030048,0.089728,0.016384,0.18944,0.811008,0.033755,1244819,1244819,415283,33.3609,1920,1080,raygs,triangles,1,off,0,on,-4
1781754700705686571,8636.08,828.292,1.2073,1.14768,1.13478,0.029856,0.089024,0.015456,0.18944,0.811008,0.021103,1244819,1244819,415283,33.3609,1920,1080,raygs,triangles,1,off,0,on,-4
1781754700706858833,8637.25,828.517,1.20698,1.14784,1.13594,0.030464,0.089664,0.016384,0.188416,0.811008,0.025123,1244819,1244819,415283,33.3609,1920,1080,raygs,triangles,1,off,0,on,-4
1781754700708240645,8638.63,829.272,1.20588,1.3537,1.34102,0.030016,0.089376,0.01536,0.395264,0.811008,0.02432,1244819,1244819,415283,33.3609,1920,1080,raygs,triangles,1,off,0,on,-4
1781754700709604124,8640,830.07,1.20472,1.35414,1.34134,0.029472,0.295072,0.01536,0.190784,0.810656,0.023739,1244819,1244819,415283,33.3609,1920,1080,raygs,triangles,1,off,0,on,-4
1781754700710774449,8641.17,827.207,1.20889,1.1464,1.13299,0.030208,0.089312,0.016384,0.186368,0.81072,0.024364,1244819,1244819,415283,33.3609,1920,1080,raygs,triangles,1,off,0,on,-4
1781754700711944979,8642.34,827.135,1.20899,1.14797,1.13568,0.030112,0.089952,0.016384,0.188416,0.810816,0.02379,1244819,1244819,415283,33.3609,1920,1080,raygs,triangles,1,off,0,on,-4
1781754700713119751,8643.51,827.23,1.20885,1.14554,1.13354,0.02976,0.08928,0.016384,0.187392,0.81072,0.025707,1244819,1244819,415283,33.3609,1920,1080,raygs,triangles,1,off,0,on,-4
1781754700714314168,8644.71,828.882,1.20644,1.14803,1.13654,0.030208,0.089888,0.016384,0.18944,0.810624,0.025712,1244819,1244819,415283,33.3609,1920,1080,raygs,triangles,1,off,0,on,-4
1781754700715585133,8645.98,830.658,1.20386,1.14918,1.136,0.030336,0.089056,0.016384,0.18944,0.810784,0.024478,1244819,1244819,415283,33.3609,1920,1080,raygs,triangles,1,off,0,on,-4
1781754700716765570,8647.16,829.507,1.20554,1.1489,1.13619,0.03104,0.089088,0.015616,0.18944,0.811008,0.02855,1244819,1244819,415283,33.3609,1920,1080,raygs,triangles,1,off,0,on,-4
1781754700717936559,8648.33,829.485,1.20557,1.14707,1.13494,0.03024,0.088736,0.016384,0.1888,0.810784,0.02544,1244819,1244819,415283,33.3609,1920,1080,raygs,triangles,1,off,0,on,-4
1781754700719120320,8649.51,829.438,1.20564,1.14787,1.13462,0.030272,0.089568,0.016384,0.187392,0.811008,0.026436,1244819,1244819,415283,33.3609,1920,1080,raygs,triangles,1,off,0,on,-4
1781754700720283575,8650.67,829.376,1.20573,1.14634,1.13306,0.029536,0.089216,0.015744,0.187648,0.810912,0.024131,1244819,1244819,415283,33.3609,1920,1080,raygs,triangles,1,off,0,on,-4
1781754700721450487,8651.84,828.982,1.2063,1.14733,1.1351,0.030496,0.088896,0.016384,0.188416,0.810912,0.023856,1244819,1244819,415283,33.3609,1920,1080,raygs,triangles,1,off,0,on,-4
1781754700722631538,8653.02,831.344,1.20287,1.14938,1.13635,0.030496,0.089024,0.01552,0.190464,0.810848,0.02456,1244819,1244819,415283,33.3609,1920,1080,raygs,triangles,1,off,0,on,-4
1781754700724015736,8654.41,830.306,1.20438,1.36314,1.35117,0.03024,0.09008,0.016384,0.403456,0.811008,0.023559,1244819,1244819,415283,33.3609,1920,1080,raygs,triangles,1,off,0,on,-4
1781754700725327432,8655.72,826.905,1.20933,1.28774,1.27706,0.030656,0.08912,0.016384,0.330144,0.810752,0.024762,1244819,1244819,415283,33.3609,1920,1080,raygs,triangles,1,off,0,on,-4
1781754700726499327,8656.89,825.257,1.21174,1.14646,1.13312,0.030176,0.090304,0.016288,0.186368,0.809984,0.02462,1244819,1244819,415283,33.3609,1920,1080,raygs,triangles,1,off,0,on,-4
1781754700727698087,8658.09,825.124,1.21194,1.14749,1.13542,0.030144,0.089472,0.016384,0.188416,0.811008,0.026509,1244819,1244819,415283,33.3609,1920,1080,raygs,triangles,1,off,0,on,-4
1781754700728860925,8659.25,824.713,1.21254,1.1488,1.1367,0.030976,0.08992,0.016384,0.18944,0.809984,0.026275,1244819,1244819,415283,33.3609,1920,1080,raygs,triangles,1,off,0,on,-4
1781754700730021445,8660.41,824.845,1.21235,1.14688,1.13389,0.030016,0.088992,0.016384,0.187616,0.81088,0.023946,1244819,1244819,415283,33.3609,1920,1080,raygs,triangles,1,off,0,on,-4
1781754700731193315,8661.58,827.57,1.20836,1.14643,1.13376,0.029632,0.089344,0.016384,0.187392,0.811008,0.02366,1244819,1244819,415283,33.3609,1920,1080,raygs,triangles,1,off,0,on,-4
1781754700732486255,8662.88,829.289,1.20585,1.14669,1.132,0.029856,0.088672,0.01536,0.187392,0.81072,0.024027,1244819,1244819,415283,33.3609,1920,1080,raygs,triangles,1,off,0,on,-4
1781754700733649896,8664.04,827.721,1.20814,1.14986,1.13744,0.030976,0.089472,0.016384,0.18976,0.810848,0.023859,1244819,1244819,415283,33.3609,1920,1080,raygs,triangles,1,off,0,on,-4
1781754700734822248,8665.21,827.801,1.20802,1.14864,1.13549,0.02976,0.089408,0.015744,0.190592,0.809984,0.023924,1244819,1244819,415283,33.3609,1920,1080,raygs,triangles,1,off,0,on,-4
1781754700736000082,8666.39,827.917,1.20785,1.14803,1.1345,0.030336,0.08928,0.015616,0.188416,0.810848,0.023198,1244819,1244819,415283,33.3609,1920,1080,raygs,triangles,1,off,0,on,-4
1781754700737183901,8667.58,827.988,1.20775,1.14746,1.13366,0.0296,0.08944,0.016384,0.187392,0.810848,0.029155,1244819,1244819,415283,33.3609,1920,1080,raygs,triangles,1,off,0,on,-4
1781754700738348599,8668.74,827.767,1.20807,1.14762,1.13638,0.029792,0.08976,0.016384,0.18944,0.811008,0.023153,1244819,1244819,415283,33.3609,1920,1080,raygs,triangles,1,off,0,on,-4
1781754700739524012,8669.92,829.474,1.20558,1.14669,1.13331,0.029888,0.088992,0.01536,0.188416,0.810656,0.025465,1244819,1244819,415283,33.3609,1920,1080,raygs,triangles,1,off,0,on,-4
1781754700740960339,8671.35,829.311,1.20582,1.36426,1.35229,0.02992,0.089472,0.016384,0.4048,0.811712,0.035775,1244819,1244819,415283,33.3609,1920,1080,raygs,triangles,1,off,0,on,-4
1781754700742227013,8672.62,826.158,1.21042,1.28467,1.27162,0.029632,0.088416,0.01536,0.326656,0.811552,0.015596,1244819,1244819,415283,33.3609,1920,1080,raygs,triangles,1,off,0,on,-4
1781754700743424272,8673.82,825.109,1.21196,1.14861,1.1368,0.030432,0.090368,0.016384,0.188704,0.810912,0.028131,1244819,1244819,415283,33.3609,1920,1080,raygs,triangles,1,off,0,on,-4
1781754700744580277,8674.97,824.861,1.21233,1.14646,1.13299,0.030208,0.089312,0.016096,0.187392,0.809984,0.025163,1244819,1244819,415283,33.3609,1920,1080,raygs,triangles,1,off,0,on,-4
1781754700745958601,8676.35,825.059,1.21203,1.14656,1.13302,0.029728,0.089728,0.016384,0.186368,0.810816,0.051061,1244819,1244819,415283,33.3609,1920,1080,raygs,triangles,1,off,0,on,-4
1781754700747012799,8677.4,822.342,1.21604,1.17117,1.15859,0.02976,0.08944,0.016384,0.212128,0.81088,0.032464,1244819,1244819,415283,33.3609,1920,1080,raygs,triangles,1,off,0,on,-4
1781754700748133967,8678.53,826.701,1.20963,1.14592,1.1327,0.030112,0.088768,0.01536,0.187456,0.811008,0.017397,1244819,1244819,415283,33.3609,1920,1080,raygs,triangles,1,off,0,on,-4
1781754700749434234,8679.83,828.948,1.20635,1.14643,1.13386,0.029632,0.08944,0.016384,0.188416,0.809984,0.033414,1244819,1244819,415283,33.3609,1920,1080,raygs,triangles,1,off,0,on,-4
1781754700750761891,8681.15,827.103,1.20904,1.14842,1.1345,0.031104,0.089344,0.015648,0.188416,0.809984,0.045103,1244819,1244819,415283,33.3609,1920,1080,raygs,triangles,1,off,0,on,-4
1781754700751917598,8682.31,825.33,1.21164,1.14749,1.13549,0.030144,0.089504,0.016288,0.188672,0.81088,0.042108,1244819,1244819,415283,33.3609,1920,1080,raygs,triangles,1,off,0,on,-4
1781754700753092978,8683.48,825.686,1.21111,1.14832,1.1359,0.030112,0.090304,0.016384,0.188416,0.810688,0.037209,1244819,1244819,415283,33.3609,1920,1080,raygs,triangles,1,off,0,on,-4
1781754700754256266,8684.65,825.588,1.21126,1.14685,1.13245,0.029952,0.088736,0.01536,0.188416,0.809984,0.037152,1244819,1244819,415283,33.3609,1920,1080,raygs,triangles,1,off,0,on,-4
1781754700755440035,8685.83,825.573,1.21128,1.14771,1.13472,0.0304,0.089536,0.01536,0.188416,0.811008,0.038186,1244819,1244819,415283,33.3609,1920,1080,raygs,triangles,1,off,0,on,-4
1781754700756609892,8687,826.927,1.2093,1.15056,1.13789,0.030208,0.089344,0.01616,0.191488,0.810688,0.043181,1244819,1244819,415283,33.3609,1920,1080,raygs,triangles,1,off,0,on,-4
1781754700758021642,8688.41,826.945,1.20927,1.34282,1.32998,0.030432,0.089088,0.01648,0.384,0.809984,0.044873,1244819,1244819,415283,33.3609,1920,1080,raygs,triangles,1,off,0,on,-4
1781754700759324122,8689.72,824.3,1.21315,1.31571,1.30218,0.030304,0.256512,0.0152,0.18944,0.81072,0.039342,1244819,1244819,415283,33.3609,1920,1080,raygs,triangles,1,off,0,on,-4
1781754700760476523,8690.87,823.426,1.21444,1.14787,1.13539,0.031008,0.0896,0.016384,0.187392,0.811008,0.035895,1244819,1244819,415283,33.3609,1920,1080,raygs,triangles,1,off,0,on,-4
1781754700761642323,8692.03,823.313,1.2146,1.14541,1.13344,0.029632,0.089024,0.016384,0.187392,0.811008,0.03633,1244819,1244819,415283,33.3609,1920,1080,raygs,triangles,1,off,0,on,-4
1781754700762822846,8693.21,823.246,1.2147,1.14646,1.13485,0.029632,0.089472,0.016384,0.188416,0.810944,0.039072,1244819,1244819,415283,33.3609,1920,1080,raygs,triangles,1,off,0,on,-4
1781754700764010562,8694.4,823.112,1.2149,1.14704,1.13267,0.030208,0.088704,0.01536,0.188416,0.809984,0.040159,1244819,1244819,415283,33.3609,1920,1080,raygs,triangles,1,off,0,on,-4
1781754700765215164,8695.61,825.91,1.21079,1.14739,1.13354,0.029536,0.089216,0.01536,0.188416,0.811008,0.05273,1244819,1244819,415283,33.3609,1920,1080,raygs,triangles,1,off,0,on,-4
1781754700766440062,8696.83,826.827,1.20944,1.14803,1.13363,0.030208,0.088896,0.01536,0.188416,0.810752,0.035527,1244819,1244819,415283,33.3609,1920,1080,raygs,triangles,1,off,0,on,-4
1781754700767503148,8697.89,825.602,1.21124,1.14934,1.13734,0.030464,0.090112,0.016384,0.18944,0.810944,0.016331,1244819,1244819,415283,33.3609,1920,1080,raygs,triangles,1,off,0,on,-4
1781754700768673653,8699.06,827.553,1.20838,1.1489,1.13629,0.030048,0.089632,0.016384,0.18944,0.810784,0.027506,1244819,1244819,415283,33.3609,1920,1080,raygs,triangles,1,off,0,on,-4
1781754700769872472,8700.26,827.785,1.20804,1.14771,1.13661,0.030912,0.089888,0.016384,0.188416,0.811008,0.035479,1244819,1244819,415283,33.3609,1920,1080,raygs,triangles,1,off,0,on,-4
1781754700771021677,8701.41,827.496,1.20846,1.14669,1.13347,0.03088,0.088992,0.01536,0.187392,0.810848,0.020036,1244819,1244819,415283,33.3609,1920,1080,raygs,triangles,1,off,0,on,-4
1781754700772189336,8702.58,829.296,1.20584,1.14851,1.13469,0.029664,0.09024,0.016384,0.187392,0.811008,0.025087,1244819,1244819,415283,33.3609,1920,1080,raygs,triangles,1,off,0,on,-4
1781754700773364270,8703.76,829.163,1.20604,1.14733,1.13318,0.030496,0.088928,0.01536,0.188416,0.809984,0.024734,1244819,1244819,415283,33.3609,1920,1080,raygs,triangles,1,off,0,on,-4
1781754700774734270,8705.13,828.954,1.20634,1.3439,1.33277,0.030016,0.08944,0.016384,0.386048,0.81088,0.027418,1244819,1244819,415283,33.3609,1920,1080,raygs,triangles,1,off,0,on,-4
1781754700776037211,8706.43,826.762,1.20954,1.28598,1.27427,0.029888,0.089312,0.016384,0.32768,0.811008,0.025359,1244819,1244819,415283,33.3609,1920,1080,raygs,triangles,1,off,0,on,-4
1781754700777216152,8707.61,825.371,1.21158,1.14819,1.13491,0.030176,0.09024,0.016384,0.188416,0.809696,0.033469,1244819,1244819,415283,33.3609,1920,1080,raygs,triangles,1,off,0,on,-4
1781754700778422954,8708.81,825.505,1.21138,1.14672,1.13437,0.029888,0.088672,0.016384,0.188416,0.811008,0.035779,1244819,1244819,415283,33.3609,1920,1080,raygs,triangles,1,off,0,on,-4
1781754700779565723,8709.96,824.873,1.21231,1.1497,1.13651,0.030048,0.089632,0.016384,0.18944,0.811008,0.020798,1244819,1244819,415283,33.3609,1920,1080,raygs,triangles,1,off,0,on,-4
1781754700780804146,8711.2,825.174,1.21186,1.14701,1.13379,0.030176,0.088672,0.015648,0.187392,0.811904,0.039548,1244819,1244819,415283,33.3609,1920,1080,raygs,triangles,1,off,0,on,-4
1781754700781914473,8712.31,826.817,1.20946,1.14787,1.13386,0.030048,0.088832,0.015552,0.18944,0.809984,0.016997,1244819,1244819,415283,33.3609,1920,1080,raygs,triangles,1,off,0,on,-4
1781754700783223972,8713.62,829.603,1.2054,1.14726,1.13414,0.030432,0.089056,0.016384,0.187392,0.81088,0.037278,1244819,1244819,415283,33.3609,1920,1080,raygs,triangles,1,off,0,on,-4
1781754700784571243,8714.96,827.72,1.20814,1.14816,1.13526,0.030304,0.090048,0.016384,0.187712,0.810816,0.047255,1244819,1244819,415283,33.3609,1920,1080,raygs,triangles,1,off,0,on,-4
1781754700785693837,8716.09,825.686,1.21111,1.14771,1.13459,0.029888,0.08992,0.016384,0.188416,0.809984,0.04443,1244819,1244819,415283,33.3609,1920,1080,raygs,triangles,1,off,0,on,-4
1781754700786853414,8717.24,826.38,1.2101,1.14749,1.13658,0.030336,0.090304,0.016384,0.188544,0.811008,0.037153,1244819,1244819,415283,33.3609,1920,1080,raygs,triangles,1,off,0,on,-4
1781754700788023441,8718.41,826.843,1.20942,1.14605,1.13376,0.03024,0.088928,0.016096,0.18752,0.810976,0.037011,1244819,1244819,415283,33.3609,1920,1080,raygs,triangles,1,off,0,on,-4
1781754700789266539,8719.66,827.771,1.20806,1.14877,1.13619,0.02992,0.089472,0.016384,0.18944,0.810976,0.030452,1244819,1244819,415283,33.3609,1920,1080,raygs,triangles,1,off,0,on,-4
1781754700790536472,8720.93,827.399,1.20861,1.15171,1.13965,0.031168,0.0896,0.016384,0.191488,0.811008,0.018612,1244819,1244819,415283,33.3609,1920,1080,raygs,triangles,1,off,0,on,-4
1781754700791923851,8722.32,826.187,1.21038,1.14784,1.13446,0.031616,0.08928,0.016192,0.187392,0.809984,0.056594,1244819,1244819,415283,33.3609,1920,1080,raygs,triangles,1,off,0,on,-4
1781754700793054012,8723.45,824.103,1.21344,1.15123,1.1376,0.035456,0.089408,0.01536,0.187392,0.809984,0.016584,1244819,1244819,415283,33.3609,1920,1080,raygs,triangles,1,off,0,on,-4
1781754700794262760,8724.65,824.281,1.21318,1.14714,1.13309,0.030272,0.088832,0.015584,0.188416,0.809984,0.048485,1244819,1244819,415283,33.3609,1920,1080,raygs,triangles,1,off,0,on,-4
1781754700795400121,8725.79,823.995,1.2136,1.14765,1.13485,0.029728,0.089376,0.01632,0.188416,0.811008,0.019191,1244819,1244819,415283,33.3609,1920,1080,raygs,triangles,1,off,0,on,-4
1781754700796606837,8727,823.993,1.2136,1.14717,1.13421,0.030336,0.088992,0.015456,0.188416,0.811008,0.046268,1244819,1244819,415283,33.3609,1920,1080,raygs,triangles,1,off,0,on,-4
1781754700797747708,8728.14,826.526,1.20988,1.14765,1.13498,0.029792,0.089728,0.016384,0.187392,0.81168,0.021691,1244819,1244819,415283,33.3609,1920,1080,raygs,triangles,1,off,0,on,-4
1781754700799079175,8729.47,828.299,1.20729,1.14602,1.13434,0.030272,0.089184,0.01648,0.187392,0.811008,0.062865,1244819,1244819,415283,33.3609,1920,1080,raygs,triangles,1,off,0,on,-4
1781754700800211837,8730.6,826.593,1.20979,1.15046,1.13574,0.03056,0.089376,0.01536,0.18944,0.811008,0.022315,1244819,1244819,415283,33.3609,1920,1080,raygs,triangles,1,off,0,on,-4
1781754700801387032,8731.78,827.33,1.20871,1.1479,1.13549,0.030048,0.089632,0.016384,0.188416,0.811008,0.026112,1244819,1244819,415283,33.3609,1920,1080,raygs,triangles,1,off,0,on,-4
1781754700802553224,8732.94,827.117,1.20902,1.14746,1.13504,0.03056,0.089184,0.016256,0.188416,0.810624,0.026018,1244819,1244819,415283,33.3609,1920,1080,raygs,triangles,1,off,0,on,-4
1781754700803726664,8734.12,827.05,1.20912,1.14643,1.13331,0.03056,0.088992,0.01536,0.188416,0.809984,0.026147,1244819,1244819,415283,33.3609,1920,1080,raygs,triangles,1,off,0,on,-4
1781754700804902010,8735.29,827.037,1.20914,1.14851,1.13754,0.030688,0.090016,0.016384,0.18944,0.811008,0.025409,1244819,1244819,415283,33.3609,1920,1080,raygs,triangles,1,off,0,on,-4
1781754700806075614,8736.47,828.364,1.2072,1.14618,1.13302,0.030464,0.0888,0.016384,0.187392,0.809984,0.025327,1244819,1244819,415283,33.3609,1920,1080,raygs,triangles,1,off,0,on,-4
1781754700807515166,8737.91,828.262,1.20735,1.38237,1.37011,0.030016,0.088608,0.016384,0.424256,0.810848,0.047049,1244819,1244819,415283,33.3609,1920,1080,raygs,triangles,1,off,0,on,-4
1781754700808796612,8739.19,825.28,1.21171,1.28659,1.2727,0.029472,0.089184,0.016384,0.326656,0.811008,0.022334,1244819,1244819,415283,33.3609,1920,1080,raygs,triangles,1,off,0,on,-4
1781754700810010946,8740.4,823.925,1.2137,1.14685,1.13286,0.030432,0.089696,0.01536,0.187392,0.809984,0.052962,1244819,1244819,415283,33.3609,1920,1080,raygs,triangles,1,off,0,on,-4
1781754700811137388,8741.53,823.796,1.21389,1.14874,1.13667,0.030368,0.09056,0.01632,0.188512,0.810912,0.015932,1244819,1244819,415283,33.3609,1920,1080,raygs,triangles,1,off,0,on,-4
1781754700812367955,8742.76,824.089,1.21346,1.14691,1.13482,0.030112,0.088896,0.016384,0.188416,0.811008,0.05214,1244819,1244819,415283,33.3609,1920,1080,raygs,triangles,1,off,0,on,-4
1781754700813473272,8743.86,823.643,1.21412,1.14614,1.13392,0.030368,0.089792,0.016384,0.187392,0.809984,0.014895,1244819,1244819,415283,33.3609,1920,1080,raygs,triangles,1,off,0,on,-4
1781754700814653726,8745.05,827.258,1.20881,1.14835,1.13542,0.030496,0.08912,0.016384,0.18944,0.809984,0.02562,1244819,1244819,415283,33.3609,1920,1080,raygs,triangles,1,off,0,on,-4
1781754700816009398,8746.4,828.242,1.20738,1.14906,1.13683,0.03008,0.08992,0.016384,0.189632,0.810816,0.070413,1244819,1244819,415283,33.3609,1920,1080,raygs,triangles,1,off,0,on,-4
1781754700817123703,8747.52,826.588,1.20979,1.148,1.13686,0.031136,0.08992,0.016384,0.188416,0.811008,0.016344,1244819,1244819,415283,33.3609,1920,1080,raygs,triangles,1,off,0,on,-4
1781754700818300125,8748.69,826.906,1.20933,1.14739,1.13354,0.029536,0.089504,0.01632,0.187392,0.810784,0.026143,1244819,1244819,415283,33.3609,1920,1080,raygs,triangles,1,off,0,on,-4
1781754700819518746,8749.91,829.703,1.20525,1.14816,1.1368,0.0304,0.089536,0.016384,0.189888,0.810592,0.062992,1244819,1244819,415283,33.3609,1920,1080,raygs,triangles,1,off,0,on,-4
1781754700820651380,8751.04,827.643,1.20825,1.14874,1.1375,0.030912,0.089856,0.016384,0.18944,0.810912,0.02119,1244819,1244819,415283,33.3609,1920,1080,raygs,triangles,1,off,0,on,-4
1781754700821868853,8752.26,827.252,1.20882,1.15306,1.14054,0.036256,0.089376,0.01536,0.188672,0.81088,0.061716,1244819,1244819,415283,33.3609,1920,1080,raygs,triangles,1,off,0,on,-4
1781754700823028812,8753.42,828.664,1.20676,1.14819,1.13613,0.030368,0.088928,0.016384,0.18944,0.811008,0.038847,1244819,1244819,415283,33.3609,1920,1080,raygs,triangles,1,off,0,on,-4
1781754700824439750,8754.83,830.648,1.20388,1.36563,1.35277,0.029664,0.089312,0.016384,0.406528,0.81088,0.062269,1244819,1244819,415283,33.3609,1920,1080,raygs,triangles,1,off,0,on,-4
1781754700825738536,8756.13,827.698,1.20817,1.28774,1.27347,0.03056,0.089088,0.01536,0.32768,0.810784,0.042914,1244819,1244819,415283,33.3609,1920,1080,raygs,triangles,1,off,0,on,-4
1781754700826909658,8757.3,826.316,1.21019,1.14819,1.13414,0.030368,0.090016,0.01536,0.188416,0.809984,0.044503,1244819,1244819,415283,33.3609,1920,1080,raygs,triangles,1,off,0,on,-4
1781754700828110687,8758.5,826.28,1.21024,1.1473,1.13354,0.030496,0.089152,0.015488,0.188416,0.809984,0.065672,1244819,1244819,415283,33.3609,1920,1080,raygs,triangles,1,off,0,on,-4
1781754700829222945,8759.61,825.989,1.21067,1.14726,1.13325,0.030432,0.088992,0.015424,0.188416,0.809984,0.015769,1244819,1244819,415283,33.3609,1920,1080,raygs,triangles,1,off,0,on,-4
1781754700830489970,8760.88,826.496,1.20993,1.16803,1.15338,0.029728,0.089824,0.01536,0.207872,0.810592,0.069054,1244819,1244819,415283,33.3609,1920,1080,raygs,triangles,1,off,0,on,-4
1781754700831596476,8761.99,828.35,1.20722,1.14733,1.13434,0.030496,0.089184,0.016256,0.188416,0.809984,0.019241,1244819,1244819,415283,33.3609,1920,1080,raygs,triangles,1,off,0,on,-4
1781754700832930162,8763.32,830.335,1.20433,1.14794,1.13555,0.03008,0.08976,0.016384,0.188416,0.810912,0.065491,1244819,1244819,415283,33.3609,1920,1080,raygs,triangles,1,off,0,on,-4
1781754700834044416,8764.44,828.427,1.20711,1.14922,1.13731,0.03136,0.090144,0.016384,0.18944,0.809984,0.016705,1244819,1244819,415283,33.3609,1920,1080,raygs,triangles,1,off,0,on,-4
1781754700835257919,8765.65,828.9,1.20642,1.14774,1.13555,0.030208,0.089536,0.016384,0.188416,0.811008,0.046613,1244819,1244819,415283,33.3609,1920,1080,raygs,triangles,1,off,0,on,-4
1781754700836447842,8766.84,828.608,1.20684,1.14864,1.13424,0.029728,0.088704,0.01536,0.18944,0.811008,0.050435,1244819,1244819,415283,33.3609,1920,1080,raygs,triangles,1,off,0,on,-4
1781754700837576345,8767.97,828.65,1.20678,1.14922,1.13834,0.030336,0.090144,0.016384,0.190464,0.811008,0.015073,1244819,1244819,415283,33.3609,1920,1080,raygs,triangles,1,off,0,on,-4
1781754700838743459,8769.13,829.515,1.20552,1.1463,1.13165,0.029472,0.08928,0.01536,0.186816,0.81072,0.025197,1244819,1244819,415283,33.3609,1920,1080,raygs,triangles,1,off,0,on,-4
1781754700839924254,8770.32,830.569,1.20399,1.14986,1.13814,0.029952,0.089696,0.016384,0.191488,0.810624,0.02646,1244819,1244819,415283,33.3609,1920,1080,raygs,triangles,1,off,0,on,-4
1781754700841321276,8771.71,828.355,1.20721,1.37616,1.36522,0.0304,0.089472,0.016384,0.417984,0.810976,0.025844,1244819,1244819,415283,33.3609,1920,1080,raygs,triangles,1,off,0,on,-4
1781754700842628830,8773.02,825.727,1.21105,1.28618,1.27347,0.030112,0.090304,0.016384,0.325888,0.810784,0.024874,1244819,1244819,415283,33.3609,1920,1080,raygs,triangles,1,off,0,on,-4
1781754700843801313,8774.19,824.378,1.21304,1.14909,1.13562,0.030208,0.090528,0.01536,0.188608,0.810912,0.026341,1244819,1244819,415283,33.3609,1920,1080,raygs,triangles,1,off,0,on,-4
1781754700844978729,8775.37,824.273,1.21319,1.14749,1.13546,0.030176,0.089408,0.01632,0.1888,0.810752,0.026405,1244819,1244819,415283,33.3609,1920,1080,raygs,triangles,1,off,0,on,-4
1781754700846155324,8776.55,824.185,1.21332,1.14646,1.13213,0.029632,0.088576,0.01536,0.18784,0.81072,0.02596,1244819,1244819,415283,33.3609,1920,1080,raygs,triangles,1,off,0,on,-4
1781754700847360876,8777.75,824.131,1.2134,1.14922,1.13622,0.030464,0.088832,0.016384,0.188832,0.811712,0.048684,1244819,1244819,415283,33.3609,1920,1080,raygs,triangles,1,off,0,on,-4
1781754700848502077,8778.89,826.13,1.21046,1.14835,1.13578,0.030496,0.088896,0.01632,0.18944,0.810624,0.01941,1244819,1244819,415283,33.3609,1920,1080,raygs,triangles,1,off,0,on,-4
1781754700849783763,8780.18,827.78,1.20805,1.14614,1.13382,0.030336,0.089728,0.016384,0.187392,0.809984,0.025754,1244819,1244819,415283,33.3609,1920,1080,raygs,triangles,1,off,0,on,-4
1781754700850956123,8781.35,826.651,1.2097,1.1481,1.13478,0.031296,0.08912,0.01536,0.188416,0.810592,0.025543,1244819,1244819,415283,33.3609,1920,1080,raygs,triangles,1,off,0,on,-4
1781754700852133689,8782.52,827.099,1.20904,1.14787,1.13594,0.030464,0.089696,0.016384,0.188416,0.810976,0.025652,1244819,1244819,415283,33.3609,1920,1080,raygs,triangles,1,off,0,on,-4
1781754700853310965,8783.7,826.724,1.20959,1.14797,1.13542,0.030112,0.089504,0.016384,0.18944,0.809984,0.025814,1244819,1244819,415283,33.3609,1920,1080,raygs,triangles,1,off,0,on,-4
1781754700854478391,8784.87,827.422,1.20857,1.14614,1.13344,0.029248,0.08928,0.016384,0.187584,0.810944,0.029483,1244819,1244819,415283,33.3609,1920,1080,raygs,triangles,1,off,0,on,-4
1781754700855657488,8786.05,826.827,1.20944,1.14829,1.13696,0.030432,0.090176,0.016384,0.18944,0.810528,0.026865,1244819,1244819,415283,33.3609,1920,1080,raygs,triangles,1,off,0,on,-4
1781754700856864739,8787.26,828.621,1.20682,1.14765,1.13459,0.030368,0.08944,0.016384,0.188416,0.809984,0.05085,1244819,1244819,415283,33.3609,1920,1080,raygs,triangles,1,off,0,on,-4
1781754700858177374,8788.57,830.39,1.20425,1.3417,1.32864,0.030336,0.08896,0.01536,0.382336,0.811648,0.014878,1244819,1244819,415283,33.3609,1920,1080,raygs,triangles,1,off,0,on,-4
1781754700859507509,8789.9,827.819,1.20799,1.28701,1.27402,0.029888,0.089312,0.016384,0.32768,0.810752,0.026262,1244819,1244819,415283,33.3609,1920,1080,raygs,triangles,1,off,0,on,-4
1781754700860683118,8791.07,825.995,1.21066,1.14867,1.13664,0.030336,0.090496,0.016384,0.188416,0.811008,0.025492,1244819,1244819,415283,33.3609,1920,1080,raygs,triangles,1,off,0,on,-4
1781754700861854574,8792.25,826.128,1.21047,1.14835,1.13568,0.030496,0.089344,0.016384,0.188512,0.810944,0.026252,1244819,1244819,415283,33.3609,1920,1080,raygs,triangles,1,off,0,on,-4
1781754700863063055,8793.45,826.584,1.2098,1.14781,1.13507,0.029984,0.089408,0.016256,0.188416,0.811008,0.047984,1244819,1244819,415283,33.3609,1920,1080,raygs,triangles,1,off,0,on,-4
1781754700864257267,8794.65,827.413,1.20859,1.14832,1.1353,0.030016,0.08944,0.016384,0.188544,0.810912,0.06126,1244819,1244819,415283,33.3609,1920,1080,raygs,triangles,1,off,0,on,-4
1781754700865371462,8795.76,829.502,1.20554,1.14736,1.13498,0.03056,0.089408,0.015584,0.188416,0.811008,0.015227,1244819,1244819,415283,33.3609,1920,1080,raygs,triangles,1,off,0,on,-4
1781754700866666267,8797.06,829.71,1.20524,1.14778,1.13562,0.030656,0.089152,0.016384,0.188416,0.811008,0.027391,1244819,1244819,415283,33.3609,1920,1080,raygs,triangles,1,off,0,on,-4
1781754700867880088,8798.27,828.356,1.20721,1.1489,1.13632,0.030688,0.089312,0.016288,0.18944,0.810592,0.052132,1244819,1244819,415283,33.3609,1920,1080,raygs,triangles,1,off,0,on,-4
1781754700869176058,8799.57,828.325,1.20726,1.148,1.13462,0.030144,0.089696,0.016384,0.188416,0.809984,0.031233,1244819,1244819,415283,33.3609,1920,1080,raygs,triangles,1,off,0,on,-4
1781754700870338975,8800.73,826.726,1.20959,1.14704,1.13421,0.030272,0.088928,0.015584,0.18944,0.809984,0.035827,1244819,1244819,415283,33.3609,1920,1080,raygs,triangles,1,off,0,on,-4
1781754700871475645,8801.87,826.715,1.20961,1.14781,1.13565,0.031072,0.089824,0.016384,0.187392,0.810976,0.020366,1244819,1244819,415283,33.3609,1920,1080,raygs,triangles,1,off,0,on,-4
1781754700872656821,8803.05,828.523,1.20697,1.1503,1.13562,0.029408,0.089312,0.015424,0.190464,0.811008,0.025434,1244819,1244819,415283,33.3609,1920,1080,raygs,triangles,1,off,0,on,-4
1781754700873975856,8804.37,828.245,1.20737,1.15008,1.13805,0.030304,0.08976,0.016384,0.190912,0.810688,0.025742,1244819,1244819,415283,33.3609,1920,1080,raygs,triangles,1,off,0,on,-4
1781754700875322262,8805.71,826.509,1.20991,1.16467,1.1487,0.044576,0.089408,0.016384,0.187392,0.810944,0.026712,1244819,1244819,415283,33.3609,1920,1080,raygs,triangles,1,off,0,on,-4
1781754700876492830,8806.88,824.552,1.21278,1.15258,1.13811,0.03472,0.089632,0.01536,0.188416,0.809984,0.029144,1244819,1244819,415283,33.3609,1920,1080,raygs,triangles,1,off,0,on,-4
1781754700877747327,8808.14,824.607,1.2127,1.14605,1.13392,0.030272,0.089056,0.016384,0.187392,0.810816,0.07472,1244819,1244819,415283,33.3609,1920,1080,raygs,triangles,1,off,0,on,-4
1781754700878830246,8809.22,823.807,1.21388,1.14714,1.13395,0.030336,0.088832,0.01536,0.188416,0.811008,0.015206,1244819,1244819,415283,33.3609,1920,1080,raygs,triangles,1,off,0,on,-4
1781754700880062395,8810.45,824.328,1.21311,1.14746,1.13485,0.029632,0.089472,0.016384,0.188416,0.810944,0.052068,1244819,1244819,415283,33.3609,1920,1080,raygs,triangles,1,off,0,on,-4
1781754700881180571,8811.57,827.093,1.20905,1.14803,1.136,0.0312,0.090016,0.016384,0.188416,0.809984,0.016877,1244819,1244819,415283,33.3609,1920,1080,raygs,triangles,1,off,0,on,-4
1781754700882521622,8812.91,828.969,1.20632,1.14781,1.13539,0.030464,0.089472,0.016384,0.188416,0.810656,0.051872,1244819,1244819,415283,33.3609,1920,1080,raygs,triangles,1,off,0,on,-4
1781754700883635302,8814.03,827.51,1.20845,1.14918,1.13638,0.030304,0.08928,0.016384,0.18944,0.810976,0.014847,1244819,1244819,415283,33.3609,1920,1080,raygs,triangles,1,off,0,on,-4
1781754700884885936,8815.28,827.626,1.20827,1.14912,1.136,0.030272,0.088896,0.01536,0.190464,0.811008,0.05353,1244819,1244819,415283,33.3609,1920,1080,raygs,triangles,1,off,0,on,-4
1781754700885994835,8816.39,827.326,1.20871,1.15046,1.1384,0.03056,0.089984,0.016384,0.191488,0.809984,0.015048,1244819,1244819,415283,33.3609,1920,1080,raygs,triangles,1,off,0,on,-4
1781754700887164420,8817.56,827.388,1.20862,1.14832,1.13542,0.030368,0.089152,0.015456,0.190464,0.809984,0.024258,1244819,1244819,415283,33.3609,1920,1080,raygs,triangles,1,off,0,on,-4
1781754700888388968,8818.78,827.438,1.20855,1.14915,1.13702,0.030656,0.088512,0.016384,0.190464,0.811008,0.05238,1244819,1244819,415283,33.3609,1920,1080,raygs,triangles,1,off,0,on,-4
1781754700889568921,8819.96,828.987,1.20629,1.14746,1.13357,0.0296,0.089248,0.016192,0.18864,0.809888,0.047347,1244819,1244819,415283,33.3609,1920,1080,raygs,triangles,1,off,0,on,-4
1781754700890933166,8821.32,828.249,1.20737,1.32595,1.31341,0.02992,0.089568,0.016384,0.366592,0.810944,0.029469,1244819,1244819,415283,33.3609,1920,1080,raygs,triangles,1,off,0,on,-4
1781754700892216471,8822.61,826.113,1.21049,1.32394,1.31238,0.029952,0.089472,0.190464,0.191488,0.811008,0.01552,1244819,1244819,415283,33.3609,1920,1080,raygs,triangles,1,off,0,on,-4
1781754700893394050,8823.79,825.15,1.2119,1.14778,1.13312,0.030144,0.089536,0.01536,0.187392,0.810688,0.024853,1244819,1244819,415283,33.3609,1920,1080,raygs,triangles,1,off,0,on,-4
1781754700894565368,8824.96,824.843,1.21235,1.14714,1.13434,0.030336,0.089216,0.01536,0.188416,0.811008,0.025127,1244819,1244819,415283,33.3609,1920,1080,raygs,triangles,1,off,0,on,-4
1781754700895740761,8826.13,825.244,1.21176,1.1473,1.13453,0.030496,0.089248,0.016384,0.188416,0.809984,0.030523,1244819,1244819,415283,33.3609,1920,1080,raygs,triangles,1,off,0,on,-4
1781754700896962632,8827.35,824.86,1.21233,1.14624,1.13363,0.030432,0.088864,0.016384,0.187392,0.81056,0.051676,1244819,1244819,415283,33.3609,1920,1080,raygs,triangles,1,off,0,on,-4
1781754700898067019,8828.46,827.349,1.20868,1.14739,1.13354,0.029568,0.089408,0.016384,0.187392,0.810784,0.015011,1244819,1244819,415283,33.3609,1920,1080,raygs,triangles,1,off,0,on,-4
1781754700899369553,8829.76,829.198,1.20598,1.1489,1.13469,0.030048,0.088832,0.01536,0.18944,0.811008,0.027019,1244819,1244819,415283,33.3609,1920,1080,raygs,triangles,1,off,0,on,-4
1781754700900550375,8830.94,827.866,1.20793,1.1488,1.13517,0.02992,0.08944,0.016384,0.18944,0.809984,0.027176,1244819,1244819,415283,33.3609,1920,1080,raygs,triangles,1,off,0,on,-4
1781754700901713000,8832.1,828.133,1.20753,1.14771,1.13488,0.029888,0.089184,0.01536,0.18944,0.811008,0.025163,1244819,1244819,415283,33.3609,1920,1080,raygs,triangles,1,off,0,on,-4
1781754700902953825,8833.35,827.739,1.20811,1.14749,1.13542,0.030304,0.089312,0.016384,0.188416,0.811008,0.06649,1244819,1244819,415283,33.3609,1920,1080,raygs,triangles,1,off,0,on,-4
1781754700904057556,8834.45,828.019,1.2077,1.14656,1.13507,0.029728,0.089536,0.016384,0.188416,0.811008,0.01589,1244819,1244819,415283,33.3609,1920,1080,raygs,triangles,1,off,0,on,-4
1781754700905234537,8835.63,828.109,1.20757,1.14781,1.13434,0.029952,0.089632,0.01632,0.188448,0.809984,0.029022,1244819,1244819,415283,33.3609,1920,1080,raygs,triangles,1,off,0,on,-4
1781754700906400526,8836.79,829.701,1.20525,1.14781,1.13549,0.031008,0.08944,0.015616,0.188416,0.811008,0.023891,1244819,1244819,415283,33.3609,1920,1080,raygs,triangles,1,off,0,on,-4
1781754700907869100,8838.26,829.118,1.2061,1.39098,1.37782,0.0304,0.089152,0.016384,0.431104,0.810784,0.054763,1244819,1244819,415283,33.3609,1920,1080,raygs,triangles,1,off,0,on,-4
1781754700909179617,8839.57,826.319,1.21019,1.28406,1.27142,0.030016,0.088576,0.015616,0.326656,0.81056,0.042556,1244819,1244819,415283,33.3609,1920,1080,raygs,triangles,1,off,0,on,-4
1781754700910313437,8840.7,824.906,1.21226,1.14621,1.13392,0.030432,0.089728,0.016384,0.186368,0.811008,0.016176,1244819,1244819,415283,33.3609,1920,1080,raygs,triangles,1,off,0,on,-4
1781754700911534109,8841.93,824.913,1.21225,1.14646,1.13379,0.030304,0.089664,0.015552,0.187392,0.81088,0.058068,1244819,1244819,415283,33.3609,1920,1080,raygs,triangles,1,off,0,on,-4
1781754700912701004,8843.09,824.383,1.21303,1.14627,1.13366,0.02944,0.08944,0.016384,0.187392,0.811008,0.04238,1244819,1244819,415283,33.3609,1920,1080,raygs,triangles,1,off,0,on,-4
1781754700913845672,8844.24,824.59,1.21272,1.16323,1.15085,0.029952,0.089888,0.016192,0.203968,0.810848,0.015201,1244819,1244819,415283,33.3609,1920,1080,raygs,triangles,1,off,0,on,-4
1781754700915018261,8845.41,827.351,1.20868,1.14646,1.13376,0.029632,0.089472,0.016384,0.188416,0.809856,0.025139,1244819,1244819,415283,33.3609,1920,1080,raygs,triangles,1,off,0,on,-4
1781754700916312471,8846.7,829.007,1.20626,1.14717,1.1367,0.030368,0.089888,0.016384,0.188416,0.811648,0.024781,1244819,1244819,415283,33.3609,1920,1080,raygs,triangles,1,off,0,on,-4
1781754700917563072,8847.95,827.346,1.20868,1.14966,1.13578,0.030816,0.089664,0.016128,0.188416,0.810752,0.043392,1244819,1244819,415283,33.3609,1920,1080,raygs,triangles,1,off,0,on,-4
1781754700918651136,8849.04,826.762,1.20954,1.14858,1.13514,0.03072,0.088992,0.01536,0.18944,0.810624,0.015711,1244819,1244819,415283,33.3609,1920,1080,raygs,triangles,1,off,0,on,-4
1781754700919830468,8850.22,827.679,1.2082,1.14912,1.1377,0.030208,0.089568,0.016384,0.19056,0.810976,0.026022,1244819,1244819,415283,33.3609,1920,1080,raygs,triangles,1,off,0,on,-4
1781754700921042437,8851.43,827.83,1.20798,1.14685,1.13379,0.030016,0.088672,0.01568,0.188416,0.811008,0.06317,1244819,1244819,415283,33.3609,1920,1080,raygs,triangles,1,off,0,on,-4
1781754700922170405,8852.56,827.309,1.20874,1.14726,1.13523,0.030432,0.088992,0.016384,0.188416,0.811008,0.019183,1244819,1244819,415283,33.3609,1920,1080,raygs,triangles,1,off,0,on,-4
1781754700923392646,8853.78,828.853,1.20649,1.14986,1.13766,0.030464,0.089472,0.016384,0.190464,0.81088,0.050823,1244819,1244819,415283,33.3609,1920,1080,raygs,triangles,1,off,0,on,-4
1781754700924738524,8855.13,828.471,1.20704,1.38166,1.36861,0.030336,0.088992,0.016384,0.422912,0.809984,0.014615,1244819,1244819,415283,33.3609,1920,1080,raygs,triangles,1,off,0,on,-4
1781754700926055637,8856.45,826.398,1.21007,1.28534,1.27325,0.030272,0.08992,0.016256,0.32608,0.81072,0.024841,1244819,1244819,415283,33.3609,1920,1080,raygs,triangles,1,off,0,on,-4
1781754700927246837,8857.64,824.653,1.21263,1.1481,1.13603,0.030368,0.09088,0.016384,0.187392,0.811008,0.024816,1244819,1244819,415283,33.3609,1920,1080,raygs,triangles,1,off,0,on,-4
1781754700928442610,8858.83,824.538,1.2128,1.14678,1.13542,0.029984,0.089632,0.016384,0.188416,0.811008,0.050592,1244819,1244819,415283,33.3609,1920,1080,raygs,triangles,1,off,0,on,-4
1781754700929585303,8859.98,824.484,1.21288,1.14797,1.1353,0.030112,0.089824,0.01536,0.18944,0.81056,0.01975,1244819,1244819,415283,33.3609,1920,1080,raygs,triangles,1,off,0,on,-4
1781754700930754722,8861.15,824.711,1.21255,1.14771,1.13299,0.029856,0.089376,0.01536,0.188416,0.809984,0.026049,1244819,1244819,415283,33.3609,1920,1080,raygs,triangles,1,off,0,on,-4
1781754700931927157,8862.32,826.895,1.20934,1.14867,1.13603,0.029792,0.089472,0.01632,0.190464,0.809984,0.02534,1244819,1244819,415283,33.3609,1920,1080,raygs,triangles,1,off,0,on,-4
1781754700933216535,8863.61,828.391,1.20716,1.14906,1.13658,0.030176,0.0896,0.016384,0.18944,0.810976,0.029082,1244819,1244819,415283,33.3609,1920,1080,raygs,triangles,1,off,0,on,-4
1781754700934394668,8864.79,827.201,1.2089,1.14707,1.13603,0.030784,0.08944,0.016384,0.188416,0.811008,0.024752,1244819,1244819,415283,33.3609,1920,1080,raygs,triangles,1,off,0,on,-4
1781754700935564483,8865.96,827.138,1.20899,1.14976,1.13766,0.030176,0.089632,0.016384,0.190464,0.811008,0.025669,1244819,1244819,415283,33.3609,1920,1080,raygs,triangles,1,off,0,on,-4
1781754700936736029,8867.13,827.536,1.20841,1.14733,1.13526,0.03008,0.089312,0.016448,0.188416,0.811008,0.025334,1244819,1244819,415283,33.3609,1920,1080,raygs,triangles,1,off,0,on,-4
1781754700937993175,8868.38,827.697,1.20817,1.14685,1.13562,0.030016,0.089792,0.016384,0.188416,0.811008,0.038927,1244819,1244819,415283,33.3609,1920,1080,raygs,triangles,1,off,0,on,-4
1781754700939081108,8869.47,826.34,1.21016,1.14835,1.13648,0.030496,0.089152,0.016384,0.190464,0.809984,0.015772,1244819,1244819,415283,33.3609,1920,1080,raygs,triangles,1,off,0,on,-4
1781754700940262163,8870.65,828.754,1.20663,1.14778,1.13373,0.030048,0.088896,0.01536,0.188416,0.811008,0.026498,1244819,1244819,415283,33.3609,1920,1080,raygs,triangles,1,off,0,on,-4
1781754700941653112,8872.04,828.795,1.20657,1.37117,1.35898,0.030112,0.08976,0.016384,0.412064,0.810656,0.02567,1244819,1244819,415283,33.3609,1920,1080,raygs,triangles,1,off,0,on,-4
1781754700942998394,8873.39,827.775,1.20806,1.28659,1.27338,0.0304,0.089024,0.016288,0.32768,0.809984,0.048357,1244819,1244819,415283,33.3609,1920,1080,raygs,triangles,1,off,0,on,-4
1781754700944139237,8874.53,825.766,1.211,1.14835,1.13472,0.029472,0.090336,0.01536,0.187744,0.811808,0.019242,1244819,1244819,415283,33.3609,1920,1080,raygs,triangles,1,off,0,on,-4
1781754700945352319,8875.74,825.601,1.21124,1.14794,1.13584,0.030592,0.08944,0.016384,0.188416,0.811008,0.051303,1244819,1244819,415283,33.3609,1920,1080,raygs,triangles,1,off,0,on,-4
1781754700946489502,8876.88,825.477,1.21142,1.14717,1.13312,0.030368,0.088992,0.01536,0.188416,0.809984,0.017502,1244819,1244819,415283,33.3609,1920,1080,raygs,triangles,1,off,0,on,-4
1781754700947703202,8878.09,827.47,1.2085,1.14557,1.13443,0.030144,0.089504,0.016384,0.187392,0.811008,0.052859,1244819,1244819,415283,33.3609,1920,1080,raygs,triangles,1,off,0,on,-4
1781754700948828559,8879.22,829.062,1.20618,1.14819,1.13584,0.0304,0.089728,0.016384,0.188416,0.810912,0.01662,1244819,1244819,415283,33.3609,1920,1080,raygs,triangles,1,off,0,on,-4
1781754700950131702,8880.52,829.439,1.20563,1.14842,1.13475,0.03056,0.089312,0.015456,0.188416,0.811008,0.026029,1244819,1244819,415283,33.3609,1920,1080,raygs,triangles,1,off,0,on,-4
1781754700951309109,8881.7,828.57,1.2069,1.14851,1.13501,0.030656,0.088544,0.01536,0.18944,0.811008,0.025838,1244819,1244819,415283,33.3609,1920,1080,raygs,triangles,1,off,0,on,-4
1781754700952485814,8882.88,828.181,1.20746,1.14832,1.13594,0.030496,0.089056,0.016384,0.18944,0.81056,0.026813,1244819,1244819,415283,33.3609,1920,1080,raygs,triangles,1,off,0,on,-4
1781754700953653718,8884.05,828.338,1.20724,1.148,1.13517,0.030176,0.089184,0.01536,0.18944,0.811008,0.025125,1244819,1244819,415283,33.3609,1920,1080,raygs,triangles,1,off,0,on,-4
1781754700954874660,8885.27,827.935,1.20782,1.14762,1.1352,0.029792,0.0896,0.016384,0.18944,0.809984,0.054577,1244819,1244819,415283,33.3609,1920,1080,raygs,triangles,1,off,0,on,-4
1781754700955989997,8886.38,829.295,1.20584,1.14938,1.13491,0.029472,0.089312,0.01568,0.18944,0.811008,0.014452,1244819,1244819,415283,33.3609,1920,1080,raygs,triangles,1,off,0,on,-4
1781754700957403587,8887.79,829.274,1.20587,1.15088,1.1385,0.029984,0.089632,0.016384,0.192512,0.809984,0.064543,1244819,1244819,415283,33.3609,1920,1080,raygs,triangles,1,off,0,on,-4
1781754700958654824,8889.05,827.42,1.20858,1.15126,1.13907,0.035456,0.089792,0.01632,0.18752,0.809984,0.022041,1244819,1244819,415283,33.3609,1920,1080,raygs,triangles,1,off,0,on,-4
1781754700959837069,8890.23,825.759,1.21101,1.1481,1.13645,0.031264,0.089376,0.016384,0.188416,0.811008,0.027445,1244819,1244819,415283,33.3609,1920,1080,raygs,triangles,1,off,0,on,-4
1781754700960996166,8891.39,825.667,1.21114,1.14733,1.13376,0.030496,0.089728,0.01536,0.187392,0.810784,0.025014,1244819,1244819,415283,33.3609,1920,1080,raygs,triangles,1,off,0,on,-4
1781754700962165408,8892.56,826.246,1.21029,1.14662,1.13421,0.030432,0.08928,0.016384,0.187392,0.81072,0.025836,1244819,1244819,415283,33.3609,1920,1080,raygs,triangles,1,off,0,on,-4
1781754700963347983,8893.74,826.337,1.21016,1.14816,1.13405,0.030336,0.088928,0.01536,0.188416,0.811008,0.024801,1244819,1244819,415283,33.3609,1920,1080,raygs,triangles,1,off,0,on,-4
1781754700964513126,8894.9,828.491,1.20701,1.14678,1.13526,0.029952,0.08976,0.016384,0.188416,0.810752,0.026022,1244819,1244819,415283,33.3609,1920,1080,raygs,triangles,1,off,0,on,-4
1781754700965750016,8896.14,830.016,1.2048,1.14922,1.13686,0.030336,0.089504,0.01536,0.18992,0.811744,0.068878,1244819,1244819,415283,33.3609,1920,1080,raygs,triangles,1,off,0,on,-4
1781754700967052687,8897.44,829.366,1.20574,1.28374,1.26976,0.030752,0.088864,0.01568,0.323584,0.81088,0.044628,1244819,1244819,415283,33.3609,1920,1080,raygs,triangles,1,off,0,on,-4
1781754700968179051,8898.57,827.804,1.20802,1.14819,1.13594,0.030336,0.090016,0.016384,0.188416,0.810784,0.016303,1244819,1244819,415283,33.3609,1920,1080,raygs,triangles,1,off,0,on,-4
1781754700969407126,8899.8,828.4,1.20715,1.14883,1.13558,0.029984,0.089792,0.016384,0.18944,0.809984,0.065887,1244819,1244819,415283,33.3609,1920,1080,raygs,triangles,1,off,0,on,-4
1781754700970569647,8900.96,828.096,1.20759,1.14778,1.13475,0.02992,0.090048,0.01536,0.188416,0.811008,0.043141,1244819,1244819,415283,33.3609,1920,1080,raygs,triangles,1,off,0,on,-4
1781754700971691075,8902.08,827.85,1.20795,1.14637,1.13363,0.029568,0.089536,0.015488,0.188416,0.810624,0.01582,1244819,1244819,415283,33.3609,1920,1080,raygs,triangles,1,off,0,on,-4
1781754700972920625,8903.31,829.658,1.20532,1.14858,1.13562,0.029696,0.08992,0.015744,0.188416,0.81184,0.053392,1244819,1244819,415283,33.3609,1920,1080,raygs,triangles,1,off,0,on,-4
1781754700974280504,8904.67,829.203,1.20598,1.14646,1.13168,0.029632,0.08944,0.01536,0.186368,0.81088,0.016797,1244819,1244819,415283,33.3609,1920,1080,raygs,triangles,1,off,0,on,-4
1781754700975615692,8906.01,826.749,1.20956,1.15408,1.14253,0.035776,0.089984,0.016384,0.188416,0.811968,0.063262,1244819,1244819,415283,33.3609,1920,1080,raygs,triangles,1,off,0,on,-4
1781754700976743049,8907.13,825.764,1.211,1.14723,1.1352,0.031424,0.088992,0.016384,0.187392,0.811008,0.018582,1244819,1244819,415283,33.3609,1920,1080,raygs,triangles,1,off,0,on,-4
1781754700977967581,8908.36,825.418,1.21151,1.14605,1.13405,0.030272,0.089152,0.01616,0.187808,0.810656,0.05188,1244819,1244819,415283,33.3609,1920,1080,raygs,triangles,1,off,0,on,-4
1781754700979137055,8909.53,825.005,1.21211,1.14778,1.13686,0.030464,0.08944,0.016384,0.1896,0.810976,0.040234,1244819,1244819,415283,33.3609,1920,1080,raygs,triangles,1,off,0,on,-4
1781754700980260089,8910.65,825.125,1.21194,1.14525,1.1344,0.030176,0.08928,0.016384,0.187584,0.810976,0.015295,1244819,1244819,415283,33.3609,1920,1080,raygs,triangles,1,off,0,on,-4
1781754700981434801,8911.83,828.731,1.20666,1.14614,1.13168,0.029344,0.088448,0.01536,0.18752,0.811008,0.028523,1244819,1244819,415283,33.3609,1920,1080,raygs,triangles,1,off,0,on,-4
1781754700982727781,8913.12,830.305,1.20438,1.14739,1.13469,0.029568,0.089312,0.016384,0.18944,0.809984,0.027139,1244819,1244819,415283,33.3609,1920,1080,raygs,triangles,1,off,0,on,-4
1781754700983900370,8914.29,828.555,1.20692,1.1488,1.13574,0.031232,0.088704,0.01536,0.18944,0.811008,0.026191,1244819,1244819,415283,33.3609,1920,1080,raygs,triangles,1,off,0,on,-4
1781754700985115849,8915.51,828.851,1.20649,1.14976,1.1369,0.03024,0.089728,0.016384,0.189536,0.811008,0.052134,1244819,1244819,415283,33.3609,1920,1080,raygs,triangles,1,off,0,on,-4
1781754700986276957,8916.67,828.58,1.20688,1.1488,1.13632,0.02992,0.089568,0.016384,0.190464,0.809984,0.038219,1244819,1244819,415283,33.3609,1920,1080,raygs,triangles,1,off,0,on,-4
1781754700987421932,8917.81,828.519,1.20697,1.14685,1.13347,0.030048,0.0896,0.01536,0.188576,0.809888,0.023132,1244819,1244819,415283,33.3609,1920,1080,raygs,triangles,1,off,0,on,-4
1781754700988635141,8919.03,828.645,1.20679,1.14675,1.13331,0.029952,0.088576,0.01536,0.188416,0.811008,0.049879,1244819,1244819,415283,33.3609,1920,1080,raygs,triangles,1,off,0,on,-4
1781754700989758212,8920.15,829.867,1.20501,1.14874,1.13584,0.030272,0.08976,0.016384,0.18944,0.809984,0.014558,1244819,1244819,415283,33.3609,1920,1080,raygs,triangles,1,off,0,on,-4
1781754700991170637,8921.56,830.992,1.20338,1.3807,1.36688,0.030336,0.089216,0.01536,0.419936,0.812032,0.02695,1244819,1244819,415283,33.3609,1920,1080,raygs,triangles,1,off,0,on,-4
1781754700992483990,8922.88,827.306,1.20874,1.29011,1.27891,0.02992,0.0896,0.016384,0.332032,0.810976,0.027415,1244819,1244819,415283,33.3609,1920,1080,raygs,triangles,1,off,0,on,-4
1781754700993747689,8924.14,825.839,1.21089,1.14803,1.13427,0.030176,0.090016,0.01568,0.188416,0.809984,0.043628,1244819,1244819,415283,33.3609,1920,1080,raygs,triangles,1,off,0,on,-4
1781754700994824536,8925.22,825.199,1.21183,1.14714,1.13405,0.030336,0.089376,0.01536,0.188416,0.81056,0.016357,1244819,1244819,415283,33.3609,1920,1080,raygs,triangles,1,off,0,on,-4
1781754700996003119,8926.39,825.866,1.21085,1.1473,1.13514,0.030816,0.0896,0.01632,0.188416,0.809984,0.026678,1244819,1244819,415283,33.3609,1920,1080,raygs,triangles,1,off,0,on,-4
1781754700997239620,8927.63,826.164,1.21041,1.17158,1.15965,0.030176,0.090016,0.016384,0.212064,0.811008,0.05602,1244819,1244819,415283,33.3609,1920,1080,raygs,triangles,1,off,0,on,-4
1781754700998419703,8928.81,827.645,1.20825,1.1488,1.13629,0.0304,0.089056,0.016384,0.18944,0.811008,0.042803,1244819,1244819,415283,33.3609,1920,1080,raygs,triangles,1,off,0,on,-4
1781754700999659887,8930.05,829.415,1.20567,1.14832,1.13648,0.030496,0.090176,0.016384,0.18944,0.809984,0.01628,1244819,1244819,415283,33.3609,1920,1080,raygs,triangles,1,off,0,on,-4
1781754701000831528,8931.22,828.619,1.20683,1.14781,1.13584,0.031104,0.089376,0.01536,0.18944,0.81056,0.026092,1244819,1244819,415283,33.3609,1920,1080,raygs,triangles,1,off,0,on,-4
1781754701002009781,8932.4,828.7,1.20671,1.14755,1.13411,0.030144,0.089408,0.01616,0.188416,0.809984,0.027088,1244819,1244819,415283,33.3609,1920,1080,raygs,triangles,1,off,0,on,-4
1781754701003178366,8933.57,828.653,1.20678,1.14781,1.13459,0.030144,0.088768,0.015584,0.18944,0.810656,0.025717,1244819,1244819,415283,33.3609,1920,1080,raygs,triangles,1,off,0,on,-4
1781754701004353446,8934.74,828.332,1.20725,1.14778,1.13542,0.029952,0.0896,0.016384,0.189504,0.809984,0.030444,1244819,1244819,415283,33.3609,1920,1080,raygs,triangles,1,off,0,on,-4
1781754701005520792,8935.91,828.571,1.2069,1.14851,1.13501,0.029664,0.089376,0.01536,0.189664,0.810944,0.025807,1244819,1244819,415283,33.3609,1920,1080,raygs,triangles,1,off,0,on,-4
1781754701006692776,8937.08,829.81,1.2051,1.14902,1.1353,0.030176,0.089312,0.01536,0.190464,0.809984,0.025237,1244819,1244819,415283,33.3609,1920,1080,raygs,triangles,1,off,0,on,-4
1781754701008136688,8938.53,829.731,1.20521,1.38237,1.37011,0.030016,0.089184,0.01536,0.423936,0.811616,0.048573,1244819,1244819,415283,33.3609,1920,1080,raygs,triangles,1,off,0,on,-4
1781754701009408415,8939.8,826.869,1.20938,1.28557,1.27379,0.030496,0.089248,0.016384,0.32768,0.809984,0.018902,1244819,1244819,415283,33.3609,1920,1080,raygs,triangles,1,off,0,on,-4
1781754701010584578,8940.98,825.638,1.21118,1.14755,1.1344,0.03008,0.09056,0.01536,0.187392,0.811008,0.02619,1244819,1244819,415283,33.3609,1920,1080,raygs,triangles,1,off,0,on,-4
1781754701011792080,8942.18,826.424,1.21003,1.14614,1.13418,0.030336,0.089056,0.016384,0.188416,0.809984,0.050908,1244819,1244819,415283,33.3609,1920,1080,raygs,triangles,1,off,0,on,-4
1781754701012972199,8943.36,825.336,1.21163,1.14717,1.13418,0.030304,0.089088,0.016384,0.188416,0.809984,0.046223,1244819,1244819,415283,33.3609,1920,1080,raygs,triangles,1,off,0,on,-4
1781754701014108325,8944.5,825.298,1.21168,1.14966,1.13562,0.030816,0.08992,0.01536,0.188608,0.810912,0.015941,1244819,1244819,415283,33.3609,1920,1080,raygs,triangles,1,off,0,on,-4
1781754701015323077,8945.71,828.091,1.2076,1.14749,1.13491,0.029632,0.089472,0.016384,0.18944,0.809984,0.052067,1244819,1244819,415283,33.3609,1920,1080,raygs,triangles,1,off,0,on,-4
1781754701016619935,8947.01,829.61,1.20539,1.14762,1.13587,0.029792,0.089632,0.016384,0.18944,0.810624,0.05738,1244819,1244819,415283,33.3609,1920,1080,raygs,triangles,1,off,0,on,-4
1781754701017775278,8948.17,828.187,1.20746,1.14826,1.13782,0.030976,0.089408,0.016384,0.18944,0.811616,0.036448,1244819,1244819,415283,33.3609,1920,1080,raygs,triangles,1,off,0,on,-4
1781754701018974552,8949.37,828.473,1.20704,1.14851,1.13632,0.030656,0.089632,0.015584,0.18944,0.811008,0.048778,1244819,1244819,415283,33.3609,1920,1080,raygs,triangles,1,off,0,on,-4
1781754701020146399,8950.54,827.83,1.20798,1.14755,1.13286,0.029728,0.089376,0.01536,0.188416,0.809984,0.044497,1244819,1244819,415283,33.3609,1920,1080,raygs,triangles,1,off,0,on,-4
1781754701021267281,8951.66,828.143,1.20752,1.14726,1.13357,0.029408,0.089376,0.016384,0.188416,0.809984,0.016036,1244819,1244819,415283,33.3609,1920,1080,raygs,triangles,1,off,0,on,-4
1781754701022442453,8952.83,828.314,1.20727,1.14912,1.1369,0.03024,0.089824,0.016384,0.190464,0.809984,0.025842,1244819,1244819,415283,33.3609,1920,1080,raygs,triangles,1,off,0,on,-4
1781754701023674160,8954.07,829.974,1.20486,1.14698,1.13549,0.030176,0.089408,0.016384,0.188544,0.810976,0.060379,1244819,1244819,415283,33.3609,1920,1080,raygs,triangles,1,off,0,on,-4
1781754701025050825,8955.44,829.207,1.20597,1.34032,1.32717,0.03024,0.088608,0.01536,0.381952,0.811008,0.031113,1244819,1244819,415283,33.3609,1920,1080,raygs,triangles,1,off,0,on,-4
1781754701026344769,8956.74,826.856,1.2094,1.28589,1.27392,0.03024,0.089472,0.016384,0.32784,0.809984,0.029005,1244819,1244819,415283,33.3609,1920,1080,raygs,triangles,1,off,0,on,-4
1781754701027488569,8957.88,825.56,1.2113,1.14742,1.13366,0.029568,0.08944,0.01568,0.188416,0.81056,0.042477,1244819,1244819,415283,33.3609,1920,1080,raygs,triangles,1,off,0,on,-4
1781754701028693955,8959.09,826.299,1.21022,1.14739,1.13334,0.030592,0.089152,0.01536,0.187392,0.810848,0.062106,1244819,1244819,415283,33.3609,1920,1080,raygs,triangles,1,off,0,on,-4
1781754701029812858,8960.2,825.369,1.21158,1.14787,1.1367,0.030176,0.089696,0.016384,0.18944,0.811008,0.01693,1244819,1244819,415283,33.3609,1920,1080,raygs,triangles,1,off,0,on,-4
1781754701031025863,8961.42,828.477,1.20703,1.1481,1.13603,0.030272,0.089952,0.016384,0.18944,0.809984,0.062383,1244819,1244819,415283,33.3609,1920,1080,raygs,triangles,1,off,0,on,-4
1781754701032285202,8962.68,829.225,1.20595,1.14762,1.13491,0.030272,0.088832,0.01536,0.18944,0.811008,0.020813,1244819,1244819,415283,33.3609,1920,1080,raygs,triangles,1,off,0,on,-4
1781754701033456302,8963.85,828.16,1.2075,1.15142,1.13923,0.031552,0.08992,0.016384,0.190464,0.810912,0.025505,1244819,1244819,415283,33.3609,1920,1080,raygs,triangles,1,off,0,on,-4
1781754701034625610,8965.02,828.092,1.20759,1.14701,1.1361,0.030208,0.090016,0.016384,0.18848,0.811008,0.025078,1244819,1244819,415283,33.3609,1920,1080,raygs,triangles,1,off,0,on,-4
1781754701035850985,8966.24,828.247,1.20737,1.14781,1.13341,0.029952,0.088672,0.01536,0.18944,0.809984,0.052352,1244819,1244819,415283,33.3609,1920,1080,raygs,triangles,1,off,0,on,-4
1781754701037020535,8967.41,827.677,1.2082,1.14982,1.13786,0.029952,0.088448,0.016384,0.191488,0.811584,0.041374,1244819,1244819,415283,33.3609,1920,1080,raygs,triangles,1,off,0,on,-4
1781754701038141848,8968.53,827.58,1.20834,1.14813,1.13603,0.030272,0.089952,0.016384,0.18944,0.809984,0.016195,1244819,1244819,415283,33.3609,1920,1080,raygs,triangles,1,off,0,on,-4
1781754701039573894,8969.97,828.7,1.20671,1.14781,1.13523,0.029984,0.08944,0.016384,0.18944,0.809984,0.052693,1244819,1244819,415283,33.3609,1920,1080,raygs,triangles,1,off,0,on,-4
1781754701040624257,8971.02,826.869,1.20938,1.1479,1.13565,0.030592,0.08944,0.016384,0.188416,0.810816,0.035698,1244819,1244819,415283,33.3609,1920,1080,raygs,triangles,1,off,0,on,-4
1781754701041933032,8972.32,828.103,1.20758,1.34717,1.3352,0.030176,0.089472,0.016384,0.38848,0.810688,0.029761,1244819,1244819,415283,33.3609,1920,1080,raygs,triangles,1,off,0,on,-4
1781754701043212416,8973.6,827.411,1.20859,1.27619,1.26394,0.030336,0.217792,0.01536,0.18944,0.811008,0.050406,1244819,1244819,415283,33.3609,1920,1080,raygs,triangles,1,off,0,on,-4
1781754701044382274,8974.77,826.003,1.21065,1.14838,1.13648,0.030528,0.089376,0.016128,0.18944,0.811008,0.048924,1244819,1244819,415283,33.3609,1920,1080,raygs,triangles,1,off,0,on,-4
1781754701045523559,8975.91,825.562,1.2113,1.14602,1.13462,0.03024,0.089408,0.016384,0.187616,0.810976,0.01607,1244819,1244819,415283,33.3609,1920,1080,raygs,triangles,1,off,0,on,-4
1781754701046696650,8977.09,826.274,1.21025,1.14701,1.13498,0.030176,0.088992,0.016384,0.18944,0.809984,0.026788,1244819,1244819,415283,33.3609,1920,1080,raygs,triangles,1,off,0,on,-4
1781754701047864177,8978.26,828.569,1.2069,1.14781,1.13504,0.030528,0.089728,0.01536,0.188416,0.811008,0.02595,1244819,1244819,415283,33.3609,1920,1080,raygs,triangles,1,off,0,on,-4
1781754701049180344,8979.57,830.305,1.20438,1.14627,1.13482,0.029472,0.089504,0.016384,0.188832,0.810624,0.048055,1244819,1244819,415283,33.3609,1920,1080,raygs,triangles,1,off,0,on,-4
1781754701050332595,8980.72,828.469,1.20705,1.14922,1.13632,0.030336,0.090176,0.016384,0.18944,0.809984,0.020863,1244819,1244819,415283,33.3609,1920,1080,raygs,triangles,1,off,0,on,-4
1781754701051539908,8981.93,829.056,1.20619,1.14835,1.13466,0.030464,0.08928,0.015488,0.18944,0.809984,0.060364,1244819,1244819,415283,33.3609,1920,1080,raygs,triangles,1,off,0,on,-4
1781754701052672800,8983.06,828.688,1.20673,1.14688,1.13475,0.03008,0.089888,0.016384,0.188416,0.809984,0.020242,1244819,1244819,415283,33.3609,1920,1080,raygs,triangles,1,off,0,on,-4
1781754701053851754,8984.24,828.39,1.20716,1.14842,1.13386,0.029536,0.088512,0.01536,0.18944,0.811008,0.026722,1244819,1244819,415283,33.3609,1920,1080,raygs,triangles,1,off,0,on,-4
1781754701055064552,8985.46,828.532,1.20695,1.14816,1.1367,0.030432,0.089888,0.016384,0.188416,0.811584,0.061601,1244819,1244819,415283,33.3609,1920,1080,raygs,triangles,1,off,0,on,-4
1781754701056186793,8986.58,829.631,1.20536,1.14877,1.13469,0.029664,0.089504,0.016384,0.188416,0.81072,0.022151,1244819,1244819,415283,33.3609,1920,1080,raygs,triangles,1,off,0,on,-4
1781754701057647478,8988.04,830.151,1.2046,1.3833,1.37123,0.030176,0.088768,0.016384,0.42496,0.810944,0.063592,1244819,1244819,415283,33.3609,1920,1080,raygs,triangles,1,off,0,on,-4
1781754701058915650,8989.31,827.193,1.20891,1.28848,1.27462,0.030336,0.088992,0.015584,0.329728,0.809984,0.019735,1244819,1244819,415283,33.3609,1920,1080,raygs,triangles,1,off,0,on,-4
1781754701060149690,8990.54,825.847,1.21088,1.14758,1.1343,0.030112,0.090592,0.016224,0.187392,0.809984,0.057678,1244819,1244819,415283,33.3609,1920,1080,raygs,triangles,1,off,0,on,-4
1781754701061264003,8991.66,825.154,1.21189,1.14678,1.13363,0.029952,0.089216,0.01616,0.188416,0.809888,0.017968,1244819,1244819,415283,33.3609,1920,1080,raygs,triangles,1,off,0,on,-4
1781754701062508417,8992.9,825.965,1.2107,1.14678,1.13459,0.029984,0.089824,0.016384,0.188416,0.809984,0.070362,1244819,1244819,415283,33.3609,1920,1080,raygs,triangles,1,off,0,on,-4
1781754701063590925,8993.98,824.865,1.21232,1.14624,1.1351,0.030432,0.089888,0.016384,0.187392,0.811008,0.015462,1244819,1244819,415283,33.3609,1920,1080,raygs,triangles,1,off,0,on,-4
1781754701064775995,8995.17,828.551,1.20693,1.14755,1.13389,0.030208,0.08992,0.01536,0.188416,0.809984,0.026031,1244819,1244819,415283,33.3609,1920,1080,raygs,triangles,1,off,0,on,-4
1781754701066067379,8996.46,829.999,1.20482,1.14883,1.13574,0.030656,0.08944,0.016224,0.188416,0.811008,0.026901,1244819,1244819,415283,33.3609,1920,1080,raygs,triangles,1,off,0,on,-4
1781754701067239925,8997.63,829.583,1.20542,1.14832,1.13459,0.030496,0.089216,0.016384,0.187488,0.811008,0.02563,1244819,1244819,415283,33.3609,1920,1080,raygs,triangles,1,off,0,on,-4
1781754701068417508,8998.81,828.397,1.20715,1.14906,1.13613,0.030176,0.088992,0.016352,0.189728,0.81088,0.02624,1244819,1244819,415283,33.3609,1920,1080,raygs,triangles,1,off,0,on,-4
1781754701069583362,8999.97,828.564,1.20691,1.14867,1.13597,0.029824,0.089312,0.016384,0.18944,0.811008,0.025864,1244819,1244819,415283,33.3609,1920,1080,raygs,triangles,1,off,0,on,-4
1781754701070757374,9001.15,829.288,1.20585,1.14685,1.13277,0.030336,0.088672,0.01536,0.188416,0.809984,0.025739,1244819,1244819,415283,33.3609,1920,1080,raygs,triangles,1,off,0,on,-4
1781754701071935533,9002.33,829.329,1.20579,1.14842,1.13405,0.029536,0.089728,0.01536,0.18944,0.809984,0.025456,1244819,1244819,415283,33.3609,1920,1080,raygs,triangles,1,off,0,on,-4
1781754701073105455,9003.5,830.109,1.20466,1.1488,1.13619,0.02992,0.08864,0.01616,0.190464,0.811008,0.027886,1244819,1244819,415283,33.3609,1920,1080,raygs,triangles,1,off,0,on,-4
1781754701074514206,9004.91,830.178,1.20456,1.38624,1.37472,0.029792,0.089504,0.016384,0.42816,0.81088,0.026206,1244819,1244819,415283,33.3609,1920,1080,raygs,triangles,1,off,0,on,-4
1781754701075819966,9006.21,827.507,1.20845,1.28698,1.27453,0.029888,0.08944,0.016384,0.328032,0.810784,0.025303,1244819,1244819,415283,33.3609,1920,1080,raygs,triangles,1,off,0,on,-4
1781754701077050283,9007.44,826.115,1.21048,1.14954,1.13782,0.029632,0.09136,0.016384,0.1896,0.810848,0.064396,1244819,1244819,415283,33.3609,1920,1080,raygs,triangles,1,off,0,on,-4
1781754701078175865,9008.57,825.469,1.21143,1.14618,1.13456,0.0304,0.089376,0.016384,0.187392,0.811008,0.018959,1244819,1244819,415283,33.3609,1920,1080,raygs,triangles,1,off,0,on,-4
1781754701079376708,9009.77,825.81,1.21093,1.1473,1.13629,0.030464,0.090016,0.016384,0.188416,0.811008,0.045575,1244819,1244819,415283,33.3609,1920,1080,raygs,triangles,1,off,0,on,-4
1781754701080538069,9010.93,825.767,1.211,1.17078,1.15869,0.030176,0.089152,0.016384,0.211968,0.811008,0.018632,1244819,1244819,415283,33.3609,1920,1080,raygs,triangles,1,off,0,on,-4
1781754701081792263,9012.18,828.592,1.20687,1.14835,1.13354,0.029472,0.089152,0.01568,0.188416,0.810816,0.068596,1244819,1244819,415283,33.3609,1920,1080,raygs,triangles,1,off,0,on,-4
1781754701083006390,9013.4,828.961,1.20633,1.14816,1.13546,0.029312,0.089312,0.016384,0.190464,0.809984,0.016567,1244819,1244819,415283,33.3609,1920,1080,raygs,triangles,1,off,0,on,-4
1781754701084190249,9014.58,828.359,1.20721,1.15021,1.13725,0.03136,0.090016,0.015424,0.18944,0.811008,0.027717,1244819,1244819,415283,33.3609,1920,1080,raygs,triangles,1,off,0,on,-4
1781754701085361853,9015.75,828.559,1.20692,1.14662,1.13414,0.029792,0.089632,0.01632,0.187616,0.810784,0.025955,1244819,1244819,415283,33.3609,1920,1080,raygs,triangles,1,off,0,on,-4
1781754701086575131,9016.97,828.764,1.20662,1.14835,1.13638,0.030048,0.089312,0.016384,0.18976,0.81088,0.062974,1244819,1244819,415283,33.3609,1920,1080,raygs,triangles,1,off,0,on,-4
1781754701087735826,9018.13,828.141,1.20752,1.14755,1.13472,0.030624,0.089056,0.015552,0.18848,0.811008,0.043231,1244819,1244819,415283,33.3609,1920,1080,raygs,triangles,1,off,0,on,-4
1781754701088928356,9019.32,828.587,1.20687,1.1503,1.13715,0.030432,0.090176,0.016384,0.188416,0.811744,0.049188,1244819,1244819,415283,33.3609,1920,1080,raygs,triangles,1,off,0,on,-4
1781754701090085425,9020.48,829.813,1.20509,1.14803,1.13389,0.030176,0.088992,0.01536,0.188416,0.810944,0.038501,1244819,1244819,415283,33.3609,1920,1080,raygs,triangles,1,off,0,on,-4
1781754701091470064,9021.86,829.746,1.20519,1.38614,1.37283,0.029696,0.089408,0.015712,0.427008,0.811008,0.019282,1244819,1244819,415283,33.3609,1920,1080,raygs,triangles,1,off,0,on,-4
1781754701092823950,9023.22,827.403,1.2086,1.28902,1.27651,0.029856,0.089536,0.016384,0.330752,0.809984,0.062931,1244819,1244819,415283,33.3609,1920,1080,raygs,triangles,1,off,0,on,-4
1781754701093958462,9024.35,825.691,1.21111,1.14701,1.13491,0.030176,0.089952,0.016384,0.187392,0.811008,0.019276,1244819,1244819,415283,33.3609,1920,1080,raygs,triangles,1,off,0,on,-4
1781754701095176491,9025.57,825.37,1.21158,1.14762,1.13414,0.029792,0.088544,0.016384,0.18944,0.809984,0.053938,1244819,1244819,415283,33.3609,1920,1080,raygs,triangles,1,off,0,on,-4
1781754701096339546,9026.73,825.046,1.21205,1.14598,1.13264,0.0304,0.089536,0.016352,0.186368,0.809984,0.042049,1244819,1244819,415283,33.3609,1920,1080,raygs,triangles,1,off,0,on,-4
1781754701097473102,9027.86,825.787,1.21097,1.14851,1.13514,0.030656,0.08992,0.01616,0.187392,0.811008,0.016409,1244819,1244819,415283,33.3609,1920,1080,raygs,triangles,1,off,0,on,-4
1781754701098653607,9029.04,828.472,1.20704,1.14877,1.13494,0.02992,0.089312,0.016384,0.18944,0.809888,0.027716,1244819,1244819,415283,33.3609,1920,1080,raygs,triangles,1,off,0,on,-4
1781754701099936792,9030.33,829.633,1.20535,1.14691,1.13395,0.030112,0.089056,0.016384,0.188416,0.809984,0.027855,1244819,1244819,415283,33.3609,1920,1080,raygs,triangles,1,off,0,on,-4
1781754701101334535,9031.73,828.049,1.20766,1.14934,1.13626,0.031008,0.08944,0.016384,0.188416,0.811008,0.040197,1244819,1244819,415283,33.3609,1920,1080,raygs,triangles,1,off,0,on,-4
1781754701102438500,9032.83,825.948,1.21073,1.1496,1.13683,0.03072,0.08928,0.016384,0.18944,0.811008,0.038157,1244819,1244819,415283,33.3609,1920,1080,raygs,triangles,1,off,0,on,-4
1781754701103581695,9033.97,826.334,1.21016,1.14739,1.13328,0.029568,0.089824,0.015648,0.187392,0.810848,0.019437,1244819,1244819,415283,33.3609,1920,1080,raygs,triangles,1,off,0,on,-4
1781754701104786742,9035.18,826.759,1.20954,1.14851,1.13402,0.029632,0.088576,0.01536,0.190464,0.809984,0.048136,1244819,1244819,415283,33.3609,1920,1080,raygs,triangles,1,off,0,on,-4
1781754701105933933,9036.33,827.741,1.20811,1.14771,1.13578,0.029856,0.089376,0.016384,0.18944,0.81072,0.019365,1244819,1244819,415283,33.3609,1920,1080,raygs,triangles,1,off,0,on,-4
1781754701107137645,9037.53,827.696,1.20817,1.14794,1.13466,0.030112,0.088736,0.016384,0.18944,0.809984,0.048078,1244819,1244819,415283,33.3609,1920,1080,raygs,triangles,1,off,0,on,-4
1781754701108467950,9038.86,827.556,1.20838,1.14906,1.13645,0.030176,0.089728,0.016384,0.18944,0.81072,0.020397,1244819,1244819,415283,33.3609,1920,1080,raygs,triangles,1,off,0,on,-4
1781754701109746194,9040.14,826.088,1.21053,1.15155,1.13856,0.034816,0.0888,0.016384,0.187808,0.810752,0.025275,1244819,1244819,415283,33.3609,1920,1080,raygs,triangles,1,off,0,on,-4
1781754701110925540,9041.32,824.913,1.21225,1.14768,1.1351,0.03088,0.089472,0.016384,0.187392,0.810976,0.026123,1244819,1244819,415283,33.3609,1920,1080,raygs,triangles,1,off,0,on,-4
1781754701112093903,9042.49,824.399,1.21301,1.14678,1.13421,0.029888,0.089536,0.016384,0.187392,0.811008,0.026088,1244819,1244819,415283,33.3609,1920,1080,raygs,triangles,1,off,0,on,-4
1781754701113274575,9043.67,827.734,1.20812,1.14848,1.13734,0.030656,0.089856,0.016384,0.18944,0.811008,0.026016,1244819,1244819,415283,33.3609,1920,1080,raygs,triangles,1,off,0,on,-4
1781754701114449043,9044.84,826.066,1.21056,1.14614,1.1336,0.030528,0.089088,0.015584,0.187392,0.811008,0.029432,1244819,1244819,415283,33.3609,1920,1080,raygs,triangles,1,off,0,on,-4
1781754701115613570,9046,827.227,1.20886,1.14678,1.13514,0.030496,0.089664,0.016384,0.18784,0.810752,0.025323,1244819,1244819,415283,33.3609,1920,1080,raygs,triangles,1,off,0,on,-4
1781754701116900295,9047.29,828.628,1.20681,1.14918,1.13747,0.030336,0.089248,0.015744,0.190464,0.81168,0.026274,1244819,1244819,415283,33.3609,1920,1080,raygs,triangles,1,off,0,on,-4
1781754701118120777,9048.51,827.257,1.20881,1.14982,1.13872,0.030944,0.08992,0.016384,0.190464,0.811008,0.05175,1244819,1244819,415283,33.3609,1920,1080,raygs,triangles,1,off,0,on,-4
1781754701119253890,9049.65,826.649,1.2097,1.14832,1.13469,0.030496,0.089408,0.01536,0.18944,0.809984,0.01979,1244819,1244819,415283,33.3609,1920,1080,raygs,triangles,1,off,0,on,-4
1781754701120431648,9050.82,827.012,1.20917,1.1488,1.13482,0.02992,0.089376,0.016384,0.188416,0.81072,0.026019,1244819,1244819,415283,33.3609,1920,1080,raygs,triangles,1,off,0,on,-4
1781754701121594278,9051.99,826.856,1.2094,1.14781,1.13453,0.029952,0.088768,0.016384,0.18944,0.809984,0.025886,1244819,1244819,415283,33.3609,1920,1080,raygs,triangles,1,off,0,on,-4
1781754701122770785,9053.16,828.499,1.207,1.14598,1.13398,0.030208,0.088992,0.016384,0.187392,0.811008,0.026657,1244819,1244819,415283,33.3609,1920,1080,raygs,triangles,1,off,0,on,-4
1781754701124161529,9054.55,828.134,1.20753,1.15059,1.13789,0.029664,0.089344,0.016384,0.192512,0.809984,0.025548,1244819,1244819,415283,33.3609,1920,1080,raygs,triangles,1,off,0,on,-4
1781754701125465222,9055.86,826.052,1.21058,1.15213,1.1385,0.035328,0.089504,0.016384,0.186368,0.810912,0.025451,1244819,1244819,415283,33.3609,1920,1080,raygs,triangles,1,off,0,on,-4
1781754701126643167,9057.03,824.5,1.21286,1.14851,1.13539,0.03168,0.089856,0.015424,0.187424,0.811008,0.026901,1244819,1244819,415283,33.3609,1920,1080,raygs,triangles,1,off,0,on,-4
1781754701127809436,9058.2,824.127,1.2134,1.14669,1.13386,0.029856,0.089408,0.016384,0.187392,0.810816,0.025575,1244819,1244819,415283,33.3609,1920,1080,raygs,triangles,1,off,0,on,-4
1781754701128989296,9059.38,824.466,1.21291,1.14621,1.13309,0.030144,0.08928,0.016288,0.187392,0.809984,0.026064,1244819,1244819,415283,33.3609,1920,1080,raygs,triangles,1,off,0,on,-4
1781754701130155233,9060.55,824.178,1.21333,1.14781,1.1344,0.029952,0.089376,0.015648,0.18944,0.809984,0.026723,1244819,1244819,415283,33.3609,1920,1080,raygs,triangles,1,off,0,on,-4
1781754701131354071,9061.75,827.374,1.20864,1.14662,1.1335,0.029696,0.089024,0.01536,0.188416,0.811008,0.045673,1244819,1244819,415283,33.3609,1920,1080,raygs,triangles,1,off,0,on,-4
1781754701132502468,9062.89,828.469,1.20705,1.14835,1.13578,0.029472,0.0896,0.016416,0.188416,0.811872,0.020652,1244819,1244819,415283,33.3609,1920,1080,raygs,triangles,1,off,0,on,-4
1781754701133803717,9064.2,829.144,1.20606,1.27744,1.26326,0.03056,0.088896,0.01536,0.318464,0.809984,0.025977,1244819,1244819,415283,33.3609,1920,1080,raygs,triangles,1,off,0,on,-4
1781754701134970143,9065.36,827.181,1.20893,1.14954,1.13507,0.030656,0.088992,0.01536,0.18944,0.810624,0.025527,1244819,1244819,415283,33.3609,1920,1080,raygs,triangles,1,off,0,on,-4
1781754701136148862,9066.54,827.883,1.2079,1.14832,1.13456,0.030496,0.090016,0.015648,0.187392,0.811008,0.025454,1244819,1244819,415283,33.3609,1920,1080,raygs,triangles,1,off,0,on,-4
1781754701137356806,9067.75,826.755,1.20955,1.14739,1.13542,0.030112,0.089376,0.016416,0.18864,0.81088,0.04611,1244819,1244819,415283,33.3609,1920,1080,raygs,triangles,1,off,0,on,-4
1781754701138488258,9068.88,826.798,1.20948,1.14835,1.13456,0.030496,0.088896,0.01568,0.189504,0.809984,0.0204,1244819,1244819,415283,33.3609,1920,1080,raygs,triangles,1,off,0,on,-4
1781754701139662831,9070.05,828.488,1.20702,1.14787,1.136,0.030624,0.089568,0.016384,0.188416,0.811008,0.025399,1244819,1244819,415283,33.3609,1920,1080,raygs,triangles,1,off,0,on,-4
1781754701141050007,9071.44,828.67,1.20675,1.14848,1.13654,0.030656,0.09008,0.016384,0.18944,0.809984,0.025123,1244819,1244819,415283,33.3609,1920,1080,raygs,triangles,1,off,0,on,-4
1781754701142352699,9072.74,826.099,1.21051,1.15158,1.13792,0.034752,0.089312,0.01648,0.187392,0.809984,0.025609,1244819,1244819,415283,33.3609,1920,1080,raygs,triangles,1,off,0,on,-4
1781754701143530122,9073.92,824.557,1.21277,1.14848,1.13533,0.03168,0.088864,0.01536,0.188416,0.811008,0.025231,1244819,1244819,415283,33.3609,1920,1080,raygs,triangles,1,off,0,on,-4
1781754701144690608,9075.08,824.533,1.21281,1.14698,1.13482,0.030176,0.089856,0.016384,0.188416,0.809984,0.024003,1244819,1244819,415283,33.3609,1920,1080,raygs,triangles,1,off,0,on,-4
1781754701145918925,9076.31,824.736,1.21251,1.14678,1.13539,0.029984,0.0896,0.016384,0.188416,0.811008,0.047769,1244819,1244819,415283,33.3609,1920,1080,raygs,triangles,1,off,0,on,-4
1781754701147030571,9077.42,824.228,1.21326,1.1473,1.13539,0.03056,0.089152,0.016384,0.188512,0.810784,0.015221,1244819,1244819,415283,33.3609,1920,1080,raygs,triangles,1,off,0,on,-4
1781754701148211974,9078.6,827.453,1.20853,1.14746,1.13402,0.029632,0.088576,0.016384,0.18944,0.809984,0.028407,1244819,1244819,415283,33.3609,1920,1080,raygs,triangles,1,off,0,on,-4
1781754701149684124,9080.08,828.809,1.20655,1.14867,1.13565,0.029792,0.089888,0.01536,0.189728,0.81088,0.049736,1244819,1244819,415283,33.3609,1920,1080,raygs,triangles,1,off,0,on,-4
1781754701150807833,9081.2,825.635,1.21119,1.14787,1.136,0.031072,0.088992,0.016384,0.188768,0.810784,0.035931,1244819,1244819,415283,33.3609,1920,1080,raygs,triangles,1,off,0,on,-4
1781754701151986225,9082.38,825.932,1.21075,1.14858,1.13434,0.030176,0.089376,0.01536,0.18944,0.809984,0.037377,1244819,1244819,415283,33.3609,1920,1080,raygs,triangles,1,off,0,on,-4
1781754701153174388,9083.57,826.043,1.21059,1.14787,1.13437,0.030016,0.089568,0.016384,0.188416,0.809984,0.039027,1244819,1244819,415283,33.3609,1920,1080,raygs,triangles,1,off,0,on,-4
1781754701154336374,9084.73,825.806,1.21094,1.14819,1.13622,0.030336,0.09008,0.016384,0.18944,0.809984,0.035893,1244819,1244819,415283,33.3609,1920,1080,raygs,triangles,1,off,0,on,-4
1781754701155513423,9085.9,826.847,1.20941,1.14595,1.13405,0.030176,0.089248,0.016384,0.187392,0.810848,0.036113,1244819,1244819,415283,33.3609,1920,1080,raygs,triangles,1,off,0,on,-4
1781754701156685705,9087.08,827.443,1.20854,1.14931,1.13539,0.030464,0.08912,0.01536,0.190464,0.809984,0.036488,1244819,1244819,415283,33.3609,1920,1080,raygs,triangles,1,off,0,on,-4
1781754701158137871,9088.53,827.493,1.20847,1.34042,1.32851,0.030048,0.08912,0.016384,0.382976,0.809984,0.051831,1244819,1244819,415283,33.3609,1920,1080,raygs,triangles,1,off,0,on,-4
1781754701159509145,9089.9,821.341,1.21752,1.3192,1.30707,0.030336,0.26016,0.016064,0.189888,0.810624,0.044785,1244819,1244819,415283,33.3609,1920,1080,raygs,triangles,1,off,0,on,-4
1781754701160560700,9090.95,822.271,1.21614,1.14582,1.13459,0.030368,0.089248,0.016384,0.187584,0.811008,0.038216,1244819,1244819,415283,33.3609,1920,1080,raygs,triangles,1,off,0,on,-4
1781754701161722717,9092.11,823.502,1.21433,1.1479,1.13581,0.030368,0.089632,0.016384,0.188416,0.811008,0.0351,1244819,1244819,415283,33.3609,1920,1080,raygs,triangles,1,off,0,on,-4
1781754701162895459,9093.29,823.963,1.21365,1.14966,1.13664,0.0304,0.089472,0.01632,0.18944,0.811008,0.034794,1244819,1244819,415283,33.3609,1920,1080,raygs,triangles,1,off,0,on,-4
1781754701164101901,9094.49,823.791,1.2139,1.17216,1.15904,0.030144,0.089536,0.016384,0.212992,0.809984,0.037021,1244819,1244819,415283,33.3609,1920,1080,raygs,triangles,1,off,0,on,-4
1781754701165300870,9095.69,826.049,1.21058,1.14544,1.13162,0.029632,0.088448,0.015584,0.187392,0.81056,0.040837,1244819,1244819,415283,33.3609,1920,1080,raygs,triangles,1,off,0,on,-4
1781754701166596315,9096.99,827.43,1.20856,1.14954,1.13667,0.029632,0.089184,0.016384,0.190464,0.811008,0.039027,1244819,1244819,415283,33.3609,1920,1080,raygs,triangles,1,off,0,on,-4
1781754701167739221,9098.13,825.741,1.21103,1.14938,1.13744,0.031488,0.090144,0.016384,0.18944,0.809984,0.03563,1244819,1244819,415283,33.3609,1920,1080,raygs,triangles,1,off,0,on,-4
1781754701168909901,9099.3,826.604,1.20977,1.14717,1.13357,0.030368,0.089312,0.015488,0.188416,0.809984,0.035815,1244819,1244819,415283,33.3609,1920,1080,raygs,triangles,1,off,0,on,-4
1781754701170082935,9100.47,826.462,1.20998,1.14954,1.13542,0.030656,0.08896,0.01536,0.18944,0.811008,0.035669,1244819,1244819,415283,33.3609,1920,1080,raygs,triangles,1,off,0,on,-4
1781754701171263759,9101.66,826.176,1.2104,1.14893,1.13549,0.030048,0.088608,0.016384,0.190464,0.809984,0.035467,1244819,1244819,415283,33.3609,1920,1080,raygs,triangles,1,off,0,on,-4
1781754701172425308,9102.82,826.164,1.21041,1.14819,1.13773,0.030336,0.089984,0.016384,0.18944,0.811584,0.034334,1244819,1244819,415283,33.3609,1920,1080,raygs,triangles,1,off,0,on,-4
1781754701173601124,9103.99,827.563,1.20837,1.14918,1.13555,0.029312,0.08928,0.016384,0.189568,0.811008,0.034826,1244819,1244819,415283,33.3609,1920,1080,raygs,triangles,1,off,0,on,-4
1781754701174969165,9105.36,830.045,1.20475,1.3441,1.33235,0.029632,0.089312,0.016352,0.386048,0.811008,0.035581,1244819,1244819,415283,33.3609,1920,1080,raygs,triangles,1,off,0,on,-4
1781754701176365727,9106.76,826.92,1.20931,1.30163,1.29027,0.030208,0.240544,0.016384,0.192512,0.810624,0.040424,1244819,1244819,415283,33.3609,1920,1080,raygs,triangles,1,off,0,on,-4
1781754701177397684,9107.79,824.189,1.21331,1.14733,1.13411,0.030592,0.088736,0.01536,0.188416,0.811008,0.029628,1244819,1244819,415283,33.3609,1920,1080,raygs,triangles,1,off,0,on,-4
1781754701178514338,9108.91,826.268,1.21026,1.14794,1.1367,0.030112,0.08976,0.016384,0.18944,0.811008,0.016177,1244819,1244819,415283,33.3609,1920,1080,raygs,triangles,1,off,0,on,-4
1781754701179690951,9110.08,826.703,1.20962,1.14749,1.13466,0.029632,0.089312,0.016384,0.188416,0.810912,0.026233,1244819,1244819,415283,33.3609,1920,1080,raygs,triangles,1,off,0,on,-4
1781754701180871261,9111.26,826.748,1.20956,1.1488,1.1352,0.030912,0.089664,0.016384,0.187392,0.810848,0.027854,1244819,1244819,415283,33.3609,1920,1080,raygs,triangles,1,off,0,on,-4
1781754701182042283,9112.43,828.663,1.20676,1.14861,1.13664,0.03072,0.090112,0.016384,0.18944,0.809984,0.025955,1244819,1244819,415283,33.3609,1920,1080,raygs,triangles,1,off,0,on,-4
1781754701183337129,9113.73,829.81,1.20509,1.14637,1.13453,0.030528,0.089216,0.016384,0.187392,0.811008,0.026335,1244819,1244819,415283,33.3609,1920,1080,raygs,triangles,1,off,0,on,-4
1781754701184501980,9114.89,828.434,1.2071,1.1504,1.13645,0.031552,0.089088,0.01536,0.190464,0.809984,0.025609,1244819,1244819,415283,33.3609,1920,1080,raygs,triangles,1,off,0,on,-4
1781754701185671431,9116.06,828.546,1.20693,1.14874,1.13434,0.030176,0.089376,0.01536,0.18944,0.809984,0.025606,1244819,1244819,415283,33.3609,1920,1080,raygs,triangles,1,off,0,on,-4
1781754701186867804,9117.26,828.647,1.20679,1.14819,1.13398,0.030368,0.089856,0.01536,0.188416,0.809984,0.028325,1244819,1244819,415283,33.3609,1920,1080,raygs,triangles,1,off,0,on,-4
1781754701188044733,9118.44,828.469,1.20705,1.14746,1.13446,0.030656,0.089152,0.01536,0.188416,0.81088,0.030663,1244819,1244819,415283,33.3609,1920,1080,raygs,triangles,1,off,0,on,-4
1781754701189213454,9119.6,828.347,1.20722,1.14819,1.1368,0.030336,0.089632,0.016384,0.18944,0.811008,0.028276,1244819,1244819,415283,33.3609,1920,1080,raygs,triangles,1,off,0,on,-4
1781754701190376992,9120.77,829.651,1.20533,1.14646,1.13389,0.029632,0.088448,0.016384,0.188416,0.811008,0.025941,1244819,1244819,415283,33.3609,1920,1080,raygs,triangles,1,off,0,on,-4
1781754701191739454,9122.13,830.182,1.20456,1.34275,1.32966,0.030336,0.089088,0.016384,0.382976,0.81088,0.025266,1244819,1244819,415283,33.3609,1920,1080,raygs,triangles,1,off,0,on,-4
1781754701193047538,9123.44,827.649,1.20824,1.2873,1.27462,0.030208,0.089344,0.01536,0.328704,0.811008,0.024701,1244819,1244819,415283,33.3609,1920,1080,raygs,triangles,1,off,0,on,-4
1781754701194222677,9124.61,826.224,1.21033,1.14733,1.13318,0.030176,0.090272,0.01536,0.187392,0.809984,0.026483,1244819,1244819,415283,33.3609,1920,1080,raygs,triangles,1,off,0,on,-4
1781754701195393050,9125.78,825.964,1.21071,1.14643,1.13533,0.030656,0.08928,0.016384,0.188416,0.810592,0.025746,1244819,1244819,415283,33.3609,1920,1080,raygs,triangles,1,off,0,on,-4
1781754701196567047,9126.96,826.297,1.21022,1.14851,1.13478,0.030624,0.089632,0.01536,0.188416,0.810752,0.024428,1244819,1244819,415283,33.3609,1920,1080,raygs,triangles,1,off,0,on,-4
1781754701197739528,9128.13,828.619,1.20683,1.14819,1.13622,0.030336,0.089056,0.016384,0.18944,0.811008,0.024345,1244819,1244819,415283,33.3609,1920,1080,raygs,triangles,1,off,0,on,-4
1781754701198946097,9129.34,830.086,1.20469,1.14733,1.13453,0.029472,0.089312,0.01632,0.18944,0.809984,0.034096,1244819,1244819,415283,33.3609,1920,1080,raygs,triangles,1,off,0,on,-4
1781754701200224835,9130.62,830.102,1.20467,1.14896,1.13603,0.030112,0.089504,0.016384,0.18944,0.810592,0.019245,1244819,1244819,415283,33.3609,1920,1080,raygs,triangles,1,off,0,on,-4
1781754701201587468,9131.98,828.476,1.20704,1.14787,1.13603,0.031072,0.089152,0.016384,0.18944,0.809984,0.050943,1244819,1244819,415283,33.3609,1920,1080,raygs,triangles,1,off,0,on,-4
1781754701202692176,9133.08,826.248,1.21029,1.14992,1.13594,0.030048,0.089376,0.016384,0.188416,0.811712,0.036042,1244819,1244819,415283,33.3609,1920,1080,raygs,triangles,1,off,0,on,-4
1781754701203861906,9134.25,827.007,1.20918,1.14819,1.13424,0.030368,0.089088,0.01536,0.188416,0.811008,0.037744,1244819,1244819,415283,33.3609,1920,1080,raygs,triangles,1,off,0,on,-4
1781754701205031373,9135.42,827.143,1.20898,1.14874,1.1367,0.030176,0.089664,0.016384,0.1896,0.81088,0.035599,1244819,1244819,415283,33.3609,1920,1080,raygs,triangles,1,off,0,on,-4
1781754701206211661,9136.6,827.136,1.20899,1.14976,1.1359,0.029888,0.089632,0.01616,0.18944,0.810784,0.038931,1244819,1244819,415283,33.3609,1920,1080,raygs,triangles,1,off,0,on,-4
1781754701207466740,9137.86,828.462,1.20706,1.14835,1.1343,0.030368,0.089152,0.01536,0.18944,0.809984,0.040995,1244819,1244819,415283,33.3609,1920,1080,raygs,triangles,1,off,0,on,-4
1781754701209246543,9139.64,812.103,1.23137,1.46384,1.45168,0.029568,0.089312,0.016384,0.504832,0.811584,0.031618,1244819,1244819,415283,33.3609,1920,1080,raygs,triangles,1,off,0,on,-4
1781754701210205655,9140.6,821.101,1.21788,1.41574,1.40474,0.029632,0.35552,0.016384,0.191488,0.811712,0.020699,1244819,1244819,415283,33.3609,1920,1080,raygs,triangles,1,off,0,on,-4
1781754701211561309,9141.95,823.505,1.21432,1.33549,1.18893,0.087168,0.088,0.01536,0.187392,0.811008,0.02792,1244819,1244819,415283,33.3609,1920,1080,raygs,triangles,1,off,0,on,-4
1781754701212728588,9143.12,820.98,1.21806,1.14694,1.13331,0.030112,0.0896,0.016384,0.186368,0.810848,0.025863,1244819,1244819,415283,33.3609,1920,1080,raygs,triangles,1,off,0,on,-4
1781754701213914756,9144.31,821.141,1.21782,1.1631,1.1495,0.030208,0.0896,0.016224,0.202752,0.81072,0.026116,1244819,1244819,415283,33.3609,1920,1080,raygs,triangles,1,off,0,on,-4
1781754701215107208,9145.5,823.309,1.21461,1.1464,1.13258,0.029568,0.089248,0.016384,0.187392,0.809984,0.032709,1244819,1244819,415283,33.3609,1920,1080,raygs,triangles,1,off,0,on,-4
1781754701216375203,9146.77,824.723,1.21253,1.14803,1.136,0.030176,0.090016,0.016384,0.18944,0.809984,0.02025,1244819,1244819,415283,33.3609,1920,1080,raygs,triangles,1,off,0,on,-4
1781754701217559059,9147.95,823.52,1.2143,1.15142,1.13702,0.030496,0.089696,0.01536,0.190464,0.811008,0.027011,1244819,1244819,415283,33.3609,1920,1080,raygs,triangles,1,off,0,on,-4
1781754701218733187,9149.12,823.389,1.21449,1.14819,1.13664,0.030368,0.089728,0.016384,0.18944,0.81072,0.025103,1244819,1244819,415283,33.3609,1920,1080,raygs,triangles,1,off,0,on,-4
1781754701219909644,9150.3,823.71,1.21402,1.14704,1.13446,0.030336,0.089344,0.01536,0.188416,0.811008,0.025609,1244819,1244819,415283,33.3609,1920,1080,raygs,triangles,1,off,0,on,-4
1781754701221082037,9151.47,823.226,1.21473,1.1481,1.1367,0.030144,0.089728,0.016384,0.18944,0.811008,0.02485,1244819,1244819,415283,33.3609,1920,1080,raygs,triangles,1,off,0,on,-4
1781754701222292961,9152.68,823.32,1.21459,1.1488,1.1361,0.029952,0.089312,0.016384,0.190464,0.809984,0.042817,1244819,1244819,415283,33.3609,1920,1080,raygs,triangles,1,off,0,on,-4
1781754701223438426,9153.83,826.775,1.20952,1.14704,1.13398,0.030336,0.088864,0.016384,0.188416,0.809984,0.016826,1244819,1244819,415283,33.3609,1920,1080,raygs,triangles,1,off,0,on,-4
1781754701224861260,9155.25,826.216,1.21034,1.38022,1.36682,0.029952,0.088608,0.016384,0.420864,0.811008,0.033623,1244819,1244819,415283,33.3609,1920,1080,raygs,triangles,1,off,0,on,-4
1781754701226154201,9156.55,823.654,1.2141,1.28736,1.27389,0.03024,0.088576,0.01536,0.328704,0.811008,0.021985,1244819,1244819,415283,33.3609,1920,1080,raygs,triangles,1,off,0,on,-4
1781754701227327777,9157.72,822.271,1.21614,1.14954,1.13552,0.029664,0.090336,0.016384,0.188416,0.81072,0.02647,1244819,1244819,415283,33.3609,1920,1080,raygs,triangles,1,off,0,on,-4
1781754701228497597,9158.89,822.142,1.21633,1.14701,1.13418,0.030208,0.089184,0.016384,0.188416,0.809984,0.026661,1244819,1244819,415283,33.3609,1920,1080,raygs,triangles,1,off,0,on,-4
1781754701229681543,9160.07,822.239,1.21619,1.14566,1.1335,0.029888,0.088672,0.016384,0.187776,0.810784,0.033551,1244819,1244819,415283,33.3609,1920,1080,raygs,triangles,1,off,0,on,-4
1781754701230825799,9161.22,822.26,1.21616,1.14698,1.13488,0.030144,0.088928,0.016384,0.188416,0.811008,0.018244,1244819,1244819,415283,33.3609,1920,1080,raygs,triangles,1,off,0,on,-4
1781754701232002468,9162.39,828.512,1.20698,1.14819,1.13619,0.030336,0.090048,0.016384,0.18944,0.809984,0.024593,1244819,1244819,415283,33.3609,1920,1080,raygs,triangles,1,off,0,on,-4
1781754701233304677,9163.7,827.802,1.20802,1.14755,1.13542,0.030752,0.088864,0.016384,0.18944,0.809984,0.026271,1244819,1244819,415283,33.3609,1920,1080,raygs,triangles,1,off,0,on,-4
1781754701234504626,9164.9,824.953,1.21219,1.14906,1.13702,0.0312,0.090016,0.016384,0.18944,0.809984,0.041932,1244819,1244819,415283,33.3609,1920,1080,raygs,triangles,1,off,0,on,-4
1781754701235651629,9166.04,824.691,1.21258,1.14682,1.13258,0.030016,0.0888,0.01536,0.188416,0.809984,0.018565,1244819,1244819,415283,33.3609,1920,1080,raygs,triangles,1,off,0,on,-4
1781754701236881729,9167.27,824.757,1.21248,1.14749,1.13594,0.029632,0.089472,0.016384,0.18944,0.811008,0.046347,1244819,1244819,415283,33.3609,1920,1080,raygs,triangles,1,off,0,on,-4
1781754701238009953,9168.4,824.71,1.21255,1.14739,1.13574,0.029568,0.089216,0.016384,0.189792,0.810784,0.016902,1244819,1244819,415283,33.3609,1920,1080,raygs,triangles,1,off,0,on,-4
1781754701239174146,9169.57,825.432,1.21149,1.14717,1.13533,0.030336,0.08912,0.016384,0.188736,0.810752,0.025978,1244819,1244819,415283,33.3609,1920,1080,raygs,triangles,1,off,0,on,-4
1781754701240595429,9170.99,826.96,1.20925,1.14922,1.1352,0.030336,0.08912,0.01536,0.18944,0.810944,0.025801,1244819,1244819,415283,33.3609,1920,1080,raygs,triangles,1,off,0,on,-4
1781754701241903786,9172.3,823.596,1.21419,1.15213,1.1407,0.036192,0.090112,0.016384,0.187392,0.810624,0.026665,1244819,1244819,415283,33.3609,1920,1080,raygs,triangles,1,off,0,on,-4
1781754701243105626,9173.5,822.075,1.21643,1.1495,1.13629,0.031744,0.089568,0.01536,0.188768,0.810848,0.035451,1244819,1244819,415283,33.3609,1920,1080,raygs,triangles,1,off,0,on,-4
1781754701244244862,9174.64,821.987,1.21656,1.14678,1.13629,0.03024,0.090112,0.016384,0.188736,0.810816,0.018096,1244819,1244819,415283,33.3609,1920,1080,raygs,triangles,1,off,0,on,-4
1781754701245421062,9175.81,822.255,1.21617,1.14701,1.13373,0.030176,0.088768,0.01536,0.188416,0.811008,0.028152,1244819,1244819,415283,33.3609,1920,1080,raygs,triangles,1,off,0,on,-4
1781754701246620307,9177.01,821.998,1.21655,1.14835,1.13613,0.030496,0.089824,0.016384,0.188416,0.811008,0.035671,1244819,1244819,415283,33.3609,1920,1080,raygs,triangles,1,off,0,on,-4
1781754701247770185,9178.16,822.025,1.21651,1.14874,1.13562,0.030208,0.0896,0.016384,0.188416,0.811008,0.018601,1244819,1244819,415283,33.3609,1920,1080,raygs,triangles,1,off,0,on,-4
1781754701249001413,9179.39,824.421,1.21297,1.14586,1.13456,0.03024,0.089536,0.016384,0.187392,0.811008,0.044065,1244819,1244819,415283,33.3609,1920,1080,raygs,triangles,1,off,0,on,-4
1781754701250268976,9180.66,826.345,1.21015,1.27395,1.26064,0.030176,0.089728,0.016384,0.314368,0.809984,0.024767,1244819,1244819,415283,33.3609,1920,1080,raygs,triangles,1,off,0,on,-4
1781754701251419367,9181.81,823.367,1.21453,1.14586,1.13475,0.030144,0.089824,0.016384,0.188416,0.809984,0.020669,1244819,1244819,415283,33.3609,1920,1080,raygs,triangles,1,off,0,on,-4
1781754701252600130,9182.99,822.956,1.21513,1.14672,1.13357,0.029888,0.09088,0.016384,0.186464,0.809952,0.026895,1244819,1244819,415283,33.3609,1920,1080,raygs,triangles,1,off,0,on,-4
1781754701253782080,9184.17,823.013,1.21505,1.14685,1.13357,0.030016,0.0896,0.016576,0.187392,0.809984,0.030085,1244819,1244819,415283,33.3609,1920,1080,raygs,triangles,1,off,0,on,-4
1781754701254947614,9185.34,822.96,1.21513,1.14557,1.1329,0.02976,0.088704,0.016384,0.188416,0.809632,0.027146,1244819,1244819,415283,33.3609,1920,1080,raygs,triangles,1,off,0,on,-4
1781754701256119245,9186.51,823.063,1.21497,1.14803,1.1345,0.030176,0.089536,0.016384,0.188416,0.809984,0.026945,1244819,1244819,415283,33.3609,1920,1080,raygs,triangles,1,off,0,on,-4
1781754701257495887,9187.89,824.455,1.21292,1.1456,1.13254,0.030016,0.089792,0.016384,0.186368,0.809984,0.028587,1244819,1244819,415283,33.3609,1920,1080,raygs,triangles,1,off,0,on,-4
1781754701258819769,9189.21,822.016,1.21652,1.15158,1.13821,0.034752,0.089632,0.016384,0.186432,0.811008,0.04169,1244819,1244819,415283,33.3609,1920,1080,raygs,triangles,1,off,0,on,-4
1781754701260011407,9190.4,820.503,1.21876,1.14797,1.13648,0.031392,0.090304,0.016384,0.187392,0.811008,0.034289,1244819,1244819,415283,33.3609,1920,1080,raygs,triangles,1,off,0,on,-4
1781754701261154510,9191.55,820.5,1.21877,1.14778,1.13587,0.030528,0.089344,0.016576,0.188416,0.811008,0.017449,1244819,1244819,415283,33.3609,1920,1080,raygs,triangles,1,off,0,on,-4
1781754701262325967,9192.72,820.587,1.21864,1.14643,1.1327,0.029472,0.089472,0.016384,0.187392,0.809984,0.031406,1244819,1244819,415283,33.3609,1920,1080,raygs,triangles,1,off,0,on,-4
1781754701263504607,9193.9,820.655,1.21854,1.14464,1.13136,0.029856,0.089696,0.01632,0.185664,0.809824,0.028249,1244819,1244819,415283,33.3609,1920,1080,raygs,triangles,1,off,0,on,-4
1781754701264664795,9195.06,820.669,1.21852,1.14813,1.13802,0.030272,0.08848,0.015616,0.192672,0.810976,0.027136,1244819,1244819,415283,33.3609,1920,1080,raygs,triangles,1,off,0,on,-4
1781754701265840404,9196.23,822.762,1.21542,1.14774,1.13446,0.029888,0.089664,0.016384,0.187776,0.810752,0.02777,1244819,1244819,415283,33.3609,1920,1080,raygs,triangles,1,off,0,on,-4
1781754701267139506,9197.53,824.18,1.21333,1.27642,1.26352,0.03056,0.089024,0.016384,0.317568,0.809984,0.025371,1244819,1244819,415283,33.3609,1920,1080,raygs,triangles,1,off,0,on,-4
1781754701268321476,9198.71,822.956,1.21513,1.14685,1.13357,0.028864,0.090048,0.016256,0.188416,0.809984,0.028048,1244819,1244819,415283,33.3609,1920,1080,raygs,triangles,1,off,0,on,-4
1781754701269496169,9199.89,822.708,1.2155,1.15085,1.13994,0.030144,0.094848,0.016384,0.187552,0.811008,0.028222,1244819,1244819,415283,33.3609,1920,1080,raygs,triangles,1,off,0,on,-4
1781754701270664770,9201.06,822.775,1.2154,1.1464,1.13427,0.028928,0.0896,0.016384,0.187392,0.811968,0.026393,1244819,1244819,415283,33.3609,1920,1080,raygs,triangles,1,off,0,on,-4
1781754701271841964,9202.23,822.725,1.21547,1.14685,1.1336,0.029024,0.089344,0.016384,0.188864,0.809984,0.027148,1244819,1244819,415283,33.3609,1920,1080,raygs,triangles,1,off,0,on,-4
1781754701273047987,9203.44,822.907,1.2152,1.14816,1.1351,0.030336,0.089984,0.016384,0.188416,0.809984,0.042005,1244819,1244819,415283,33.3609,1920,1080,raygs,triangles,1,off,0,on,-4
1781754701274385573,9204.78,824.33,1.21311,1.14598,1.13302,0.029152,0.089088,0.016384,0.188416,0.809984,0.018882,1244819,1244819,415283,33.3609,1920,1080,raygs,triangles,1,off,0,on,-4
1781754701275684340,9206.08,824.314,1.21313,1.14928,1.13731,0.035552,0.089152,0.016384,0.185344,0.81088,0.028085,1244819,1244819,415283,33.3609,1920,1080,raygs,triangles,1,off,0,on,-4
1781754701276880830,9207.27,822.185,1.21627,1.1473,1.13357,0.03152,0.089568,0.016256,0.185344,0.81088,0.033367,1244819,1244819,415283,33.3609,1920,1080,raygs,triangles,1,off,0,on,-4
1781754701278028397,9208.42,821.896,1.2167,1.14512,1.1313,0.028288,0.089248,0.016384,0.187392,0.809984,0.020326,1244819,1244819,415283,33.3609,1920,1080,raygs,triangles,1,off,0,on,-4
1781754701279213093,9209.6,822.05,1.21647,1.14525,1.13213,0.028448,0.088864,0.01536,0.188768,0.810688,0.034935,1244819,1244819,415283,33.3609,1920,1080,raygs,triangles,1,off,0,on,-4
1781754701280391738,9210.78,822.001,1.21654,1.14819,1.13507,0.030336,0.089856,0.01632,0.187712,0.810848,0.028182,1244819,1244819,415283,33.3609,1920,1080,raygs,triangles,1,off,0,on,-4
1781754701281608009,9212,838.881,1.19206,1.14797,1.13584,0.028064,0.088896,0.016384,0.192512,0.809984,0.045238,1244819,1244819,415283,33.3609,1920,1080,raygs,triangles,1,off,0,on,-4
1781754701282854247,9213.25,829.17,1.20603,1.14669,1.13466,0.02912,0.089728,0.016384,0.188416,0.811008,0.017428,1244819,1244819,415283,33.3609,1920,1080,raygs,triangles,1,off,0,on,-4
1781754701284024990,9214.42,825.811,1.21093,1.14771,1.13542,0.030912,0.0896,0.016352,0.187744,0.810816,0.029755,1244819,1244819,415283,33.3609,1920,1080,raygs,triangles,1,off,0,on,-4
1781754701285205306,9215.6,828.116,1.20756,1.14448,1.13267,0.030208,0.089728,0.016384,0.186368,0.809984,0.030741,1244819,1244819,415283,33.3609,1920,1080,raygs,triangles,1,off,0,on,-4
1781754701286382195,9216.77,827.854,1.20794,1.14454,1.13302,0.028768,0.088928,0.016384,0.188416,0.810528,0.033627,1244819,1244819,415283,33.3609,1920,1080,raygs,triangles,1,off,0,on,-4
1781754701287534193,9217.93,828.161,1.20749,1.1463,1.13347,0.029472,0.089216,0.016384,0.187392,0.811008,0.019347,1244819,1244819,415283,33.3609,1920,1080,raygs,triangles,1,off,0,on,-4
1781754701288711648,9219.1,828.277,1.20733,1.14541,1.13306,0.030336,0.088896,0.016384,0.186432,0.811008,0.026097,1244819,1244819,415283,33.3609,1920,1080,raygs,triangles,1,off,0,on,-4
1781754701289919342,9220.31,829.465,1.2056,1.14886,1.13638,0.030016,0.089536,0.017408,0.18944,0.809984,0.040433,1244819,1244819,415283,33.3609,1920,1080,raygs,triangles,1,off,0,on,-4
1781754701291277736,9221.67,829.316,1.20581,1.35898,1.34758,0.030144,0.089472,0.016384,0.400608,0.810976,0.020114,1244819,1244819,415283,33.3609,1920,1080,raygs,triangles,1,off,0,on,-4
1781754701292594362,9222.99,827.065,1.2091,1.28675,1.27398,0.029632,0.08928,0.016448,0.32768,0.810944,0.027822,1244819,1244819,415283,33.3609,1920,1080,raygs,triangles,1,off,0,on,-4
1781754701293784243,9224.18,825.431,1.21149,1.14864,1.13526,0.030336,0.090432,0.016096,0.188416,0.809984,0.035255,1244819,1244819,415283,33.3609,1920,1080,raygs,triangles,1,off,0,on,-4
1781754701294986635,9225.38,825.396,1.21154,1.14656,1.13424,0.030752,0.089728,0.016384,0.187392,0.809984,0.036427,1244819,1244819,415283,33.3609,1920,1080,raygs,triangles,1,off,0,on,-4
1781754701296133797,9226.53,825.284,1.2117,1.14598,1.13286,0.030176,0.088928,0.016384,0.187392,0.809984,0.028164,1244819,1244819,415283,33.3609,1920,1080,raygs,triangles,1,off,0,on,-4
1781754701297313450,9227.7,825.526,1.21135,1.15504,1.14173,0.030016,0.08976,0.016384,0.195584,0.809984,0.02332,1244819,1244819,415283,33.3609,1920,1080,raygs,triangles,1,off,0,on,-4
1781754701298496892,9228.89,828.161,1.2075,1.1479,1.13808,0.030048,0.089376,0.016384,0.191488,0.810784,0.037414,1244819,1244819,415283,33.3609,1920,1080,raygs,triangles,1,off,0,on,-4
1781754701299760991,9230.15,829.644,1.20534,1.1456,1.13187,0.029792,0.089408,0.01632,0.186368,0.809984,0.019517,1244819,1244819,415283,33.3609,1920,1080,raygs,triangles,1,off,0,on,-4
1781754701301113576,9231.5,828.294,1.2073,1.14826,1.13635,0.031424,0.089216,0.016288,0.18944,0.809984,0.038397,1244819,1244819,415283,33.3609,1920,1080,raygs,triangles,1,off,0,on,-4
1781754701302249360,9232.64,826.508,1.20991,1.1489,1.13546,0.031072,0.089408,0.016384,0.18784,0.810752,0.017251,1244819,1244819,415283,33.3609,1920,1080,raygs,triangles,1,off,0,on,-4
1781754701303434741,9233.83,826.691,1.20964,1.14816,1.13514,0.028832,0.089472,0.017408,0.18944,0.809984,0.033234,1244819,1244819,415283,33.3609,1920,1080,raygs,triangles,1,off,0,on,-4
1781754701304581203,9234.97,826.523,1.20989,1.1455,1.13306,0.028672,0.08976,0.016288,0.187488,0.810848,0.018769,1244819,1244819,415283,33.3609,1920,1080,raygs,triangles,1,off,0,on,-4
1781754701305758276,9236.15,826.715,1.20961,1.14714,1.13334,0.030336,0.09008,0.01536,0.187584,0.809984,0.025501,1244819,1244819,415283,33.3609,1920,1080,raygs,triangles,1,off,0,on,-4
1781754701306933599,9237.32,828.205,1.20743,1.14477,1.13341,0.028992,0.090016,0.016384,0.187392,0.810624,0.025346,1244819,1244819,415283,33.3609,1920,1080,raygs,triangles,1,off,0,on,-4
1781754701308285309,9238.68,828.201,1.20744,1.14598,1.13229,0.02816,0.089344,0.016384,0.188416,0.809984,0.02619,1244819,1244819,415283,33.3609,1920,1080,raygs,triangles,1,off,0,on,-4
1781754701309598753,9239.99,826.148,1.21044,1.14982,1.13693,0.035072,0.08912,0.016384,0.186368,0.809984,0.0301,1244819,1244819,415283,33.3609,1920,1080,raygs,triangles,1,off,0,on,-4
1781754701310766241,9241.16,824.991,1.21213,1.14787,1.13482,0.03104,0.089088,0.01536,0.188416,0.810912,0.026084,1244819,1244819,415283,33.3609,1920,1080,raygs,triangles,1,off,0,on,-4
1781754701311938091,9242.33,824.551,1.21278,1.14442,1.13155,0.028928,0.089728,0.016544,0.186368,0.809984,0.027411,1244819,1244819,415283,33.3609,1920,1080,raygs,triangles,1,off,0,on,-4
1781754701313120403,9243.51,824.525,1.21282,1.1448,1.1337,0.030016,0.08992,0.016384,0.187392,0.809984,0.031208,1244819,1244819,415283,33.3609,1920,1080,raygs,triangles,1,off,0,on,-4
1781754701314305750,9244.7,827.398,1.20861,1.14701,1.13302,0.029056,0.090144,0.016448,0.186368,0.811008,0.028066,1244819,1244819,415283,33.3609,1920,1080,raygs,triangles,1,off,0,on,-4
1781754701315515006,9245.91,828.959,1.20633,1.14778,1.13626,0.028896,0.08848,0.016384,0.192512,0.809984,0.043377,1244819,1244819,415283,33.3609,1920,1080,raygs,triangles,1,off,0,on,-4
1781754701316758479,9247.15,828.583,1.20688,1.14698,1.13398,0.030144,0.089056,0.016384,0.188416,0.809984,0.02257,1244819,1244819,415283,33.3609,1920,1080,raygs,triangles,1,off,0,on,-4
1781754701317918433,9248.31,827.509,1.20845,1.14512,1.13363,0.030368,0.089504,0.016384,0.187392,0.809984,0.02128,1244819,1244819,415283,33.3609,1920,1080,raygs,triangles,1,off,0,on,-4
1781754701319095185,9249.49,827.621,1.20828,1.14534,1.13088,0.028544,0.089568,0.01536,0.187424,0.809984,0.025433,1244819,1244819,415283,33.3609,1920,1080,raygs,triangles,1,off,0,on,-4
1781754701320281363,9250.67,827.611,1.2083,1.14643,1.13325,0.030112,0.089376,0.016384,0.187392,0.809984,0.029091,1244819,1244819,415283,33.3609,1920,1080,raygs,triangles,1,off,0,on,-4
1781754701321447160,9251.84,827.263,1.2088,1.14784,1.13427,0.03104,0.089344,0.01536,0.188544,0.809984,0.027824,1244819,1244819,415283,33.3609,1920,1080,raygs,triangles,1,off,0,on,-4
1781754701322616644,9253.01,828.109,1.20757,1.14618,1.13344,0.030368,0.08992,0.015776,0.187392,0.809984,0.026212,1244819,1244819,415283,33.3609,1920,1080,raygs,triangles,1,off,0,on,-4
1781754701323802101,9254.19,829.047,1.2062,1.14675,1.13456,0.030464,0.0904,0.01632,0.187392,0.809984,0.028578,1244819,1244819,415283,33.3609,1920,1080,raygs,triangles,1,off,0,on,-4
1781754701325222934,9255.61,828.983,1.2063,1.39568,1.38253,0.030048,0.089888,0.016384,0.436224,0.809984,0.03123,1244819,1244819,415283,33.3609,1920,1080,raygs,triangles,1,off,0,on,-4
1781754701326534667,9256.93,826.195,1.21037,1.28746,1.27718,0.030336,0.090144,0.016384,0.328704,0.811616,0.027444,1244819,1244819,415283,33.3609,1920,1080,raygs,triangles,1,off,0,on,-4
1781754701327703364,9258.09,824.63,1.21267,1.14787,1.13491,0.0304,0.089536,0.016384,0.187648,0.810944,0.026329,1244819,1244819,415283,33.3609,1920,1080,raygs,triangles,1,off,0,on,-4
1781754701328885210,9259.28,824.701,1.21256,1.14582,1.1327,0.030208,0.08976,0.016384,0.186368,0.809984,0.029127,1244819,1244819,415283,33.3609,1920,1080,raygs,triangles,1,off,0,on,-4
1781754701330055218,9260.45,824.52,1.21283,1.14582,1.13254,0.030016,0.089792,0.016384,0.186368,0.809984,0.03109,1244819,1244819,415283,33.3609,1920,1080,raygs,triangles,1,off,0,on,-4
1781754701331250702,9261.64,826.855,1.2094,1.14685,1.1336,0.030016,0.089632,0.015712,0.187392,0.810848,0.029856,1244819,1244819,415283,33.3609,1920,1080,raygs,triangles,1,off,0,on,-4
1781754701332407808,9262.8,828.383,1.20717,1.14845,1.13738,0.029568,0.088928,0.016384,0.192512,0.809984,0.029142,1244819,1244819,415283,33.3609,1920,1080,raygs,triangles,1,off,0,on,-4
1781754701333691938,9264.08,828.635,1.2068,1.14566,1.13334,0.030368,0.089344,0.016416,0.186368,0.810848,0.028511,1244819,1244819,415283,33.3609,1920,1080,raygs,triangles,1,off,0,on,-4
1781754701334865368,9265.26,827.179,1.20893,1.14826,1.13504,0.031424,0.089984,0.016256,0.187392,0.809984,0.027019,1244819,1244819,415283,33.3609,1920,1080,raygs,triangles,1,off,0,on,-4
1781754701336144339,9266.54,827.175,1.20893,1.14621,1.13299,0.0304,0.089088,0.016384,0.186368,0.810752,0.044005,1244819,1244819,415283,33.3609,1920,1080,raygs,triangles,1,off,0,on,-4
1781754701337448321,9267.84,825.905,1.21079,1.14806,1.13494,0.030432,0.089632,0.016416,0.188608,0.809856,0.031173,1244819,1244819,415283,33.3609,1920,1080,raygs,triangles,1,off,0,on,-4
1781754701338565709,9268.96,824.528,1.21282,1.1489,1.13648,0.03104,0.089568,0.016384,0.188512,0.810976,0.026862,1244819,1244819,415283,33.3609,1920,1080,raygs,triangles,1,off,0,on,-4
1781754701339731099,9270.12,825.312,1.21166,1.14496,1.13395,0.028832,0.089312,0.016384,0.188416,0.811008,0.026753,1244819,1244819,415283,33.3609,1920,1080,raygs,triangles,1,off,0,on,-4
1781754701341112779,9271.5,826.743,1.20957,1.14691,1.13338,0.029088,0.088832,0.01536,0.18944,0.810656,0.030912,1244819,1244819,415283,33.3609,1920,1080,raygs,triangles,1,off,0,on,-4
1781754701342397924,9272.79,824.531,1.21281,1.14982,1.13744,0.035456,0.089504,0.016128,0.185344,0.811008,0.025301,1244819,1244819,415283,33.3609,1920,1080,raygs,triangles,1,off,0,on,-4
1781754701343606501,9274,823.238,1.21472,1.14787,1.13459,0.030016,0.089184,0.016384,0.188416,0.810592,0.030882,1244819,1244819,415283,33.3609,1920,1080,raygs,triangles,1,off,0,on,-4
1781754701344746903,9275.14,822.809,1.21535,1.14438,1.13008,0.028576,0.088768,0.01536,0.187392,0.809984,0.027356,1244819,1244819,415283,33.3609,1920,1080,raygs,triangles,1,off,0,on,-4
1781754701345929607,9276.32,823.257,1.21469,1.148,1.13494,0.030176,0.08896,0.016384,0.188416,0.811008,0.027845,1244819,1244819,415283,33.3609,1920,1080,raygs,triangles,1,off,0,on,-4
1781754701347122323,9277.51,823.247,1.2147,1.1447,1.13178,0.028928,0.089088,0.016384,0.187392,0.809984,0.033163,1244819,1244819,415283,33.3609,1920,1080,raygs,triangles,1,off,0,on,-4
1781754701348289344,9278.68,825.121,1.21194,1.14566,1.13526,0.028832,0.089888,0.016384,0.18944,0.81072,0.019226,1244819,1244819,415283,33.3609,1920,1080,raygs,triangles,1,off,0,on,-4
1781754701349594996,9279.99,826.489,1.20994,1.15187,1.14061,0.030048,0.088608,0.01536,0.196608,0.809984,0.041643,1244819,1244819,415283,33.3609,1920,1080,raygs,triangles,1,off,0,on,-4
1781754701350734025,9281.13,825.195,1.21183,1.14474,1.13184,0.029984,0.08912,0.016384,0.186368,0.809984,0.027685,1244819,1244819,415283,33.3609,1920,1080,raygs,triangles,1,off,0,on,-4
1781754701351903061,9282.29,825.484,1.21141,1.14541,1.1329,0.028576,0.088864,0.01536,0.188416,0.81168,0.025772,1244819,1244819,415283,33.3609,1920,1080,raygs,triangles,1,off,0,on,-4
1781754701353104101,9283.5,825.663,1.21115,1.14643,1.13584,0.030656,0.08976,0.016384,0.188416,0.810624,0.030132,1244819,1244819,415283,33.3609,1920,1080,raygs,triangles,1,off,0,on,-4
1781754701354271737,9284.66,825.132,1.21193,1.14378,1.1311,0.029024,0.089088,0.015616,0.187392,0.809984,0.028225,1244819,1244819,415283,33.3609,1920,1080,raygs,triangles,1,off,0,on,-4
1781754701355439466,9285.83,825.795,1.21095,1.1473,1.13382,0.028448,0.088448,0.016384,0.189568,0.810976,0.026739,1244819,1244819,415283,33.3609,1920,1080,raygs,triangles,1,off,0,on,-4
1781754701356608378,9287,826.851,1.20941,1.14656,1.13318,0.029696,0.089952,0.016384,0.187392,0.80976,0.027344,1244819,1244819,415283,33.3609,1920,1080,raygs,triangles,1,off,0,on,-4
1781754701357977496,9288.37,826.806,1.20947,1.39411,1.38115,0.030496,0.090112,0.016384,0.434176,0.809984,0.016128,1244819,1244819,415283,33.3609,1920,1080,raygs,triangles,1,off,0,on,-4
1781754701359302401,9289.69,824.445,1.21294,1.28525,1.27322,0.030208,0.089184,0.01616,0.32768,0.809984,0.026827,1244819,1244819,415283,33.3609,1920,1080,raygs,triangles,1,off,0,on,-4
1781754701360507520,9290.9,822.686,1.21553,1.14758,1.13418,0.029728,0.090496,0.015648,0.187392,0.810912,0.04099,1244819,1244819,415283,33.3609,1920,1080,raygs,triangles,1,off,0,on,-4
1781754701361653865,9292.05,822.459,1.21587,1.1448,1.13283,0.030048,0.089088,0.016384,0.186368,0.810944,0.018432,1244819,1244819,415283,33.3609,1920,1080,raygs,triangles,1,off,0,on,-4
1781754701362840754,9293.23,822.598,1.21566,1.14605,1.1329,0.030304,0.088832,0.016384,0.187392,0.809984,0.035253,1244819,1244819,415283,33.3609,1920,1080,raygs,triangles,1,off,0,on,-4
1781754701364009336,9294.4,822.776,1.2154,1.15082,1.13936,0.030208,0.089632,0.016384,0.192512,0.810624,0.025935,1244819,1244819,415283,33.3609,1920,1080,raygs,triangles,1,off,0,on,-4
1781754701365183187,9295.57,825.051,1.21205,1.14502,1.13338,0.030208,0.089408,0.016384,0.186368,0.811008,0.028306,1244819,1244819,415283,33.3609,1920,1080,raygs,triangles,1,off,0,on,-4
1781754701366493179,9296.88,826.811,1.20947,1.14826,1.13843,0.0304,0.088736,0.015776,0.193536,0.809984,0.039758,1244819,1244819,415283,33.3609,1920,1080,raygs,triangles,1,off,0,on,-4
1781754701367633889,9298.03,825.297,1.21168,1.14794,1.13456,0.03008,0.089696,0.016384,0.188416,0.809984,0.017759,1244819,1244819,415283,33.3609,1920,1080,raygs,triangles,1,off,0,on,-4
1781754701368936211,9299.33,825.96,1.21071,1.14566,1.13146,0.028768,0.088928,0.01536,0.188416,0.809984,0.026556,1244819,1244819,415283,33.3609,1920,1080,raygs,triangles,1,off,0,on,-4
1781754701370139862,9300.53,824.033,1.21354,1.14934,1.13629,0.030432,0.090048,0.016384,0.18944,0.809984,0.037582,1244819,1244819,415283,33.3609,1920,1080,raygs,triangles,1,off,0,on,-4
1781754701371291937,9301.68,823.841,1.21383,1.14605,1.13533,0.030176,0.089664,0.016384,0.188416,0.810688,0.019763,1244819,1244819,415283,33.3609,1920,1080,raygs,triangles,1,off,0,on,-4
1781754701372465608,9302.86,823.984,1.21362,1.1441,1.1312,0.028832,0.089632,0.01536,0.187392,0.809984,0.030558,1244819,1244819,415283,33.3609,1920,1080,raygs,triangles,1,off,0,on,-4
1781754701373643491,9304.03,825.261,1.21174,1.14643,1.13437,0.028832,0.089728,0.016384,0.188416,0.811008,0.026767,1244819,1244819,415283,33.3609,1920,1080,raygs,triangles,1,off,0,on,-4
1781754701375005222,9305.4,827.027,1.20915,1.14637,1.13354,0.029568,0.090208,0.016384,0.187392,0.809984,0.026037,1244819,1244819,415283,33.3609,1920,1080,raygs,triangles,1,off,0,on,-4
1781754701376305509,9306.7,824.695,1.21257,1.14874,1.13574,0.03536,0.089568,0.016384,0.183584,0.810848,0.02666,1244819,1244819,415283,33.3609,1920,1080,raygs,triangles,1,off,0,on,-4
1781754701377477259,9307.87,823.198,1.21477,1.14768,1.13558,0.03088,0.090208,0.016256,0.187392,0.810848,0.025677,1244819,1244819,415283,33.3609,1920,1080,raygs,triangles,1,off,0,on,-4
1781754701378647752,9309.04,823.146,1.21485,1.14643,1.1335,0.030112,0.089504,0.01536,0.18752,0.811008,0.026309,1244819,1244819,415283,33.3609,1920,1080,raygs,triangles,1,off,0,on,-4
1781754701379826818,9310.22,823.133,1.21487,1.14422,1.13165,0.028416,0.089472,0.016384,0.186368,0.811008,0.026047,1244819,1244819,415283,33.3609,1920,1080,raygs,triangles,1,off,0,on,-4
1781754701380995732,9311.39,823.02,1.21504,1.14432,1.13213,0.029152,0.090336,0.016384,0.185344,0.810912,0.028361,1244819,1244819,415283,33.3609,1920,1080,raygs,triangles,1,off,0,on,-4
1781754701382178062,9312.57,825.108,1.21196,1.1455,1.13302,0.030368,0.089248,0.016384,0.186368,0.810656,0.027463,1244819,1244819,415283,33.3609,1920,1080,raygs,triangles,1,off,0,on,-4
1781754701383483957,9313.88,826.801,1.20948,1.14813,1.13962,0.029472,0.089344,0.016384,0.193536,0.81088,0.036372,1244819,1244819,415283,33.3609,1920,1080,raygs,triangles,1,off,0,on,-4
1781754701384629082,9315.02,825.345,1.21161,1.14774,1.1337,0.02992,0.088928,0.016384,0.18848,0.809984,0.019805,1244819,1244819,415283,33.3609,1920,1080,raygs,triangles,1,off,0,on,-4
1781754701386026688,9316.42,825.235,1.21178,1.14614,1.13322,0.030336,0.08912,0.01536,0.187392,0.811008,0.053358,1244819,1244819,415283,33.3609,1920,1080,raygs,triangles,1,off,0,on,-4
1781754701387139506,9317.53,822.755,1.21543,1.14406,1.13251,0.028256,0.089472,0.016384,0.187392,0.811008,0.038446,1244819,1244819,415283,33.3609,1920,1080,raygs,triangles,1,off,0,on,-4
1781754701388304355,9318.7,823.45,1.2144,1.14464,1.13181,0.028864,0.088864,0.01568,0.187392,0.811008,0.038082,1244819,1244819,415283,33.3609,1920,1080,raygs,triangles,1,off,0,on,-4
1781754701389476402,9319.87,824.023,1.21356,1.14714,1.13366,0.03024,0.089664,0.01536,0.187392,0.811008,0.037424,1244819,1244819,415283,33.3609,1920,1080,raygs,triangles,1,off,0,on,-4
1781754701390646696,9321.04,824.922,1.21224,1.14598,1.13229,0.030208,0.08928,0.01536,0.187456,0.809984,0.037386,1244819,1244819,415283,33.3609,1920,1080,raygs,triangles,1,off,0,on,-4
1781754701392140461,9322.53,824.951,1.21219,1.38925,1.3759,0.028704,0.089728,0.016384,0.431104,0.809984,0.045971,1244819,1244819,415283,33.3609,1920,1080,raygs,triangles,1,off,0,on,-4
1781754701393419454,9323.81,821.093,1.21789,1.28483,1.27229,0.029696,0.088544,0.016384,0.32768,0.809984,0.03929,1244819,1244819,415283,33.3609,1920,1080,raygs,triangles,1,off,0,on,-4
1781754701394557744,9324.95,820.307,1.21906,1.14496,1.13293,0.030176,0.089952,0.016384,0.1856,0.810816,0.038614,1244819,1244819,415283,33.3609,1920,1080,raygs,triangles,1,off,0,on,-4
1781754701395732426,9326.12,820.541,1.21871,1.14582,1.13306,0.030528,0.089792,0.01536,0.186368,0.811008,0.039918,1244819,1244819,415283,33.3609,1920,1080,raygs,triangles,1,off,0,on,-4
1781754701396909389,9327.3,820.636,1.21857,1.14598,1.13283,0.030176,0.08896,0.01616,0.186528,0.811008,0.037777,1244819,1244819,415283,33.3609,1920,1080,raygs,triangles,1,off,0,on,-4
1781754701398143538,9328.53,820.593,1.21863,1.14614,1.13328,0.030304,0.089216,0.016384,0.187392,0.809984,0.048167,1244819,1244819,415283,33.3609,1920,1080,raygs,triangles,1,off,0,on,-4
1781754701399283104,9329.67,822.529,1.21576,1.14675,1.1345,0.029952,0.089216,0.016384,0.188416,0.810528,0.030375,1244819,1244819,415283,33.3609,1920,1080,raygs,triangles,1,off,0,on,-4
1781754701400581504,9330.97,824.601,1.21271,1.15206,1.1407,0.030112,0.087616,0.01536,0.197632,0.809984,0.052785,1244819,1244819,415283,33.3609,1920,1080,raygs,triangles,1,off,0,on,-4
1781754701401708894,9332.1,823.143,1.21486,1.14781,1.13408,0.031008,0.089312,0.016384,0.187392,0.809984,0.036553,1244819,1244819,415283,33.3609,1920,1080,raygs,triangles,1,off,0,on,-4
1781754701402879951,9333.27,823.868,1.21379,1.14746,1.13398,0.029632,0.089568,0.016384,0.188416,0.809984,0.035704,1244819,1244819,415283,33.3609,1920,1080,raygs,triangles,1,off,0,on,-4
1781754701404057261,9334.45,823.894,1.21375,1.14794,1.13475,0.030176,0.089792,0.016384,0.187392,0.811008,0.036278,1244819,1244819,415283,33.3609,1920,1080,raygs,triangles,1,off,0,on,-4
1781754701405231742,9335.62,823.722,1.214,1.1448,1.13254,0.030048,0.0888,0.016544,0.186368,0.810784,0.040057,1244819,1244819,415283,33.3609,1920,1080,raygs,triangles,1,off,0,on,-4
1781754701406407083,9336.8,823.813,1.21387,1.14714,1.13613,0.030304,0.090016,0.016384,0.188416,0.811008,0.037344,1244819,1244819,415283,33.3609,1920,1080,raygs,triangles,1,off,0,on,-4
1781754701407574489,9337.97,825.107,1.21196,1.14637,1.13325,0.030144,0.089344,0.016384,0.187392,0.809984,0.035307,1244819,1244819,415283,33.3609,1920,1080,raygs,triangles,1,off,0,on,-4
1781754701409016801,9339.41,825.106,1.21197,1.38157,1.36832,0.028224,0.089696,0.016384,0.424064,0.809952,0.038098,1244819,1244819,415283,33.3609,1920,1080,raygs,triangles,1,off,0,on,-4
1781754701410304226,9340.7,823.117,1.21489,1.28477,1.27232,0.028992,0.08928,0.016384,0.32768,0.809984,0.036029,1244819,1244819,415283,33.3609,1920,1080,raygs,triangles,1,off,0,on,-4
1781754701411474896,9341.87,823.297,1.21463,1.14634,1.13258,0.029504,0.0904,0.016384,0.186368,0.80992,0.036043,1244819,1244819,415283,33.3609,1920,1080,raygs,triangles,1,off,0,on,-4
1781754701412646887,9343.04,822.648,1.21559,1.14426,1.1312,0.028832,0.088608,0.016384,0.187392,0.809984,0.036667,1244819,1244819,415283,33.3609,1920,1080,raygs,triangles,1,off,0,on,-4
1781754701413814931,9344.21,822.561,1.21572,1.14525,1.1327,0.028448,0.089472,0.016384,0.188416,0.809984,0.036069,1244819,1244819,415283,33.3609,1920,1080,raygs,triangles,1,off,0,on,-4
1781754701414996923,9345.39,824.996,1.21213,1.14717,1.13594,0.030304,0.089664,0.016384,0.188576,0.811008,0.039894,1244819,1244819,415283,33.3609,1920,1080,raygs,triangles,1,off,0,on,-4
1781754701416297065,9346.69,826.148,1.21044,1.14582,1.13357,0.029024,0.089088,0.01536,0.18944,0.810656,0.03741,1244819,1244819,415283,33.3609,1920,1080,raygs,triangles,1,off,0,on,-4
1781754701417457390,9347.85,825.151,1.2119,1.14902,1.13808,0.029152,0.08928,0.016288,0.192512,0.810848,0.037424,1244819,1244819,415283,33.3609,1920,1080,raygs,triangles,1,off,0,on,-4
1781754701418632215,9349.02,824.906,1.21226,1.14899,1.13584,0.030144,0.088864,0.016384,0.18944,0.811008,0.037172,1244819,1244819,415283,33.3609,1920,1080,raygs,triangles,1,off,0,on,-4
1781754701419802804,9350.19,824.999,1.21212,1.14582,1.13146,0.028992,0.088992,0.01536,0.187392,0.81072,0.035134,1244819,1244819,415283,33.3609,1920,1080,raygs,triangles,1,off,0,on,-4
1781754701420975317,9351.37,825.309,1.21167,1.14557,1.13318,0.029088,0.089696,0.016384,0.187392,0.810624,0.035243,1244819,1244819,415283,33.3609,1920,1080,raygs,triangles,1,off,0,on,-4
1781754701422149943,9352.54,825.233,1.21178,1.14582,1.1344,0.030048,0.089568,0.016384,0.187392,0.811008,0.036028,1244819,1244819,415283,33.3609,1920,1080,raygs,triangles,1,off,0,on,-4
1781754701423358732,9353.75,826.753,1.20955,1.14688,1.13475,0.030048,0.088896,0.016384,0.18944,0.809984,0.033242,1244819,1244819,415283,33.3609,1920,1080,raygs,triangles,1,off,0,on,-4
1781754701424737574,9355.13,825.701,1.21109,1.37738,1.36381,0.029152,0.089152,0.01568,0.420864,0.80896,0.036786,1244819,1244819,415283,33.3609,1920,1080,raygs,triangles,1,off,0,on,-4
1781754701426042996,9356.43,823.458,1.21439,1.2847,1.27184,0.0296,0.089568,0.016384,0.325632,0.810656,0.035389,1244819,1244819,415283,33.3609,1920,1080,raygs,triangles,1,off,0,on,-4
1781754701427219285,9357.61,822.355,1.21602,1.14496,1.13402,0.030208,0.090048,0.016384,0.187392,0.809984,0.039639,1244819,1244819,415283,33.3609,1920,1080,raygs,triangles,1,off,0,on,-4
1781754701428391766,9358.78,822.216,1.21623,1.14701,1.13462,0.030176,0.089664,0.016384,0.187392,0.811008,0.03292,1244819,1244819,415283,33.3609,1920,1080,raygs,triangles,1,off,0,on,-4
1781754701429496590,9359.89,822.221,1.21622,1.14509,1.13219,0.029312,0.089312,0.016384,0.187392,0.809792,0.035683,1244819,1244819,415283,33.3609,1920,1080,raygs,triangles,1,off,0,on,-4
1781754701430641701,9361.03,823.15,1.21484,1.14637,1.13389,0.030592,0.089248,0.016672,0.187392,0.809984,0.028999,1244819,1244819,415283,33.3609,1920,1080,raygs,triangles,1,off,0,on,-4
1781754701431795637,9362.19,825.833,1.2109,1.14563,1.13306,0.030432,0.089888,0.016384,0.186368,0.809984,0.022156,1244819,1244819,415283,33.3609,1920,1080,raygs,triangles,1,off,0,on,-4
1781754701433099314,9363.49,827.841,1.20796,1.14749,1.13542,0.030176,0.089344,0.01648,0.188416,0.811008,0.028623,1244819,1244819,415283,33.3609,1920,1080,raygs,triangles,1,off,0,on,-4
1781754701434262471,9364.65,826.552,1.20985,1.14035,1.13085,0.03072,0.088576,0.01536,0.185344,0.810848,0.014683,1244819,1244819,415283,33.3609,1920,1080,raygs,triangles,1,off,0,on,-4
1781754701435468088,9365.86,826.483,1.20995,1.148,1.13472,0.030176,0.088864,0.016384,0.188416,0.81088,0.049945,1244819,1244819,415283,33.3609,1920,1080,raygs,triangles,1,off,0,on,-4
1781754701436613803,9367.01,826.179,1.21039,1.14608,1.13251,0.030304,0.089472,0.01536,0.187392,0.809984,0.027233,1244819,1244819,415283,33.3609,1920,1080,raygs,triangles,1,off,0,on,-4
1781754701437787371,9368.18,826.567,1.20982,1.14733,1.13322,0.030176,0.08928,0.01536,0.188416,0.809984,0.027682,1244819,1244819,415283,33.3609,1920,1080,raygs,triangles,1,off,0,on,-4
1781754701439040006,9369.43,826.407,1.21006,1.14614,1.13318,0.030336,0.08912,0.016352,0.187392,0.809984,0.047187,1244819,1244819,415283,33.3609,1920,1080,raygs,triangles,1,off,0,on,-4
1781754701440184441,9370.58,826.939,1.20928,1.14826,1.13504,0.0304,0.089536,0.01568,0.18944,0.809984,0.047651,1244819,1244819,415283,33.3609,1920,1080,raygs,triangles,1,off,0,on,-4
1781754701441542534,9371.93,827.031,1.20914,1.14304,1.1304,0.028192,0.089344,0.016384,0.18576,0.81072,0.062355,1244819,1244819,415283,33.3609,1920,1080,raygs,triangles,1,off,0,on,-4
1781754701442825034,9373.22,826.578,1.20981,1.14925,1.13734,0.03488,0.089728,0.016384,0.185344,0.811008,0.05454,1244819,1244819,415283,33.3609,1920,1080,raygs,triangles,1,off,0,on,-4
1781754701443998622,9374.39,825.514,1.21137,1.14742,1.13469,0.031616,0.089312,0.016384,0.187392,0.809984,0.050998,1244819,1244819,415283,33.3609,1920,1080,raygs,triangles,1,off,0,on,-4
1781754701445169081,9375.56,825.506,1.21138,1.14643,1.1337,0.029344,0.089568,0.016384,0.188416,0.809984,0.043418,1244819,1244819,415283,33.3609,1920,1080,raygs,triangles,1,off,0,on,-4
1781754701446347569,9376.74,825.527,1.21135,1.14611,1.13238,0.028288,0.089312,0.016384,0.188416,0.809984,0.046724,1244819,1244819,415283,33.3609,1920,1080,raygs,triangles,1,off,0,on,-4
1781754701447533346,9377.92,825.459,1.21145,1.1711,1.15818,0.030432,0.089408,0.016384,0.211968,0.809984,0.039107,1244819,1244819,415283,33.3609,1920,1080,raygs,triangles,1,off,0,on,-4
1781754701448718700,9379.11,827.443,1.20854,1.14534,1.132,0.028544,0.088672,0.016384,0.187392,0.811008,0.047797,1244819,1244819,415283,33.3609,1920,1080,raygs,triangles,1,off,0,on,-4
1781754701449998305,9380.39,828.784,1.20659,1.14589,1.13382,0.029088,0.089952,0.016384,0.188416,0.809984,0.02221,1244819,1244819,415283,33.3609,1920,1080,raygs,triangles,1,off,0,on,-4
1781754701451212354,9381.6,827.509,1.20845,1.14003,1.13024,0.0304,0.088128,0.01536,0.185344,0.811008,0.057629,1244819,1244819,415283,33.3609,1920,1080,raygs,triangles,1,off,0,on,-4
1781754701452425197,9382.82,827.051,1.20912,1.14653,1.13322,0.028672,0.08976,0.016384,0.188416,0.809984,0.03617,1244819,1244819,415283,33.3609,1920,1080,raygs,triangles,1,off,0,on,-4
1781754701453699896,9384.09,826.716,1.20961,1.14589,1.132,0.028736,0.089504,0.01536,0.187392,0.811008,0.059794,1244819,1244819,415283,33.3609,1920,1080,raygs,triangles,1,off,0,on,-4
1781754701454858464,9385.25,825.453,1.21146,1.15008,1.13667,0.0312,0.089664,0.016384,0.18944,0.809984,0.045333,1244819,1244819,415283,33.3609,1920,1080,raygs,triangles,1,off,0,on,-4
1781754701455989065,9386.38,825.594,1.21125,1.14486,1.13277,0.028064,0.089824,0.016384,0.187488,0.811008,0.017218,1244819,1244819,415283,33.3609,1920,1080,raygs,triangles,1,off,0,on,-4
1781754701457206667,9387.6,827.456,1.20852,1.14714,1.13344,0.028288,0.089408,0.01632,0.18944,0.809984,0.066532,1244819,1244819,415283,33.3609,1920,1080,raygs,triangles,1,off,0,on,-4
1781754701458535269,9388.93,827.105,1.20904,1.14698,1.13488,0.030176,0.089152,0.016128,0.188416,0.811008,0.044002,1244819,1244819,415283,33.3609,1920,1080,raygs,triangles,1,off,0,on,-4
1781754701459885675,9390.28,827.866,1.20793,1.14768,1.13478,0.03184,0.089184,0.017408,0.186368,0.809984,0.061593,1244819,1244819,415283,33.3609,1920,1080,raygs,triangles,1,off,0,on,-4
1781754701461053751,9391.45,825.109,1.21196,1.1503,1.13712,0.034496,0.089728,0.016384,0.185696,0.810816,0.046689,1244819,1244819,415283,33.3609,1920,1080,raygs,triangles,1,off,0,on,-4
1781754701462243367,9392.63,825.035,1.21207,1.14611,1.13504,0.030304,0.089856,0.016384,0.187488,0.811008,0.057445,1244819,1244819,415283,33.3609,1920,1080,raygs,triangles,1,off,0,on,-4
1781754701463411895,9393.8,824.864,1.21232,1.1456,1.13203,0.029792,0.088608,0.016384,0.186368,0.81088,0.030414,1244819,1244819,415283,33.3609,1920,1080,raygs,triangles,1,off,0,on,-4
1781754701464571697,9394.96,824.828,1.21237,1.14541,1.13427,0.030624,0.089888,0.016384,0.187392,0.809984,0.045115,1244819,1244819,415283,33.3609,1920,1080,raygs,triangles,1,off,0,on,-4
1781754701465746233,9396.14,828.939,1.20636,1.14755,1.13411,0.029696,0.088608,0.016384,0.18944,0.809984,0.049689,1244819,1244819,415283,33.3609,1920,1080,raygs,triangles,1,off,0,on,-4
1781754701467009343,9397.4,829.854,1.20503,1.14627,1.1343,0.030496,0.088928,0.016384,0.187488,0.811008,0.018837,1244819,1244819,415283,33.3609,1920,1080,raygs,triangles,1,off,0,on,-4
1781754701468199820,9398.59,828.437,1.20709,1.13952,1.12822,0.02976,0.087776,0.01536,0.18432,0.811008,0.031884,1244819,1244819,415283,33.3609,1920,1080,raygs,triangles,1,off,0,on,-4
1781754701469395182,9399.79,827.972,1.20777,1.14867,1.13712,0.030528,0.08976,0.016384,0.18944,0.811008,0.043389,1244819,1244819,415283,33.3609,1920,1080,raygs,triangles,1,off,0,on,-4
1781754701470565409,9400.96,828.086,1.2076,1.14586,1.13373,0.030368,0.088576,0.016384,0.188416,0.809984,0.045647,1244819,1244819,415283,33.3609,1920,1080,raygs,triangles,1,off,0,on,-4
1781754701471760937,9402.15,828.934,1.20637,1.14614,1.13402,0.03056,0.089696,0.016384,0.187392,0.809984,0.050748,1244819,1244819,415283,33.3609,1920,1080,raygs,triangles,1,off,0,on,-4
1781754701472914740,9403.31,828.236,1.20739,1.14582,1.13347,0.030048,0.088928,0.016384,0.187392,0.81072,0.039422,1244819,1244819,415283,33.3609,1920,1080,raygs,triangles,1,off,0,on,-4
1781754701474057773,9404.45,829.82,1.20508,1.14771,1.13558,0.030464,0.090336,0.016384,0.188416,0.809984,0.020614,1244819,1244819,415283,33.3609,1920,1080,raygs,triangles,1,off,0,on,-4
1781754701475453443,9405.84,829.47,1.20559,1.14659,1.1329,0.029792,0.08832,0.016384,0.187392,0.811008,0.029728,1244819,1244819,415283,33.3609,1920,1080,raygs,triangles,1,off,0,on,-4
1781754701476778572,9407.17,826.86,1.20939,1.15008,1.13901,0.035296,0.089952,0.016384,0.187392,0.809984,0.062918,1244819,1244819,415283,33.3609,1920,1080,raygs,triangles,1,off,0,on,-4
1781754701477909524,9408.3,825.471,1.21143,1.14771,1.13501,0.03136,0.089888,0.016384,0.187392,0.809984,0.021527,1244819,1244819,415283,33.3609,1920,1080,raygs,triangles,1,off,0,on,-4
1781754701479143948,9409.54,825.696,1.2111,1.14605,1.1337,0.030304,0.089632,0.016384,0.187392,0.809984,0.055285,1244819,1244819,415283,33.3609,1920,1080,raygs,triangles,1,off,0,on,-4
1781754701480297712,9410.69,825.15,1.2119,1.14765,1.13613,0.02976,0.089376,0.016384,0.189632,0.810976,0.043032,1244819,1244819,415283,33.3609,1920,1080,raygs,triangles,1,off,0,on,-4
1781754701481429241,9411.82,825.341,1.21162,1.14394,1.13075,0.02816,0.089536,0.015648,0.186528,0.81088,0.016822,1244819,1244819,415283,33.3609,1920,1080,raygs,triangles,1,off,0,on,-4
1781754701482649845,9413.04,828.795,1.20657,1.14566,1.13261,0.028832,0.088992,0.016384,0.188416,0.809984,0.054966,1244819,1244819,415283,33.3609,1920,1080,raygs,triangles,1,off,0,on,-4
1781754701483907620,9414.3,829.647,1.20533,1.14733,1.13469,0.030496,0.08944,0.016384,0.187392,0.810976,0.01793,1244819,1244819,415283,33.3609,1920,1080,raygs,triangles,1,off,0,on,-4
1781754701485098576,9415.49,828.658,1.20677,1.1391,1.12893,0.02944,0.0888,0.01536,0.18432,0.811008,0.027345,1244819,1244819,415283,33.3609,1920,1080,raygs,triangles,1,off,0,on,-4
1781754701486299602,9416.69,828.097,1.20759,1.14614,1.13302,0.028768,0.089472,0.01536,0.188416,0.811008,0.043815,1244819,1244819,415283,33.3609,1920,1080,raygs,triangles,1,off,0,on,-4
1781754701487491845,9417.88,828.035,1.20768,1.14822,1.13494,0.03008,0.089248,0.017408,0.187392,0.810816,0.055866,1244819,1244819,415283,33.3609,1920,1080,raygs,triangles,1,off,0,on,-4
1781754701488752822,9419.14,827.948,1.20781,1.14323,1.12992,0.02848,0.089952,0.01536,0.185344,0.810784,0.031726,1244819,1244819,415283,33.3609,1920,1080,raygs,triangles,1,off,0,on,-4
1781754701489832872,9420.22,828.288,1.20731,1.14477,1.1319,0.028992,0.089152,0.01536,0.187392,0.811008,0.044421,1244819,1244819,415283,33.3609,1920,1080,raygs,triangles,1,off,0,on,-4
1781754701491185043,9421.58,829.273,1.20588,1.14906,1.13485,0.030176,0.088864,0.01536,0.190464,0.809984,0.018437,1244819,1244819,415283,33.3609,1920,1080,raygs,triangles,1,off,0,on,-4
1781754701492541487,9422.93,827.026,1.20915,1.15085,1.13792,0.036096,0.089088,0.016384,0.185344,0.811008,0.068001,1244819,1244819,415283,33.3609,1920,1080,raygs,triangles,1,off,0,on,-4
1781754701493692935,9424.08,825.156,1.21189,1.14925,1.13507,0.0304,0.089888,0.016384,0.188416,0.809984,0.040523,1244819,1244819,415283,33.3609,1920,1080,raygs,triangles,1,off,0,on,-4
1781754701494870827,9425.26,825.388,1.21155,1.14464,1.13229,0.029888,0.08864,0.016384,0.186368,0.811008,0.047328,1244819,1244819,415283,33.3609,1920,1080,raygs,triangles,1,off,0,on,-4
1781754701496068088,9426.46,825.391,1.21155,1.14426,1.1328,0.028896,0.089472,0.016384,0.187392,0.810656,0.075557,1244819,1244819,415283,33.3609,1920,1080,raygs,triangles,1,off,0,on,-4
1781754701497185178,9427.58,825.649,1.21117,1.14496,1.13101,0.029184,0.089152,0.01536,0.186368,0.810944,0.021469,1244819,1244819,415283,33.3609,1920,1080,raygs,triangles,1,off,0,on,-4
1781754701498394099,9428.79,828.315,1.20727,1.1447,1.13296,0.02992,0.08928,0.016384,0.187392,0.809984,0.059718,1244819,1244819,415283,33.3609,1920,1080,raygs,triangles,1,off,0,on,-4
1781754701499699567,9430.09,829.572,1.20544,1.1448,1.132,0.029056,0.08928,0.016384,0.186368,0.810912,0.032027,1244819,1244819,415283,33.3609,1920,1080,raygs,triangles,1,off,0,on,-4
1781754701500815010,9431.21,828.087,1.2076,1.14771,1.13549,0.029856,0.089632,0.016384,0.188864,0.810752,0.017054,1244819,1244819,415283,33.3609,1920,1080,raygs,triangles,1,off,0,on,-4
1781754701502040962,9432.43,828.693,1.20672,1.15482,1.14461,0.030976,0.088608,0.016384,0.197632,0.811008,0.054114,1244819,1244819,415283,33.3609,1920,1080,raygs,triangles,1,off,0,on,-4
1781754701503156067,9433.55,827.129,1.209,1.14464,1.13162,0.028896,0.088864,0.016384,0.186816,0.810656,0.016824,1244819,1244819,415283,33.3609,1920,1080,raygs,triangles,1,off,0,on,-4
1781754701504381887,9434.77,827.281,1.20878,1.14432,1.13146,0.028512,0.088672,0.015744,0.187744,0.810784,0.052449,1244819,1244819,415283,33.3609,1920,1080,raygs,triangles,1,off,0,on,-4
1781754701505547403,9435.94,826.656,1.20969,1.14714,1.1328,0.029312,0.089728,0.01536,0.188416,0.809984,0.046501,1244819,1244819,415283,33.3609,1920,1080,raygs,triangles,1,off,0,on,-4
1781754701506678548,9437.07,828.154,1.2075,1.14518,1.13376,0.030432,0.08896,0.016384,0.187392,0.810592,0.016313,1244819,1244819,415283,33.3609,1920,1080,raygs,triangles,1,off,0,on,-4
1781754701508119708,9438.51,828.514,1.20698,1.3807,1.36762,0.0304,0.08896,0.016384,0.421888,0.809984,0.046486,1244819,1244819,415283,33.3609,1920,1080,raygs,triangles,1,off,0,on,-4
1781754701509409829,9439.8,825.876,1.21084,1.28611,1.27366,0.030048,0.088576,0.016384,0.32768,0.810976,0.02201,1244819,1244819,415283,33.3609,1920,1080,raygs,triangles,1,off,0,on,-4
1781754701510610180,9441,824.078,1.21348,1.14749,1.13539,0.030176,0.090432,0.016384,0.188416,0.809984,0.047702,1244819,1244819,415283,33.3609,1920,1080,raygs,triangles,1,off,0,on,-4
1781754701511751792,9442.14,823.963,1.21365,1.14701,1.13459,0.030208,0.0896,0.016384,0.187392,0.811008,0.020203,1244819,1244819,415283,33.3609,1920,1080,raygs,triangles,1,off,0,on,-4
1781754701512960628,9443.35,825.104,1.21197,1.14621,1.13283,0.030432,0.089664,0.016384,0.186368,0.809984,0.047162,1244819,1244819,415283,33.3609,1920,1080,raygs,triangles,1,off,0,on,-4
1781754701514105674,9444.5,824.531,1.21281,1.1448,1.13242,0.02992,0.089632,0.016384,0.185728,0.810752,0.019728,1244819,1244819,415283,33.3609,1920,1080,raygs,triangles,1,off,0,on,-4
1781754701515312906,9445.7,826.74,1.20957,1.14749,1.13424,0.029632,0.089824,0.016384,0.188416,0.809984,0.054538,1244819,1244819,415283,33.3609,1920,1080,raygs,triangles,1,off,0,on,-4
1781754701516569624,9446.96,827.752,1.20809,1.1455,1.13203,0.029728,0.089568,0.016384,0.187392,0.80896,0.020493,1244819,1244819,415283,33.3609,1920,1080,raygs,triangles,1,off,0,on,-4
1781754701517750950,9448.14,826.621,1.20974,1.14848,1.13472,0.030656,0.08848,0.016384,0.188416,0.810784,0.028779,1244819,1244819,415283,33.3609,1920,1080,raygs,triangles,1,off,0,on,-4
1781754701518971095,9449.36,826.693,1.20964,1.14784,1.13795,0.029984,0.08816,0.016128,0.192672,0.811008,0.059423,1244819,1244819,415283,33.3609,1920,1080,raygs,triangles,1,off,0,on,-4
1781754701520128780,9450.52,826.187,1.21038,1.14582,1.13283,0.030016,0.089056,0.016384,0.187392,0.809984,0.044229,1244819,1244819,415283,33.3609,1920,1080,raygs,triangles,1,off,0,on,-4
1781754701521297325,9451.69,826.475,1.20996,1.1463,1.13306,0.030112,0.089248,0.01632,0.187392,0.809984,0.039954,1244819,1244819,415283,33.3609,1920,1080,raygs,triangles,1,off,0,on,-4
1781754701522441958,9452.83,826.69,1.20964,1.14733,1.13379,0.030528,0.089152,0.015712,0.188416,0.809984,0.020653,1244819,1244819,415283,33.3609,1920,1080,raygs,triangles,1,off,0,on,-4
1781754701523614877,9454.01,828.113,1.20756,1.14701,1.13482,0.030208,0.089152,0.016384,0.188416,0.810656,0.027638,1244819,1244819,415283,33.3609,1920,1080,raygs,triangles,1,off,0,on,-4
1781754701525007161,9455.4,828.59,1.20687,1.3641,1.3505,0.030208,0.08912,0.015584,0.405632,0.809952,0.028256,1244819,1244819,415283,33.3609,1920,1080,raygs,triangles,1,off,0,on,-4
1781754701526367088,9456.76,826.569,1.20982,1.28541,1.27296,0.030336,0.0896,0.016384,0.326656,0.809984,0.056954,1244819,1244819,415283,33.3609,1920,1080,raygs,triangles,1,off,0,on,-4
1781754701527491155,9457.88,825.713,1.21107,1.14762,1.13363,0.030432,0.090272,0.016576,0.186368,0.809984,0.016354,1244819,1244819,415283,33.3609,1920,1080,raygs,triangles,1,off,0,on,-4
1781754701528711716,9459.1,825.94,1.21074,1.14365,1.13136,0.028896,0.089888,0.016384,0.185344,0.810848,0.057575,1244819,1244819,415283,33.3609,1920,1080,raygs,triangles,1,off,0,on,-4
1781754701529865268,9460.26,825.212,1.21181,1.14534,1.13168,0.028512,0.089408,0.016384,0.187392,0.809984,0.038418,1244819,1244819,415283,33.3609,1920,1080,raygs,triangles,1,off,0,on,-4
1781754701531076809,9461.47,825.858,1.21086,1.16016,1.14845,0.030016,0.08976,0.016384,0.201728,0.81056,0.049977,1244819,1244819,415283,33.3609,1920,1080,raygs,triangles,1,off,0,on,-4
1781754701532256461,9462.65,827.101,1.20904,1.1455,1.1344,0.028992,0.0896,0.016384,0.188416,0.811008,0.031141,1244819,1244819,415283,33.3609,1920,1080,raygs,triangles,1,off,0,on,-4
1781754701533499953,9463.89,829.082,1.20615,1.14605,1.13261,0.028192,0.089632,0.01536,0.188416,0.811008,0.022123,1244819,1244819,415283,33.3609,1920,1080,raygs,triangles,1,off,0,on,-4
1781754701534674861,9465.07,828.067,1.20763,1.1495,1.136,0.031392,0.089824,0.016384,0.188416,0.809984,0.029764,1244819,1244819,415283,33.3609,1920,1080,raygs,triangles,1,off,0,on,-4
1781754701535967086,9466.36,828.399,1.20715,1.14854,1.13651,0.028672,0.088992,0.01536,0.192672,0.810816,0.027381,1244819,1244819,415283,33.3609,1920,1080,raygs,triangles,1,off,0,on,-4
1781754701537147097,9467.54,826.715,1.20961,1.14694,1.13395,0.030144,0.088992,0.016384,0.188448,0.809984,0.029208,1244819,1244819,415283,33.3609,1920,1080,raygs,triangles,1,off,0,on,-4
1781754701538352748,9468.74,826.562,1.20983,1.14573,1.13424,0.03008,0.089376,0.016384,0.187392,0.811008,0.053029,1244819,1244819,415283,33.3609,1920,1080,raygs,triangles,1,off,0,on,-4
1781754701539485618,9469.88,826.357,1.21013,1.14406,1.1312,0.029312,0.089152,0.016384,0.186368,0.809984,0.017492,1244819,1244819,415283,33.3609,1920,1080,raygs,triangles,1,off,0,on,-4
1781754701540698991,9471.09,827.714,1.20815,1.14698,1.13302,0.028096,0.08928,0.016224,0.18944,0.809984,0.063111,1244819,1244819,415283,33.3609,1920,1080,raygs,triangles,1,off,0,on,-4
1781754701542026014,9472.42,827.89,1.20789,1.14669,1.13344,0.03024,0.089664,0.016384,0.186368,0.810784,0.021419,1244819,1244819,415283,33.3609,1920,1080,raygs,triangles,1,off,0,on,-4
1781754701543373833,9473.77,825.935,1.21075,1.14976,1.1375,0.035008,0.089568,0.016384,0.185824,0.81072,0.055027,1244819,1244819,415283,33.3609,1920,1080,raygs,triangles,1,off,0,on,-4
1781754701544544189,9474.94,824.107,1.21343,1.14771,1.13386,0.030912,0.089184,0.01536,0.188416,0.809984,0.054766,1244819,1244819,415283,33.3609,1920,1080,raygs,triangles,1,off,0,on,-4
1781754701545681163,9476.07,824.42,1.21297,1.14758,1.13552,0.030048,0.089664,0.018432,0.187392,0.809984,0.020884,1244819,1244819,415283,33.3609,1920,1080,raygs,triangles,1,off,0,on,-4
1781754701546887144,9477.28,824.416,1.21298,1.1463,1.13366,0.03024,0.08944,0.015584,0.187392,0.811008,0.052835,1244819,1244819,415283,33.3609,1920,1080,raygs,triangles,1,off,0,on,-4
1781754701548145814,9478.54,823.999,1.21359,1.14669,1.13405,0.029856,0.089536,0.016384,0.187392,0.81088,0.03373,1244819,1244819,415283,33.3609,1920,1080,raygs,triangles,1,off,0,on,-4
1781754701549241783,9479.63,825.51,1.21137,1.14752,1.13341,0.03024,0.089376,0.016384,0.1864,0.811008,0.044044,1244819,1244819,415283,33.3609,1920,1080,raygs,triangles,1,off,0,on,-4
1781754701550678215,9481.07,826.742,1.20957,1.14621,1.13312,0.030528,0.088832,0.016384,0.187392,0.809984,0.045133,1244819,1244819,415283,33.3609,1920,1080,raygs,triangles,1,off,0,on,-4
1781754701551792310,9482.18,824.318,1.21312,1.14832,1.13587,0.031488,0.0896,0.016384,0.188416,0.809984,0.025768,1244819,1244819,415283,33.3609,1920,1080,raygs,triangles,1,off,0,on,-4
1781754701552987341,9483.38,825.631,1.21119,1.15203,1.1416,0.03008,0.08752,0.01536,0.197632,0.811008,0.050119,1244819,1244819,415283,33.3609,1920,1080,raygs,triangles,1,off,0,on,-4
1781754701554142004,9484.53,825.137,1.21192,1.14726,1.13462,0.030464,0.08992,0.01568,0.187552,0.811008,0.03619,1244819,1244819,415283,33.3609,1920,1080,raygs,triangles,1,off,0,on,-4
1781754701555317694,9485.71,825.013,1.2121,1.1455,1.13146,0.029696,0.08928,0.016384,0.185344,0.810752,0.036152,1244819,1244819,415283,33.3609,1920,1080,raygs,triangles,1,off,0,on,-4
1781754701556491459,9486.88,825.402,1.21153,1.1479,1.13462,0.030496,0.089536,0.016352,0.188416,0.809824,0.03685,1244819,1244819,415283,33.3609,1920,1080,raygs,triangles,1,off,0,on,-4
1781754701557660643,9488.05,826.334,1.21016,1.1455,1.13341,0.030272,0.089376,0.016384,0.187392,0.809984,0.03605,1244819,1244819,415283,33.3609,1920,1080,raygs,triangles,1,off,0,on,-4
1781754701559111883,9489.5,826.942,1.20928,1.38646,1.37338,0.030208,0.089792,0.016384,0.427008,0.809984,0.038772,1244819,1244819,415283,33.3609,1920,1080,raygs,triangles,1,off,0,on,-4
1781754701560411268,9490.8,823.689,1.21405,1.28541,1.27347,0.030336,0.089088,0.016384,0.326656,0.811008,0.040077,1244819,1244819,415283,33.3609,1920,1080,raygs,triangles,1,off,0,on,-4
1781754701561573143,9491.96,822.502,1.2158,1.1448,1.13091,0.028992,0.090016,0.01536,0.185536,0.811008,0.038092,1244819,1244819,415283,33.3609,1920,1080,raygs,triangles,1,off,0,on,-4
1781754701562742450,9493.13,823.769,1.21393,1.14429,1.13293,0.028448,0.089696,0.016384,0.188416,0.809984,0.037038,1244819,1244819,415283,33.3609,1920,1080,raygs,triangles,1,off,0,on,-4
1781754701563915214,9494.31,822.682,1.21554,1.14611,1.13283,0.030464,0.089632,0.016384,0.186368,0.809984,0.037234,1244819,1244819,415283,33.3609,1920,1080,raygs,triangles,1,off,0,on,-4
1781754701565084513,9495.48,824.913,1.21225,1.14406,1.1312,0.028288,0.08928,0.016384,0.186368,0.81088,0.03672,1244819,1244819,415283,33.3609,1920,1080,raygs,triangles,1,off,0,on,-4
1781754701566379588,9496.77,826.8,1.20948,1.14557,1.13331,0.028736,0.089792,0.016384,0.188416,0.809984,0.03676,1244819,1244819,415283,33.3609,1920,1080,raygs,triangles,1,off,0,on,-4
1781754701567556517,9497.95,825.056,1.21204,1.1489,1.13744,0.03104,0.089888,0.016384,0.18944,0.810688,0.041784,1244819,1244819,415283,33.3609,1920,1080,raygs,triangles,1,off,0,on,-4
1781754701568718501,9499.11,825.189,1.21184,1.1463,1.1329,0.028448,0.089472,0.016384,0.187744,0.810848,0.025393,1244819,1244819,415283,33.3609,1920,1080,raygs,triangles,1,off,0,on,-4
1781754701569915320,9500.31,825.614,1.21122,1.15674,1.14723,0.028672,0.088704,0.016096,0.202752,0.811008,0.049983,1244819,1244819,415283,33.3609,1920,1080,raygs,triangles,1,off,0,on,-4
1781754701571076889,9501.47,824.87,1.21231,1.14666,1.13459,0.030336,0.089472,0.016384,0.188416,0.809984,0.036175,1244819,1244819,415283,33.3609,1920,1080,raygs,triangles,1,off,0,on,-4
1781754701572255563,9502.65,825.225,1.21179,1.1448,1.1321,0.0288,0.089408,0.01536,0.187648,0.81088,0.036609,1244819,1244819,415283,33.3609,1920,1080,raygs,triangles,1,off,0,on,-4
1781754701573432534,9503.82,826.679,1.20966,1.14736,1.13462,0.029184,0.089632,0.01536,0.18944,0.811008,0.039282,1244819,1244819,415283,33.3609,1920,1080,raygs,triangles,1,off,0,on,-4
1781754701574829461,9505.22,825.944,1.21074,1.37606,1.3649,0.029888,0.089664,0.016384,0.418176,0.810784,0.037212,1244819,1244819,415283,33.3609,1920,1080,raygs,triangles,1,off,0,on,-4
1781754701576131668,9506.52,823.999,1.21359,1.27546,1.26243,0.028832,0.089792,0.016384,0.31744,0.809984,0.036519,1244819,1244819,415283,33.3609,1920,1080,raygs,triangles,1,off,0,on,-4
1781754701577308007,9507.7,822.114,1.21638,1.14448,1.13203,0.028704,0.089568,0.016384,0.186368,0.811008,0.036344,1244819,1244819,415283,33.3609,1920,1080,raygs,triangles,1,off,0,on,-4
1781754701578479011,9508.87,822.469,1.21585,1.14438,1.13299,0.029632,0.089408,0.016384,0.186816,0.810752,0.036524,1244819,1244819,415283,33.3609,1920,1080,raygs,triangles,1,off,0,on,-4
1781754701579656853,9510.05,822.371,1.216,1.1441,1.13194,0.028928,0.089056,0.016384,0.18672,0.810848,0.037302,1244819,1244819,415283,33.3609,1920,1080,raygs,triangles,1,off,0,on,-4
1781754701580818866,9511.21,822.016,1.21652,1.1439,1.13142,0.028128,0.089536,0.016384,0.187392,0.809984,0.036175,1244819,1244819,415283,33.3609,1920,1080,raygs,triangles,1,off,0,on,-4
1781754701581992688,9512.38,825.013,1.2121,1.14637,1.13453,0.03056,0.089184,0.016384,0.187392,0.811008,0.035798,1244819,1244819,415283,33.3609,1920,1080,raygs,triangles,1,off,0,on,-4
1781754701583286758,9513.68,826.568,1.20982,1.14582,1.13242,0.030016,0.0896,0.016448,0.186368,0.809984,0.0356,1244819,1244819,415283,33.3609,1920,1080,raygs,triangles,1,off,0,on,-4
1781754701584467873,9514.86,825.277,1.21171,1.14547,1.13306,0.029696,0.089856,0.016384,0.186368,0.810752,0.040627,1244819,1244819,415283,33.3609,1920,1080,raygs,triangles,1,off,0,on,-4
1781754701585619457,9516.01,825.018,1.21209,1.1463,1.1329,0.029472,0.089568,0.016384,0.187488,0.809984,0.02488,1244819,1244819,415283,33.3609,1920,1080,raygs,triangles,1,off,0,on,-4
1781754701586872276,9517.26,825.471,1.21143,1.15747,1.14605,0.030176,0.087776,0.01536,0.202752,0.809984,0.056125,1244819,1244819,415283,33.3609,1920,1080,raygs,triangles,1,off,0,on,-4
1781754701588048895,9518.44,824.271,1.21319,1.14691,1.13482,0.03024,0.089792,0.016384,0.187392,0.811008,0.041508,1244819,1244819,415283,33.3609,1920,1080,raygs,triangles,1,off,0,on,-4
1781754701589185014,9519.58,824.52,1.21283,1.14614,1.13322,0.029312,0.08928,0.016224,0.187392,0.811008,0.037211,1244819,1244819,415283,33.3609,1920,1080,raygs,triangles,1,off,0,on,-4
1781754701590307999,9520.7,826.058,1.21057,1.14778,1.13408,0.02992,0.0896,0.016384,0.187392,0.810784,0.035969,1244819,1244819,415283,33.3609,1920,1080,raygs,triangles,1,off,0,on,-4
1781754701591649581,9522.04,826.808,1.20947,1.3913,1.3775,0.030272,0.089408,0.015712,0.432128,0.809984,0.027094,1244819,1244819,415283,33.3609,1920,1080,raygs,triangles,1,off,0,on,-4
1781754701592975145,9523.37,825.532,1.21134,1.27619,1.26282,0.030208,0.089824,0.142336,0.190464,0.809984,0.033394,1244819,1244819,415283,33.3609,1920,1080,raygs,triangles,1,off,0,on,-4
1781754701594125391,9524.52,823.527,1.21429,1.14451,1.13162,0.030752,0.089152,0.01536,0.186368,0.809984,0.025256,1244819,1244819,415283,33.3609,1920,1080,raygs,triangles,1,off,0,on,-4
1781754701595292034,9525.68,823.861,1.2138,1.14614,1.13414,0.030336,0.089024,0.016384,0.187392,0.811008,0.026006,1244819,1244819,415283,33.3609,1920,1080,raygs,triangles,1,off,0,on,-4
1781754701596540632,9526.93,823.726,1.214,1.14467,1.13347,0.030144,0.089568,0.016384,0.186368,0.811008,0.037436,1244819,1244819,415283,33.3609,1920,1080,raygs,triangles,1,off,0,on,-4
1781754701597672376,9528.06,822.789,1.21538,1.16979,1.15686,0.030432,0.08912,0.016384,0.210944,0.809984,0.026983,1244819,1244819,415283,33.3609,1920,1080,raygs,triangles,1,off,0,on,-4
1781754701598888178,9529.28,825.822,1.21091,1.14653,1.13427,0.028768,0.089536,0.016384,0.18864,0.810944,0.038073,1244819,1244819,415283,33.3609,1920,1080,raygs,triangles,1,off,0,on,-4
1781754701600119730,9530.51,827.212,1.20888,1.14778,1.13638,0.030304,0.090176,0.016384,0.188704,0.810816,0.017484,1244819,1244819,415283,33.3609,1920,1080,raygs,triangles,1,off,0,on,-4
1781754701601338468,9531.73,826.056,1.21057,1.14653,1.13552,0.029696,0.089888,0.016384,0.188768,0.810784,0.045256,1244819,1244819,415283,33.3609,1920,1080,raygs,triangles,1,off,0,on,-4
1781754701602479068,9532.87,826.097,1.21051,1.14477,1.1328,0.02896,0.088896,0.016384,0.187712,0.810848,0.02291,1244819,1244819,415283,33.3609,1920,1080,raygs,triangles,1,off,0,on,-4
1781754701603681874,9534.07,826.256,1.21028,1.15069,1.14061,0.030784,0.088736,0.01536,0.19488,0.810848,0.040742,1244819,1244819,415283,33.3609,1920,1080,raygs,triangles,1,off,0,on,-4
1781754701604832866,9535.22,826.38,1.2101,1.144,1.13088,0.028192,0.08928,0.016384,0.186368,0.810656,0.026107,1244819,1244819,415283,33.3609,1920,1080,raygs,triangles,1,off,0,on,-4
1781754701605988375,9536.38,826.674,1.20967,1.14643,1.13334,0.028672,0.088928,0.016384,0.188416,0.810944,0.021168,1244819,1244819,415283,33.3609,1920,1080,raygs,triangles,1,off,0,on,-4
1781754701607171261,9537.56,827.692,1.20818,1.14787,1.13443,0.030016,0.089664,0.016352,0.188416,0.809984,0.030801,1244819,1244819,415283,33.3609,1920,1080,raygs,triangles,1,off,0,on,-4
1781754701608545983,9538.94,827.392,1.20862,1.33622,1.32285,0.028928,0.088928,0.01536,0.37888,0.810752,0.035503,1244819,1244819,415283,33.3609,1920,1080,raygs,triangles,1,off,0,on,-4
1781754701609903991,9540.3,826.974,1.20923,1.35786,1.34659,0.030112,0.089728,0.016384,0.400384,0.809984,0.018843,1244819,1244819,415283,33.3609,1920,1080,raygs,triangles,1,off,0,on,-4
1781754701611083496,9541.47,824.628,1.21267,1.14886,1.13606,0.030016,0.091072,0.016544,0.187744,0.810688,0.026978,1244819,1244819,415283,33.3609,1920,1080,raygs,triangles,1,off,0,on,-4
1781754701612280380,9542.67,824.819,1.21239,1.14672,1.1343,0.029152,0.089696,0.016384,0.188416,0.810656,0.034844,1244819,1244819,415283,33.3609,1920,1080,raygs,triangles,1,off,0,on,-4
1781754701613517450,9543.91,824.343,1.21309,1.14406,1.13174,0.028192,0.089376,0.016192,0.187392,0.810592,0.036145,1244819,1244819,415283,33.3609,1920,1080,raygs,triangles,1,off,0,on,-4
1781754701614641885,9545.03,823.915,1.21372,1.14803,1.13594,0.030752,0.089376,0.016384,0.188416,0.811008,0.030615,1244819,1244819,415283,33.3609,1920,1080,raygs,triangles,1,off,0,on,-4
1781754701615781769,9546.17,826.408,1.21006,1.144,1.13267,0.02912,0.08912,0.016384,0.187392,0.810656,0.017314,1244819,1244819,415283,33.3609,1920,1080,raygs,triangles,1,off,0,on,-4
1781754701617078307,9547.47,828.361,1.2072,1.14557,1.13341,0.029024,0.088576,0.016384,0.188416,0.811008,0.027957,1244819,1244819,415283,33.3609,1920,1080,raygs,triangles,1,off,0,on,-4
1781754701618259021,9548.65,826.992,1.2092,1.14755,1.13536,0.030752,0.0888,0.016384,0.188416,0.811008,0.031036,1244819,1244819,415283,33.3609,1920,1080,raygs,triangles,1,off,0,on,-4
1781754701619430214,9549.82,826.691,1.20964,1.1447,1.13258,0.029024,0.089792,0.016384,0.187392,0.809984,0.026756,1244819,1244819,415283,33.3609,1920,1080,raygs,triangles,1,off,0,on,-4
1781754701620593200,9550.98,827.059,1.2091,1.14784,1.13757,0.02928,0.088672,0.016384,0.192512,0.81072,0.027121,1244819,1244819,415283,33.3609,1920,1080,raygs,triangles,1,off,0,on,-4
1781754701621765008,9552.16,828.053,1.20765,1.14682,1.13571,0.029984,0.08992,0.016384,0.188416,0.811008,0.02768,1244819,1244819,415283,33.3609,1920,1080,raygs,triangles,1,off,0,on,-4
1781754701622937915,9553.33,828.41,1.20713,1.14582,1.13347,0.030048,0.089664,0.016384,0.187392,0.809984,0.026911,1244819,1244819,415283,33.3609,1920,1080,raygs,triangles,1,off,0,on,-4
1781754701624110828,9554.5,830.449,1.20417,1.14614,1.1337,0.030336,0.089344,0.015552,0.18768,0.810784,0.025977,1244819,1244819,415283,33.3609,1920,1080,raygs,triangles,1,off,0,on,-4
1781754701625527427,9555.92,829.707,1.20525,1.38237,1.37027,0.030016,0.08928,0.016384,0.423936,0.810656,0.02723,1244819,1244819,415283,33.3609,1920,1080,raygs,triangles,1,off,0,on,-4
1781754701626842009,9557.23,827.234,1.20885,1.28726,1.27379,0.030816,0.089216,0.016384,0.326656,0.81072,0.026981,1244819,1244819,415283,33.3609,1920,1080,raygs,triangles,1,off,0,on,-4
1781754701628011828,9558.4,825.421,1.2115,1.14566,1.13229,0.030048,0.089792,0.01536,0.186368,0.81072,0.026321,1244819,1244819,415283,33.3609,1920,1080,raygs,triangles,1,off,0,on,-4
1781754701629264334,9559.66,825.43,1.21149,1.148,1.13482,0.030336,0.089696,0.01536,0.188416,0.811008,0.041474,1244819,1244819,415283,33.3609,1920,1080,raygs,triangles,1,off,0,on,-4
1781754701630387149,9560.78,824.692,1.21257,1.14595,1.13283,0.030176,0.088896,0.016384,0.186368,0.811008,0.027345,1244819,1244819,415283,33.3609,1920,1080,raygs,triangles,1,off,0,on,-4
1781754701631564409,9561.96,825.263,1.21174,1.14534,1.13133,0.029536,0.089376,0.016384,0.185344,0.810688,0.030897,1244819,1244819,415283,33.3609,1920,1080,raygs,triangles,1,off,0,on,-4
1781754701632710640,9563.1,828.483,1.20703,1.14691,1.13594,0.030304,0.089824,0.016384,0.188416,0.811008,0.0176,1244819,1244819,415283,33.3609,1920,1080,raygs,triangles,1,off,0,on,-4
1781754701634001694,9564.39,829.896,1.20497,1.1463,1.13485,0.030496,0.089568,0.016384,0.187392,0.811008,0.026239,1244819,1244819,415283,33.3609,1920,1080,raygs,triangles,1,off,0,on,-4
1781754701635187565,9565.58,828.424,1.20711,1.15043,1.13677,0.030528,0.090432,0.016384,0.188416,0.811008,0.029591,1244819,1244819,415283,33.3609,1920,1080,raygs,triangles,1,off,0,on,-4
1781754701636367964,9566.76,828.257,1.20736,1.14643,1.1327,0.029632,0.089312,0.016384,0.187392,0.809984,0.028447,1244819,1244819,415283,33.3609,1920,1080,raygs,triangles,1,off,0,on,-4
1781754701637525765,9567.92,828.457,1.20706,1.14995,1.14131,0.029024,0.089472,0.016384,0.195584,0.810848,0.026833,1244819,1244819,415283,33.3609,1920,1080,raygs,triangles,1,off,0,on,-4
1781754701638707944,9569.1,828.298,1.20729,1.14653,1.13325,0.029024,0.089568,0.016256,0.188416,0.809984,0.028168,1244819,1244819,415283,33.3609,1920,1080,raygs,triangles,1,off,0,on,-4
1781754701639872386,9570.26,829.774,1.20515,1.14416,1.1304,0.029376,0.088416,0.016384,0.185344,0.81088,0.026843,1244819,1244819,415283,33.3609,1920,1080,raygs,triangles,1,off,0,on,-4
1781754701641269055,9571.66,829.72,1.20523,1.14685,1.13485,0.028992,0.089888,0.016384,0.188608,0.810976,0.026647,1244819,1244819,415283,33.3609,1920,1080,raygs,triangles,1,off,0,on,-4
1781754701642572372,9572.96,827.067,1.20909,1.15046,1.13674,0.034656,0.090208,0.016384,0.18464,0.810848,0.026352,1244819,1244819,415283,33.3609,1920,1080,raygs,triangles,1,off,0,on,-4
1781754701643741713,9574.13,825.91,1.21079,1.1481,1.13494,0.031488,0.089696,0.016384,0.187392,0.809984,0.0258,1244819,1244819,415283,33.3609,1920,1080,raygs,triangles,1,off,0,on,-4
1781754701644912026,9575.3,825.714,1.21107,1.14435,1.13222,0.028832,0.089632,0.016384,0.187392,0.809984,0.026387,1244819,1244819,415283,33.3609,1920,1080,raygs,triangles,1,off,0,on,-4
1781754701646091348,9576.48,826.021,1.21062,1.14598,1.13126,0.028128,0.089376,0.01536,0.188416,0.809984,0.026122,1244819,1244819,415283,33.3609,1920,1080,raygs,triangles,1,off,0,on,-4
1781754701647326832,9577.72,825.616,1.21122,1.1473,1.13344,0.029472,0.089184,0.01536,0.188416,0.811008,0.041627,1244819,1244819,415283,33.3609,1920,1080,raygs,triangles,1,off,0,on,-4
1781754701648445834,9578.84,827.835,1.20797,1.14477,1.13277,0.028992,0.088992,0.016384,0.187488,0.810912,0.018756,1244819,1244819,415283,33.3609,1920,1080,raygs,triangles,1,off,0,on,-4
1781754701649653771,9580.05,829.804,1.2051,1.1457,1.13197,0.028864,0.089184,0.01536,0.188704,0.809856,0.046138,1244819,1244819,415283,33.3609,1920,1080,raygs,triangles,1,off,0,on,-4
1781754701650913862,9581.31,829.616,1.20538,1.27696,1.26298,0.03008,0.090112,0.01536,0.31744,0.809984,0.017084,1244819,1244819,415283,33.3609,1920,1080,raygs,triangles,1,off,0,on,-4
1781754701652091722,9582.48,828.533,1.20695,1.14464,1.13245,0.028864,0.089824,0.016384,0.187392,0.809984,0.029423,1244819,1244819,415283,33.3609,1920,1080,raygs,triangles,1,off,0,on,-4
1781754701653283562,9583.67,828.426,1.20711,1.14803,1.13562,0.029152,0.091904,0.016256,0.187392,0.810912,0.028055,1244819,1244819,415283,33.3609,1920,1080,raygs,triangles,1,off,0,on,-4
1781754701654441640,9584.83,828.295,1.2073,1.14896,1.13792,0.03008,0.089056,0.016288,0.192512,0.809984,0.027258,1244819,1244819,415283,33.3609,1920,1080,raygs,triangles,1,off,0,on,-4
1781754701655612368,9586,828.222,1.20741,1.14534,1.13053,0.028512,0.089408,0.01536,0.186368,0.81088,0.027789,1244819,1244819,415283,33.3609,1920,1080,raygs,triangles,1,off,0,on,-4
1781754701656782029,9587.17,829.669,1.2053,1.14675,1.13334,0.028928,0.09008,0.01616,0.188416,0.80976,0.02608,1244819,1244819,415283,33.3609,1920,1080,raygs,triangles,1,off,0,on,-4
1781754701658179097,9588.57,829.771,1.20515,1.14803,1.13312,0.030016,0.089344,0.01536,0.188416,0.809984,0.026634,1244819,1244819,415283,33.3609,1920,1080,raygs,triangles,1,off,0,on,-4
1781754701659524483,9589.92,826.961,1.20925,1.15053,1.13648,0.035776,0.088992,0.016384,0.185344,0.809984,0.041968,1244819,1244819,415283,33.3609,1920,1080,raygs,triangles,1,off,0,on,-4
1781754701660654310,9591.05,826.174,1.2104,1.14685,1.13514,0.031712,0.089824,0.016384,0.186368,0.810848,0.016209,1244819,1244819,415283,33.3609,1920,1080,raygs,triangles,1,off,0,on,-4
1781754701661848598,9592.24,826.765,1.20953,1.14611,1.13264,0.030304,0.08976,0.01648,0.186368,0.809728,0.034258,1244819,1244819,415283,33.3609,1920,1080,raygs,triangles,1,off,0,on,-4
1781754701663108051,9593.5,826.107,1.2105,1.14358,1.13117,0.029856,0.089536,0.016416,0.184704,0.810656,0.035806,1244819,1244819,415283,33.3609,1920,1080,raygs,triangles,1,off,0,on,-4
1781754701664204344,9594.6,824.175,1.21334,1.14518,1.13123,0.029376,0.089152,0.016256,0.18656,0.809888,0.031324,1244819,1244819,415283,33.3609,1920,1080,raygs,triangles,1,off,0,on,-4
1781754701665367770,9595.76,826.945,1.20927,1.14771,1.1353,0.0304,0.089376,0.016544,0.188416,0.81056,0.028616,1244819,1244819,415283,33.3609,1920,1080,raygs,triangles,1,off,0,on,-4
1781754701666639514,9597.03,828.968,1.20632,1.14586,1.13254,0.030016,0.088768,0.016384,0.186368,0.811008,0.020689,1244819,1244819,415283,33.3609,1920,1080,raygs,triangles,1,off,0,on,-4
1781754701667818152,9598.21,827.47,1.2085,1.14864,1.13507,0.030656,0.089632,0.016384,0.188416,0.809984,0.027645,1244819,1244819,415283,33.3609,1920,1080,raygs,triangles,1,off,0,on,-4
1781754701669009551,9599.4,827.349,1.20868,1.14906,1.13594,0.030208,0.08992,0.016384,0.18944,0.809984,0.033355,1244819,1244819,415283,33.3609,1920,1080,raygs,triangles,1,off,0,on,-4
1781754701670190246,9600.58,828.019,1.2077,1.14701,1.1344,0.030176,0.089632,0.016192,0.187392,0.811008,0.028626,1244819,1244819,415283,33.3609,1920,1080,raygs,triangles,1,off,0,on,-4
1781754701671356411,9601.75,827.316,1.20873,1.14899,1.13978,0.030112,0.088544,0.016384,0.19392,0.810816,0.03047,1244819,1244819,415283,33.3609,1920,1080,raygs,triangles,1,off,0,on,-4
1781754701672520442,9602.91,828.123,1.20755,1.14666,1.13238,0.029824,0.0888,0.01536,0.18848,0.80992,0.028714,1244819,1244819,415283,33.3609,1920,1080,raygs,triangles,1,off,0,on,-4
1781754701673706612,9604.1,828.978,1.2063,1.14566,1.13286,0.030112,0.089632,0.015552,0.186816,0.810752,0.028349,1244819,1244819,415283,33.3609,1920,1080,raygs,triangles,1,off,0,on,-4
1781754701675118099,9605.51,829.071,1.20617,1.33981,1.32675,0.030496,0.089088,0.01536,0.380928,0.81088,0.045086,1244819,1244819,415283,33.3609,1920,1080,raygs,triangles,1,off,0,on,-4
1781754701676422754,9606.81,826.009,1.21064,1.2848,1.27123,0.029728,0.088288,0.016384,0.326112,0.81072,0.029174,1244819,1244819,415283,33.3609,1920,1080,raygs,triangles,1,off,0,on,-4
1781754701677677448,9608.07,824.845,1.21235,1.28115,1.26819,0.029152,0.226304,0.01536,0.187392,0.809984,0.016981,1244819,1244819,415283,33.3609,1920,1080,raygs,triangles,1,off,0,on,-4
1781754701678855281,9609.25,823.511,1.21431,1.14614,1.13194,0.028864,0.089312,0.01536,0.188416,0.809984,0.02688,1244819,1244819,415283,33.3609,1920,1080,raygs,triangles,1,off,0,on,-4
1781754701680086511,9610.48,823.338,1.21457,1.14669,1.13562,0.030496,0.090336,0.016384,0.187392,0.811008,0.041404,1244819,1244819,415283,33.3609,1920,1080,raygs,triangles,1,off,0,on,-4
1781754701681225961,9611.62,823.035,1.21502,1.14733,1.1335,0.028864,0.089472,0.015744,0.18944,0.809984,0.025792,1244819,1244819,415283,33.3609,1920,1080,raygs,triangles,1,off,0,on,-4
1781754701682383304,9612.77,825.497,1.21139,1.14496,1.13357,0.029184,0.0896,0.016384,0.188416,0.809984,0.021967,1244819,1244819,415283,33.3609,1920,1080,raygs,triangles,1,off,0,on,-4
1781754701683672099,9614.06,827.826,1.20798,1.14637,1.13264,0.030592,0.089088,0.015584,0.187392,0.809984,0.027444,1244819,1244819,415283,33.3609,1920,1080,raygs,triangles,1,off,0,on,-4
1781754701684858911,9615.25,826.57,1.20982,1.14659,1.13434,0.02976,0.089792,0.016384,0.187392,0.811008,0.033955,1244819,1244819,415283,33.3609,1920,1080,raygs,triangles,1,off,0,on,-4
1781754701686034710,9616.43,826.654,1.2097,1.14637,1.13248,0.028512,0.089536,0.016288,0.187392,0.810752,0.024886,1244819,1244819,415283,33.3609,1920,1080,raygs,triangles,1,off,0,on,-4
1781754701687211809,9617.6,827.337,1.2087,1.14557,1.13302,0.02976,0.089504,0.016384,0.187392,0.809984,0.031021,1244819,1244819,415283,33.3609,1920,1080,raygs,triangles,1,off,0,on,-4
1781754701688385928,9618.78,826.813,1.20946,1.14736,1.13776,0.028928,0.089184,0.01632,0.192512,0.810816,0.035397,1244819,1244819,415283,33.3609,1920,1080,raygs,triangles,1,off,0,on,-4
1781754701689552280,9619.94,826.623,1.20974,1.14477,1.13347,0.02896,0.089728,0.016384,0.187392,0.811008,0.026993,1244819,1244819,415283,33.3609,1920,1080,raygs,triangles,1,off,0,on,-4
1781754701690703918,9621.1,828.005,1.20772,1.14723,1.13507,0.030592,0.089696,0.016384,0.187392,0.811008,0.019338,1244819,1244819,415283,33.3609,1920,1080,raygs,triangles,1,off,0,on,-4
1781754701692115841,9622.51,828.199,1.20744,1.38134,1.3705,0.030016,0.089952,0.016384,0.423392,0.810752,0.025601,1244819,1244819,415283,33.3609,1920,1080,raygs,triangles,1,off,0,on,-4
1781754701693442335,9623.83,825.284,1.2117,1.28602,1.27376,0.029888,0.089824,0.016384,0.32768,0.809984,0.027209,1244819,1244819,415283,33.3609,1920,1080,raygs,triangles,1,off,0,on,-4
1781754701694634112,9625.03,823.645,1.21412,1.14771,1.13562,0.030336,0.090496,0.016384,0.187392,0.811008,0.036875,1244819,1244819,415283,33.3609,1920,1080,raygs,triangles,1,off,0,on,-4
1781754701695777025,9626.17,823.576,1.21422,1.14474,1.13315,0.029952,0.089664,0.016384,0.186368,0.810784,0.018306,1244819,1244819,415283,33.3609,1920,1080,raygs,triangles,1,off,0,on,-4
1781754701697104648,9627.5,823.801,1.21389,1.14589,1.1335,0.03008,0.0896,0.01648,0.186368,0.810976,0.04337,1244819,1244819,415283,33.3609,1920,1080,raygs,triangles,1,off,0,on,-4
1781754701698183753,9628.58,822.176,1.21628,1.14502,1.1321,0.030272,0.089216,0.01536,0.186368,0.81088,0.044305,1244819,1244819,415283,33.3609,1920,1080,raygs,triangles,1,off,0,on,-4
1781754701699370611,9629.76,825.924,1.21076,1.14717,1.13456,0.030336,0.089472,0.01536,0.188416,0.810976,0.030676,1244819,1244819,415283,33.3609,1920,1080,raygs,triangles,1,off,0,on,-4
1781754701700655270,9631.05,827.396,1.20861,1.14653,1.13542,0.030272,0.089344,0.016384,0.188416,0.811008,0.059166,1244819,1244819,415283,33.3609,1920,1080,raygs,triangles,1,off,0,on,-4
1781754701701810803,9632.2,826.142,1.21045,1.14902,1.13715,0.031136,0.089088,0.016384,0.189536,0.811008,0.040281,1244819,1244819,415283,33.3609,1920,1080,raygs,triangles,1,off,0,on,-4
1781754701702996812,9633.39,827.145,1.20898,1.14614,1.13155,0.029312,0.089184,0.01568,0.187392,0.809984,0.049135,1244819,1244819,415283,33.3609,1920,1080,raygs,triangles,1,off,0,on,-4
1781754701704125991,9634.52,826.384,1.21009,1.14739,1.13546,0.030592,0.089408,0.016384,0.188416,0.810656,0.01698,1244819,1244819,415283,33.3609,1920,1080,raygs,triangles,1,off,0,on,-4
1781754701705345020,9635.74,826.933,1.20929,1.14954,1.14016,0.030176,0.089056,0.016384,0.193536,0.811008,0.054761,1244819,1244819,415283,33.3609,1920,1080,raygs,triangles,1,off,0,on,-4
1781754701706475600,9636.87,826.4,1.21007,1.14691,1.13437,0.029984,0.0896,0.016384,0.187392,0.811008,0.017028,1244819,1244819,415283,33.3609,1920,1080,raygs,triangles,1,off,0,on,-4
1781754701707693187,9638.08,828.025,1.20769,1.1473,1.13408,0.029472,0.089632,0.016416,0.187744,0.810816,0.051651,1244819,1244819,415283,33.3609,1920,1080,raygs,triangles,1,off,0,on,-4
1781754701709089201,9639.48,827.787,1.20804,1.38662,1.3735,0.030208,0.088896,0.016384,0.428032,0.809984,0.038302,1244819,1244819,415283,33.3609,1920,1080,raygs,triangles,1,off,0,on,-4
1781754701710418102,9640.81,825.084,1.212,1.28493,1.27264,0.03008,0.089664,0.017408,0.324608,0.81088,0.057122,1244819,1244819,415283,33.3609,1920,1080,raygs,triangles,1,off,0,on,-4
1781754701711549474,9641.94,823.418,1.21445,1.14714,1.13322,0.028288,0.09136,0.016384,0.186368,0.810816,0.01994,1244819,1244819,415283,33.3609,1920,1080,raygs,triangles,1,off,0,on,-4
1781754701712761903,9643.15,823.791,1.2139,1.14528,1.13242,0.029504,0.08928,0.01632,0.186368,0.810944,0.053338,1244819,1244819,415283,33.3609,1920,1080,raygs,triangles,1,off,0,on,-4
1781754701713927454,9644.32,823.429,1.21443,1.1448,1.13283,0.029024,0.089024,0.017408,0.187392,0.809984,0.043218,1244819,1244819,415283,33.3609,1920,1080,raygs,triangles,1,off,0,on,-4
1781754701715078185,9645.47,825.99,1.21067,1.14531,1.13379,0.02848,0.089504,0.016384,0.188416,0.811008,0.020899,1244819,1244819,415283,33.3609,1920,1080,raygs,triangles,1,off,0,on,-4
1781754701716412224,9646.8,827.544,1.20839,1.14832,1.13562,0.030496,0.089312,0.017408,0.188416,0.809984,0.066715,1244819,1244819,415283,33.3609,1920,1080,raygs,triangles,1,off,0,on,-4
1781754701717534818,9647.93,825.956,1.21072,1.14656,1.13302,0.029728,0.089888,0.01632,0.186368,0.81072,0.020446,1244819,1244819,415283,33.3609,1920,1080,raygs,triangles,1,off,0,on,-4
1781754701718753583,9649.14,826.062,1.21056,1.14451,1.13219,0.028992,0.089568,0.016416,0.186368,0.810848,0.053002,1244819,1244819,415283,33.3609,1920,1080,raygs,triangles,1,off,0,on,-4
1781754701719924942,9650.32,826.217,1.21034,1.14637,1.13421,0.029568,0.089248,0.016384,0.188416,0.810592,0.055159,1244819,1244819,415283,33.3609,1920,1080,raygs,triangles,1,off,0,on,-4
1781754701721055778,9651.45,826.563,1.20983,1.1448,1.13296,0.028992,0.0896,0.017408,0.186368,0.810592,0.020215,1244819,1244819,415283,33.3609,1920,1080,raygs,triangles,1,off,0,on,-4
1781754701722277237,9652.67,826.614,1.20975,1.14947,1.13958,0.028576,0.088032,0.016384,0.195584,0.811008,0.054424,1244819,1244819,415283,33.3609,1920,1080,raygs,triangles,1,off,0,on,-4
1781754701723408230,9653.8,826.207,1.21035,1.14883,1.13533,0.031008,0.089312,0.015584,0.18944,0.809984,0.017487,1244819,1244819,415283,33.3609,1920,1080,raygs,triangles,1,off,0,on,-4
1781754701724864162,9655.26,827.619,1.20828,1.38198,1.36925,0.029632,0.08944,0.016256,0.422912,0.811008,0.066902,1244819,1244819,415283,33.3609,1920,1080,raygs,triangles,1,off,0,on,-4
1781754701726127918,9656.52,824.712,1.21254,1.2839,1.27082,0.030272,0.089568,0.016384,0.324608,0.809984,0.017506,1244819,1244819,415283,33.3609,1920,1080,raygs,triangles,1,off,0,on,-4
1781754701727358481,9657.75,823.511,1.21431,1.14771,1.13309,0.029888,0.0904,0.01536,0.186816,0.810624,0.060696,1244819,1244819,415283,33.3609,1920,1080,raygs,triangles,1,off,0,on,-4
1781754701728520611,9658.91,823.007,1.21506,1.1463,1.13443,0.030592,0.090144,0.016384,0.186368,0.810944,0.045326,1244819,1244819,415283,33.3609,1920,1080,raygs,triangles,1,off,0,on,-4
1781754701729709069,9660.1,823.095,1.21493,1.14598,1.13235,0.030176,0.08944,0.01536,0.187392,0.809984,0.028458,1244819,1244819,415283,33.3609,1920,1080,raygs,triangles,1,off,0,on,-4
1781754701730849296,9661.24,822.977,1.2151,1.14448,1.1321,0.029728,0.089632,0.016384,0.186368,0.809984,0.036647,1244819,1244819,415283,33.3609,1920,1080,raygs,triangles,1,off,0,on,-4
1781754701732020535,9662.41,825.888,1.21082,1.14582,1.13286,0.030016,0.089408,0.01632,0.186368,0.810752,0.041547,1244819,1244819,415283,33.3609,1920,1080,raygs,triangles,1,off,0,on,-4
1781754701733335373,9663.73,827.726,1.20813,1.14685,1.13402,0.030528,0.08944,0.015584,0.18848,0.809984,0.049259,1244819,1244819,415283,33.3609,1920,1080,raygs,triangles,1,off,0,on,-4
1781754701734515426,9664.91,825.477,1.21142,1.14717,1.13306,0.03136,0.08896,0.01536,0.187392,0.809984,0.045425,1244819,1244819,415283,33.3609,1920,1080,raygs,triangles,1,off,0,on,-4
1781754701735634694,9666.03,825.64,1.21118,1.14816,1.13568,0.030272,0.088768,0.016384,0.18944,0.810816,0.017226,1244819,1244819,415283,33.3609,1920,1080,raygs,triangles,1,off,0,on,-4
1781754701736874718,9667.27,827.065,1.20909,1.14502,1.13286,0.030272,0.089024,0.016384,0.186368,0.810816,0.061189,1244819,1244819,415283,33.3609,1920,1080,raygs,triangles,1,off,0,on,-4
1781754701738006555,9668.4,825.654,1.21116,1.14803,1.13581,0.030432,0.089568,0.016384,0.18944,0.809984,0.017594,1244819,1244819,415283,33.3609,1920,1080,raygs,triangles,1,off,0,on,-4
1781754701739227198,9669.62,825.998,1.21066,1.15312,1.14179,0.030144,0.088672,0.01536,0.197632,0.809984,0.058239,1244819,1244819,415283,33.3609,1920,1080,raygs,triangles,1,off,0,on,-4
1781754701740413070,9670.8,826.577,1.20981,1.14794,1.13485,0.030112,0.088928,0.016384,0.188416,0.811008,0.031692,1244819,1244819,415283,33.3609,1920,1080,raygs,triangles,1,off,0,on,-4
1781754701741755857,9672.15,826.454,1.20999,1.34966,1.33606,0.03008,0.089056,0.015616,0.390336,0.810976,0.044004,1244819,1244819,415283,33.3609,1920,1080,raygs,triangles,1,off,0,on,-4
1781754701743070848,9673.46,824.792,1.21243,1.28416,1.27184,0.029088,0.089728,0.016384,0.325632,0.811008,0.045224,1244819,1244819,415283,33.3609,1920,1080,raygs,triangles,1,off,0,on,-4
1781754701744234252,9674.63,823.354,1.21454,1.14582,1.13267,0.028,0.090208,0.01536,0.188416,0.810688,0.042441,1244819,1244819,415283,33.3609,1920,1080,raygs,triangles,1,off,0,on,-4
1781754701745403531,9675.79,823.282,1.21465,1.14586,1.13392,0.03008,0.089984,0.016384,0.186624,0.810848,0.042673,1244819,1244819,415283,33.3609,1920,1080,raygs,triangles,1,off,0,on,-4
1781754701746598782,9676.99,823.238,1.21472,1.14566,1.13226,0.028864,0.089568,0.016384,0.18672,0.81072,0.06232,1244819,1244819,415283,33.3609,1920,1080,raygs,triangles,1,off,0,on,-4
1781754701747784826,9678.18,823.201,1.21477,1.16819,1.15549,0.028928,0.089472,0.016384,0.20992,0.810784,0.052573,1244819,1244819,415283,33.3609,1920,1080,raygs,triangles,1,off,0,on,-4
1781754701749013120,9679.4,825.728,1.21105,1.1448,1.13264,0.030016,0.089888,0.016384,0.186368,0.809984,0.037389,1244819,1244819,415283,33.3609,1920,1080,raygs,triangles,1,off,0,on,-4
1781754701750260896,9680.65,826.552,1.20984,1.14637,1.13427,0.030112,0.089376,0.016384,0.188416,0.809984,0.043456,1244819,1244819,415283,33.3609,1920,1080,raygs,triangles,1,off,0,on,-4
1781754701751430040,9681.82,826.856,1.2094,1.14906,1.13478,0.0312,0.0888,0.01536,0.188416,0.811008,0.052074,1244819,1244819,415283,33.3609,1920,1080,raygs,triangles,1,off,0,on,-4
1781754701752564424,9682.96,827.036,1.20914,1.14637,1.13395,0.030496,0.089056,0.01536,0.188416,0.810624,0.020319,1244819,1244819,415283,33.3609,1920,1080,raygs,triangles,1,off,0,on,-4
1781754701753791946,9684.18,827.782,1.20805,1.14797,1.13674,0.0304,0.089504,0.016384,0.18944,0.811008,0.075181,1244819,1244819,415283,33.3609,1920,1080,raygs,triangles,1,off,0,on,-4
1781754701754959214,9685.35,826.922,1.2093,1.14864,1.13661,0.030144,0.088608,0.016384,0.190464,0.811008,0.054174,1244819,1244819,415283,33.3609,1920,1080,raygs,triangles,1,off,0,on,-4
1781754701756130406,9686.52,826.891,1.20935,1.14848,1.13446,0.030656,0.088896,0.01536,0.1888,0.810752,0.045628,1244819,1244819,415283,33.3609,1920,1080,raygs,triangles,1,off,0,on,-4
1781754701757288238,9687.68,828.296,1.2073,1.14787,1.13366,0.030016,0.088832,0.01536,0.188448,0.811008,0.038637,1244819,1244819,415283,33.3609,1920,1080,raygs,triangles,1,off,0,on,-4
1781754701758723817,9689.12,828.507,1.20699,1.3887,1.37754,0.03024,0.089824,0.016384,0.43008,0.811008,0.046269,1244819,1244819,415283,33.3609,1920,1080,raygs,triangles,1,off,0,on,-4
1781754701759993475,9690.38,825.568,1.21129,1.29085,1.27866,0.029632,0.089856,0.016384,0.331776,0.811008,0.016534,1244819,1244819,415283,33.3609,1920,1080,raygs,triangles,1,off,0,on,-4
1781754701761202839,9691.59,824.238,1.21324,1.14618,1.13325,0.030432,0.089952,0.015488,0.187392,0.809984,0.062283,1244819,1244819,415283,33.3609,1920,1080,raygs,triangles,1,off,0,on,-4
1781754701762478167,9692.87,824.052,1.21352,1.14739,1.13549,0.03056,0.089152,0.016384,0.187744,0.811648,0.041561,1244819,1244819,415283,33.3609,1920,1080,raygs,triangles,1,off,0,on,-4
1781754701763573614,9693.96,822.673,1.21555,1.14659,1.13485,0.029792,0.089248,0.016384,0.188416,0.811008,0.030559,1244819,1244819,415283,33.3609,1920,1080,raygs,triangles,1,off,0,on,-4
1781754701764726840,9695.12,823.554,1.21425,1.14835,1.13616,0.030496,0.089856,0.016384,0.188416,0.811008,0.053235,1244819,1244819,415283,33.3609,1920,1080,raygs,triangles,1,off,0,on,-4
1781754701765901633,9696.29,826.556,1.20984,1.14742,1.13248,0.029536,0.088352,0.01536,0.188416,0.810816,0.046444,1244819,1244819,415283,33.3609,1920,1080,raygs,triangles,1,off,0,on,-4
1781754701767358353,9697.75,828.245,1.20737,1.14762,1.13501,0.029696,0.089632,0.016192,0.187872,0.811616,0.042343,1244819,1244819,415283,33.3609,1920,1080,raygs,triangles,1,off,0,on,-4
1781754701768473678,9698.86,823.173,1.21481,1.1473,1.13456,0.030496,0.08928,0.016384,0.187392,0.811008,0.036932,1244819,1244819,415283,33.3609,1920,1080,raygs,triangles,1,off,0,on,-4
1781754701769625868,9700.02,825.238,1.21177,1.14787,1.13578,0.030304,0.089696,0.016384,0.188416,0.810976,0.036671,1244819,1244819,415283,33.3609,1920,1080,raygs,triangles,1,off,0,on,-4
1781754701770802021,9701.19,827.125,1.20901,1.14787,1.13715,0.030016,0.089696,0.016384,0.18944,0.811616,0.036905,1244819,1244819,415283,33.3609,1920,1080,raygs,triangles,1,off,0,on,-4
1781754701771961031,9702.35,826.011,1.21064,1.1463,1.13354,0.030464,0.0896,0.01536,0.187392,0.81072,0.034876,1244819,1244819,415283,33.3609,1920,1080,raygs,triangles,1,off,0,on,-4
1781754701773133129,9703.52,826.34,1.21016,1.14806,1.13603,0.030496,0.089728,0.016384,0.188416,0.811008,0.034885,1244819,1244819,415283,33.3609,1920,1080,raygs,triangles,1,off,0,on,-4
1781754701774313396,9704.7,827.577,1.20835,1.14755,1.13587,0.029728,0.0896,0.016384,0.188416,0.811744,0.036686,1244819,1244819,415283,33.3609,1920,1080,raygs,triangles,1,off,0,on,-4
1781754701775718381,9706.11,827.289,1.20877,1.38678,1.37379,0.030336,0.089056,0.01536,0.428032,0.811008,0.03488,1244819,1244819,415283,33.3609,1920,1080,raygs,triangles,1,off,0,on,-4
1781754701777027503,9707.42,824.781,1.21244,1.28611,1.27443,0.030048,0.089504,0.016384,0.326656,0.81184,0.034859,1244819,1244819,415283,33.3609,1920,1080,raygs,triangles,1,off,0,on,-4
1781754701778211996,9708.6,822.733,1.21546,1.14669,1.13232,0.029888,0.089696,0.01536,0.187392,0.809984,0.040527,1244819,1244819,415283,33.3609,1920,1080,raygs,triangles,1,off,0,on,-4
1781754701779381510,9709.77,823.107,1.21491,1.14496,1.13296,0.030208,0.088992,0.016384,0.186368,0.811008,0.034095,1244819,1244819,415283,33.3609,1920,1080,raygs,triangles,1,off,0,on,-4
1781754701780545611,9710.94,822.84,1.2153,1.14669,1.13328,0.030272,0.088512,0.016384,0.187392,0.81072,0.034245,1244819,1244819,415283,33.3609,1920,1080,raygs,triangles,1,off,0,on,-4
1781754701781720738,9712.11,823.201,1.21477,1.14954,1.13565,0.029632,0.089792,0.015648,0.190592,0.809984,0.035085,1244819,1244819,415283,33.3609,1920,1080,raygs,triangles,1,off,0,on,-4
1781754701782900265,9713.29,825.713,1.21107,1.14912,1.13754,0.030112,0.089952,0.016384,0.190464,0.810624,0.035263,1244819,1244819,415283,33.3609,1920,1080,raygs,triangles,1,off,0,on,-4
1781754701784190806,9714.58,827.486,1.20848,1.1473,1.13453,0.029984,0.08976,0.01536,0.18944,0.809984,0.034525,1244819,1244819,415283,33.3609,1920,1080,raygs,triangles,1,off,0,on,-4
1781754701785361552,9715.75,825.77,1.21099,1.14944,1.13542,0.030976,0.089536,0.015712,0.188416,0.810784,0.034653,1244819,1244819,415283,33.3609,1920,1080,raygs,triangles,1,off,0,on,-4
1781754701786537071,9716.93,826.175,1.2104,1.14701,1.13581,0.03024,0.08992,0.016384,0.188416,0.810848,0.040375,1244819,1244819,415283,33.3609,1920,1080,raygs,triangles,1,off,0,on,-4
1781754701787701012,9718.09,826.079,1.21054,1.14746,1.13469,0.030048,0.089216,0.01536,0.18944,0.810624,0.034409,1244819,1244819,415283,33.3609,1920,1080,raygs,triangles,1,off,0,on,-4
1781754701788875367,9719.27,826.068,1.21055,1.14733,1.13424,0.030496,0.089248,0.016384,0.187392,0.81072,0.034067,1244819,1244819,415283,33.3609,1920,1080,raygs,triangles,1,off,0,on,-4
1781754701790046598,9720.44,827.725,1.20813,1.14598,1.13514,0.030208,0.08944,0.016384,0.188416,0.810688,0.03397,1244819,1244819,415283,33.3609,1920,1080,raygs,triangles,1,off,0,on,-4
1781754701791230039,9721.62,827.391,1.20862,1.14883,1.13424,0.029952,0.089504,0.01536,0.18944,0.809984,0.038143,1244819,1244819,415283,33.3609,1920,1080,raygs,triangles,1,off,0,on,-4
1781754701792634649,9723.03,827.565,1.20836,1.38237,1.3711,0.030304,0.089696,0.016352,0.423936,0.810816,0.03516,1244819,1244819,415283,33.3609,1920,1080,raygs,triangles,1,off,0,on,-4
1781754701793943475,9724.33,824.912,1.21225,1.28493,1.27283,0.030176,0.089632,0.016384,0.325632,0.811008,0.034381,1244819,1244819,415283,33.3609,1920,1080,raygs,triangles,1,off,0,on,-4
1781754701795114795,9725.51,822.885,1.21524,1.14992,1.13549,0.030432,0.090496,0.01536,0.188416,0.810784,0.034294,1244819,1244819,415283,33.3609,1920,1080,raygs,triangles,1,off,0,on,-4
1781754701796338076,9726.73,823.49,1.21434,1.148,1.13581,0.030144,0.089856,0.016384,0.18944,0.809984,0.034972,1244819,1244819,415283,33.3609,1920,1080,raygs,triangles,1,off,0,on,-4
1781754701797412255,9727.8,822.541,1.21575,1.14835,1.1359,0.030144,0.088288,0.016384,0.190464,0.810624,0.031339,1244819,1244819,415283,33.3609,1920,1080,raygs,triangles,1,off,0,on,-4
1781754701798549413,9728.94,826.822,1.20945,1.14826,1.13466,0.0304,0.089664,0.016384,0.187392,0.810816,0.025997,1244819,1244819,415283,33.3609,1920,1080,raygs,triangles,1,off,0,on,-4
1781754701799856959,9730.25,828.658,1.20677,1.1457,1.13398,0.030176,0.089024,0.016224,0.187712,0.810848,0.034574,1244819,1244819,415283,33.3609,1920,1080,raygs,triangles,1,off,0,on,-4
1781754701800987873,9731.38,827.597,1.20832,1.14819,1.13731,0.03136,0.090176,0.016352,0.188416,0.811008,0.016749,1244819,1244819,415283,33.3609,1920,1080,raygs,triangles,1,off,0,on,-4
1781754701802176993,9732.57,828.024,1.20769,1.14723,1.1336,0.0304,0.08944,0.01536,0.188416,0.809984,0.039035,1244819,1244819,415283,33.3609,1920,1080,raygs,triangles,1,off,0,on,-4
1781754701803330522,9733.72,827.962,1.20779,1.14762,1.1344,0.030336,0.089184,0.015456,0.188416,0.811008,0.017793,1244819,1244819,415283,33.3609,1920,1080,raygs,triangles,1,off,0,on,-4
1781754701804502507,9734.89,827.817,1.208,1.14723,1.13418,0.0304,0.088992,0.01536,0.188416,0.811008,0.025876,1244819,1244819,415283,33.3609,1920,1080,raygs,triangles,1,off,0,on,-4
1781754701805699154,9736.09,827.804,1.20802,1.14838,1.13475,0.029504,0.089344,0.01648,0.18944,0.809984,0.037563,1244819,1244819,415283,33.3609,1920,1080,raygs,triangles,1,off,0,on,-4
1781754701806888877,9737.28,829.17,1.20603,1.14906,1.13699,0.030144,0.088864,0.016384,0.190624,0.810976,0.02959,1244819,1244819,415283,33.3609,1920,1080,raygs,triangles,1,off,0,on,-4
1781754701808247392,9738.64,829.052,1.2062,1.32621,1.31347,0.030208,0.088704,0.01536,0.36864,0.81056,0.028886,1244819,1244819,415283,33.3609,1920,1080,raygs,triangles,1,off,0,on,-4
1781754701809527057,9739.92,826.571,1.20982,1.30179,1.29088,0.030336,0.089408,0.167936,0.192512,0.810688,0.018952,1244819,1244819,415283,33.3609,1920,1080,raygs,triangles,1,off,0,on,-4
1781754701810701198,9741.09,825.817,1.21092,1.14835,1.13434,0.030464,0.089472,0.016256,0.187392,0.810752,0.026176,1244819,1244819,415283,33.3609,1920,1080,raygs,triangles,1,off,0,on,-4
1781754701811896047,9742.29,825.397,1.21154,1.14598,1.13357,0.0304,0.089408,0.016384,0.187392,0.809984,0.037034,1244819,1244819,415283,33.3609,1920,1080,raygs,triangles,1,off,0,on,-4
1781754701813053689,9743.44,825.669,1.21114,1.14653,1.13264,0.029632,0.089248,0.016384,0.187392,0.809984,0.0203,1244819,1244819,415283,33.3609,1920,1080,raygs,triangles,1,off,0,on,-4
1781754701814250884,9744.64,826.026,1.21062,1.14986,1.13738,0.030976,0.089472,0.01536,0.189568,0.812,0.040884,1244819,1244819,415283,33.3609,1920,1080,raygs,triangles,1,off,0,on,-4
1781754701815459350,9745.85,827.614,1.20829,1.14598,1.13293,0.030176,0.088832,0.01552,0.187392,0.811008,0.032275,1244819,1244819,415283,33.3609,1920,1080,raygs,triangles,1,off,0,on,-4
1781754701816735432,9747.13,828.841,1.2065,1.14714,1.13475,0.030464,0.089504,0.01536,0.188416,0.811008,0.031545,1244819,1244819,415283,33.3609,1920,1080,raygs,triangles,1,off,0,on,-4
1781754701817854769,9748.25,827.523,1.20843,1.14874,1.13562,0.03088,0.089952,0.016384,0.188416,0.809984,0.017127,1244819,1244819,415283,33.3609,1920,1080,raygs,triangles,1,off,0,on,-4
1781754701819030368,9749.42,828.141,1.20752,1.14797,1.13565,0.030144,0.089696,0.016384,0.188416,0.811008,0.026261,1244819,1244819,415283,33.3609,1920,1080,raygs,triangles,1,off,0,on,-4
1781754701820378823,9750.77,828.414,1.20713,1.14608,1.13286,0.03024,0.088832,0.01536,0.187552,0.81088,0.04074,1244819,1244819,415283,33.3609,1920,1080,raygs,triangles,1,off,0,on,-4
1781754701821504827,9751.9,826.471,1.20996,1.1487,1.13677,0.030848,0.089216,0.016384,0.18944,0.81088,0.016489,1244819,1244819,415283,33.3609,1920,1080,raygs,triangles,1,off,0,on,-4
1781754701822682545,9753.07,827.748,1.2081,1.14778,1.13424,0.02992,0.089408,0.01536,0.188864,0.810688,0.026054,1244819,1244819,415283,33.3609,1920,1080,raygs,triangles,1,off,0,on,-4
1781754701823875501,9754.27,828.521,1.20697,1.14819,1.13571,0.030336,0.089568,0.01536,0.18944,0.811008,0.035541,1244819,1244819,415283,33.3609,1920,1080,raygs,triangles,1,off,0,on,-4
1781754701825272551,9755.66,828.222,1.20741,1.14614,1.13206,0.030336,0.088992,0.01536,0.187392,0.809984,0.036568,1244819,1244819,415283,33.3609,1920,1080,raygs,triangles,1,off,0,on,-4
1781754701826532944,9756.92,825.28,1.21171,1.14669,1.13328,0.03088,0.08864,0.016384,0.187392,0.809984,0.017215,1244819,1244819,415283,33.3609,1920,1080,raygs,triangles,1,off,0,on,-4
1781754701827702029,9758.09,824.848,1.21234,1.15229,1.14058,0.035456,0.090336,0.016384,0.187392,0.811008,0.026616,1244819,1244819,415283,33.3609,1920,1080,raygs,triangles,1,off,0,on,-4
1781754701828872019,9759.26,824.912,1.21225,1.14778,1.13658,0.029952,0.089792,0.016384,0.18944,0.811008,0.025749,1244819,1244819,415283,33.3609,1920,1080,raygs,triangles,1,off,0,on,-4
1781754701830047609,9760.44,824.881,1.2123,1.14653,1.1352,0.029728,0.089504,0.016384,0.188704,0.81088,0.025981,1244819,1244819,415283,33.3609,1920,1080,raygs,triangles,1,off,0,on,-4
1781754701831242822,9761.63,824.625,1.21267,1.16867,1.15565,0.030496,0.0888,0.01536,0.209984,0.811008,0.025696,1244819,1244819,415283,33.3609,1920,1080,raygs,triangles,1,off,0,on,-4
1781754701832462058,9762.85,827.407,1.20859,1.14762,1.13686,0.029792,0.0896,0.016384,0.18944,0.811648,0.043419,1244819,1244819,415283,33.3609,1920,1080,raygs,triangles,1,off,0,on,-4
1781754701833742511,9764.13,827.99,1.20774,1.1457,1.13309,0.029888,0.088704,0.016128,0.187392,0.810976,0.028137,1244819,1244819,415283,33.3609,1920,1080,raygs,triangles,1,off,0,on,-4
1781754701834876403,9765.27,827.086,1.20906,1.14768,1.13555,0.03088,0.089504,0.01552,0.188832,0.810816,0.016389,1244819,1244819,415283,33.3609,1920,1080,raygs,triangles,1,off,0,on,-4
1781754701836062598,9766.45,828.938,1.20636,1.1489,1.1376,0.030048,0.089568,0.016384,0.190592,0.811008,0.032103,1244819,1244819,415283,33.3609,1920,1080,raygs,triangles,1,off,0,on,-4
1781754701837230556,9767.62,827.691,1.20818,1.14506,1.13155,0.030272,0.089376,0.015552,0.186368,0.809984,0.026362,1244819,1244819,415283,33.3609,1920,1080,raygs,triangles,1,off,0,on,-4
1781754701838396484,9768.79,827.579,1.20834,1.14787,1.13507,0.030016,0.089312,0.01632,0.18944,0.809984,0.025535,1244819,1244819,415283,33.3609,1920,1080,raygs,triangles,1,off,0,on,-4
1781754701839599331,9769.99,827.688,1.20819,1.1488,1.13613,0.029952,0.089344,0.016384,0.18944,0.811008,0.035658,1244819,1244819,415283,33.3609,1920,1080,raygs,triangles,1,off,0,on,-4
1781754701840745129,9771.14,832.45,1.20127,1.1479,1.13555,0.030432,0.089504,0.016128,0.18848,0.811008,0.018046,1244819,1244819,415283,33.3609,1920,1080,raygs,triangles,1,off,0,on,-4
1781754701842234092,9772.63,830.544,1.20403,1.38976,1.37837,0.030208,0.089824,0.016384,0.431104,0.810848,0.043255,1244819,1244819,415283,33.3609,1920,1080,raygs,triangles,1,off,0,on,-4
1781754701843463653,9773.85,826.615,1.20975,1.28701,1.27424,0.029888,0.08912,0.01552,0.328704,0.811008,0.016359,1244819,1244819,415283,33.3609,1920,1080,raygs,triangles,1,off,0,on,-4
1781754701844663491,9775.05,826.097,1.21051,1.14688,1.13379,0.030208,0.091008,0.01536,0.186368,0.810848,0.033596,1244819,1244819,415283,33.3609,1920,1080,raygs,triangles,1,off,0,on,-4
1781754701845807295,9776.2,825.527,1.21135,1.14701,1.13386,0.030176,0.08896,0.016384,0.187392,0.810944,0.018453,1244819,1244819,415283,33.3609,1920,1080,raygs,triangles,1,off,0,on,-4
1781754701846976783,9777.37,825.946,1.21073,1.14544,1.13296,0.029632,0.089568,0.016384,0.186368,0.811008,0.024425,1244819,1244819,415283,33.3609,1920,1080,raygs,triangles,1,off,0,on,-4
1781754701848148907,9778.54,826.05,1.21058,1.14733,1.13261,0.029472,0.089152,0.015584,0.188416,0.809984,0.024178,1244819,1244819,415283,33.3609,1920,1080,raygs,triangles,1,off,0,on,-4
1781754701849376516,9779.77,828.716,1.20669,1.14816,1.13674,0.030528,0.08976,0.016384,0.18944,0.810624,0.039092,1244819,1244819,415283,33.3609,1920,1080,raygs,triangles,1,off,0,on,-4
1781754701850647875,9781.04,829.562,1.20546,1.14749,1.13568,0.030656,0.089152,0.016384,0.188832,0.810656,0.024385,1244819,1244819,415283,33.3609,1920,1080,raygs,triangles,1,off,0,on,-4
1781754701851826158,9782.22,828.588,1.20687,1.14848,1.1353,0.030656,0.088704,0.016384,0.1888,0.810752,0.029797,1244819,1244819,415283,33.3609,1920,1080,raygs,triangles,1,off,0,on,-4
1781754701852968074,9783.36,828.484,1.20702,1.14992,1.13837,0.030496,0.089312,0.016384,0.191488,0.810688,0.017661,1244819,1244819,415283,33.3609,1920,1080,raygs,triangles,1,off,0,on,-4
1781754701854140342,9784.53,828.869,1.20646,1.14579,1.13478,0.0304,0.0896,0.016384,0.188416,0.809984,0.024917,1244819,1244819,415283,33.3609,1920,1080,raygs,triangles,1,off,0,on,-4
1781754701855317681,9785.71,828.89,1.20643,1.14611,1.13466,0.030336,0.089536,0.016384,0.187392,0.811008,0.029075,1244819,1244819,415283,33.3609,1920,1080,raygs,triangles,1,off,0,on,-4
1781754701856488303,9786.88,828.854,1.20648,1.14912,1.13786,0.03024,0.08976,0.016384,0.190464,0.811008,0.025159,1244819,1244819,415283,33.3609,1920,1080,raygs,triangles,1,off,0,on,-4
1781754701857675823,9788.07,830.279,1.20441,1.14614,1.13402,0.030336,0.08912,0.016384,0.187392,0.810784,0.034202,1244819,1244819,415283,33.3609,1920,1080,raygs,triangles,1,off,0,on,-4
1781754701859117093,9789.51,830.024,1.20478,1.38714,1.37347,0.030688,0.089056,0.015712,0.428032,0.809984,0.031424,1244819,1244819,415283,33.3609,1920,1080,raygs,triangles,1,off,0,on,-4
1781754701860374482,9790.77,826.943,1.20927,1.28525,1.27126,0.030208,0.088672,0.015744,0.326656,0.809984,0.015344,1244819,1244819,415283,33.3609,1920,1080,raygs,triangles,1,off,0,on,-4
1781754701861575969,9791.97,825.92,1.21077,1.14803,1.13363,0.030176,0.090624,0.01536,0.187744,0.809728,0.034028,1244819,1244819,415283,33.3609,1920,1080,raygs,triangles,1,off,0,on,-4
1781754701862734773,9793.13,825.599,1.21124,1.14723,1.13488,0.030432,0.089472,0.015552,0.188416,0.811008,0.019981,1244819,1244819,415283,33.3609,1920,1080,raygs,triangles,1,off,0,on,-4
1781754701863911244,9794.3,825.718,1.21107,1.14662,1.13498,0.030016,0.089344,0.016384,0.188416,0.810816,0.026104,1244819,1244819,415283,33.3609,1920,1080,raygs,triangles,1,off,0,on,-4
1781754701865084948,9795.48,825.791,1.21096,1.14698,1.13299,0.030208,0.088896,0.015392,0.187776,0.81072,0.027557,1244819,1244819,415283,33.3609,1920,1080,raygs,triangles,1,off,0,on,-4
1781754701866453832,9796.85,828.45,1.20707,1.14685,1.13459,0.030016,0.089792,0.016384,0.188416,0.809984,0.040607,1244819,1244819,415283,33.3609,1920,1080,raygs,triangles,1,off,0,on,-4
1781754701867545572,9797.94,827.683,1.20819,1.14746,1.13491,0.030656,0.088832,0.01536,0.18944,0.810624,0.015554,1244819,1244819,415283,33.3609,1920,1080,raygs,triangles,1,off,0,on,-4
1781754701868739102,9799.13,828.681,1.20674,1.1489,1.13763,0.030048,0.089728,0.016384,0.190464,0.811008,0.036176,1244819,1244819,415283,33.3609,1920,1080,raygs,triangles,1,off,0,on,-4
1781754701869883360,9800.27,829.123,1.20609,1.14934,1.13635,0.030496,0.089152,0.016384,0.18944,0.81088,0.018687,1244819,1244819,415283,33.3609,1920,1080,raygs,triangles,1,off,0,on,-4
1781754701871067031,9801.46,828.16,1.2075,1.14669,1.13315,0.029888,0.089664,0.016224,0.187392,0.809984,0.026768,1244819,1244819,415283,33.3609,1920,1080,raygs,triangles,1,off,0,on,-4
1781754701872237176,9802.63,827.426,1.20857,1.14851,1.136,0.029632,0.089536,0.016384,0.18944,0.811008,0.026085,1244819,1244819,415283,33.3609,1920,1080,raygs,triangles,1,off,0,on,-4
1781754701873413585,9803.8,829.08,1.20616,1.14733,1.13434,0.030528,0.089024,0.016384,0.187392,0.811008,0.026142,1244819,1244819,415283,33.3609,1920,1080,raygs,triangles,1,off,0,on,-4
1781754701874621625,9805.01,828.443,1.20708,1.15046,1.13798,0.030272,0.089152,0.01616,0.191488,0.810912,0.036281,1244819,1244819,415283,33.3609,1920,1080,raygs,triangles,1,off,0,on,-4
1781754701876024898,9806.42,828.235,1.20739,1.33456,1.32243,0.030336,0.08992,0.016384,0.375808,0.809984,0.029898,1244819,1244819,415283,33.3609,1920,1080,raygs,triangles,1,off,0,on,-4
1781754701877306486,9807.7,825.31,1.21167,1.31936,1.30739,0.030496,0.25904,0.01536,0.191488,0.811008,0.023786,1244819,1244819,415283,33.3609,1920,1080,raygs,triangles,1,off,0,on,-4
1781754701878458196,9808.85,824.144,1.21338,1.14803,1.1345,0.030208,0.08928,0.01552,0.188608,0.81088,0.020003,1244819,1244819,415283,33.3609,1920,1080,raygs,triangles,1,off,0,on,-4
1781754701879633010,9810.02,824.701,1.21256,1.14598,1.13286,0.030176,0.088736,0.015552,0.187392,0.811008,0.025981,1244819,1244819,415283,33.3609,1920,1080,raygs,triangles,1,off,0,on,-4
1781754701880809365,9811.2,824.884,1.21229,1.14685,1.13459,0.029984,0.0888,0.016384,0.188416,0.811008,0.025897,1244819,1244819,415283,33.3609,1920,1080,raygs,triangles,1,off,0,on,-4
1781754701882017868,9812.41,826.991,1.2092,1.14746,1.13626,0.030304,0.08912,0.016384,0.18944,0.811008,0.041966,1244819,1244819,415283,33.3609,1920,1080,raygs,triangles,1,off,0,on,-4
1781754701883321231,9813.71,827.795,1.20803,1.14867,1.13712,0.029792,0.089472,0.016384,0.190464,0.811008,0.029656,1244819,1244819,415283,33.3609,1920,1080,raygs,triangles,1,off,0,on,-4
1781754701884442562,9814.83,826.184,1.21038,1.14922,1.13683,0.031424,0.089856,0.01536,0.18944,0.810752,0.016138,1244819,1244819,415283,33.3609,1920,1080,raygs,triangles,1,off,0,on,-4
1781754701885623089,9816.01,827.089,1.20906,1.14909,1.13613,0.030208,0.090016,0.016384,0.188512,0.811008,0.026842,1244819,1244819,415283,33.3609,1920,1080,raygs,triangles,1,off,0,on,-4
1781754701886805851,9817.2,826.825,1.20945,1.14835,1.13536,0.030368,0.089184,0.016384,0.18944,0.809984,0.027559,1244819,1244819,415283,33.3609,1920,1080,raygs,triangles,1,off,0,on,-4
1781754701888015561,9818.41,827.036,1.20914,1.14781,1.13546,0.030176,0.089632,0.016224,0.188416,0.811008,0.044843,1244819,1244819,415283,33.3609,1920,1080,raygs,triangles,1,off,0,on,-4
1781754701889548715,9819.94,825.597,1.21124,1.14717,1.13507,0.030368,0.088992,0.016288,0.188416,0.811008,0.051781,1244819,1244819,415283,33.3609,1920,1080,raygs,triangles,1,off,0,on,-4
1781754701890747789,9821.14,823.49,1.21434,1.14976,1.1383,0.031328,0.090176,0.016384,0.18944,0.810976,0.051679,1244819,1244819,415283,33.3609,1920,1080,raygs,triangles,1,off,0,on,-4
1781754701892025172,9822.42,822.378,1.21599,1.14598,1.1337,0.030176,0.089856,0.016288,0.186368,0.811008,0.051389,1244819,1244819,415283,33.3609,1920,1080,raygs,triangles,1,off,0,on,-4
1781754701893314846,9823.71,821.464,1.21734,1.16893,1.15312,0.046688,0.089536,0.016384,0.1888,0.811712,0.036434,1244819,1244819,415283,33.3609,1920,1080,raygs,triangles,1,off,0,on,-4
1781754701894368731,9824.76,822.413,1.21593,1.15094,1.1385,0.035136,0.089824,0.016384,0.186368,0.810784,0.031676,1244819,1244819,415283,33.3609,1920,1080,raygs,triangles,1,off,0,on,-4
1781754701895492796,9825.88,823.388,1.21449,1.14771,1.13235,0.029856,0.089376,0.01536,0.187776,0.809984,0.028398,1244819,1244819,415283,33.3609,1920,1080,raygs,triangles,1,off,0,on,-4
1781754701896648899,9827.04,824,1.21359,1.14778,1.13386,0.029952,0.088768,0.015712,0.18944,0.809984,0.027773,1244819,1244819,415283,33.3609,1920,1080,raygs,triangles,1,off,0,on,-4
1781754701897832686,9828.22,824.435,1.21295,1.16086,1.14768,0.03072,0.089696,0.015552,0.201728,0.809984,0.025979,1244819,1244819,415283,33.3609,1920,1080,raygs,triangles,1,off,0,on,-4
1781754701899036172,9829.43,826.937,1.20928,1.14605,1.1344,0.030272,0.089536,0.016384,0.187392,0.810816,0.035016,1244819,1244819,415283,33.3609,1920,1080,raygs,triangles,1,off,0,on,-4
1781754701900284920,9830.68,827.52,1.20843,1.14858,1.13498,0.029664,0.089344,0.015584,0.18944,0.810944,0.015524,1244819,1244819,415283,33.3609,1920,1080,raygs,triangles,1,off,0,on,-4
1781754701901475238,9831.87,826.567,1.20982,1.15014,1.13846,0.031616,0.08944,0.016384,0.190464,0.81056,0.037049,1244819,1244819,415283,33.3609,1920,1080,raygs,triangles,1,off,0,on,-4
1781754701902629402,9833.02,826.367,1.21012,1.1472,1.13315,0.030368,0.08912,0.01536,0.187392,0.810912,0.01985,1244819,1244819,415283,33.3609,1920,1080,raygs,triangles,1,off,0,on,-4
1781754701903809564,9834.2,826.638,1.20972,1.14637,1.1336,0.0304,0.089408,0.015392,0.187392,0.811008,0.025836,1244819,1244819,415283,33.3609,1920,1080,raygs,triangles,1,off,0,on,-4
1781754701904979978,9835.37,826.794,1.20949,1.14912,1.1361,0.03024,0.08992,0.016384,0.188736,0.810816,0.026435,1244819,1244819,415283,33.3609,1920,1080,raygs,triangles,1,off,0,on,-4
1781754701906149123,9836.54,827.468,1.20851,1.14704,1.13466,0.030208,0.089888,0.016384,0.187392,0.810784,0.026169,1244819,1244819,415283,33.3609,1920,1080,raygs,triangles,1,off,0,on,-4
1781754701907320089,9837.71,828.679,1.20674,1.14755,1.13606,0.029696,0.089536,0.016384,0.18944,0.811008,0.025361,1244819,1244819,415283,33.3609,1920,1080,raygs,triangles,1,off,0,on,-4
1781754701908725153,9839.12,828.154,1.20751,1.37786,1.36547,0.029632,0.089472,0.016384,0.419008,0.810976,0.024896,1244819,1244819,415283,33.3609,1920,1080,raygs,triangles,1,off,0,on,-4
1781754701910045853,9840.44,825.788,1.21096,1.28467,1.2719,0.0296,0.08928,0.016384,0.325632,0.811008,0.034128,1244819,1244819,415283,33.3609,1920,1080,raygs,triangles,1,off,0,on,-4
1781754701911237090,9841.63,823.936,1.21369,1.14842,1.13661,0.030464,0.090784,0.016384,0.188416,0.81056,0.031653,1244819,1244819,415283,33.3609,1920,1080,raygs,triangles,1,off,0,on,-4
1781754701912380802,9842.77,823.686,1.21405,1.14755,1.13363,0.030272,0.089824,0.01536,0.188416,0.80976,0.019231,1244819,1244819,415283,33.3609,1920,1080,raygs,triangles,1,off,0,on,-4
1781754701913581305,9843.97,824.392,1.21301,1.14749,1.13546,0.030176,0.089472,0.016384,0.188416,0.811008,0.03794,1244819,1244819,415283,33.3609,1920,1080,raygs,triangles,1,off,0,on,-4
1781754701914726481,9845.12,823.765,1.21394,1.14826,1.13379,0.030496,0.088832,0.01536,0.188416,0.810688,0.017685,1244819,1244819,415283,33.3609,1920,1080,raygs,triangles,1,off,0,on,-4
1781754701915903012,9846.29,827.708,1.20816,1.14675,1.13494,0.030656,0.089504,0.016384,0.187392,0.811008,0.026595,1244819,1244819,415283,33.3609,1920,1080,raygs,triangles,1,off,0,on,-4
1781754701917189996,9847.58,828.237,1.20738,1.14634,1.13363,0.029504,0.089344,0.016384,0.188416,0.809984,0.025593,1244819,1244819,415283,33.3609,1920,1080,raygs,triangles,1,off,0,on,-4
1781754701918389838,9848.78,827.19,1.20891,1.14982,1.13645,0.030976,0.089664,0.016384,0.18944,0.809984,0.037037,1244819,1244819,415283,33.3609,1920,1080,raygs,triangles,1,off,0,on,-4
1781754701919531847,9849.92,826.635,1.20972,1.14765,1.13626,0.029792,0.089632,0.016384,0.18944,0.811008,0.017522,1244819,1244819,415283,33.3609,1920,1080,raygs,triangles,1,off,0,on,-4
1781754701920707001,9851.1,826.914,1.20932,1.14819,1.13507,0.03072,0.088576,0.015744,0.18944,0.810592,0.02536,1244819,1244819,415283,33.3609,1920,1080,raygs,triangles,1,off,0,on,-4
1781754701921890188,9852.28,826.866,1.20939,1.14755,1.13443,0.030048,0.089536,0.01632,0.187872,0.810656,0.026773,1244819,1244819,415283,33.3609,1920,1080,raygs,triangles,1,off,0,on,-4
1781754701923077849,9853.47,827.419,1.20858,1.14678,1.13411,0.029952,0.088736,0.01536,0.18944,0.810624,0.035151,1244819,1244819,415283,33.3609,1920,1080,raygs,triangles,1,off,0,on,-4
1781754701924232230,9854.62,828.416,1.20712,1.14733,1.13389,0.029472,0.089472,0.01552,0.188416,0.811008,0.019673,1244819,1244819,415283,33.3609,1920,1080,raygs,triangles,1,off,0,on,-4
1781754701925642955,9856.03,828.676,1.20674,1.38602,1.37402,0.030592,0.089888,0.016384,0.426176,0.810976,0.024425,1244819,1244819,415283,33.3609,1920,1080,raygs,triangles,1,off,0,on,-4
1781754701926973306,9857.36,825.588,1.21126,1.28698,1.27562,0.029888,0.089632,0.016384,0.328704,0.811008,0.034845,1244819,1244819,415283,33.3609,1920,1080,raygs,triangles,1,off,0,on,-4
1781754701928162246,9858.55,823.755,1.21395,1.14662,1.13501,0.029792,0.089792,0.016384,0.188416,0.810624,0.034263,1244819,1244819,415283,33.3609,1920,1080,raygs,triangles,1,off,0,on,-4
1781754701929295681,9859.69,823.603,1.21418,1.14774,1.13664,0.030208,0.0896,0.016384,0.18944,0.811008,0.015496,1244819,1244819,415283,33.3609,1920,1080,raygs,triangles,1,off,0,on,-4
1781754701930493831,9860.89,824.053,1.21351,1.14646,1.13405,0.030688,0.089696,0.015552,0.187392,0.81072,0.034863,1244819,1244819,415283,33.3609,1920,1080,raygs,triangles,1,off,0,on,-4
1781754701931642022,9862.03,823.932,1.21369,1.14835,1.13453,0.029472,0.08944,0.016192,0.18944,0.809984,0.01984,1244819,1244819,415283,33.3609,1920,1080,raygs,triangles,1,off,0,on,-4
1781754701932822289,9863.21,827.311,1.20873,1.14685,1.13245,0.030048,0.088832,0.01536,0.188416,0.809792,0.025953,1244819,1244819,415283,33.3609,1920,1080,raygs,triangles,1,off,0,on,-4
1781754701934108807,9864.5,828.148,1.20751,1.14781,1.1335,0.029952,0.088608,0.01552,0.18944,0.809984,0.025282,1244819,1244819,415283,33.3609,1920,1080,raygs,triangles,1,off,0,on,-4
1781754701935293558,9865.68,827.186,1.20892,1.14835,1.13558,0.030496,0.089472,0.016192,0.188416,0.811008,0.035287,1244819,1244819,415283,33.3609,1920,1080,raygs,triangles,1,off,0,on,-4
1781754701936452019,9866.84,826.824,1.20945,1.14944,1.1359,0.03056,0.089536,0.01536,0.190464,0.809984,0.01895,1244819,1244819,415283,33.3609,1920,1080,raygs,triangles,1,off,0,on,-4
1781754701937627000,9868.02,827.147,1.20898,1.1481,1.13453,0.030208,0.088832,0.016384,0.188416,0.810688,0.029915,1244819,1244819,415283,33.3609,1920,1080,raygs,triangles,1,off,0,on,-4
1781754701938822706,9869.21,827.102,1.20904,1.14765,1.13472,0.029792,0.089472,0.016384,0.188416,0.810656,0.037441,1244819,1244819,415283,33.3609,1920,1080,raygs,triangles,1,off,0,on,-4
1781754701940007341,9870.4,829.108,1.20612,1.15126,1.13914,0.030368,0.089888,0.016384,0.191488,0.811008,0.031688,1244819,1244819,415283,33.3609,1920,1080,raygs,triangles,1,off,0,on,-4
1781754701941154605,9871.55,827.96,1.20779,1.14986,1.13616,0.029888,0.089696,0.016128,0.18944,0.811008,0.017412,1244819,1244819,415283,33.3609,1920,1080,raygs,triangles,1,off,0,on,-4
1781754701942603169,9872.99,828.483,1.20703,1.38851,1.37632,0.030048,0.089696,0.016384,0.429536,0.810656,0.039822,1244819,1244819,415283,33.3609,1920,1080,raygs,triangles,1,off,0,on,-4
1781754701943888621,9874.28,825.049,1.21205,1.2865,1.27526,0.030528,0.089792,0.016384,0.32768,0.81088,0.01611,1244819,1244819,415283,33.3609,1920,1080,raygs,triangles,1,off,0,on,-4
1781754701945082537,9875.47,823.855,1.21381,1.14934,1.13674,0.02944,0.090464,0.016384,0.18944,0.811008,0.038892,1244819,1244819,415283,33.3609,1920,1080,raygs,triangles,1,off,0,on,-4
1781754701946309450,9876.7,823.557,1.21425,1.14656,1.13414,0.0304,0.089312,0.016384,0.187392,0.810656,0.035514,1244819,1244819,415283,33.3609,1920,1080,raygs,triangles,1,off,0,on,-4
1781754701947405389,9877.8,822.995,1.21507,1.14826,1.1353,0.030304,0.089024,0.016384,0.188864,0.81072,0.017331,1244819,1244819,415283,33.3609,1920,1080,raygs,triangles,1,off,0,on,-4
1781754701948592617,9878.98,824.352,1.21307,1.14694,1.13318,0.030112,0.088928,0.015744,0.188416,0.809984,0.036099,1244819,1244819,415283,33.3609,1920,1080,raygs,triangles,1,off,0,on,-4
1781754701949926757,9880.32,826.87,1.20938,1.14653,1.13402,0.029728,0.089504,0.016384,0.187392,0.811008,0.042394,1244819,1244819,415283,33.3609,1920,1080,raygs,triangles,1,off,0,on,-4
1781754701951041745,9881.43,826.161,1.21042,1.14848,1.13603,0.030624,0.088576,0.016384,0.18944,0.811008,0.015505,1244819,1244819,415283,33.3609,1920,1080,raygs,triangles,1,off,0,on,-4
1781754701952244899,9882.64,826.557,1.20984,1.14669,1.13405,0.029888,0.089568,0.01632,0.187392,0.81088,0.040326,1244819,1244819,415283,33.3609,1920,1080,raygs,triangles,1,off,0,on,-4
1781754701953388367,9883.78,826.264,1.21027,1.14739,1.13325,0.030592,0.089152,0.01536,0.187392,0.810752,0.016777,1244819,1244819,415283,33.3609,1920,1080,raygs,triangles,1,off,0,on,-4
1781754701954608233,9885,826.618,1.20975,1.14874,1.13472,0.029856,0.089824,0.015424,0.188704,0.810912,0.043941,1244819,1244819,415283,33.3609,1920,1080,raygs,triangles,1,off,0,on,-4
1781754701955773243,9886.16,826.492,1.20993,1.14803,1.13504,0.030176,0.089344,0.016384,0.188416,0.81072,0.032777,1244819,1244819,415283,33.3609,1920,1080,raygs,triangles,1,off,0,on,-4
1781754701956933644,9887.32,828.151,1.20751,1.14749,1.13418,0.030272,0.088256,0.016384,0.188416,0.810848,0.028445,1244819,1244819,415283,33.3609,1920,1080,raygs,triangles,1,off,0,on,-4
1781754701958076767,9888.47,827.678,1.2082,1.14906,1.13795,0.030208,0.089888,0.016384,0.190464,0.811008,0.020155,1244819,1244819,415283,33.3609,1920,1080,raygs,triangles,1,off,0,on,-4
1781754701959481060,9889.87,828.067,1.20763,1.34851,1.33347,0.029824,0.089184,0.01536,0.38912,0.809984,0.041579,1244819,1244819,415283,33.3609,1920,1080,raygs,triangles,1,off,0,on,-4
1781754701960749384,9891.14,825.569,1.21129,1.27469,1.26122,0.029888,0.216544,0.01536,0.18944,0.809984,0.015919,1244819,1244819,415283,33.3609,1920,1080,raygs,triangles,1,off,0,on,-4
1781754701962056539,9892.45,826.302,1.21021,1.14896,1.13747,0.030112,0.08992,0.016384,0.190464,0.810592,0.025562,1244819,1244819,415283,33.3609,1920,1080,raygs,triangles,1,off,0,on,-4
1781754701963257701,9893.65,828.084,1.20761,1.14762,1.13603,0.030784,0.08944,0.016384,0.188416,0.811008,0.03817,1244819,1244819,415283,33.3609,1920,1080,raygs,triangles,1,off,0,on,-4
1781754701964393506,9894.78,828.257,1.20735,1.1463,1.13347,0.030368,0.089344,0.01536,0.187392,0.811008,0.016397,1244819,1244819,415283,33.3609,1920,1080,raygs,triangles,1,off,0,on,-4
1781754701965618760,9896.01,829.59,1.20542,1.14954,1.13562,0.0304,0.089152,0.01552,0.189888,0.810656,0.045807,1244819,1244819,415283,33.3609,1920,1080,raygs,triangles,1,off,0,on,-4
1781754701966858759,9897.25,830.08,1.2047,1.14877,1.1359,0.030432,0.089664,0.016384,0.18944,0.809984,0.016667,1244819,1244819,415283,33.3609,1920,1080,raygs,triangles,1,off,0,on,-4
1781754701968035216,9898.43,827.719,1.20814,1.14832,1.13514,0.031072,0.08928,0.01536,0.188416,0.811008,0.025926,1244819,1244819,415283,33.3609,1920,1080,raygs,triangles,1,off,0,on,-4
1781754701969225489,9899.62,827.123,1.20901,1.14784,1.13715,0.031008,0.089312,0.016384,0.18944,0.811008,0.038367,1244819,1244819,415283,33.3609,1920,1080,raygs,triangles,1,off,0,on,-4
1781754701970427147,9900.82,826.726,1.20959,1.14704,1.13318,0.030208,0.089216,0.01536,0.188416,0.809984,0.034289,1244819,1244819,415283,33.3609,1920,1080,raygs,triangles,1,off,0,on,-4
1781754701971555972,9901.95,826.547,1.20985,1.1473,1.13318,0.030176,0.089248,0.01536,0.188416,0.809984,0.01529,1244819,1244819,415283,33.3609,1920,1080,raygs,triangles,1,off,0,on,-4
1781754701972725138,9903.12,827.306,1.20874,1.14675,1.13453,0.029952,0.089792,0.016384,0.188416,0.809984,0.025101,1244819,1244819,415283,33.3609,1920,1080,raygs,triangles,1,off,0,on,-4
1781754701973904153,9904.3,828.311,1.20728,1.14934,1.13811,0.029472,0.089312,0.016256,0.191488,0.811584,0.026455,1244819,1244819,415283,33.3609,1920,1080,raygs,triangles,1,off,0,on,-4
1781754701975320491,9905.71,828.393,1.20716,1.38694,1.37322,0.029504,0.089696,0.01536,0.428032,0.810624,0.02645,1244819,1244819,415283,33.3609,1920,1080,raygs,triangles,1,off,0,on,-4
1781754701976620616,9907.01,825.427,1.21149,1.28618,1.2727,0.030144,0.089536,0.01536,0.32768,0.809984,0.025385,1244819,1244819,415283,33.3609,1920,1080,raygs,triangles,1,off,0,on,-4
1781754701977799206,9908.19,824.072,1.21349,1.14986,1.13725,0.029984,0.09056,0.016384,0.18944,0.81088,0.026543,1244819,1244819,415283,33.3609,1920,1080,raygs,triangles,1,off,0,on,-4
1781754701978980371,9909.37,823.975,1.21363,1.14723,1.1336,0.030432,0.089472,0.01536,0.187392,0.810944,0.033268,1244819,1244819,415283,33.3609,1920,1080,raygs,triangles,1,off,0,on,-4
1781754701980132920,9910.52,823.821,1.21386,1.14755,1.13363,0.03072,0.089152,0.01536,0.188416,0.809984,0.018671,1244819,1244819,415283,33.3609,1920,1080,raygs,triangles,1,off,0,on,-4
1781754701981343725,9911.74,824.041,1.21353,1.17136,1.15901,0.030368,0.088992,0.01552,0.21312,0.811008,0.027961,1244819,1244819,415283,33.3609,1920,1080,raygs,triangles,1,off,0,on,-4
1781754701982509819,9912.9,826.243,1.2103,1.14707,1.13427,0.03024,0.089504,0.01536,0.187392,0.811776,0.030889,1244819,1244819,415283,33.3609,1920,1080,raygs,triangles,1,off,0,on,-4
1781754701983797745,9914.19,828.037,1.20768,1.14691,1.13386,0.030112,0.089056,0.01536,0.188416,0.810912,0.025559,1244819,1244819,415283,33.3609,1920,1080,raygs,triangles,1,off,0,on,-4
1781754701984964864,9915.36,826.886,1.20936,1.1496,1.13507,0.030752,0.089408,0.01536,0.188736,0.810816,0.025286,1244819,1244819,415283,33.3609,1920,1080,raygs,triangles,1,off,0,on,-4
1781754701986142356,9916.53,826.625,1.20974,1.14781,1.13414,0.029952,0.089408,0.01536,0.18944,0.809984,0.025957,1244819,1244819,415283,33.3609,1920,1080,raygs,triangles,1,off,0,on,-4
1781754701987313847,9917.71,826.886,1.20936,1.1473,1.13363,0.029472,0.08944,0.01632,0.188416,0.809984,0.024825,1244819,1244819,415283,33.3609,1920,1080,raygs,triangles,1,off,0,on,-4
1781754701988495055,9918.89,826.597,1.20978,1.14858,1.13638,0.029696,0.089312,0.016384,0.18944,0.811552,0.027551,1244819,1244819,415283,33.3609,1920,1080,raygs,triangles,1,off,0,on,-4
1781754701989663143,9920.05,826.519,1.20989,1.14838,1.13491,0.030528,0.0896,0.01536,0.18944,0.809984,0.02625,1244819,1244819,415283,33.3609,1920,1080,raygs,triangles,1,off,0,on,-4
1781754701990867708,9921.26,828.033,1.20768,1.15053,1.1376,0.030624,0.08912,0.016384,0.190464,0.811008,0.041907,1244819,1244819,415283,33.3609,1920,1080,raygs,triangles,1,off,0,on,-4
1781754701992243905,9922.64,827.826,1.20798,1.38294,1.36896,0.030272,0.089696,0.01536,0.422912,0.81072,0.017644,1244819,1244819,415283,33.3609,1920,1080,raygs,triangles,1,off,0,on,-4
1781754701993563119,9923.95,825.143,1.21191,1.28451,1.27206,0.030464,0.08912,0.01616,0.325632,0.810688,0.027358,1244819,1244819,415283,33.3609,1920,1080,raygs,triangles,1,off,0,on,-4
1781754701994729819,9925.12,823.538,1.21427,1.14749,1.13536,0.029632,0.089792,0.016384,0.188832,0.81072,0.025357,1244819,1244819,415283,33.3609,1920,1080,raygs,triangles,1,off,0,on,-4
1781754701995903648,9926.29,823.762,1.21394,1.14637,1.13459,0.029568,0.08928,0.01632,0.188416,0.811008,0.028291,1244819,1244819,415283,33.3609,1920,1080,raygs,triangles,1,off,0,on,-4
1781754701997118889,9927.51,823.874,1.21378,1.14669,1.1343,0.029888,0.088608,0.016384,0.188416,0.811008,0.046185,1244819,1244819,415283,33.3609,1920,1080,raygs,triangles,1,off,0,on,-4
1781754701998254525,9928.65,823.174,1.21481,1.14845,1.13405,0.030944,0.089344,0.01536,0.188416,0.809984,0.016629,1244819,1244819,415283,33.3609,1920,1080,raygs,triangles,1,off,0,on,-4
1781754701999585366,9929.98,826.219,1.21033,1.14704,1.13632,0.030464,0.090048,0.016384,0.188416,0.811008,0.052357,1244819,1244819,415283,33.3609,1920,1080,raygs,triangles,1,off,0,on,-4
1781754702000721025,9931.11,826.015,1.21063,1.148,1.13674,0.030176,0.08976,0.016352,0.18944,0.811008,0.017518,1244819,1244819,415283,33.3609,1920,1080,raygs,triangles,1,off,0,on,-4
1781754702001907712,9932.3,826.8,1.20948,1.14982,1.13885,0.030976,0.089888,0.016384,0.190752,0.810848,0.037551,1244819,1244819,415283,33.3609,1920,1080,raygs,triangles,1,off,0,on,-4
1781754702003057161,9933.45,826.244,1.2103,1.14938,1.13568,0.030624,0.089376,0.01536,0.18944,0.81088,0.018809,1244819,1244819,415283,33.3609,1920,1080,raygs,triangles,1,off,0,on,-4
1781754702004321476,9934.71,826.695,1.20964,1.14739,1.13389,0.03056,0.089568,0.01536,0.188416,0.809984,0.042159,1244819,1244819,415283,33.3609,1920,1080,raygs,triangles,1,off,0,on,-4
1781754702005458353,9935.85,825.424,1.2115,1.14819,1.1353,0.030336,0.089152,0.01536,0.190464,0.809984,0.034737,1244819,1244819,415283,33.3609,1920,1080,raygs,triangles,1,off,0,on,-4
1781754702006608502,9937,825.962,1.21071,1.14858,1.1352,0.030688,0.089088,0.01536,0.18944,0.810624,0.033226,1244819,1244819,415283,33.3609,1920,1080,raygs,triangles,1,off,0,on,-4
1781754702007763999,9938.16,827.532,1.20841,1.14611,1.13456,0.030336,0.08944,0.016384,0.187392,0.811008,0.024449,1244819,1244819,415283,33.3609,1920,1080,raygs,triangles,1,off,0,on,-4
1781754702009177398,9939.57,827.971,1.20777,1.38528,1.37293,0.029856,0.089696,0.016384,0.427008,0.809984,0.028429,1244819,1244819,415283,33.3609,1920,1080,raygs,triangles,1,off,0,on,-4
1781754702010478671,9940.87,824.888,1.21229,1.28573,1.27283,0.030336,0.088288,0.01536,0.327936,0.810912,0.02144,1244819,1244819,415283,33.3609,1920,1080,raygs,triangles,1,off,0,on,-4
1781754702011674464,9942.07,823.438,1.21442,1.14765,1.13331,0.029824,0.090976,0.01536,0.186368,0.810784,0.040004,1244819,1244819,415283,33.3609,1920,1080,raygs,triangles,1,off,0,on,-4
1781754702012846794,9943.24,823.576,1.21422,1.14566,1.13453,0.029888,0.089856,0.016384,0.187392,0.811008,0.030367,1244819,1244819,415283,33.3609,1920,1080,raygs,triangles,1,off,0,on,-4
1781754702013993689,9944.39,823.66,1.21409,1.14627,1.13274,0.0304,0.088896,0.016384,0.186368,0.810688,0.01863,1244819,1244819,415283,33.3609,1920,1080,raygs,triangles,1,off,0,on,-4
1781754702015177115,9945.57,823.577,1.21422,1.14643,1.1337,0.030624,0.08944,0.015488,0.187392,0.810752,0.035026,1244819,1244819,415283,33.3609,1920,1080,raygs,triangles,1,off,0,on,-4
1781754702016485506,9946.88,826.647,1.20971,1.14746,1.1336,0.029632,0.089184,0.01536,0.18944,0.809984,0.03869,1244819,1244819,415283,33.3609,1920,1080,raygs,triangles,1,off,0,on,-4
1781754702017627793,9948.02,826.469,1.20997,1.14739,1.13488,0.03056,0.089536,0.016384,0.187392,0.811008,0.017344,1244819,1244819,415283,33.3609,1920,1080,raygs,triangles,1,off,0,on,-4
1781754702018831531,9949.22,826.925,1.2093,1.14794,1.13456,0.03008,0.088736,0.016384,0.188416,0.810944,0.040733,1244819,1244819,415283,33.3609,1920,1080,raygs,triangles,1,off,0,on,-4
1781754702020016686,9950.41,827.402,1.2086,1.1488,1.13613,0.02992,0.089376,0.016384,0.18944,0.811008,0.029476,1244819,1244819,415283,33.3609,1920,1080,raygs,triangles,1,off,0,on,-4
1781754702021228828,9951.62,826.301,1.21021,1.14794,1.13558,0.03024,0.089792,0.016384,0.188416,0.810752,0.029749,1244819,1244819,415283,33.3609,1920,1080,raygs,triangles,1,off,0,on,-4
1781754702022425436,9952.82,825.931,1.21075,1.14701,1.13315,0.030176,0.08896,0.015616,0.188416,0.809984,0.027575,1244819,1244819,415283,33.3609,1920,1080,raygs,triangles,1,off,0,on,-4
1781754702023556818,9953.95,827.592,1.20833,1.1473,1.13453,0.030496,0.088992,0.015616,0.188416,0.811008,0.028339,1244819,1244819,415283,33.3609,1920,1080,raygs,triangles,1,off,0,on,-4
1781754702024736634,9955.13,827.384,1.20863,1.15171,1.13766,0.030912,0.088896,0.01536,0.191488,0.811008,0.027166,1244819,1244819,415283,33.3609,1920,1080,raygs,triangles,1,off,0,on,-4
1781754702026115591,9956.51,827.449,1.20853,1.34989,1.3369,0.030336,0.089376,0.015424,0.391168,0.810592,0.027256,1244819,1244819,415283,33.3609,1920,1080,raygs,triangles,1,off,0,on,-4
1781754702027427188,9957.82,824.932,1.21222,1.27706,1.26563,0.030176,0.21856,0.01536,0.189856,0.81168,0.028002,1244819,1244819,415283,33.3609,1920,1080,raygs,triangles,1,off,0,on,-4
1781754702028604100,9959,823.989,1.21361,1.14685,1.13446,0.030272,0.089408,0.016384,0.188416,0.809984,0.030386,1244819,1244819,415283,33.3609,1920,1080,raygs,triangles,1,off,0,on,-4
1781754702029763448,9960.15,823.729,1.21399,1.14646,1.13491,0.029664,0.089632,0.016384,0.188416,0.810816,0.030591,1244819,1244819,415283,33.3609,1920,1080,raygs,triangles,1,off,0,on,-4
1781754702030923743,9961.32,823.427,1.21444,1.14906,1.13472,0.030496,0.08944,0.01536,0.188416,0.811008,0.028503,1244819,1244819,415283,33.3609,1920,1080,raygs,triangles,1,off,0,on,-4
1781754702032104784,9962.5,823.647,1.21411,1.14896,1.13651,0.030112,0.089664,0.016384,0.18944,0.810912,0.028974,1244819,1244819,415283,33.3609,1920,1080,raygs,triangles,1,off,0,on,-4
1781754702033423785,9963.82,826.154,1.21043,1.14595,1.13389,0.030176,0.08992,0.016416,0.186368,0.811008,0.028632,1244819,1244819,415283,33.3609,1920,1080,raygs,triangles,1,off,0,on,-4
1781754702034569619,9964.96,825.536,1.21133,1.1495,1.13747,0.031008,0.089632,0.016384,0.18944,0.811008,0.027701,1244819,1244819,415283,33.3609,1920,1080,raygs,triangles,1,off,0,on,-4
1781754702035730341,9966.12,827.427,1.20857,1.14883,1.1361,0.029952,0.089312,0.016384,0.18944,0.811008,0.03016,1244819,1244819,415283,33.3609,1920,1080,raygs,triangles,1,off,0,on,-4
1781754702036910162,9967.3,827.835,1.20797,1.14835,1.13597,0.030496,0.089536,0.015488,0.18944,0.811008,0.031008,1244819,1244819,415283,33.3609,1920,1080,raygs,triangles,1,off,0,on,-4
1781754702038084318,9968.48,827.362,1.20866,1.14883,1.13568,0.03024,0.089664,0.016352,0.188416,0.811008,0.028619,1244819,1244819,415283,33.3609,1920,1080,raygs,triangles,1,off,0,on,-4
1781754702039314260,9969.71,827.989,1.20775,1.14614,1.13402,0.030336,0.089184,0.016096,0.187392,0.811008,0.032522,1244819,1244819,415283,33.3609,1920,1080,raygs,triangles,1,off,0,on,-4
1781754702040482068,9970.87,828.009,1.20772,1.1473,1.13456,0.030464,0.089312,0.01536,0.188416,0.811008,0.028243,1244819,1244819,415283,33.3609,1920,1080,raygs,triangles,1,off,0,on,-4
1781754702041833426,9972.22,828.162,1.20749,1.34477,1.33056,0.030336,0.088832,0.01536,0.385024,0.811008,0.028255,1244819,1244819,415283,33.3609,1920,1080,raygs,triangles,1,off,0,on,-4
1781754702043211543,9973.6,826.317,1.21019,1.36022,1.34896,0.030432,0.089152,0.016384,0.401408,0.811584,0.031467,1244819,1244819,415283,33.3609,1920,1080,raygs,triangles,1,off,0,on,-4
1781754702044396909,9974.79,824.298,1.21315,1.14781,1.13642,0.029952,0.090496,0.016384,0.187648,0.811936,0.026938,1244819,1244819,415283,33.3609,1920,1080,raygs,triangles,1,off,0,on,-4
1781754702045520980,9975.91,823.762,1.21394,1.14643,1.1327,0.02992,0.089984,0.015424,0.187392,0.809984,0.032608,1244819,1244819,415283,33.3609,1920,1080,raygs,triangles,1,off,0,on,-4
1781754702046757578,9977.15,824.198,1.2133,1.14781,1.13389,0.030816,0.089312,0.01536,0.188416,0.809984,0.029401,1244819,1244819,415283,33.3609,1920,1080,raygs,triangles,1,off,0,on,-4
1781754702047909276,9978.3,823.48,1.21436,1.14685,1.13312,0.030208,0.088736,0.015712,0.18848,0.809984,0.02761,1244819,1244819,415283,33.3609,1920,1080,raygs,triangles,1,off,0,on,-4
1781754702049068357,9979.46,826.562,1.20983,1.14838,1.1351,0.029536,0.08976,0.01536,0.188416,0.812032,0.028164,1244819,1244819,415283,33.3609,1920,1080,raygs,triangles,1,off,0,on,-4
1781754702050309523,9980.7,828.122,1.20755,1.14826,1.13517,0.030432,0.089152,0.016384,0.188416,0.810784,0.031295,1244819,1244819,415283,33.3609,1920,1080,raygs,triangles,1,off,0,on,-4
1781754702051459110,9981.85,827.416,1.20858,1.14694,1.13418,0.031168,0.089248,0.016384,0.187392,0.809984,0.01863,1244819,1244819,415283,33.3609,1920,1080,raygs,triangles,1,off,0,on,-4
1781754702052631861,9983.02,827.682,1.20819,1.14934,1.13578,0.029472,0.089472,0.016384,0.190464,0.809984,0.026881,1244819,1244819,415283,33.3609,1920,1080,raygs,triangles,1,off,0,on,-4
1781754702053814039,9984.21,827.505,1.20845,1.14762,1.13536,0.030816,0.089152,0.01632,0.188416,0.810656,0.035422,1244819,1244819,415283,33.3609,1920,1080,raygs,triangles,1,off,0,on,-4
1781754702054976165,9985.37,827.872,1.20792,1.14669,1.13402,0.030048,0.090048,0.01552,0.187392,0.811008,0.020588,1244819,1244819,415283,33.3609,1920,1080,raygs,triangles,1,off,0,on,-4
1781754702056163528,9986.55,827.814,1.208,1.14877,1.13654,0.030112,0.089696,0.016288,0.18944,0.811008,0.035913,1244819,1244819,415283,33.3609,1920,1080,raygs,triangles,1,off,0,on,-4
1781754702057366578,9987.76,829.042,1.20621,1.14938,1.13674,0.030528,0.089408,0.01536,0.190464,0.810976,0.032343,1244819,1244819,415283,33.3609,1920,1080,raygs,triangles,1,off,0,on,-4
1781754702058723630,9989.11,828.702,1.20671,1.3833,1.36995,0.02992,0.088704,0.01536,0.42496,0.811008,0.016767,1244819,1244819,415283,33.3609,1920,1080,raygs,triangles,1,off,0,on,-4
1781754702060074698,9990.47,826.434,1.21002,1.28918,1.27677,0.030016,0.089632,0.016384,0.329728,0.811008,0.040423,1244819,1244819,415283,33.3609,1920,1080,raygs,triangles,1,off,0,on,-4
1781754702061216754,9991.61,824.58,1.21274,1.14726,1.13536,0.030432,0.090016,0.016384,0.187808,0.81072,0.018604,1244819,1244819,415283,33.3609,1920,1080,raygs,triangles,1,off,0,on,-4
1781754702062423943,9992.82,824.493,1.21287,1.14762,1.13469,0.029792,0.08944,0.016384,0.188416,0.810656,0.041719,1244819,1244819,415283,33.3609,1920,1080,raygs,triangles,1,off,0,on,-4
1781754702063582689,9993.97,824.598,1.21271,1.1473,1.13456,0.030496,0.08912,0.016384,0.187584,0.810976,0.028067,1244819,1244819,415283,33.3609,1920,1080,raygs,triangles,1,off,0,on,-4
1781754702064743143,9995.13,825.151,1.2119,1.1697,1.15645,0.029312,0.089152,0.016384,0.210944,0.810656,0.017171,1244819,1244819,415283,33.3609,1920,1080,raygs,triangles,1,off,0,on,-4
1781754702065921616,9996.31,827.648,1.20824,1.14794,1.1345,0.030112,0.088576,0.01536,0.188416,0.812032,0.025623,1244819,1244819,415283,33.3609,1920,1080,raygs,triangles,1,off,0,on,-4
1781754702067238592,9997.63,829.206,1.20597,1.14874,1.13594,0.029856,0.089248,0.016384,0.18944,0.811008,0.035182,1244819,1244819,415283,33.3609,1920,1080,raygs,triangles,1,off,0,on,-4
1781754702068382081,9998.77,827.503,1.20845,1.14851,1.13472,0.03056,0.089376,0.016384,0.188416,0.809984,0.018504,1244819,1244819,415283,33.3609,1920,1080,raygs,triangles,1,off,0,on,-4
1781754702069560258,9999.95,827.859,1.20794,1.14723,1.13478,0.030432,0.089376,0.015552,0.188416,0.811008,0.02507,1244819,1244819,415283,33.3609,1920,1080,raygs,triangles,1,off,0,on,-4
1781754702070772435,10001.2,828.247,1.20737,1.1481,1.13594,0.030368,0.08976,0.016384,0.18944,0.809984,0.04075,1244819,1244819,415283,33.3609,1920,1080,raygs,triangles,1,off,0,on,-4
1781754702071910444,10002.3,827.477,1.20849,1.14784,1.13395,0.030016,0.089152,0.01536,0.18944,0.809984,0.015141,1244819,1244819,415283,33.3609,1920,1080,raygs,triangles,1,off,0,on,-4
1781754702073085374,10003.5,829.897,1.20497,1.14749,1.13357,0.029632,0.089152,0.01536,0.188416,0.811008,0.026896,1244819,1244819,415283,33.3609,1920,1080,raygs,triangles,1,off,0,on,-4
1781754702074262170,10004.7,829.303,1.20583,1.14912,1.13619,0.030144,0.089216,0.01536,0.190464,0.811008,0.025918,1244819,1244819,415283,33.3609,1920,1080,raygs,triangles,1,off,0,on,-4
1781754702075686084,10006.1,829.324,1.2058,1.38282,1.36899,0.029472,0.089312,0.016288,0.423936,0.809984,0.033194,1244819,1244819,415283,33.3609,1920,1080,raygs,triangles,1,off,0,on,-4
1781754702076973694,10007.4,826.301,1.21021,1.28538,1.27363,0.030336,0.08912,0.016384,0.326784,0.811008,0.019434,1244819,1244819,415283,33.3609,1920,1080,raygs,triangles,1,off,0,on,-4
1781754702078155794,10008.5,825.962,1.21071,1.15094,1.13955,0.030016,0.09168,0.016384,0.190464,0.811008,0.025257,1244819,1244819,415283,33.3609,1920,1080,raygs,triangles,1,off,0,on,-4
1781754702079349580,10009.7,825.437,1.21148,1.14653,1.1351,0.029728,0.089632,0.01632,0.18944,0.809984,0.037322,1244819,1244819,415283,33.3609,1920,1080,raygs,triangles,1,off,0,on,-4
1781754702080502963,10010.9,824.832,1.21237,1.14762,1.13488,0.029664,0.08928,0.016384,0.188704,0.810848,0.019477,1244819,1244819,415283,33.3609,1920,1080,raygs,triangles,1,off,0,on,-4
1781754702081696894,10012.1,824.907,1.21226,1.14816,1.13565,0.030368,0.089856,0.016384,0.188416,0.810624,0.035943,1244819,1244819,415283,33.3609,1920,1080,raygs,triangles,1,off,0,on,-4
1781754702082851760,10013.2,827.463,1.20851,1.14883,1.13555,0.030336,0.089472,0.01632,0.18944,0.809984,0.024964,1244819,1244819,415283,33.3609,1920,1080,raygs,triangles,1,off,0,on,-4
1781754702084175758,10014.6,829.18,1.20601,1.14765,1.13568,0.029824,0.090432,0.016384,0.188416,0.810624,0.045035,1244819,1244819,415283,33.3609,1920,1080,raygs,triangles,1,off,0,on,-4
1781754702085314493,10015.7,827.611,1.2083,1.15069,1.13664,0.030784,0.089184,0.01536,0.190464,0.810848,0.016511,1244819,1244819,415283,33.3609,1920,1080,raygs,triangles,1,off,0,on,-4
1781754702086484475,10016.9,828.065,1.20764,1.14787,1.13552,0.030368,0.089632,0.016384,0.187392,0.811744,0.026398,1244819,1244819,415283,33.3609,1920,1080,raygs,triangles,1,off,0,on,-4
1781754702087685415,10018.1,827.882,1.2079,1.14675,1.13357,0.029952,0.088768,0.015424,0.188416,0.811008,0.03764,1244819,1244819,415283,33.3609,1920,1080,raygs,triangles,1,off,0,on,-4
1781754702088877327,10019.3,827.582,1.20834,1.1473,1.13546,0.030496,0.089152,0.016384,0.188416,0.811008,0.034044,1244819,1244819,415283,33.3609,1920,1080,raygs,triangles,1,off,0,on,-4
1781754702090015952,10020.4,828.755,1.20663,1.14848,1.1367,0.030656,0.089216,0.016384,0.188416,0.812032,0.023351,1244819,1244819,415283,33.3609,1920,1080,raygs,triangles,1,off,0,on,-4
1781754702091178110,10021.6,829.003,1.20627,1.14925,1.13693,0.030368,0.089664,0.016384,0.189632,0.81088,0.018888,1244819,1244819,415283,33.3609,1920,1080,raygs,triangles,1,off,0,on,-4
1781754702092606039,10023,829.156,1.20605,1.38048,1.36931,0.030176,0.089856,0.016384,0.421888,0.811008,0.034655,1244819,1244819,415283,33.3609,1920,1080,raygs,triangles,1,off,0,on,-4
1781754702093904525,10024.3,826.496,1.20993,1.28829,1.27603,0.030176,0.088896,0.01648,0.328704,0.811776,0.024323,1244819,1244819,415283,33.3609,1920,1080,raygs,triangles,1,off,0,on,-4
1781754702095076703,10025.5,825.528,1.21135,1.14678,1.13309,0.029952,0.089632,0.015488,0.187392,0.810624,0.026725,1244819,1244819,415283,33.3609,1920,1080,raygs,triangles,1,off,0,on,-4
1781754702096267784,10026.7,825.788,1.21096,1.14864,1.13549,0.030368,0.089312,0.016384,0.18944,0.809984,0.039076,1244819,1244819,415283,33.3609,1920,1080,raygs,triangles,1,off,0,on,-4
1781754702097419799,10027.8,825.148,1.2119,1.14787,1.13536,0.030688,0.089696,0.015552,0.188416,0.811008,0.019485,1244819,1244819,415283,33.3609,1920,1080,raygs,triangles,1,off,0,on,-4
1781754702098627542,10029,825.569,1.21129,1.14755,1.13494,0.029696,0.089408,0.016384,0.188448,0.811008,0.038979,1244819,1244819,415283,33.3609,1920,1080,raygs,triangles,1,off,0,on,-4
1781754702099877479,10030.3,827.523,1.20843,1.14678,1.13469,0.029984,0.088896,0.016384,0.18944,0.809984,0.016018,1244819,1244819,415283,33.3609,1920,1080,raygs,triangles,1,off,0,on,-4
1781754702101066504,10031.5,827.947,1.20781,1.15008,1.13616,0.031648,0.089472,0.015616,0.18944,0.809984,0.033334,1244819,1244819,415283,33.3609,1920,1080,raygs,triangles,1,off,0,on,-4
1781754702102277325,10032.7,827.912,1.20786,1.1489,1.1359,0.0304,0.089536,0.01536,0.189696,0.810912,0.03364,1244819,1244819,415283,33.3609,1920,1080,raygs,triangles,1,off,0,on,-4
1781754702103401403,10033.8,827.79,1.20804,1.14851,1.13552,0.03024,0.089312,0.01552,0.18944,0.811008,0.015997,1244819,1244819,415283,33.3609,1920,1080,raygs,triangles,1,off,0,on,-4
1781754702104584148,10035,827.675,1.2082,1.14832,1.13494,0.030752,0.089536,0.016256,0.188416,0.809984,0.030744,1244819,1244819,415283,33.3609,1920,1080,raygs,triangles,1,off,0,on,-4
1781754702105746858,10036.1,827.737,1.20811,1.14781,1.13526,0.029952,0.089504,0.016384,0.18944,0.809984,0.026432,1244819,1244819,415283,33.3609,1920,1080,raygs,triangles,1,off,0,on,-4
1781754702106918812,10037.3,829.495,1.20555,1.14675,1.13386,0.029952,0.088608,0.015712,0.188704,0.81088,0.025941,1244819,1244819,415283,33.3609,1920,1080,raygs,triangles,1,off,0,on,-4
1781754702108115975,10038.5,829.095,1.20614,1.15024,1.13776,0.030336,0.089888,0.016384,0.190464,0.810688,0.03558,1244819,1244819,415283,33.3609,1920,1080,raygs,triangles,1,off,0,on,-4
1781754702109524646,10039.9,828.878,1.20645,1.37802,1.36685,0.030496,0.089248,0.01632,0.41984,0.810944,0.029711,1244819,1244819,415283,33.3609,1920,1080,raygs,triangles,1,off,0,on,-4
1781754702110793619,10041.2,826.29,1.21023,1.27328,1.26102,0.03024,0.216,0.01536,0.18944,0.809984,0.01721,1244819,1244819,415283,33.3609,1920,1080,raygs,triangles,1,off,0,on,-4
1781754702111992510,10042.4,825.031,1.21207,1.14598,1.13459,0.030176,0.089632,0.016384,0.188416,0.809984,0.03618,1244819,1244819,415283,33.3609,1920,1080,raygs,triangles,1,off,0,on,-4
1781754702113143385,10043.5,825.648,1.21117,1.14672,1.13571,0.0304,0.089504,0.016384,0.188416,0.811008,0.017601,1244819,1244819,415283,33.3609,1920,1080,raygs,triangles,1,off,0,on,-4
1781754702114347055,10044.7,825.31,1.21167,1.14669,1.13562,0.030176,0.089696,0.016384,0.188416,0.810944,0.039594,1244819,1244819,415283,33.3609,1920,1080,raygs,triangles,1,off,0,on,-4
1781754702115527109,10045.9,827.428,1.20856,1.14762,1.13379,0.029792,0.089312,0.01536,0.188416,0.810912,0.036581,1244819,1244819,415283,33.3609,1920,1080,raygs,triangles,1,off,0,on,-4
1781754702116807532,10047.2,829.716,1.20523,1.14717,1.1352,0.030368,0.089152,0.016224,0.187776,0.81168,0.028585,1244819,1244819,415283,33.3609,1920,1080,raygs,triangles,1,off,0,on,-4
1781754702117979274,10048.4,828.579,1.20689,1.14896,1.1369,0.031392,0.089696,0.016384,0.188416,0.811008,0.032059,1244819,1244819,415283,33.3609,1920,1080,raygs,triangles,1,off,0,on,-4
1781754702119137716,10049.5,828.025,1.20769,1.14784,1.13485,0.030304,0.08976,0.016384,0.188416,0.809984,0.024104,1244819,1244819,415283,33.3609,1920,1080,raygs,triangles,1,off,0,on,-4
1781754702120403308,10050.8,828.905,1.20641,1.14749,1.13498,0.030176,0.089408,0.016384,0.188416,0.810592,0.043297,1244819,1244819,415283,33.3609,1920,1080,raygs,triangles,1,off,0,on,-4
1781754702121510188,10051.9,827.556,1.20838,1.14851,1.13565,0.030656,0.089184,0.01536,0.18944,0.811008,0.03281,1244819,1244819,415283,33.3609,1920,1080,raygs,triangles,1,off,0,on,-4
1781754702122660322,10053.1,828.175,1.20747,1.1457,1.13318,0.029888,0.088704,0.016384,0.187392,0.810816,0.027523,1244819,1244819,415283,33.3609,1920,1080,raygs,triangles,1,off,0,on,-4
1781754702123843542,10054.2,829.285,1.20586,1.14874,1.13424,0.029824,0.088608,0.01536,0.190464,0.809984,0.031423,1244819,1244819,415283,33.3609,1920,1080,raygs,triangles,1,off,0,on,-4
1781754702125259142,10055.7,829.008,1.20626,1.41098,1.39754,0.029952,0.089952,0.015456,0.451584,0.810592,0.01901,1244819,1244819,415283,33.3609,1920,1080,raygs,triangles,1,off,0,on,-4
1781754702126569494,10057,826.15,1.21043,1.28573,1.2728,0.030656,0.08928,0.016384,0.325632,0.810848,0.026683,1244819,1244819,415283,33.3609,1920,1080,raygs,triangles,1,off,0,on,-4
1781754702127736882,10058.1,824.563,1.21276,1.14781,1.1351,0.030336,0.08992,0.01536,0.188736,0.810752,0.02712,1244819,1244819,415283,33.3609,1920,1080,raygs,triangles,1,off,0,on,-4
1781754702128916965,10059.3,824.608,1.2127,1.14893,1.1361,0.03008,0.088864,0.01568,0.18944,0.812032,0.033756,1244819,1244819,415283,33.3609,1920,1080,raygs,triangles,1,off,0,on,-4
1781754702130080224,10060.5,824.582,1.21274,1.1472,1.13466,0.030368,0.088928,0.016384,0.188416,0.81056,0.020094,1244819,1244819,415283,33.3609,1920,1080,raygs,triangles,1,off,0,on,-4
1781754702131295145,10061.7,825.021,1.21209,1.14586,1.13168,0.030112,0.088832,0.01536,0.186496,0.81088,0.045405,1244819,1244819,415283,33.3609,1920,1080,raygs,triangles,1,off,0,on,-4
1781754702132427454,10062.8,826.962,1.20925,1.14714,1.1351,0.030336,0.08896,0.016384,0.188416,0.811008,0.016572,1244819,1244819,415283,33.3609,1920,1080,raygs,triangles,1,off,0,on,-4
1781754702133744397,10064.1,829.177,1.20601,1.14874,1.13565,0.030432,0.089408,0.016384,0.18944,0.809984,0.038417,1244819,1244819,415283,33.3609,1920,1080,raygs,triangles,1,off,0,on,-4
1781754702134887797,10065.3,827.771,1.20806,1.14794,1.13581,0.030752,0.089248,0.016384,0.188416,0.811008,0.018407,1244819,1244819,415283,33.3609,1920,1080,raygs,triangles,1,off,0,on,-4
1781754702136094999,10066.5,827.753,1.20809,1.14826,1.136,0.030528,0.08976,0.016384,0.188416,0.810912,0.041946,1244819,1244819,415283,33.3609,1920,1080,raygs,triangles,1,off,0,on,-4
1781754702137271184,10067.7,827.394,1.20861,1.14611,1.13395,0.030336,0.088832,0.016384,0.187392,0.811008,0.029458,1244819,1244819,415283,33.3609,1920,1080,raygs,triangles,1,off,0,on,-4
1781754702138401013,10068.8,827.179,1.20893,1.1463,1.13325,0.029984,0.089504,0.016384,0.187392,0.809984,0.015834,1244819,1244819,415283,33.3609,1920,1080,raygs,triangles,1,off,0,on,-4
1781754702139596806,10070,827.636,1.20826,1.14781,1.13542,0.029952,0.089792,0.016256,0.188416,0.811008,0.035757,1244819,1244819,415283,33.3609,1920,1080,raygs,triangles,1,off,0,on,-4
1781754702140755986,10071.1,829.132,1.20608,1.14832,1.13645,0.030496,0.08912,0.016384,0.190464,0.809984,0.021874,1244819,1244819,415283,33.3609,1920,1080,raygs,triangles,1,off,0,on,-4
1781754702142246140,10072.6,828.82,1.20654,1.36454,1.35078,0.0296,0.089216,0.015488,0.40448,0.812,0.055777,1244819,1244819,415283,33.3609,1920,1080,raygs,triangles,1,off,0,on,-4
1781754702143485251,10073.9,825.304,1.21168,1.28643,1.27328,0.030336,0.088896,0.01536,0.32768,0.811008,0.031597,1244819,1244819,415283,33.3609,1920,1080,raygs,triangles,1,off,0,on,-4
1781754702144632089,10075,825.087,1.21199,1.14918,1.13584,0.030336,0.09072,0.016384,0.188416,0.809984,0.016828,1244819,1244819,415283,33.3609,1920,1080,raygs,triangles,1,off,0,on,-4
1781754702145814318,10076.2,824.927,1.21223,1.14582,1.13222,0.030176,0.089312,0.01536,0.187392,0.809984,0.031729,1244819,1244819,415283,33.3609,1920,1080,raygs,triangles,1,off,0,on,-4
1781754702147033613,10077.4,824.926,1.21223,1.14746,1.13366,0.030208,0.089632,0.01536,0.187648,0.810816,0.043035,1244819,1244819,415283,33.3609,1920,1080,raygs,triangles,1,off,0,on,-4
1781754702148188624,10078.6,824.378,1.21304,1.16819,1.15459,0.029888,0.088832,0.01536,0.20992,0.810592,0.026961,1244819,1244819,415283,33.3609,1920,1080,raygs,triangles,1,off,0,on,-4
1781754702149408223,10079.8,827.445,1.20854,1.14669,1.13568,0.030496,0.089376,0.016384,0.188416,0.811008,0.036608,1244819,1244819,415283,33.3609,1920,1080,raygs,triangles,1,off,0,on,-4
1781754702150649637,10081,828.317,1.20727,1.14765,1.13363,0.030784,0.089184,0.01536,0.188416,0.809888,0.026404,1244819,1244819,415283,33.3609,1920,1080,raygs,triangles,1,off,0,on,-4
1781754702151804485,10082.2,827.604,1.20831,1.14835,1.13578,0.030496,0.089472,0.016384,0.18944,0.809984,0.019969,1244819,1244819,415283,33.3609,1920,1080,raygs,triangles,1,off,0,on,-4
1781754702152994423,10083.4,827.946,1.20781,1.14986,1.13533,0.029856,0.08864,0.01536,0.191488,0.809984,0.035804,1244819,1244819,415283,33.3609,1920,1080,raygs,triangles,1,off,0,on,-4
1781754702154154081,10084.5,827.647,1.20824,1.14864,1.13658,0.030432,0.089312,0.016384,0.18944,0.811008,0.025103,1244819,1244819,415283,33.3609,1920,1080,raygs,triangles,1,off,0,on,-4
1781754702155375410,10085.8,827.868,1.20792,1.14678,1.13568,0.03056,0.089312,0.016384,0.188416,0.811008,0.040109,1244819,1244819,415283,33.3609,1920,1080,raygs,triangles,1,off,0,on,-4
1781754702156488310,10086.9,827.324,1.20872,1.14749,1.13472,0.030304,0.089632,0.01536,0.188416,0.811008,0.020218,1244819,1244819,415283,33.3609,1920,1080,raygs,triangles,1,off,0,on,-4
1781754702157685779,10088.1,829.558,1.20546,1.14762,1.13718,0.02992,0.08976,0.016384,0.190464,0.810656,0.035729,1244819,1244819,415283,33.3609,1920,1080,raygs,triangles,1,off,0,on,-4
1781754702159080958,10089.5,828.992,1.20628,1.38803,1.3736,0.030592,0.088992,0.01536,0.428032,0.810624,0.019922,1244819,1244819,415283,33.3609,1920,1080,raygs,triangles,1,off,0,on,-4
1781754702160413576,10090.8,826.271,1.21026,1.28531,1.2728,0.030368,0.088704,0.016384,0.326656,0.810688,0.039093,1244819,1244819,415283,33.3609,1920,1080,raygs,triangles,1,off,0,on,-4
1781754702161567527,10092,824.881,1.2123,1.14906,1.13507,0.030176,0.090016,0.01536,0.188576,0.810944,0.018385,1244819,1244819,415283,33.3609,1920,1080,raygs,triangles,1,off,0,on,-4
1781754702162755196,10093.1,825.33,1.21164,1.14678,1.13312,0.029856,0.08848,0.016384,0.188416,0.809984,0.041699,1244819,1244819,415283,33.3609,1920,1080,raygs,triangles,1,off,0,on,-4
1781754702163948637,10094.3,824.872,1.21231,1.1473,1.13437,0.029472,0.089312,0.01616,0.188416,0.811008,0.035102,1244819,1244819,415283,33.3609,1920,1080,raygs,triangles,1,off,0,on,-4
1781754702165076783,10095.5,824.642,1.21265,1.14691,1.1352,0.030016,0.089664,0.016384,0.188416,0.81072,0.01674,1244819,1244819,415283,33.3609,1920,1080,raygs,triangles,1,off,0,on,-4
1781754702166319609,10096.7,827.733,1.20812,1.14762,1.13552,0.03024,0.089472,0.016384,0.18944,0.809984,0.0396,1244819,1244819,415283,33.3609,1920,1080,raygs,triangles,1,off,0,on,-4
1781754702167540264,10097.9,828.694,1.20672,1.14736,1.13341,0.0304,0.089248,0.01536,0.187392,0.811008,0.017144,1244819,1244819,415283,33.3609,1920,1080,raygs,triangles,1,off,0,on,-4
1781754702168725188,10099.1,827.913,1.20786,1.14858,1.13744,0.03072,0.089888,0.016384,0.18944,0.811008,0.026835,1244819,1244819,415283,33.3609,1920,1080,raygs,triangles,1,off,0,on,-4
1781754702169889538,10100.3,828.068,1.20763,1.14864,1.13664,0.030048,0.08976,0.016384,0.190464,0.809984,0.025978,1244819,1244819,415283,33.3609,1920,1080,raygs,triangles,1,off,0,on,-4
1781754702171085703,10101.5,827.894,1.20788,1.14806,1.1368,0.030496,0.089728,0.016384,0.188416,0.811776,0.036981,1244819,1244819,415283,33.3609,1920,1080,raygs,triangles,1,off,0,on,-4
1781754702172283018,10102.7,828.034,1.20768,1.14781,1.13344,0.029952,0.088608,0.01536,0.189888,0.809632,0.032395,1244819,1244819,415283,33.3609,1920,1080,raygs,triangles,1,off,0,on,-4
1781754702173404599,10103.8,828.867,1.20647,1.14867,1.13597,0.030912,0.089472,0.016384,0.188416,0.810784,0.020047,1244819,1244819,415283,33.3609,1920,1080,raygs,triangles,1,off,0,on,-4
1781754702174598331,10105,829.431,1.20565,1.14678,1.13248,0.029856,0.088512,0.015712,0.188416,0.809984,0.035259,1244819,1244819,415283,33.3609,1920,1080,raygs,triangles,1,off,0,on,-4
1781754702175981581,10106.4,829.611,1.20538,1.3801,1.36685,0.030368,0.089472,0.01616,0.420864,0.809984,0.019326,1244819,1244819,415283,33.3609,1920,1080,raygs,triangles,1,off,0,on,-4
1781754702177319507,10107.7,826.691,1.20964,1.28493,1.27328,0.03088,0.089216,0.016416,0.325024,0.811744,0.043267,1244819,1244819,415283,33.3609,1920,1080,raygs,triangles,1,off,0,on,-4
1781754702178465044,10108.9,824.938,1.21221,1.14627,1.13325,0.030496,0.090016,0.016384,0.186368,0.809984,0.018123,1244819,1244819,415283,33.3609,1920,1080,raygs,triangles,1,off,0,on,-4
1781754702179652633,10110,825.092,1.21199,1.14794,1.1345,0.030336,0.08976,0.01536,0.188416,0.810624,0.034391,1244819,1244819,415283,33.3609,1920,1080,raygs,triangles,1,off,0,on,-4
1781754702180806565,10111.2,825.063,1.21203,1.14685,1.13357,0.030496,0.08928,0.016416,0.187392,0.809984,0.019396,1244819,1244819,415283,33.3609,1920,1080,raygs,triangles,1,off,0,on,-4
1781754702182002400,10112.4,825.243,1.21176,1.14778,1.13536,0.029952,0.0896,0.016384,0.18944,0.809984,0.038015,1244819,1244819,415283,33.3609,1920,1080,raygs,triangles,1,off,0,on,-4
1781754702183285747,10113.7,827.815,1.208,1.14845,1.1359,0.030592,0.089504,0.016384,0.188416,0.811008,0.026034,1244819,1244819,415283,33.3609,1920,1080,raygs,triangles,1,off,0,on,-4
1781754702184442062,10114.8,827.802,1.20802,1.14982,1.13827,0.031424,0.08944,0.016384,0.190464,0.81056,0.021785,1244819,1244819,415283,33.3609,1920,1080,raygs,triangles,1,off,0,on,-4
1781754702185622741,10116,828.004,1.20772,1.14854,1.1377,0.03072,0.090144,0.016384,0.18944,0.811008,0.026176,1244819,1244819,415283,33.3609,1920,1080,raygs,triangles,1,off,0,on,-4
1781754702186815173,10117.2,828.099,1.20758,1.1481,1.13485,0.03024,0.0888,0.016384,0.188416,0.811008,0.035264,1244819,1244819,415283,33.3609,1920,1080,raygs,triangles,1,off,0,on,-4
1781754702187976147,10118.4,827.955,1.2078,1.14944,1.13539,0.029536,0.089184,0.01536,0.190464,0.810848,0.02381,1244819,1244819,415283,33.3609,1920,1080,raygs,triangles,1,off,0,on,-4
1781754702189165321,10119.6,828.087,1.2076,1.14733,1.13379,0.030624,0.088832,0.01536,0.188416,0.81056,0.037451,1244819,1244819,415283,33.3609,1920,1080,raygs,triangles,1,off,0,on,-4
1781754702190360682,10120.8,829.197,1.20599,1.14787,1.13389,0.030016,0.08896,0.01536,0.188672,0.81088,0.031468,1244819,1244819,415283,33.3609,1920,1080,raygs,triangles,1,off,0,on,-4
1781754702191483501,10121.9,828.96,1.20633,1.14899,1.13808,0.030112,0.089952,0.016384,0.190912,0.81072,0.016088,1244819,1244819,415283,33.3609,1920,1080,raygs,triangles,1,off,0,on,-4
1781754702192893012,10123.3,829.306,1.20583,1.37309,1.36208,0.031008,0.089184,0.016384,0.41472,0.810784,0.030945,1244819,1244819,415283,33.3609,1920,1080,raygs,triangles,1,off,0,on,-4
1781754702194191904,10124.6,827.733,1.20812,1.27533,1.26381,0.030496,0.216896,0.01536,0.190464,0.810592,0.030301,1244819,1244819,415283,33.3609,1920,1080,raygs,triangles,1,off,0,on,-4
1781754702195415690,10125.8,825.502,1.21138,1.14662,1.1337,0.030176,0.088608,0.01536,0.18864,0.810912,0.040525,1244819,1244819,415283,33.3609,1920,1080,raygs,triangles,1,off,0,on,-4
1781754702196534499,10126.9,824.705,1.21255,1.14528,1.1343,0.030528,0.088992,0.016384,0.187392,0.811008,0.016454,1244819,1244819,415283,33.3609,1920,1080,raygs,triangles,1,off,0,on,-4
1781754702197736281,10128.1,824.94,1.21221,1.14851,1.13488,0.030656,0.08944,0.01536,0.18944,0.809984,0.04138,1244819,1244819,415283,33.3609,1920,1080,raygs,triangles,1,off,0,on,-4
1781754702198876047,10129.3,827.934,1.20783,1.14912,1.13677,0.031328,0.08976,0.016384,0.188416,0.81088,0.01617,1244819,1244819,415283,33.3609,1920,1080,raygs,triangles,1,off,0,on,-4
1781754702200174026,10130.6,829.768,1.20516,1.14723,1.13501,0.029408,0.08912,0.016384,0.18944,0.810656,0.028884,1244819,1244819,415283,33.3609,1920,1080,raygs,triangles,1,off,0,on,-4
1781754702201402613,10131.8,828.263,1.20735,1.14986,1.1359,0.030976,0.089344,0.015392,0.18944,0.810752,0.041031,1244819,1244819,415283,33.3609,1920,1080,raygs,triangles,1,off,0,on,-4
1781754702202649096,10133,827.912,1.20786,1.14954,1.1352,0.029632,0.089408,0.01552,0.189664,0.810976,0.01768,1244819,1244819,415283,33.3609,1920,1080,raygs,triangles,1,off,0,on,-4
1781754702203866825,10134.3,826.81,1.20947,1.14883,1.13635,0.031008,0.0896,0.016384,0.188416,0.810944,0.042406,1244819,1244819,415283,33.3609,1920,1080,raygs,triangles,1,off,0,on,-4
1781754702204990985,10135.4,826.736,1.20958,1.14912,1.13517,0.030496,0.088672,0.01536,0.189728,0.810912,0.017015,1244819,1244819,415283,33.3609,1920,1080,raygs,triangles,1,off,0,on,-4
1781754702206175487,10136.6,826.792,1.20949,1.1481,1.1337,0.030272,0.08864,0.01536,0.18944,0.809984,0.034882,1244819,1244819,415283,33.3609,1920,1080,raygs,triangles,1,off,0,on,-4
1781754702207423246,10137.8,828.363,1.2072,1.14746,1.13494,0.0296,0.089536,0.016384,0.188416,0.811008,0.035385,1244819,1244819,415283,33.3609,1920,1080,raygs,triangles,1,off,0,on,-4
1781754702208709101,10139.1,827.34,1.20869,1.14614,1.13443,0.029344,0.08928,0.016384,0.188416,0.811008,0.027638,1244819,1244819,415283,33.3609,1920,1080,raygs,triangles,1,off,0,on,-4
1781754702209988964,10140.4,826.222,1.21033,1.15213,1.1385,0.034272,0.08944,0.016384,0.188416,0.809984,0.024714,1244819,1244819,415283,33.3609,1920,1080,raygs,triangles,1,off,0,on,-4
1781754702211188129,10141.6,825.031,1.21208,1.14998,1.13696,0.031136,0.089216,0.016384,0.18944,0.810784,0.041714,1244819,1244819,415283,33.3609,1920,1080,raygs,triangles,1,off,0,on,-4
1781754702212385121,10142.8,824.424,1.21297,1.14758,1.13386,0.029728,0.090016,0.015712,0.188416,0.809984,0.031616,1244819,1244819,415283,33.3609,1920,1080,raygs,triangles,1,off,0,on,-4
1781754702213516251,10143.9,824.348,1.21308,1.14614,1.13338,0.029312,0.08928,0.016384,0.188416,0.809984,0.025167,1244819,1244819,415283,33.3609,1920,1080,raygs,triangles,1,off,0,on,-4
1781754702214704840,10145.1,824.76,1.21247,1.14534,1.13299,0.029536,0.089536,0.016384,0.186624,0.810912,0.034511,1244819,1244819,415283,33.3609,1920,1080,raygs,triangles,1,off,0,on,-4
1781754702215851665,10146.2,828.123,1.20755,1.14669,1.13565,0.030176,0.089664,0.016384,0.188416,0.811008,0.022341,1244819,1244819,415283,33.3609,1920,1080,raygs,triangles,1,off,0,on,-4
1781754702217133529,10147.5,829.11,1.20611,1.1472,1.13597,0.030368,0.089664,0.016384,0.188608,0.810944,0.021238,1244819,1244819,415283,33.3609,1920,1080,raygs,triangles,1,off,0,on,-4
1781754702218369177,10148.8,827.556,1.20838,1.14701,1.13379,0.031232,0.088992,0.016192,0.188416,0.80896,0.040483,1244819,1244819,415283,33.3609,1920,1080,raygs,triangles,1,off,0,on,-4
1781754702219534259,10149.9,826.962,1.20925,1.1489,1.13699,0.030016,0.090144,0.016384,0.190464,0.809984,0.033348,1244819,1244819,415283,33.3609,1920,1080,raygs,triangles,1,off,0,on,-4
1781754702220655579,10151,827.602,1.20831,1.14717,1.13293,0.030368,0.0888,0.01536,0.18944,0.80896,0.01737,1244819,1244819,415283,33.3609,1920,1080,raygs,triangles,1,off,0,on,-4
1781754702221887528,10152.3,827.929,1.20783,1.14669,1.13418,0.029856,0.089536,0.016384,0.188416,0.809984,0.047993,1244819,1244819,415283,33.3609,1920,1080,raygs,triangles,1,off,0,on,-4
1781754702223030929,10153.4,827.746,1.2081,1.14787,1.13654,0.030016,0.089696,0.016384,0.18944,0.811008,0.029908,1244819,1244819,415283,33.3609,1920,1080,raygs,triangles,1,off,0,on,-4
1781754702224211563,10154.6,828.9,1.20642,1.14787,1.1345,0.030016,0.088672,0.01536,0.190464,0.809984,0.041454,1244819,1244819,415283,33.3609,1920,1080,raygs,triangles,1,off,0,on,-4
1781754702225639793,10156,827.927,1.20784,1.38246,1.37123,0.030112,0.089632,0.016384,0.42416,0.810944,0.034581,1244819,1244819,415283,33.3609,1920,1080,raygs,triangles,1,off,0,on,-4
1781754702226937173,10157.3,825.942,1.21074,1.2887,1.27459,0.030688,0.088832,0.01536,0.329728,0.809984,0.028891,1244819,1244819,415283,33.3609,1920,1080,raygs,triangles,1,off,0,on,-4
1781754702228072030,10158.5,824.598,1.21271,1.14669,1.13283,0.030112,0.089632,0.015712,0.187392,0.809984,0.017884,1244819,1244819,415283,33.3609,1920,1080,raygs,triangles,1,off,0,on,-4
1781754702229260395,10159.7,825.155,1.21189,1.14733,1.13472,0.029504,0.089408,0.016384,0.18944,0.809984,0.033114,1244819,1244819,415283,33.3609,1920,1080,raygs,triangles,1,off,0,on,-4
1781754702230409210,10160.8,824.661,1.21262,1.14669,1.1351,0.029856,0.08944,0.016384,0.18944,0.809984,0.019084,1244819,1244819,415283,33.3609,1920,1080,raygs,triangles,1,off,0,on,-4
1781754702231594900,10162,824.893,1.21228,1.16061,1.14848,0.030688,0.089792,0.016384,0.200704,0.810912,0.025058,1244819,1244819,415283,33.3609,1920,1080,raygs,triangles,1,off,0,on,-4
1781754702232773797,10163.2,827.484,1.20848,1.14746,1.13542,0.030144,0.089472,0.016384,0.18944,0.809984,0.026245,1244819,1244819,415283,33.3609,1920,1080,raygs,triangles,1,off,0,on,-4
1781754702234060223,10164.5,829.117,1.2061,1.14826,1.1361,0.030592,0.089696,0.016384,0.188416,0.811008,0.026684,1244819,1244819,415283,33.3609,1920,1080,raygs,triangles,1,off,0,on,-4
1781754702235232006,10165.6,827.711,1.20815,1.14803,1.13386,0.0312,0.089088,0.015424,0.187392,0.810752,0.024967,1244819,1244819,415283,33.3609,1920,1080,raygs,triangles,1,off,0,on,-4
1781754702236400402,10166.8,827.76,1.20808,1.14656,1.1351,0.029728,0.089568,0.016384,0.188416,0.811008,0.024836,1244819,1244819,415283,33.3609,1920,1080,raygs,triangles,1,off,0,on,-4
1781754702237569434,10168,828.025,1.20769,1.14851,1.13725,0.029632,0.08912,0.016384,0.190464,0.811648,0.024593,1244819,1244819,415283,33.3609,1920,1080,raygs,triangles,1,off,0,on,-4
1781754702238750393,10169.1,828.036,1.20768,1.14819,1.13702,0.030336,0.089856,0.016384,0.190464,0.809984,0.02522,1244819,1244819,415283,33.3609,1920,1080,raygs,triangles,1,off,0,on,-4
1781754702239936001,10170.3,828.361,1.2072,1.14851,1.13747,0.030176,0.08944,0.016384,0.190464,0.811008,0.025521,1244819,1244819,415283,33.3609,1920,1080,raygs,triangles,1,off,0,on,-4
1781754702241096875,10171.5,828.768,1.20661,1.14954,1.13722,0.030144,0.089472,0.016384,0.190464,0.810752,0.024637,1244819,1244819,415283,33.3609,1920,1080,raygs,triangles,1,off,0,on,-4
1781754702242515000,10172.9,828.941,1.20636,1.3856,1.37341,0.030208,0.08896,0.016224,0.427008,0.811008,0.024612,1244819,1244819,415283,33.3609,1920,1080,raygs,triangles,1,off,0,on,-4
1781754702243821179,10174.2,826.156,1.21042,1.28541,1.27357,0.030336,0.089152,0.016384,0.326688,0.811008,0.024318,1244819,1244819,415283,33.3609,1920,1080,raygs,triangles,1,off,0,on,-4
1781754702244990484,10175.4,824.866,1.21232,1.14746,1.13638,0.030656,0.08992,0.016384,0.188416,0.811008,0.024383,1244819,1244819,415283,33.3609,1920,1080,raygs,triangles,1,off,0,on,-4
1781754702246191582,10176.6,825.099,1.21198,1.14653,1.13283,0.029728,0.089472,0.016256,0.187392,0.809984,0.034515,1244819,1244819,415283,33.3609,1920,1080,raygs,triangles,1,off,0,on,-4
1781754702247338882,10177.7,824.522,1.21282,1.14739,1.13427,0.029568,0.08976,0.01552,0.188416,0.811008,0.019091,1244819,1244819,415283,33.3609,1920,1080,raygs,triangles,1,off,0,on,-4
1781754702248535021,10178.9,824.7,1.21256,1.1463,1.13402,0.030496,0.089888,0.016256,0.187392,0.809984,0.032215,1244819,1244819,415283,33.3609,1920,1080,raygs,triangles,1,off,0,on,-4
1781754702249697592,10180.1,827.089,1.20906,1.14656,1.1345,0.030432,0.08928,0.016384,0.188416,0.809984,0.019485,1244819,1244819,415283,33.3609,1920,1080,raygs,triangles,1,off,0,on,-4
1781754702250999175,10181.4,828.87,1.20646,1.14614,1.1343,0.028288,0.09008,0.016384,0.188544,0.811008,0.033619,1244819,1244819,415283,33.3609,1920,1080,raygs,triangles,1,off,0,on,-4
1781754702252153608,10182.5,827.35,1.20868,1.14541,1.13456,0.029664,0.089952,0.016384,0.187648,0.810912,0.019441,1244819,1244819,415283,33.3609,1920,1080,raygs,triangles,1,off,0,on,-4
1781754702253334488,10183.7,827.527,1.20842,1.14653,1.13245,0.03072,0.089152,0.01536,0.186368,0.810848,0.026598,1244819,1244819,415283,33.3609,1920,1080,raygs,triangles,1,off,0,on,-4
1781754702254511050,10184.9,827.219,1.20887,1.14406,1.13187,0.028288,0.089312,0.016288,0.187392,0.810592,0.026971,1244819,1244819,415283,33.3609,1920,1080,raygs,triangles,1,off,0,on,-4
1781754702255683093,10186.1,827.402,1.2086,1.14614,1.13261,0.028288,0.089536,0.01536,0.188416,0.811008,0.025932,1244819,1244819,415283,33.3609,1920,1080,raygs,triangles,1,off,0,on,-4
1781754702256883167,10187.3,828.689,1.20673,1.14653,1.13504,0.0296,0.089568,0.016384,0.188672,0.810816,0.038889,1244819,1244819,415283,33.3609,1920,1080,raygs,triangles,1,off,0,on,-4
1781754702258025913,10188.4,828.472,1.20704,1.1455,1.13181,0.029696,0.08928,0.01648,0.186368,0.809984,0.01923,1244819,1244819,415283,33.3609,1920,1080,raygs,triangles,1,off,0,on,-4
1781754702259435615,10189.8,828.662,1.20676,1.37504,1.36256,0.029856,0.089568,0.016384,0.415744,0.811008,0.026885,1244819,1244819,415283,33.3609,1920,1080,raygs,triangles,1,off,0,on,-4
1781754702260740370,10191.1,826.113,1.21049,1.28595,1.27366,0.02976,0.089696,0.016384,0.32704,0.810784,0.02577,1244819,1244819,415283,33.3609,1920,1080,raygs,triangles,1,off,0,on,-4
1781754702261920483,10192.3,824.538,1.2128,1.14774,1.13552,0.030336,0.089824,0.016384,0.188416,0.81056,0.027297,1244819,1244819,415283,33.3609,1920,1080,raygs,triangles,1,off,0,on,-4
1781754702263092434,10193.5,824.551,1.21278,1.14582,1.1329,0.030208,0.089728,0.015584,0.187392,0.809984,0.02652,1244819,1244819,415283,33.3609,1920,1080,raygs,triangles,1,off,0,on,-4
1781754702264268754,10194.7,824.769,1.21246,1.14502,1.13203,0.03024,0.089056,0.01536,0.186368,0.811008,0.030412,1244819,1244819,415283,33.3609,1920,1080,raygs,triangles,1,off,0,on,-4
1781754702265473732,10195.9,824.354,1.21307,1.14598,1.13229,0.030144,0.089888,0.015744,0.185632,0.81088,0.032108,1244819,1244819,415283,33.3609,1920,1080,raygs,triangles,1,off,0,on,-4
1781754702266782854,10197.2,826.785,1.2095,1.14995,1.14141,0.030048,0.089376,0.016384,0.194592,0.811008,0.041739,1244819,1244819,415283,33.3609,1920,1080,raygs,triangles,1,off,0,on,-4
1781754702267914726,10198.3,826.714,1.20961,1.15002,1.13754,0.031136,0.089952,0.016384,0.188416,0.811648,0.016886,1244819,1244819,415283,33.3609,1920,1080,raygs,triangles,1,off,0,on,-4
1781754702269109807,10199.5,827.479,1.20849,1.1448,1.1329,0.02992,0.08944,0.016384,0.186368,0.810784,0.036563,1244819,1244819,415283,33.3609,1920,1080,raygs,triangles,1,off,0,on,-4
1781754702270280856,10200.7,827.161,1.20896,1.14701,1.13574,0.030208,0.089632,0.016384,0.187712,0.811808,0.027641,1244819,1244819,415283,33.3609,1920,1080,raygs,triangles,1,off,0,on,-4
1781754702271457917,10201.8,827.134,1.20899,1.14534,1.13162,0.029536,0.08832,0.016384,0.187392,0.809984,0.029347,1244819,1244819,415283,33.3609,1920,1080,raygs,triangles,1,off,0,on,-4
1781754702272649363,10203,826.865,1.20939,1.14346,1.1313,0.029088,0.0896,0.016256,0.186368,0.809984,0.031313,1244819,1244819,415283,33.3609,1920,1080,raygs,triangles,1,off,0,on,-4
1781754702273778264,10204.2,828.098,1.20759,1.14534,1.13402,0.028512,0.089696,0.016384,0.188416,0.811008,0.016054,1244819,1244819,415283,33.3609,1920,1080,raygs,triangles,1,off,0,on,-4
1781754702274973318,10205.4,828.887,1.20644,1.14963,1.13466,0.029728,0.089472,0.01536,0.18944,0.810656,0.033892,1244819,1244819,415283,33.3609,1920,1080,raygs,triangles,1,off,0,on,-4
1781754702276335005,10206.7,829.758,1.20517,1.33078,1.31939,0.028928,0.089568,0.016384,0.37376,0.810752,0.026273,1244819,1244819,415283,33.3609,1920,1080,raygs,triangles,1,off,0,on,-4
1781754702277642003,10208,828.049,1.20766,1.27005,1.25658,0.15424,0.089568,0.01536,0.187424,0.809984,0.031774,1244819,1244819,415283,33.3609,1920,1080,raygs,triangles,1,off,0,on,-4
1781754702278811668,10209.2,826.072,1.21055,1.14643,1.13296,0.0296,0.0896,0.01536,0.187392,0.811008,0.027756,1244819,1244819,415283,33.3609,1920,1080,raygs,triangles,1,off,0,on,-4
1781754702280012835,10210.4,826.185,1.21038,1.14464,1.13181,0.029056,0.089664,0.015712,0.186368,0.811008,0.035538,1244819,1244819,415283,33.3609,1920,1080,raygs,triangles,1,off,0,on,-4
1781754702281141034,10211.5,826.685,1.20965,1.14384,1.13021,0.028064,0.089408,0.016384,0.186368,0.809984,0.02166,1244819,1244819,415283,33.3609,1920,1080,raygs,triangles,1,off,0,on,-4
1781754702282318754,10212.7,828.342,1.20723,1.1448,1.13363,0.029984,0.089888,0.016384,0.186368,0.811008,0.027826,1244819,1244819,415283,33.3609,1920,1080,raygs,triangles,1,off,0,on,-4
1781754702283617681,10214,829.718,1.20523,1.14854,1.13766,0.02864,0.089056,0.01536,0.19392,0.810688,0.039602,1244819,1244819,415283,33.3609,1920,1080,raygs,triangles,1,off,0,on,-4
1781754702284770611,10215.2,828.501,1.207,1.14774,1.13366,0.02992,0.088928,0.016384,0.187424,0.811008,0.019281,1244819,1244819,415283,33.3609,1920,1080,raygs,triangles,1,off,0,on,-4
1781754702285961283,10216.4,828.709,1.2067,1.14733,1.1344,0.030496,0.08912,0.016384,0.188416,0.809984,0.035552,1244819,1244819,415283,33.3609,1920,1080,raygs,triangles,1,off,0,on,-4
1781754702287264822,10217.7,827.94,1.20782,1.14493,1.13242,0.02912,0.088864,0.016384,0.188416,0.809632,0.028746,1244819,1244819,415283,33.3609,1920,1080,raygs,triangles,1,off,0,on,-4
1781754702288421933,10218.8,827.015,1.20917,1.14762,1.13421,0.030048,0.088992,0.015744,0.18944,0.809984,0.021645,1244819,1244819,415283,33.3609,1920,1080,raygs,triangles,1,off,0,on,-4
1781754702289593690,10220,826.686,1.20965,1.14669,1.13318,0.029888,0.089536,0.016384,0.186368,0.811008,0.027367,1244819,1244819,415283,33.3609,1920,1080,raygs,triangles,1,off,0,on,-4
1781754702290790969,10221.2,828.066,1.20763,1.14691,1.1336,0.030112,0.089728,0.016384,0.187392,0.809984,0.035633,1244819,1244819,415283,33.3609,1920,1080,raygs,triangles,1,off,0,on,-4
1781754702292119672,10222.5,828.531,1.20696,1.14595,1.13274,0.030176,0.089728,0.01648,0.186368,0.809984,0.021398,1244819,1244819,415283,33.3609,1920,1080,raygs,triangles,1,off,0,on,-4
1781754702293433202,10223.8,826.515,1.2099,1.14874,1.13667,0.034976,0.08912,0.016224,0.185344,0.811008,0.033781,1244819,1244819,415283,33.3609,1920,1080,raygs,triangles,1,off,0,on,-4
1781754702294584838,10225,824.551,1.21278,1.14768,1.13574,0.030848,0.090208,0.016384,0.187392,0.810912,0.019785,1244819,1244819,415283,33.3609,1920,1080,raygs,triangles,1,off,0,on,-4
1781754702295769469,10226.2,825.211,1.21181,1.14675,1.13562,0.03024,0.089728,0.016384,0.188416,0.810848,0.026563,1244819,1244819,415283,33.3609,1920,1080,raygs,triangles,1,off,0,on,-4
1781754702296944371,10227.3,824.769,1.21246,1.14614,1.13376,0.030336,0.0888,0.016384,0.187392,0.810848,0.025738,1244819,1244819,415283,33.3609,1920,1080,raygs,triangles,1,off,0,on,-4
1781754702298125131,10228.5,825.738,1.21104,1.1545,1.14301,0.029472,0.089472,0.016384,0.197056,0.810624,0.029694,1244819,1244819,415283,33.3609,1920,1080,raygs,triangles,1,off,0,on,-4
1781754702299314750,10229.7,827.596,1.20832,1.14698,1.13507,0.030144,0.090144,0.016384,0.188416,0.809984,0.027355,1244819,1244819,415283,33.3609,1920,1080,raygs,triangles,1,off,0,on,-4
1781754702300611563,10231,829.028,1.20623,1.14998,1.1415,0.03008,0.089728,0.016384,0.193536,0.811776,0.03675,1244819,1244819,415283,33.3609,1920,1080,raygs,triangles,1,off,0,on,-4
1781754702301770399,10232.2,827.327,1.20871,1.14781,1.13542,0.0312,0.089408,0.016384,0.187616,0.810816,0.02213,1244819,1244819,415283,33.3609,1920,1080,raygs,triangles,1,off,0,on,-4
1781754702302952675,10233.3,827.328,1.20871,1.14723,1.13427,0.030048,0.089248,0.015552,0.188416,0.811008,0.028368,1244819,1244819,415283,33.3609,1920,1080,raygs,triangles,1,off,0,on,-4
1781754702304115617,10234.5,827.152,1.20897,1.14906,1.13792,0.030656,0.08944,0.016384,0.190464,0.810976,0.026561,1244819,1244819,415283,33.3609,1920,1080,raygs,triangles,1,off,0,on,-4
1781754702305331887,10235.7,827.305,1.20874,1.14598,1.13386,0.030176,0.08992,0.016384,0.186368,0.811008,0.037976,1244819,1244819,415283,33.3609,1920,1080,raygs,triangles,1,off,0,on,-4
1781754702306476741,10236.9,827.134,1.20899,1.1463,1.13402,0.030496,0.08896,0.016384,0.187392,0.810784,0.016036,1244819,1244819,415283,33.3609,1920,1080,raygs,triangles,1,off,0,on,-4
1781754702307637247,10238,828.584,1.20688,1.14474,1.1336,0.030112,0.089728,0.016384,0.187392,0.809984,0.025737,1244819,1244819,415283,33.3609,1920,1080,raygs,triangles,1,off,0,on,-4
1781754702309058507,10239.4,828.615,1.20683,1.38496,1.37219,0.029568,0.090336,0.016128,0.425408,0.810752,0.02689,1244819,1244819,415283,33.3609,1920,1080,raygs,triangles,1,off,0,on,-4
1781754702310390174,10240.8,825.905,1.21079,1.27453,1.26179,0.028672,0.089312,0.01536,0.31744,0.811008,0.038029,1244819,1244819,415283,33.3609,1920,1080,raygs,triangles,1,off,0,on,-4
1781754702311522099,10241.9,823.847,1.21382,1.1463,1.1329,0.030528,0.089632,0.016384,0.186368,0.809984,0.015737,1244819,1244819,415283,33.3609,1920,1080,raygs,triangles,1,off,0,on,-4
1781754702312699772,10243.1,824.387,1.21302,1.14358,1.13056,0.028832,0.088992,0.016384,0.186368,0.809984,0.02687,1244819,1244819,415283,33.3609,1920,1080,raygs,triangles,1,off,0,on,-4
1781754702313873840,10244.3,824.592,1.21272,1.14496,1.1321,0.029088,0.089088,0.015744,0.187392,0.810784,0.027145,1244819,1244819,415283,33.3609,1920,1080,raygs,triangles,1,off,0,on,-4
1781754702315058966,10245.5,824.492,1.21287,1.14874,1.13437,0.029888,0.090656,0.01568,0.187392,0.810752,0.031123,1244819,1244819,415283,33.3609,1920,1080,raygs,triangles,1,off,0,on,-4
1781754702316248148,10246.6,827.188,1.20891,1.1455,1.13222,0.028672,0.089792,0.016384,0.187392,0.809984,0.028733,1244819,1244819,415283,33.3609,1920,1080,raygs,triangles,1,off,0,on,-4
1781754702317533387,10247.9,828.56,1.20691,1.14758,1.13686,0.028736,0.089248,0.016384,0.192512,0.809984,0.03645,1244819,1244819,415283,33.3609,1920,1080,raygs,triangles,1,off,0,on,-4
1781754702318685038,10249.1,827.194,1.20891,1.148,1.13411,0.030144,0.089312,0.016448,0.187392,0.810816,0.020133,1244819,1244819,415283,33.3609,1920,1080,raygs,triangles,1,off,0,on,-4
1781754702319858085,10250.2,827.521,1.20843,1.1441,1.13139,0.028288,0.089152,0.016384,0.186688,0.81088,0.026519,1244819,1244819,415283,33.3609,1920,1080,raygs,triangles,1,off,0,on,-4
1781754702321040871,10251.4,827.42,1.20858,1.14685,1.13494,0.028992,0.091072,0.016384,0.188576,0.80992,0.026363,1244819,1244819,415283,33.3609,1920,1080,raygs,triangles,1,off,0,on,-4
1781754702322219186,10252.6,827.449,1.20853,1.14637,1.13597,0.030048,0.08944,0.016384,0.188416,0.81168,0.034582,1244819,1244819,415283,33.3609,1920,1080,raygs,triangles,1,off,0,on,-4
1781754702323381345,10253.8,827.43,1.20856,1.14621,1.13318,0.02896,0.08944,0.016384,0.188416,0.809984,0.01999,1244819,1244819,415283,33.3609,1920,1080,raygs,triangles,1,off,0,on,-4
1781754702324564335,10255,828.716,1.20669,1.14378,1.1319,0.028992,0.089152,0.016384,0.186368,0.811008,0.026871,1244819,1244819,415283,33.3609,1920,1080,raygs,triangles,1,off,0,on,-4
1781754702325968903,10256.4,828.617,1.20683,1.38384,1.37059,0.029408,0.089248,0.016384,0.42496,0.810592,0.02699,1244819,1244819,415283,33.3609,1920,1080,raygs,triangles,1,off,0,on,-4
1781754702327283793,10257.7,826.169,1.21041,1.28509,1.27366,0.030016,0.089824,0.016384,0.326656,0.810784,0.026939,1244819,1244819,415283,33.3609,1920,1080,raygs,triangles,1,off,0,on,-4
1781754702328459182,10258.9,824.446,1.21294,1.14771,1.13498,0.029856,0.089312,0.016384,0.188416,0.811008,0.026327,1244819,1244819,415283,33.3609,1920,1080,raygs,triangles,1,off,0,on,-4
1781754702329628778,10260,824.377,1.21304,1.14662,1.13347,0.029792,0.08992,0.016384,0.186368,0.811008,0.025557,1244819,1244819,415283,33.3609,1920,1080,raygs,triangles,1,off,0,on,-4
1781754702330809089,10261.2,824.626,1.21267,1.14803,1.1353,0.030208,0.08976,0.016384,0.188416,0.810528,0.026282,1244819,1244819,415283,33.3609,1920,1080,raygs,triangles,1,off,0,on,-4
1781754702331983579,10262.4,824.421,1.21297,1.14685,1.13402,0.030016,0.089024,0.016384,0.18768,0.810912,0.029286,1244819,1244819,415283,33.3609,1920,1080,raygs,triangles,1,off,0,on,-4
1781754702333159874,10263.6,827.019,1.20916,1.14685,1.13443,0.030048,0.0896,0.016384,0.187392,0.811008,0.026442,1244819,1244819,415283,33.3609,1920,1080,raygs,triangles,1,off,0,on,-4
1781754702334473976,10264.9,828.695,1.20672,1.14867,1.13843,0.029824,0.089408,0.01568,0.193536,0.809984,0.036241,1244819,1244819,415283,33.3609,1920,1080,raygs,triangles,1,off,0,on,-4
1781754702335622054,10266,827.233,1.20885,1.14915,1.13546,0.031296,0.090048,0.016288,0.18784,0.809984,0.017909,1244819,1244819,415283,33.3609,1920,1080,raygs,triangles,1,off,0,on,-4
1781754702336852238,10267.2,827.318,1.20872,1.14573,1.13459,0.029952,0.089696,0.016384,0.187552,0.811008,0.038467,1244819,1244819,415283,33.3609,1920,1080,raygs,triangles,1,off,0,on,-4
1781754702338061870,10268.5,826.889,1.20935,1.14582,1.13488,0.030368,0.0896,0.016384,0.187776,0.810752,0.032423,1244819,1244819,415283,33.3609,1920,1080,raygs,triangles,1,off,0,on,-4
1781754702339224538,10269.6,826.587,1.20979,1.14698,1.13261,0.030176,0.088608,0.016384,0.186592,0.810848,0.031691,1244819,1244819,415283,33.3609,1920,1080,raygs,triangles,1,off,0,on,-4
1781754702340383790,10270.8,828.279,1.20732,1.14982,1.13542,0.029952,0.089376,0.015648,0.190464,0.809984,0.026621,1244819,1244819,415283,33.3609,1920,1080,raygs,triangles,1,off,0,on,-4
1781754702341546781,10271.9,828.165,1.20749,1.14653,1.13267,0.029728,0.089344,0.016384,0.186368,0.810848,0.027651,1244819,1244819,415283,33.3609,1920,1080,raygs,triangles,1,off,0,on,-4
1781754702342912938,10273.3,828.458,1.20706,1.38237,1.36915,0.030016,0.089728,0.016384,0.423392,0.809632,0.016607,1244819,1244819,415283,33.3609,1920,1080,raygs,triangles,1,off,0,on,-4
1781754702344294647,10274.7,825.891,1.21081,1.28877,1.27562,0.030656,0.089024,0.015584,0.329728,0.810624,0.044241,1244819,1244819,415283,33.3609,1920,1080,raygs,triangles,1,off,0,on,-4
1781754702345417052,10275.8,823.697,1.21404,1.14746,1.13398,0.029632,0.0904,0.016384,0.187616,0.809952,0.024064,1244819,1244819,415283,33.3609,1920,1080,raygs,triangles,1,off,0,on,-4
1781754702346617025,10277,824.545,1.21279,1.14346,1.1313,0.028672,0.089984,0.015616,0.186368,0.810656,0.033675,1244819,1244819,415283,33.3609,1920,1080,raygs,triangles,1,off,0,on,-4
1781754702347749020,10278.1,823.883,1.21377,1.14592,1.13382,0.0304,0.089664,0.016384,0.186368,0.811008,0.016754,1244819,1244819,415283,33.3609,1920,1080,raygs,triangles,1,off,0,on,-4
1781754702348946949,10279.3,824.253,1.21322,1.14406,1.13139,0.028256,0.08928,0.01648,0.186368,0.811008,0.042849,1244819,1244819,415283,33.3609,1920,1080,raygs,triangles,1,off,0,on,-4
1781754702350261604,10280.7,826.229,1.21032,1.14531,1.13174,0.028512,0.0896,0.016256,0.187392,0.809984,0.023049,1244819,1244819,415283,33.3609,1920,1080,raygs,triangles,1,off,0,on,-4
1781754702351395613,10281.8,826.115,1.21049,1.14086,1.13059,0.0312,0.08768,0.01536,0.185344,0.811008,0.029108,1244819,1244819,415283,33.3609,1920,1080,raygs,triangles,1,off,0,on,-4
1781754702352584081,10283,826.408,1.21006,1.14682,1.13389,0.029024,0.089056,0.016384,0.188416,0.811008,0.029863,1244819,1244819,415283,33.3609,1920,1080,raygs,triangles,1,off,0,on,-4
1781754702353748243,10284.1,826.773,1.20952,1.14557,1.1343,0.028736,0.08976,0.016384,0.188416,0.811008,0.032613,1244819,1244819,415283,33.3609,1920,1080,raygs,triangles,1,off,0,on,-4
1781754702354958181,10285.3,826.428,1.21003,1.14637,1.13277,0.030592,0.08944,0.01536,0.187392,0.809984,0.040934,1244819,1244819,415283,33.3609,1920,1080,raygs,triangles,1,off,0,on,-4
1781754702356090817,10286.5,825.954,1.21072,1.14541,1.1313,0.028768,0.088768,0.01536,0.188416,0.809984,0.015911,1244819,1244819,415283,33.3609,1920,1080,raygs,triangles,1,off,0,on,-4
1781754702357283383,10287.7,827.717,1.20814,1.14803,1.13414,0.028128,0.089184,0.01536,0.190464,0.811008,0.043896,1244819,1244819,415283,33.3609,1920,1080,raygs,triangles,1,off,0,on,-4
1781754702358681941,10289.1,827.696,1.20817,1.14486,1.13261,0.03008,0.088768,0.016384,0.186368,0.811008,0.019729,1244819,1244819,415283,33.3609,1920,1080,raygs,triangles,1,off,0,on,-4
1781754702359986019,10290.4,825.358,1.2116,1.15226,1.13917,0.03584,0.089568,0.016384,0.187392,0.809984,0.026606,1244819,1244819,415283,33.3609,1920,1080,raygs,triangles,1,off,0,on,-4
1781754702361238726,10291.6,824.945,1.2122,1.14858,1.13555,0.03072,0.090048,0.016384,0.187392,0.811008,0.046501,1244819,1244819,415283,33.3609,1920,1080,raygs,triangles,1,off,0,on,-4
1781754702362353872,10292.7,824.138,1.21339,1.14566,1.13181,0.030176,0.08992,0.01536,0.186368,0.809984,0.024953,1244819,1244819,415283,33.3609,1920,1080,raygs,triangles,1,off,0,on,-4
1781754702363522839,10293.9,824.753,1.21248,1.14448,1.13194,0.028864,0.088672,0.016384,0.187392,0.810624,0.026815,1244819,1244819,415283,33.3609,1920,1080,raygs,triangles,1,off,0,on,-4
1781754702364673685,10295.1,824.917,1.21224,1.14566,1.13142,0.028832,0.088992,0.01536,0.187392,0.810848,0.019726,1244819,1244819,415283,33.3609,1920,1080,raygs,triangles,1,off,0,on,-4
1781754702365874014,10296.3,826.936,1.20928,1.14662,1.1328,0.029792,0.089248,0.016384,0.187392,0.809984,0.036338,1244819,1244819,415283,33.3609,1920,1080,raygs,triangles,1,off,0,on,-4
1781754702367170927,10297.6,828.296,1.2073,1.14653,1.13261,0.029696,0.08912,0.016416,0.187392,0.809984,0.02279,1244819,1244819,415283,33.3609,1920,1080,raygs,triangles,1,off,0,on,-4
1781754702368326962,10298.7,826.806,1.20947,1.13891,1.12906,0.030272,0.087328,0.01536,0.185344,0.810752,0.027794,1244819,1244819,415283,33.3609,1920,1080,raygs,triangles,1,off,0,on,-4
1781754702369514862,10299.9,826.881,1.20936,1.15011,1.13709,0.030272,0.089984,0.016384,0.18944,0.811008,0.029591,1244819,1244819,415283,33.3609,1920,1080,raygs,triangles,1,off,0,on,-4
1781754702370677491,10301.1,826.786,1.2095,1.14691,1.13453,0.030336,0.089632,0.016288,0.187392,0.81088,0.0258,1244819,1244819,415283,33.3609,1920,1080,raygs,triangles,1,off,0,on,-4
1781754702371850872,10302.2,826.945,1.20927,1.1455,1.13245,0.0304,0.089312,0.01536,0.187392,0.809984,0.029323,1244819,1244819,415283,33.3609,1920,1080,raygs,triangles,1,off,0,on,-4
1781754702373032369,10303.4,826.969,1.20924,1.14688,1.13392,0.030048,0.08928,0.016384,0.187392,0.810816,0.026999,1244819,1244819,415283,33.3609,1920,1080,raygs,triangles,1,off,0,on,-4
1781754702374204822,10304.6,828.302,1.20729,1.14765,1.13514,0.030336,0.08944,0.016384,0.188416,0.81056,0.029071,1244819,1244819,415283,33.3609,1920,1080,raygs,triangles,1,off,0,on,-4
1781754702375591541,10306,828.362,1.2072,1.14653,1.13174,0.029696,0.089312,0.01536,0.187392,0.809984,0.026036,1244819,1244819,415283,33.3609,1920,1080,raygs,triangles,1,off,0,on,-4
1781754702376888444,10307.3,826.025,1.21062,1.1504,1.13667,0.034624,0.089152,0.016384,0.185536,0.810976,0.025808,1244819,1244819,415283,33.3609,1920,1080,raygs,triangles,1,off,0,on,-4
1781754702378074026,10308.5,824.471,1.2129,1.14598,1.13293,0.030432,0.08976,0.016384,0.186368,0.809984,0.02592,1244819,1244819,415283,33.3609,1920,1080,raygs,triangles,1,off,0,on,-4
1781754702379241935,10309.6,824.67,1.21261,1.14579,1.1327,0.028992,0.088928,0.016384,0.188416,0.809984,0.025526,1244819,1244819,415283,33.3609,1920,1080,raygs,triangles,1,off,0,on,-4
1781754702380412882,10310.8,824.473,1.2129,1.14621,1.13382,0.0304,0.089088,0.016384,0.187392,0.81056,0.025618,1244819,1244819,415283,33.3609,1920,1080,raygs,triangles,1,off,0,on,-4
1781754702381605993,10312,824.447,1.21293,1.16701,1.15347,0.028672,0.089568,0.016384,0.208256,0.810592,0.025542,1244819,1244819,415283,33.3609,1920,1080,raygs,triangles,1,off,0,on,-4
1781754702382791077,10313.2,826.902,1.20933,1.14621,1.13386,0.028352,0.09056,0.016384,0.186624,0.811936,0.03044,1244819,1244819,415283,33.3609,1920,1080,raygs,triangles,1,off,0,on,-4
1781754702384083073,10314.5,828.563,1.20691,1.1463,1.13446,0.030496,0.089184,0.016384,0.187392,0.811008,0.027122,1244819,1244819,415283,33.3609,1920,1080,raygs,triangles,1,off,0,on,-4
1781754702385243046,10315.6,827.118,1.20902,1.13898,1.12934,0.029312,0.088384,0.01632,0.18432,0.811008,0.013656,1244819,1244819,415283,33.3609,1920,1080,raygs,triangles,1,off,0,on,-4
1781754702386448152,10316.8,827.085,1.20906,1.14576,1.13424,0.028928,0.088928,0.016384,0.18944,0.81056,0.042905,1244819,1244819,415283,33.3609,1920,1080,raygs,triangles,1,off,0,on,-4
1781754702387599325,10318,826.922,1.2093,1.14557,1.13366,0.030496,0.089312,0.016384,0.187744,0.809728,0.026248,1244819,1244819,415283,33.3609,1920,1080,raygs,triangles,1,off,0,on,-4
1781754702388773277,10319.2,827.069,1.20909,1.14458,1.13162,0.028768,0.089952,0.016384,0.185792,0.81072,0.0275,1244819,1244819,415283,33.3609,1920,1080,raygs,triangles,1,off,0,on,-4
1781754702389945066,10320.3,827.071,1.20909,1.1457,1.13258,0.028992,0.089824,0.016384,0.187392,0.809984,0.026653,1244819,1244819,415283,33.3609,1920,1080,raygs,triangles,1,off,0,on,-4
1781754702391117683,10321.5,828.514,1.20698,1.14685,1.13389,0.030048,0.089696,0.015744,0.187392,0.811008,0.026095,1244819,1244819,415283,33.3609,1920,1080,raygs,triangles,1,off,0,on,-4
1781754702392515323,10322.9,828.294,1.2073,1.14534,1.13184,0.028512,0.090528,0.016288,0.185504,0.811008,0.026657,1244819,1244819,415283,33.3609,1920,1080,raygs,triangles,1,off,0,on,-4
1781754702393807954,10324.2,825.783,1.21097,1.15168,1.1399,0.035904,0.090112,0.016384,0.186656,0.810848,0.025403,1244819,1244819,415283,33.3609,1920,1080,raygs,triangles,1,off,0,on,-4
1781754702394981683,10325.4,824.464,1.21291,1.14723,1.13411,0.031424,0.089952,0.016384,0.186368,0.809984,0.026704,1244819,1244819,415283,33.3609,1920,1080,raygs,triangles,1,off,0,on,-4
1781754702396159895,10326.6,824.49,1.21287,1.14554,1.13347,0.030752,0.08896,0.016384,0.186368,0.811008,0.025423,1244819,1244819,415283,33.3609,1920,1080,raygs,triangles,1,off,0,on,-4
1781754702397329468,10327.7,824.518,1.21283,1.14557,1.13146,0.028928,0.088768,0.016384,0.187392,0.809984,0.025179,1244819,1244819,415283,33.3609,1920,1080,raygs,triangles,1,off,0,on,-4
1781754702398503125,10328.9,824.507,1.21285,1.14573,1.1321,0.029952,0.089408,0.016384,0.186368,0.809984,0.026086,1244819,1244819,415283,33.3609,1920,1080,raygs,triangles,1,off,0,on,-4
1781754702399683306,10330.1,827.185,1.20892,1.14701,1.13382,0.030176,0.089056,0.016384,0.187392,0.810816,0.030038,1244819,1244819,415283,33.3609,1920,1080,raygs,triangles,1,off,0,on,-4
1781754702400978505,10331.4,828.701,1.20671,1.14762,1.1343,0.028768,0.089792,0.01632,0.18944,0.809984,0.027131,1244819,1244819,415283,33.3609,1920,1080,raygs,triangles,1,off,0,on,-4
1781754702402123901,10332.5,827.613,1.20829,1.14,1.12867,0.030336,0.088064,0.01536,0.18432,0.810592,0.01364,1244819,1244819,415283,33.3609,1920,1080,raygs,triangles,1,off,0,on,-4
1781754702403355590,10333.7,827.853,1.20794,1.14813,1.13494,0.030336,0.089824,0.016384,0.188416,0.809984,0.05213,1244819,1244819,415283,33.3609,1920,1080,raygs,triangles,1,off,0,on,-4
1781754702404535326,10334.9,827.28,1.20878,1.1472,1.13539,0.0304,0.089184,0.016384,0.18944,0.809984,0.039276,1244819,1244819,415283,33.3609,1920,1080,raygs,triangles,1,off,0,on,-4
1781754702405694343,10336.1,827.135,1.20899,1.14598,1.13398,0.030272,0.089792,0.016384,0.18768,0.809856,0.025621,1244819,1244819,415283,33.3609,1920,1080,raygs,triangles,1,off,0,on,-4
1781754702406850596,10337.2,827.18,1.20893,1.14528,1.13226,0.03056,0.088928,0.016384,0.1864,0.809984,0.020736,1244819,1244819,415283,33.3609,1920,1080,raygs,triangles,1,off,0,on,-4
1781754702408030847,10338.4,828.719,1.20668,1.14762,1.13411,0.029792,0.089632,0.01536,0.188416,0.810912,0.026789,1244819,1244819,415283,33.3609,1920,1080,raygs,triangles,1,off,0,on,-4
1781754702409424350,10339.8,828.665,1.20676,1.14541,1.13309,0.030112,0.08848,0.016384,0.186368,0.811744,0.027116,1244819,1244819,415283,33.3609,1920,1080,raygs,triangles,1,off,0,on,-4
1781754702410738800,10341.1,826.622,1.20974,1.15078,1.13888,0.036,0.090176,0.016384,0.185344,0.810976,0.033955,1244819,1244819,415283,33.3609,1920,1080,raygs,triangles,1,off,0,on,-4
1781754702411892284,10342.3,825.545,1.21132,1.14982,1.13677,0.031584,0.089376,0.016384,0.188416,0.811008,0.02042,1244819,1244819,415283,33.3609,1920,1080,raygs,triangles,1,off,0,on,-4
1781754702413069132,10343.5,825.474,1.21143,1.14582,1.13274,0.030496,0.089504,0.016384,0.186368,0.809984,0.02657,1244819,1244819,415283,33.3609,1920,1080,raygs,triangles,1,off,0,on,-4
1781754702414261302,10344.7,825.211,1.21181,1.14672,1.13344,0.029888,0.089792,0.016384,0.187392,0.809984,0.038737,1244819,1244819,415283,33.3609,1920,1080,raygs,triangles,1,off,0,on,-4
1781754702415415107,10345.8,825.102,1.21197,1.14451,1.13258,0.029184,0.089728,0.01648,0.186368,0.810816,0.02052,1244819,1244819,415283,33.3609,1920,1080,raygs,triangles,1,off,0,on,-4
1781754702416598725,10347,827.694,1.20818,1.14646,1.13264,0.029632,0.089248,0.016384,0.187392,0.809984,0.031247,1244819,1244819,415283,33.3609,1920,1080,raygs,triangles,1,off,0,on,-4
1781754702417897734,10348.3,829.726,1.20522,1.1433,1.13174,0.028512,0.089632,0.016384,0.186368,0.810848,0.029631,1244819,1244819,415283,33.3609,1920,1080,raygs,triangles,1,off,0,on,-4
1781754702419036486,10349.4,827.849,1.20795,1.13856,1.12755,0.028928,0.088992,0.015328,0.18432,0.809984,0.014514,1244819,1244819,415283,33.3609,1920,1080,raygs,triangles,1,off,0,on,-4
1781754702420261094,10350.7,828.597,1.20686,1.14787,1.13613,0.030016,0.089664,0.016384,0.18944,0.810624,0.043648,1244819,1244819,415283,33.3609,1920,1080,raygs,triangles,1,off,0,on,-4
1781754702421475827,10351.9,827.675,1.2082,1.14525,1.13168,0.028448,0.089152,0.01568,0.187392,0.811008,0.042111,1244819,1244819,415283,33.3609,1920,1080,raygs,triangles,1,off,0,on,-4
1781754702422614085,10353,827.293,1.20876,1.1448,1.13235,0.028992,0.0896,0.01536,0.188416,0.809984,0.030913,1244819,1244819,415283,33.3609,1920,1080,raygs,triangles,1,off,0,on,-4
1781754702423757514,10354.1,829.439,1.20563,1.14685,1.13478,0.030496,0.08848,0.016384,0.188416,0.811008,0.017616,1244819,1244819,415283,33.3609,1920,1080,raygs,triangles,1,off,0,on,-4
1781754702425122467,10355.5,829.23,1.20594,1.14653,1.13395,0.028672,0.08976,0.01712,0.187392,0.811008,0.034232,1244819,1244819,415283,33.3609,1920,1080,raygs,triangles,1,off,0,on,-4
1781754702426435694,10356.8,827.023,1.20916,1.15197,1.13821,0.035136,0.08928,0.015712,0.187392,0.810688,0.03081,1244819,1244819,415283,33.3609,1920,1080,raygs,triangles,1,off,0,on,-4
1781754702427799289,10358.2,825.574,1.21128,1.1473,1.1359,0.031712,0.089408,0.016384,0.187392,0.811008,0.034181,1244819,1244819,415283,33.3609,1920,1080,raygs,triangles,1,off,0,on,-4
1781754702428894192,10359.3,823.675,1.21407,1.14806,1.13606,0.030272,0.089984,0.016384,0.188416,0.811008,0.017764,1244819,1244819,415283,33.3609,1920,1080,raygs,triangles,1,off,0,on,-4
1781754702430069298,10360.5,824.129,1.2134,1.14611,1.13184,0.028928,0.089312,0.01536,0.187392,0.810848,0.031616,1244819,1244819,415283,33.3609,1920,1080,raygs,triangles,1,off,0,on,-4
1781754702431284044,10361.7,823.807,1.21388,1.14685,1.1337,0.030304,0.088608,0.016384,0.188416,0.809984,0.040603,1244819,1244819,415283,33.3609,1920,1080,raygs,triangles,1,off,0,on,-4
1781754702432435546,10362.8,826.43,1.21002,1.14432,1.13094,0.028544,0.089568,0.015648,0.186368,0.810816,0.028783,1244819,1244819,415283,33.3609,1920,1080,raygs,triangles,1,off,0,on,-4
1781754702433589994,10364,828.346,1.20723,1.1456,1.13238,0.0288,0.0888,0.016384,0.188416,0.809984,0.021198,1244819,1244819,415283,33.3609,1920,1080,raygs,triangles,1,off,0,on,-4
1781754702434881540,10365.3,829.178,1.20601,1.14717,1.13482,0.030368,0.09008,0.01616,0.187392,0.810816,0.027467,1244819,1244819,415283,33.3609,1920,1080,raygs,triangles,1,off,0,on,-4
1781754702436025606,10366.4,827.329,1.20871,1.13965,1.1295,0.029984,0.087808,0.01536,0.185344,0.811008,0.01328,1244819,1244819,415283,33.3609,1920,1080,raygs,triangles,1,off,0,on,-4
1781754702437248315,10367.6,827.638,1.20826,1.14963,1.13661,0.030176,0.0896,0.016384,0.190464,0.809984,0.043195,1244819,1244819,415283,33.3609,1920,1080,raygs,triangles,1,off,0,on,-4
1781754702438405926,10368.8,827.016,1.20917,1.14698,1.13411,0.030144,0.090208,0.01536,0.187392,0.811008,0.026719,1244819,1244819,415283,33.3609,1920,1080,raygs,triangles,1,off,0,on,-4
1781754702439574613,10370,827.082,1.20907,1.14496,1.13411,0.030208,0.089504,0.016384,0.187392,0.810624,0.02626,1244819,1244819,415283,33.3609,1920,1080,raygs,triangles,1,off,0,on,-4
1781754702440760863,10371.2,828.498,1.207,1.14698,1.13421,0.030176,0.089152,0.016608,0.188416,0.809856,0.034916,1244819,1244819,415283,33.3609,1920,1080,raygs,triangles,1,off,0,on,-4
1781754702442136535,10372.5,828.529,1.20696,1.14502,1.13251,0.030272,0.089888,0.016384,0.186368,0.8096,0.01995,1244819,1244819,415283,33.3609,1920,1080,raygs,triangles,1,off,0,on,-4
1781754702443442132,10373.8,826.09,1.21052,1.1503,1.13834,0.035552,0.090048,0.016384,0.185344,0.811008,0.026827,1244819,1244819,415283,33.3609,1920,1080,raygs,triangles,1,off,0,on,-4
1781754702444615502,10375,824.602,1.21271,1.14858,1.13699,0.030752,0.0904,0.016384,0.18848,0.810976,0.026142,1244819,1244819,415283,33.3609,1920,1080,raygs,triangles,1,off,0,on,-4
1781754702445825167,10376.2,824.518,1.21283,1.14701,1.13523,0.030144,0.089248,0.016384,0.188576,0.81088,0.036013,1244819,1244819,415283,33.3609,1920,1080,raygs,triangles,1,off,0,on,-4
1781754702446995012,10377.4,824.491,1.21287,1.14586,1.13398,0.030208,0.089824,0.017408,0.185568,0.810976,0.026369,1244819,1244819,415283,33.3609,1920,1080,raygs,triangles,1,off,0,on,-4
1781754702448133305,10378.5,824.488,1.21287,1.148,1.13594,0.030176,0.089856,0.01648,0.188416,0.811008,0.017691,1244819,1244819,415283,33.3609,1920,1080,raygs,triangles,1,off,0,on,-4
1781754702449327823,10379.7,827.037,1.20914,1.14714,1.1343,0.0304,0.089952,0.01536,0.187648,0.810944,0.028679,1244819,1244819,415283,33.3609,1920,1080,raygs,triangles,1,off,0,on,-4
1781754702450614262,10381,828.335,1.20724,1.14509,1.13306,0.030336,0.088896,0.016448,0.186368,0.811008,0.029503,1244819,1244819,415283,33.3609,1920,1080,raygs,triangles,1,off,0,on,-4
1781754702451788744,10382.2,827.081,1.20907,1.14723,1.13405,0.029856,0.089408,0.016384,0.187392,0.811008,0.026791,1244819,1244819,415283,33.3609,1920,1080,raygs,triangles,1,off,0,on,-4
1781754702452976275,10383.4,827.344,1.20869,1.14749,1.13661,0.029568,0.08816,0.016384,0.192512,0.809984,0.037737,1244819,1244819,415283,33.3609,1920,1080,raygs,triangles,1,off,0,on,-4
1781754702454124100,10384.5,827.07,1.20909,1.14378,1.13104,0.029024,0.089184,0.01536,0.186624,0.810848,0.019993,1244819,1244819,415283,33.3609,1920,1080,raygs,triangles,1,off,0,on,-4
1781754702455301199,10385.7,827.45,1.20853,1.14464,1.13248,0.028768,0.088928,0.016384,0.188416,0.809984,0.026676,1244819,1244819,415283,33.3609,1920,1080,raygs,triangles,1,off,0,on,-4
1781754702456477335,10386.9,827.418,1.20858,1.14758,1.13296,0.02976,0.08944,0.01536,0.188416,0.809984,0.026589,1244819,1244819,415283,33.3609,1920,1080,raygs,triangles,1,off,0,on,-4
1781754702457651286,10388,828.519,1.20697,1.14458,1.13213,0.0288,0.08944,0.015712,0.187392,0.810784,0.027878,1244819,1244819,415283,33.3609,1920,1080,raygs,triangles,1,off,0,on,-4
1781754702459051097,10389.4,828.694,1.20672,1.37741,1.36387,0.029184,0.089184,0.01568,0.418816,0.811008,0.026264,1244819,1244819,415283,33.3609,1920,1080,raygs,triangles,1,off,0,on,-4
1781754702460368580,10390.8,826.254,1.21028,1.28726,1.27408,0.03008,0.090976,0.016384,0.326656,0.809984,0.026914,1244819,1244819,415283,33.3609,1920,1080,raygs,triangles,1,off,0,on,-4
1781754702461537818,10391.9,824.541,1.2128,1.1448,1.13194,0.028992,0.090048,0.016384,0.186688,0.809824,0.026602,1244819,1244819,415283,33.3609,1920,1080,raygs,triangles,1,off,0,on,-4
1781754702462710993,10393.1,824.609,1.2127,1.14496,1.13018,0.028128,0.089312,0.01536,0.187392,0.809984,0.026389,1244819,1244819,415283,33.3609,1920,1080,raygs,triangles,1,off,0,on,-4
1781754702463883146,10394.3,824.432,1.21296,1.14733,1.13546,0.030496,0.090176,0.016384,0.187392,0.811008,0.026359,1244819,1244819,415283,33.3609,1920,1080,raygs,triangles,1,off,0,on,-4
1781754702465079659,10395.5,824.655,1.21263,1.16781,1.15411,0.028352,0.089536,0.01632,0.20992,0.809984,0.026535,1244819,1244819,415283,33.3609,1920,1080,raygs,triangles,1,off,0,on,-4
1781754702466259857,10396.7,826.878,1.20937,1.14378,1.13283,0.029024,0.090048,0.016384,0.186368,0.811008,0.02599,1244819,1244819,415283,33.3609,1920,1080,raygs,triangles,1,off,0,on,-4
1781754702467543306,10397.9,828.232,1.20739,1.14621,1.1328,0.029408,0.089408,0.015648,0.187392,0.810944,0.029188,1244819,1244819,415283,33.3609,1920,1080,raygs,triangles,1,off,0,on,-4
1781754702468735240,10399.1,826.863,1.20939,1.14771,1.13462,0.030112,0.08976,0.016288,0.187776,0.810688,0.028475,1244819,1244819,415283,33.3609,1920,1080,raygs,triangles,1,off,0,on,-4
1781754702469944976,10400.3,826.963,1.20924,1.1472,1.13542,0.028352,0.088896,0.01568,0.191488,0.811008,0.045911,1244819,1244819,415283,33.3609,1920,1080,raygs,triangles,1,off,0,on,-4
1781754702471084955,10401.5,826.501,1.20992,1.14685,1.13408,0.030432,0.089824,0.016448,0.187392,0.809984,0.024387,1244819,1244819,415283,33.3609,1920,1080,raygs,triangles,1,off,0,on,-4
1781754702472243891,10402.6,826.806,1.20947,1.14592,1.13315,0.028064,0.089504,0.01648,0.188416,0.810688,0.020638,1244819,1244819,415283,33.3609,1920,1080,raygs,triangles,1,off,0,on,-4
1781754702473418946,10403.8,826.861,1.20939,1.14422,1.13216,0.02896,0.08944,0.016384,0.187392,0.809984,0.027794,1244819,1244819,415283,33.3609,1920,1080,raygs,triangles,1,off,0,on,-4
1781754702474591554,10405,828.028,1.20769,1.14496,1.13322,0.030048,0.089152,0.01664,0.187392,0.809984,0.028498,1244819,1244819,415283,33.3609,1920,1080,raygs,triangles,1,off,0,on,-4
1781754702476087536,10406.5,827.741,1.20811,1.38781,1.37344,0.030336,0.089728,0.01536,0.428032,0.809984,0.043231,1244819,1244819,415283,33.3609,1920,1080,raygs,triangles,1,off,0,on,-4
1781754702477361938,10407.8,824.903,1.21226,1.28438,1.27181,0.030336,0.089248,0.015584,0.325632,0.811008,0.032885,1244819,1244819,415283,33.3609,1920,1080,raygs,triangles,1,off,0,on,-4
1781754702478483694,10408.9,823.947,1.21367,1.1455,1.13213,0.029696,0.089632,0.016384,0.186432,0.809984,0.015939,1244819,1244819,415283,33.3609,1920,1080,raygs,triangles,1,off,0,on,-4
1781754702479680739,10410.1,824.134,1.2134,1.14566,1.1328,0.030368,0.089664,0.016416,0.186368,0.809984,0.034325,1244819,1244819,415283,33.3609,1920,1080,raygs,triangles,1,off,0,on,-4
1781754702480835805,10411.2,824.02,1.21356,1.14541,1.13334,0.030656,0.088992,0.01632,0.186368,0.811008,0.019719,1244819,1244819,415283,33.3609,1920,1080,raygs,triangles,1,off,0,on,-4
1781754702482059463,10412.5,824.099,1.21345,1.14496,1.13142,0.030176,0.089632,0.016288,0.186368,0.80896,0.044636,1244819,1244819,415283,33.3609,1920,1080,raygs,triangles,1,off,0,on,-4
1781754702483223783,10413.6,826.118,1.21048,1.14685,1.1335,0.030048,0.088672,0.016384,0.188416,0.809984,0.032515,1244819,1244819,415283,33.3609,1920,1080,raygs,triangles,1,off,0,on,-4
1781754702484499402,10414.9,827.772,1.20806,1.14666,1.13373,0.029728,0.089216,0.016384,0.188416,0.809984,0.029207,1244819,1244819,415283,33.3609,1920,1080,raygs,triangles,1,off,0,on,-4
1781754702485650118,10416,826.542,1.20986,1.14851,1.13536,0.031264,0.089312,0.016384,0.188416,0.809984,0.020164,1244819,1244819,415283,33.3609,1920,1080,raygs,triangles,1,off,0,on,-4
1781754702486834782,10417.2,826.85,1.20941,1.14858,1.1384,0.03072,0.088704,0.016288,0.191904,0.810784,0.03365,1244819,1244819,415283,33.3609,1920,1080,raygs,triangles,1,off,0,on,-4
1781754702487996732,10418.4,826.642,1.20971,1.14698,1.13328,0.030144,0.089664,0.016384,0.186368,0.81072,0.028054,1244819,1244819,415283,33.3609,1920,1080,raygs,triangles,1,off,0,on,-4
1781754702489190598,10419.6,826.489,1.20994,1.14579,1.13478,0.03008,0.08992,0.016384,0.187392,0.811008,0.034954,1244819,1244819,415283,33.3609,1920,1080,raygs,triangles,1,off,0,on,-4
1781754702490342810,10420.7,826.713,1.20961,1.14586,1.13315,0.029024,0.088896,0.015776,0.188448,0.811008,0.020142,1244819,1244819,415283,33.3609,1920,1080,raygs,triangles,1,off,0,on,-4
1781754702491515621,10421.9,828.132,1.20754,1.14477,1.13242,0.028992,0.088832,0.016384,0.187392,0.810816,0.026156,1244819,1244819,415283,33.3609,1920,1080,raygs,triangles,1,off,0,on,-4
1781754702492877867,10423.3,827.56,1.20837,1.33645,1.32442,0.030176,0.090016,0.016384,0.376832,0.811008,0.025883,1244819,1244819,415283,33.3609,1920,1080,raygs,triangles,1,off,0,on,-4
1781754702494198706,10424.6,826.049,1.21058,1.28691,1.2745,0.029792,0.089536,0.01648,0.32768,0.811008,0.028981,1244819,1244819,415283,33.3609,1920,1080,raygs,triangles,1,off,0,on,-4
1781754702495385626,10425.8,824.885,1.21229,1.14675,1.13456,0.028896,0.090944,0.016384,0.187392,0.810944,0.03318,1244819,1244819,415283,33.3609,1920,1080,raygs,triangles,1,off,0,on,-4
1781754702496537981,10426.9,824.416,1.21298,1.14614,1.13232,0.03024,0.0896,0.01536,0.186368,0.810752,0.020051,1244819,1244819,415283,33.3609,1920,1080,raygs,triangles,1,off,0,on,-4
1781754702497718113,10428.1,824.3,1.21315,1.14518,1.13139,0.028384,0.089248,0.016384,0.186368,0.811008,0.026318,1244819,1244819,415283,33.3609,1920,1080,raygs,triangles,1,off,0,on,-4
1781754702498889190,10429.3,826.352,1.21014,1.14582,1.13142,0.027968,0.089696,0.01536,0.188416,0.809984,0.027016,1244819,1244819,415283,33.3609,1920,1080,raygs,triangles,1,off,0,on,-4
1781754702500201416,10430.6,827.858,1.20794,1.14685,1.13494,0.030464,0.089472,0.016608,0.187392,0.811008,0.036582,1244819,1244819,415283,33.3609,1920,1080,raygs,triangles,1,off,0,on,-4
1781754702501393645,10431.8,828.722,1.20668,1.14646,1.13322,0.029632,0.0888,0.016384,0.187392,0.811008,0.041978,1244819,1244819,415283,33.3609,1920,1080,raygs,triangles,1,off,0,on,-4
1781754702502537294,10432.9,827.809,1.20801,1.14653,1.13405,0.028704,0.089888,0.016288,0.188416,0.810752,0.017934,1244819,1244819,415283,33.3609,1920,1080,raygs,triangles,1,off,0,on,-4
1781754702503723821,10434.1,828.504,1.20699,1.14976,1.14106,0.029888,0.089216,0.016384,0.19456,0.811008,0.038077,1244819,1244819,415283,33.3609,1920,1080,raygs,triangles,1,off,0,on,-4
1781754702504880617,10435.3,828.32,1.20726,1.14342,1.13277,0.02864,0.089696,0.016384,0.187392,0.810656,0.021712,1244819,1244819,415283,33.3609,1920,1080,raygs,triangles,1,off,0,on,-4
1781754702506063679,10436.5,828.019,1.2077,1.14614,1.13238,0.028832,0.08976,0.01536,0.188448,0.809984,0.036078,1244819,1244819,415283,33.3609,1920,1080,raygs,triangles,1,off,0,on,-4
1781754702507277790,10437.7,827.997,1.20773,1.14534,1.13382,0.030592,0.089472,0.016384,0.187392,0.809984,0.037164,1244819,1244819,415283,33.3609,1920,1080,raygs,triangles,1,off,0,on,-4
1781754702508747374,10439.1,828.732,1.20666,1.28467,1.26989,0.0296,0.089312,0.01536,0.325632,0.809984,0.041298,1244819,1244819,415283,33.3609,1920,1080,raygs,triangles,1,off,0,on,-4
1781754702510060680,10440.5,824.456,1.21292,1.34621,1.3335,0.03072,0.089344,0.016384,0.387072,0.809984,0.038437,1244819,1244819,415283,33.3609,1920,1080,raygs,triangles,1,off,0,on,-4
1781754702511357052,10441.7,823.728,1.21399,1.27178,1.25984,0.030016,0.21504,0.01536,0.188416,0.811008,0.038098,1244819,1244819,415283,33.3609,1920,1080,raygs,triangles,1,off,0,on,-4
1781754702512471896,10442.9,822.334,1.21605,1.14717,1.13478,0.030336,0.089792,0.016384,0.187392,0.81088,0.032155,1244819,1244819,415283,33.3609,1920,1080,raygs,triangles,1,off,0,on,-4
1781754702513673219,10444.1,823.087,1.21494,1.1448,1.1313,0.030048,0.0888,0.016096,0.186368,0.809984,0.030993,1244819,1244819,415283,33.3609,1920,1080,raygs,triangles,1,off,0,on,-4
1781754702514783052,10445.2,822.959,1.21513,1.14614,1.13347,0.030336,0.089376,0.016384,0.187392,0.809984,0.045372,1244819,1244819,415283,33.3609,1920,1080,raygs,triangles,1,off,0,on,-4
1781754702515948416,10446.3,826.212,1.21034,1.14557,1.13197,0.02976,0.088448,0.016384,0.187392,0.809984,0.045111,1244819,1244819,415283,33.3609,1920,1080,raygs,triangles,1,off,0,on,-4
1781754702517237015,10447.6,827.751,1.20809,1.14685,1.13453,0.03104,0.089632,0.016384,0.186464,0.811008,0.046926,1244819,1244819,415283,33.3609,1920,1080,raygs,triangles,1,off,0,on,-4
1781754702518387802,10448.8,826.482,1.20995,1.14861,1.13642,0.030752,0.089856,0.016384,0.18944,0.809984,0.020701,1244819,1244819,415283,33.3609,1920,1080,raygs,triangles,1,off,0,on,-4
1781754702519567350,10450,826.706,1.20962,1.14746,1.13498,0.030528,0.089664,0.016384,0.188416,0.809984,0.028571,1244819,1244819,415283,33.3609,1920,1080,raygs,triangles,1,off,0,on,-4
1781754702520783265,10451.2,826.766,1.20953,1.15139,1.14093,0.030432,0.089568,0.016384,0.19456,0.809984,0.05408,1244819,1244819,415283,33.3609,1920,1080,raygs,triangles,1,off,0,on,-4
1781754702521903218,10452.3,826.132,1.21046,1.14579,1.1335,0.029984,0.089856,0.016288,0.187392,0.809984,0.017956,1244819,1244819,415283,33.3609,1920,1080,raygs,triangles,1,off,0,on,-4
1781754702523081494,10453.5,826.797,1.20949,1.14653,1.13408,0.029728,0.089376,0.016384,0.187712,0.81088,0.026828,1244819,1244819,415283,33.3609,1920,1080,raygs,triangles,1,off,0,on,-4
1781754702524289627,10454.7,828.048,1.20766,1.14851,1.13594,0.030144,0.089984,0.016384,0.18944,0.809984,0.05235,1244819,1244819,415283,33.3609,1920,1080,raygs,triangles,1,off,0,on,-4
1781754702525663535,10456.1,827.578,1.20835,1.38512,1.37258,0.029696,0.089504,0.017408,0.42496,0.811008,0.016699,1244819,1244819,415283,33.3609,1920,1080,raygs,triangles,1,off,0,on,-4
1781754702526980050,10457.4,825.347,1.21161,1.2847,1.2704,0.028608,0.088768,0.016384,0.326656,0.809984,0.026452,1244819,1244819,415283,33.3609,1920,1080,raygs,triangles,1,off,0,on,-4
1781754702528174878,10458.6,823.607,1.21417,1.14598,1.13318,0.029152,0.090176,0.01648,0.187392,0.809984,0.047092,1244819,1244819,415283,33.3609,1920,1080,raygs,triangles,1,off,0,on,-4
1781754702529360430,10459.8,823.607,1.21417,1.14582,1.13318,0.030016,0.089408,0.016384,0.186368,0.811008,0.046946,1244819,1244819,415283,33.3609,1920,1080,raygs,triangles,1,off,0,on,-4
1781754702530495235,10460.9,823.504,1.21432,1.14454,1.13206,0.028736,0.088896,0.016384,0.187392,0.810656,0.017567,1244819,1244819,415283,33.3609,1920,1080,raygs,triangles,1,off,0,on,-4
1781754702531709023,10462.1,823.754,1.21395,1.16115,1.14906,0.028992,0.08992,0.016384,0.202752,0.811008,0.047356,1244819,1244819,415283,33.3609,1920,1080,raygs,triangles,1,off,0,on,-4
1781754702532855227,10463.2,826.006,1.21065,1.14448,1.1329,0.029696,0.089664,0.016384,0.186368,0.810784,0.021418,1244819,1244819,415283,33.3609,1920,1080,raygs,triangles,1,off,0,on,-4
1781754702534192091,10464.6,827.788,1.20804,1.14368,1.13085,0.028928,0.089184,0.016384,0.186368,0.809984,0.053712,1244819,1244819,415283,33.3609,1920,1080,raygs,triangles,1,off,0,on,-4
1781754702535365669,10465.8,826.005,1.21065,1.1473,1.13373,0.029472,0.089472,0.016384,0.188416,0.809984,0.049171,1244819,1244819,415283,33.3609,1920,1080,raygs,triangles,1,off,0,on,-4
1781754702536509156,10466.9,826.126,1.21047,1.14842,1.1361,0.03056,0.089856,0.016384,0.188416,0.81088,0.017733,1244819,1244819,415283,33.3609,1920,1080,raygs,triangles,1,off,0,on,-4
1781754702537714203,10468.1,826.334,1.21016,1.15018,1.1407,0.029472,0.088512,0.016384,0.195584,0.810752,0.053971,1244819,1244819,415283,33.3609,1920,1080,raygs,triangles,1,off,0,on,-4
1781754702538874106,10469.3,826.242,1.2103,1.14653,1.1328,0.028672,0.089344,0.016384,0.188416,0.809984,0.042246,1244819,1244819,415283,33.3609,1920,1080,raygs,triangles,1,off,0,on,-4
1781754702540047023,10470.4,826.373,1.21011,1.14666,1.1343,0.029824,0.089696,0.016384,0.187392,0.811008,0.041606,1244819,1244819,415283,33.3609,1920,1080,raygs,triangles,1,off,0,on,-4
1781754702541229717,10471.6,827.837,1.20797,1.14605,1.13424,0.029248,0.089184,0.016384,0.188416,0.811008,0.050136,1244819,1244819,415283,33.3609,1920,1080,raygs,triangles,1,off,0,on,-4
1781754702542654092,10473,827.634,1.20826,1.38282,1.37094,0.028416,0.089152,0.016384,0.425984,0.811008,0.04364,1244819,1244819,415283,33.3609,1920,1080,raygs,triangles,1,off,0,on,-4
1781754702543965536,10474.4,825.213,1.21181,1.2849,1.27146,0.029856,0.089408,0.016384,0.324992,0.810816,0.047458,1244819,1244819,415283,33.3609,1920,1080,raygs,triangles,1,off,0,on,-4
1781754702545120814,10475.5,823.33,1.21458,1.14605,1.1336,0.028896,0.090272,0.016384,0.187392,0.810656,0.041307,1244819,1244819,415283,33.3609,1920,1080,raygs,triangles,1,off,0,on,-4
1781754702546294528,10476.7,823.614,1.21416,1.14467,1.13254,0.028864,0.08992,0.016384,0.186368,0.811008,0.043402,1244819,1244819,415283,33.3609,1920,1080,raygs,triangles,1,off,0,on,-4
1781754702547492941,10477.9,823.549,1.21426,1.14614,1.13411,0.030336,0.088992,0.016384,0.187392,0.811008,0.05045,1244819,1244819,415283,33.3609,1920,1080,raygs,triangles,1,off,0,on,-4
1781754702548670519,10479.1,823.203,1.21477,1.14582,1.13238,0.030048,0.089248,0.015584,0.18576,0.811744,0.056769,1244819,1244819,415283,33.3609,1920,1080,raygs,triangles,1,off,0,on,-4
1781754702549779127,10480.2,826.704,1.20962,1.14598,1.13328,0.02816,0.089312,0.016384,0.188416,0.811008,0.016217,1244819,1244819,415283,33.3609,1920,1080,raygs,triangles,1,off,0,on,-4
1781754702551112681,10481.5,828.389,1.20716,1.14746,1.13446,0.030656,0.089024,0.016384,0.188416,0.809984,0.052148,1244819,1244819,415283,33.3609,1920,1080,raygs,triangles,1,off,0,on,-4
1781754702552292430,10482.7,826.318,1.21019,1.14611,1.13296,0.030336,0.08928,0.01536,0.187392,0.810592,0.057273,1244819,1244819,415283,33.3609,1920,1080,raygs,triangles,1,off,0,on,-4
1781754702553426419,10483.8,826.408,1.21006,1.14707,1.13478,0.030208,0.088768,0.016384,0.188416,0.811008,0.020175,1244819,1244819,415283,33.3609,1920,1080,raygs,triangles,1,off,0,on,-4
1781754702554641526,10485,826.738,1.20957,1.15027,1.14022,0.029376,0.088896,0.016384,0.19456,0.811008,0.054413,1244819,1244819,415283,33.3609,1920,1080,raygs,triangles,1,off,0,on,-4
1781754702555780914,10486.2,826.726,1.20959,1.14579,1.13501,0.03024,0.089344,0.016384,0.187392,0.811648,0.017077,1244819,1244819,415283,33.3609,1920,1080,raygs,triangles,1,off,0,on,-4
1781754702556989863,10487.4,826.83,1.20944,1.14682,1.13347,0.030016,0.088672,0.016384,0.188416,0.809984,0.062085,1244819,1244819,415283,33.3609,1920,1080,raygs,triangles,1,off,0,on,-4
1781754702558121243,10488.5,827.761,1.20808,1.14685,1.1335,0.030336,0.0896,0.016384,0.186368,0.810816,0.020599,1244819,1244819,415283,33.3609,1920,1080,raygs,triangles,1,off,0,on,-4
1781754702559570092,10490,827.843,1.20796,1.38394,1.37174,0.030112,0.08928,0.016384,0.42496,0.811008,0.051678,1244819,1244819,415283,33.3609,1920,1080,raygs,triangles,1,off,0,on,-4
1781754702560886135,10491.3,825.071,1.21202,1.28582,1.27277,0.029568,0.089792,0.015744,0.326656,0.811008,0.041886,1244819,1244819,415283,33.3609,1920,1080,raygs,triangles,1,off,0,on,-4
1781754702562054049,10492.4,823.442,1.21441,1.14707,1.13427,0.030272,0.090112,0.01536,0.18752,0.811008,0.039912,1244819,1244819,415283,33.3609,1920,1080,raygs,triangles,1,off,0,on,-4
1781754702563198855,10493.6,823.494,1.21434,1.14454,1.13283,0.028672,0.089376,0.016384,0.187392,0.811008,0.024293,1244819,1244819,415283,33.3609,1920,1080,raygs,triangles,1,off,0,on,-4
1781754702564397649,10494.8,823.434,1.21443,1.14394,1.13021,0.028128,0.08832,0.016384,0.187392,0.809984,0.048565,1244819,1244819,415283,33.3609,1920,1080,raygs,triangles,1,off,0,on,-4
1781754702565537582,10495.9,823.521,1.2143,1.14685,1.13584,0.030304,0.089568,0.016384,0.187776,0.811808,0.020432,1244819,1244819,415283,33.3609,1920,1080,raygs,triangles,1,off,0,on,-4
1781754702566715725,10497.1,825.853,1.21087,1.14416,1.13123,0.028832,0.089568,0.01648,0.186368,0.809984,0.027012,1244819,1244819,415283,33.3609,1920,1080,raygs,triangles,1,off,0,on,-4
1781754702568041131,10498.4,827.418,1.20858,1.1441,1.13114,0.0288,0.089472,0.016384,0.18656,0.80992,0.05267,1244819,1244819,415283,33.3609,1920,1080,raygs,triangles,1,off,0,on,-4
1781754702569182865,10499.6,825.911,1.21078,1.14858,1.13526,0.03072,0.08976,0.016384,0.187392,0.811008,0.0191,1244819,1244819,415283,33.3609,1920,1080,raygs,triangles,1,off,0,on,-4
1781754702570359667,10500.8,826.022,1.21062,1.14528,1.13376,0.028928,0.089664,0.017184,0.187392,0.810592,0.027276,1244819,1244819,415283,33.3609,1920,1080,raygs,triangles,1,off,0,on,-4
1781754702571550406,10501.9,826.313,1.2102,1.14704,1.13517,0.028192,0.088832,0.015648,0.192512,0.809984,0.049984,1244819,1244819,415283,33.3609,1920,1080,raygs,triangles,1,off,0,on,-4
1781754702572697229,10503.1,826.01,1.21064,1.14694,1.13517,0.030112,0.089696,0.016384,0.188416,0.81056,0.02012,1244819,1244819,415283,33.3609,1920,1080,raygs,triangles,1,off,0,on,-4
1781754702573912255,10504.3,827.576,1.20835,1.14643,1.13414,0.028768,0.0896,0.016384,0.188416,0.810976,0.053408,1244819,1244819,415283,33.3609,1920,1080,raygs,triangles,1,off,0,on,-4
1781754702575110611,10505.5,827.407,1.2086,1.14685,1.13459,0.02896,0.08896,0.016384,0.18944,0.810848,0.030503,1244819,1244819,415283,33.3609,1920,1080,raygs,triangles,1,off,0,on,-4
1781754702576468722,10506.9,826.691,1.20964,1.36243,1.3495,0.03056,0.088992,0.016512,0.403456,0.809984,0.040198,1244819,1244819,415283,33.3609,1920,1080,raygs,triangles,1,off,0,on,-4
1781754702577774256,10508.2,824.863,1.21232,1.28688,1.27443,0.030304,0.089504,0.016384,0.32768,0.81056,0.041583,1244819,1244819,415283,33.3609,1920,1080,raygs,triangles,1,off,0,on,-4
1781754702578970576,10509.4,823.354,1.21454,1.14621,1.13254,0.028352,0.0904,0.016448,0.186368,0.810976,0.047789,1244819,1244819,415283,33.3609,1920,1080,raygs,triangles,1,off,0,on,-4
1781754702580136030,10510.5,823.022,1.21503,1.14598,1.13389,0.030208,0.088896,0.016384,0.188416,0.809984,0.043414,1244819,1244819,415283,33.3609,1920,1080,raygs,triangles,1,off,0,on,-4
1781754702581309478,10511.7,823.587,1.2142,1.14346,1.13091,0.028576,0.089632,0.016384,0.185344,0.810976,0.04379,1244819,1244819,415283,33.3609,1920,1080,raygs,triangles,1,off,0,on,-4
1781754702582454709,10512.8,827.495,1.20847,1.14653,1.13437,0.028704,0.089856,0.016384,0.18944,0.809984,0.017612,1244819,1244819,415283,33.3609,1920,1080,raygs,triangles,1,off,0,on,-4
1781754702583788878,10514.2,828.984,1.2063,1.14746,1.13603,0.030656,0.089568,0.016384,0.188416,0.811008,0.056671,1244819,1244819,415283,33.3609,1920,1080,raygs,triangles,1,off,0,on,-4
1781754702584939913,10515.3,828.676,1.20674,1.14589,1.13248,0.029088,0.089152,0.015744,0.187808,0.810688,0.038821,1244819,1244819,415283,33.3609,1920,1080,raygs,triangles,1,off,0,on,-4
1781754702586131566,10516.5,828.225,1.2074,1.14675,1.13382,0.028928,0.089088,0.016384,0.18944,0.809984,0.059863,1244819,1244819,415283,33.3609,1920,1080,raygs,triangles,1,off,0,on,-4
1781754702587263420,10517.7,828.132,1.20754,1.14909,1.136,0.030272,0.088896,0.017408,0.188416,0.811008,0.020358,1244819,1244819,415283,33.3609,1920,1080,raygs,triangles,1,off,0,on,-4
1781754702588599450,10519,827.834,1.20797,1.15014,1.13898,0.029248,0.0888,0.016384,0.19456,0.809984,0.05439,1244819,1244819,415283,33.3609,1920,1080,raygs,triangles,1,off,0,on,-4
1781754702589737281,10520.1,825.882,1.21083,1.14941,1.13514,0.03056,0.089792,0.016384,0.187392,0.811008,0.01697,1244819,1244819,415283,33.3609,1920,1080,raygs,triangles,1,off,0,on,-4
1781754702590958881,10521.4,827.448,1.20854,1.14771,1.13658,0.029888,0.089824,0.016384,0.189632,0.810848,0.055359,1244819,1244819,415283,33.3609,1920,1080,raygs,triangles,1,off,0,on,-4
1781754702592287828,10522.7,826.959,1.20925,1.144,1.13126,0.030272,0.089152,0.016512,0.185344,0.809984,0.017152,1244819,1244819,415283,33.3609,1920,1080,raygs,triangles,1,off,0,on,-4
1781754702593633427,10524,824.913,1.21225,1.1511,1.13686,0.034304,0.089152,0.01536,0.187392,0.810656,0.067758,1244819,1244819,415283,33.3609,1920,1080,raygs,triangles,1,off,0,on,-4
1781754702594755171,10525.1,823.56,1.21424,1.14691,1.13469,0.03168,0.08928,0.016352,0.186368,0.811008,0.016967,1244819,1244819,415283,33.3609,1920,1080,raygs,triangles,1,off,0,on,-4
1781754702595957434,10526.3,823.596,1.21419,1.14576,1.13357,0.02992,0.089696,0.016384,0.186816,0.810752,0.049137,1244819,1244819,415283,33.3609,1920,1080,raygs,triangles,1,off,0,on,-4
1781754702597162042,10527.6,823.473,1.21437,1.14611,1.13312,0.03024,0.08912,0.01536,0.187392,0.811008,0.030733,1244819,1244819,415283,33.3609,1920,1080,raygs,triangles,1,off,0,on,-4
1781754702598273341,10528.7,823.325,1.21459,1.14659,1.13344,0.03024,0.08944,0.016384,0.187392,0.809984,0.017726,1244819,1244819,415283,33.3609,1920,1080,raygs,triangles,1,off,0,on,-4
1781754702599483392,10529.9,826.305,1.21021,1.14534,1.13123,0.03056,0.089152,0.01536,0.185344,0.810816,0.055861,1244819,1244819,415283,33.3609,1920,1080,raygs,triangles,1,off,0,on,-4
1781754702600792176,10531.2,827.688,1.20818,1.14637,1.13501,0.029952,0.089568,0.016384,0.188416,0.810688,0.05601,1244819,1244819,415283,33.3609,1920,1080,raygs,triangles,1,off,0,on,-4
1781754702601915503,10532.3,826.277,1.21025,1.14877,1.13462,0.030912,0.089952,0.01536,0.188416,0.809984,0.017553,1244819,1244819,415283,33.3609,1920,1080,raygs,triangles,1,off,0,on,-4
1781754702603119679,10533.5,826.816,1.20946,1.14717,1.13341,0.030272,0.08896,0.015776,0.187392,0.811008,0.04956,1244819,1244819,415283,33.3609,1920,1080,raygs,triangles,1,off,0,on,-4
1781754702604283418,10534.7,826.335,1.21016,1.14515,1.13286,0.030368,0.089056,0.016384,0.186368,0.810688,0.022133,1244819,1244819,415283,33.3609,1920,1080,raygs,triangles,1,off,0,on,-4
1781754702605485112,10535.9,826.71,1.20961,1.1488,1.13965,0.030976,0.088768,0.016384,0.193536,0.809984,0.055872,1244819,1244819,415283,33.3609,1920,1080,raygs,triangles,1,off,0,on,-4
1781754702606607702,10537,826.277,1.21025,1.14608,1.13155,0.028256,0.089568,0.01536,0.187616,0.810752,0.016913,1244819,1244819,415283,33.3609,1920,1080,raygs,triangles,1,off,0,on,-4
1781754702607827485,10538.2,828.455,1.20707,1.14614,1.13296,0.028992,0.089248,0.016352,0.188416,0.809952,0.058043,1244819,1244819,415283,33.3609,1920,1080,raygs,triangles,1,off,0,on,-4
1781754702609201173,10539.6,828.058,1.20764,1.38605,1.37338,0.0296,0.089376,0.016384,0.428032,0.809984,0.021636,1244819,1244819,415283,33.3609,1920,1080,raygs,triangles,1,off,0,on,-4
1781754702610642864,10541,825.08,1.212,1.28685,1.2737,0.030336,0.089312,0.016192,0.327104,0.810752,0.048338,1244819,1244819,415283,33.3609,1920,1080,raygs,triangles,1,off,0,on,-4
1781754702611735613,10542.1,822.577,1.21569,1.14538,1.13197,0.029024,0.090464,0.016384,0.185344,0.810752,0.058408,1244819,1244819,415283,33.3609,1920,1080,raygs,triangles,1,off,0,on,-4
1781754702612857894,10543.2,823.556,1.21425,1.14448,1.13008,0.029728,0.08864,0.01536,0.186368,0.809984,0.0173,1244819,1244819,415283,33.3609,1920,1080,raygs,triangles,1,off,0,on,-4
1781754702614064725,10544.5,823.905,1.21373,1.14227,1.12998,0.0288,0.088704,0.016384,0.185344,0.810752,0.051815,1244819,1244819,415283,33.3609,1920,1080,raygs,triangles,1,off,0,on,-4
1781754702615222269,10545.6,823.746,1.21397,1.16582,1.15245,0.028512,0.088672,0.016384,0.208896,0.809984,0.017208,1244819,1244819,415283,33.3609,1920,1080,raygs,triangles,1,off,0,on,-4
1781754702616444362,10546.8,826.681,1.20966,1.14685,1.13466,0.030048,0.089824,0.016384,0.188416,0.809984,0.052447,1244819,1244819,415283,33.3609,1920,1080,raygs,triangles,1,off,0,on,-4
1781754702617730360,10548.1,827.852,1.20795,1.14534,1.13331,0.029056,0.089472,0.016384,0.187392,0.811008,0.053917,1244819,1244819,415283,33.3609,1920,1080,raygs,triangles,1,off,0,on,-4
1781754702618867602,10549.3,826.343,1.21015,1.14755,1.13562,0.02992,0.089728,0.016384,0.187776,0.811808,0.020157,1244819,1244819,415283,33.3609,1920,1080,raygs,triangles,1,off,0,on,-4
1781754702620098585,10550.5,826.648,1.2097,1.14787,1.13459,0.030016,0.089792,0.016384,0.188416,0.809984,0.0586,1244819,1244819,415283,33.3609,1920,1080,raygs,triangles,1,off,0,on,-4
1781754702621241032,10551.6,826.32,1.21019,1.14544,1.13203,0.029152,0.089792,0.015712,0.187392,0.809984,0.017978,1244819,1244819,415283,33.3609,1920,1080,raygs,triangles,1,off,0,on,-4
1781754702622451354,10552.8,826.781,1.20951,1.15318,1.14352,0.030208,0.088512,0.016384,0.197632,0.810784,0.069797,1244819,1244819,415283,33.3609,1920,1080,raygs,triangles,1,off,0,on,-4
1781754702623564792,10554,825.749,1.21102,1.14608,1.13389,0.030272,0.088928,0.016384,0.187392,0.810912,0.016912,1244819,1244819,415283,33.3609,1920,1080,raygs,triangles,1,off,0,on,-4
1781754702624765985,10555.2,827.829,1.20798,1.14717,1.13453,0.030336,0.089248,0.016384,0.187872,0.810688,0.046863,1244819,1244819,415283,33.3609,1920,1080,raygs,triangles,1,off,0,on,-4
1781754702626206531,10556.6,827.913,1.20786,1.38662,1.3745,0.030528,0.089568,0.016384,0.428032,0.809984,0.065178,1244819,1244819,415283,33.3609,1920,1080,raygs,triangles,1,off,0,on,-4
1781754702627505537,10557.9,824.429,1.21296,1.28602,1.27338,0.02992,0.089408,0.016384,0.326656,0.811008,0.052236,1244819,1244819,415283,33.3609,1920,1080,raygs,triangles,1,off,0,on,-4
1781754702628643890,10559,823.465,1.21438,1.14733,1.13338,0.030496,0.091168,0.016384,0.185344,0.809984,0.019954,1244819,1244819,415283,33.3609,1920,1080,raygs,triangles,1,off,0,on,-4
1781754702629841008,10560.2,823.429,1.21443,1.14685,1.1343,0.030016,0.089504,0.016384,0.188416,0.809984,0.045104,1244819,1244819,415283,33.3609,1920,1080,raygs,triangles,1,off,0,on,-4
1781754702631017315,10561.4,823.593,1.21419,1.14528,1.13331,0.030208,0.08944,0.016384,0.186368,0.810912,0.04164,1244819,1244819,415283,33.3609,1920,1080,raygs,triangles,1,off,0,on,-4
1781754702632160101,10562.6,823.268,1.21467,1.14598,1.13456,0.030176,0.0896,0.017408,0.186368,0.811008,0.019747,1244819,1244819,415283,33.3609,1920,1080,raygs,triangles,1,off,0,on,-4
1781754702633369724,10563.8,826.389,1.21008,1.14653,1.13306,0.0296,0.089536,0.016384,0.18672,0.810816,0.049532,1244819,1244819,415283,33.3609,1920,1080,raygs,triangles,1,off,0,on,-4
1781754702634629846,10565,827.779,1.20805,1.14762,1.13517,0.03008,0.089888,0.016128,0.188416,0.810656,0.020781,1244819,1244819,415283,33.3609,1920,1080,raygs,triangles,1,off,0,on,-4
1781754702635805333,10566.2,826.589,1.20979,1.14586,1.1335,0.031072,0.089248,0.015712,0.186528,0.810944,0.027118,1244819,1244819,415283,33.3609,1920,1080,raygs,triangles,1,off,0,on,-4
1781754702636980881,10567.4,826.442,1.21001,1.14835,1.13414,0.030496,0.089216,0.01536,0.188416,0.810656,0.030429,1244819,1244819,415283,33.3609,1920,1080,raygs,triangles,1,off,0,on,-4
1781754702638160434,10568.6,826.29,1.21023,1.14714,1.13402,0.030496,0.08976,0.016384,0.187392,0.809984,0.027431,1244819,1244819,415283,33.3609,1920,1080,raygs,triangles,1,off,0,on,-4
1781754702639362324,10569.8,826.29,1.21023,1.14592,1.13651,0.029088,0.088672,0.016096,0.19184,0.810816,0.052495,1244819,1244819,415283,33.3609,1920,1080,raygs,triangles,1,off,0,on,-4
1781754702640484859,10570.9,826.146,1.21044,1.1455,1.13341,0.028576,0.089472,0.016384,0.188416,0.81056,0.015945,1244819,1244819,415283,33.3609,1920,1080,raygs,triangles,1,off,0,on,-4
1781754702641694113,10572.1,828.106,1.20758,1.14781,1.13526,0.030176,0.089376,0.016384,0.18944,0.809888,0.047548,1244819,1244819,415283,33.3609,1920,1080,raygs,triangles,1,off,0,on,-4
1781754702643064479,10573.5,827.656,1.20823,1.37011,1.35725,0.029024,0.089184,0.016384,0.412672,0.809984,0.021847,1244819,1244819,415283,33.3609,1920,1080,raygs,triangles,1,off,0,on,-4
1781754702644380615,10574.8,824.925,1.21223,1.2865,1.27341,0.0304,0.088992,0.016384,0.326656,0.810976,0.026358,1244819,1244819,415283,33.3609,1920,1080,raygs,triangles,1,off,0,on,-4
1781754702645561861,10576,823.536,1.21428,1.14819,1.13504,0.030368,0.090912,0.016384,0.187392,0.809984,0.027114,1244819,1244819,415283,33.3609,1920,1080,raygs,triangles,1,off,0,on,-4
1781754702646766824,10577.2,823.438,1.21442,1.14474,1.12979,0.027904,0.089152,0.01536,0.187392,0.809984,0.06066,1244819,1244819,415283,33.3609,1920,1080,raygs,triangles,1,off,0,on,-4
1781754702647908866,10578.3,823.552,1.21425,1.14467,1.13318,0.028864,0.089504,0.016384,0.18752,0.810912,0.023461,1244819,1244819,415283,33.3609,1920,1080,raygs,triangles,1,off,0,on,-4
1781754702649110826,10579.5,824.015,1.21357,1.14627,1.13472,0.03056,0.089376,0.016384,0.187392,0.811008,0.0525,1244819,1244819,415283,33.3609,1920,1080,raygs,triangles,1,off,0,on,-4
1781754702650366724,10580.8,825.973,1.21069,1.14448,1.13142,0.028704,0.08992,0.016448,0.186368,0.809984,0.016846,1244819,1244819,415283,33.3609,1920,1080,raygs,triangles,1,off,0,on,-4
1781754702651645821,10582,826.364,1.21012,1.14675,1.13389,0.028928,0.089152,0.016352,0.18864,0.810816,0.042786,1244819,1244819,415283,33.3609,1920,1080,raygs,triangles,1,off,0,on,-4
1781754702652757060,10583.1,825.516,1.21136,1.14723,1.13402,0.030304,0.088928,0.016384,0.188416,0.809984,0.047147,1244819,1244819,415283,33.3609,1920,1080,raygs,triangles,1,off,0,on,-4
1781754702654095225,10584.5,825.656,1.21116,1.14534,1.13302,0.028512,0.089728,0.016384,0.188416,0.809984,0.046414,1244819,1244819,415283,33.3609,1920,1080,raygs,triangles,1,off,0,on,-4
1781754702655216535,10585.6,823.914,1.21372,1.14477,1.13069,0.02896,0.088992,0.01536,0.187392,0.809984,0.04262,1244819,1244819,415283,33.3609,1920,1080,raygs,triangles,1,off,0,on,-4
1781754702656319065,10586.7,824.615,1.21269,1.14963,1.14003,0.02976,0.08832,0.01536,0.195584,0.811008,0.043884,1244819,1244819,415283,33.3609,1920,1080,raygs,triangles,1,off,0,on,-4
1781754702657432758,10587.8,827.192,1.20891,1.14688,1.13462,0.030048,0.089536,0.01664,0.188416,0.809984,0.029373,1244819,1244819,415283,33.3609,1920,1080,raygs,triangles,1,off,0,on,-4
1781754702658617911,10589,827.557,1.20838,1.1488,1.13642,0.028896,0.088896,0.016128,0.191488,0.811008,0.033941,1244819,1244819,415283,33.3609,1920,1080,raygs,triangles,1,off,0,on,-4
1781754702659997580,10590.4,827.662,1.20822,1.36918,1.35731,0.030272,0.088832,0.016384,0.411008,0.810816,0.027669,1244819,1244819,415283,33.3609,1920,1080,raygs,triangles,1,off,0,on,-4
1781754702661341238,10591.7,824.822,1.21238,1.2728,1.26022,0.030048,0.21728,0.01536,0.18784,0.809696,0.039371,1244819,1244819,415283,33.3609,1920,1080,raygs,triangles,1,off,0,on,-4
1781754702662500396,10592.9,824.735,1.21251,1.14691,1.13344,0.030048,0.089504,0.016512,0.186368,0.811008,0.033424,1244819,1244819,415283,33.3609,1920,1080,raygs,triangles,1,off,0,on,-4
1781754702663661485,10594.1,824.616,1.21268,1.14573,1.13165,0.02992,0.08848,0.01616,0.186368,0.81072,0.03251,1244819,1244819,415283,33.3609,1920,1080,raygs,triangles,1,off,0,on,-4
1781754702664844006,10595.2,824.959,1.21218,1.14502,1.13187,0.03024,0.088864,0.016384,0.185376,0.811008,0.03273,1244819,1244819,415283,33.3609,1920,1080,raygs,triangles,1,off,0,on,-4
1781754702666004697,10596.4,827.029,1.20915,1.14666,1.13421,0.029856,0.089568,0.016384,0.187392,0.811008,0.031119,1244819,1244819,415283,33.3609,1920,1080,raygs,triangles,1,off,0,on,-4
1781754702667298588,10597.7,829.028,1.20623,1.14787,1.13549,0.030592,0.089536,0.016384,0.188416,0.81056,0.033036,1244819,1244819,415283,33.3609,1920,1080,raygs,triangles,1,off,0,on,-4
1781754702668480197,10598.9,827.133,1.209,1.14595,1.13306,0.0312,0.08912,0.01536,0.187392,0.809984,0.034589,1244819,1244819,415283,33.3609,1920,1080,raygs,triangles,1,off,0,on,-4
1781754702669628704,10600,827.254,1.20882,1.14835,1.13731,0.030592,0.089888,0.016384,0.18944,0.811008,0.01814,1244819,1244819,415283,33.3609,1920,1080,raygs,triangles,1,off,0,on,-4
1781754702670958972,10601.4,827.821,1.20799,1.14659,1.13309,0.029792,0.089568,0.016352,0.187392,0.809984,0.046831,1244819,1244819,415283,33.3609,1920,1080,raygs,triangles,1,off,0,on,-4
1781754702672104305,10602.5,825.606,1.21123,1.14912,1.1359,0.031264,0.090048,0.016192,0.188416,0.809984,0.018748,1244819,1244819,415283,33.3609,1920,1080,raygs,triangles,1,off,0,on,-4
1781754702673331622,10603.7,826.13,1.21046,1.14957,1.13933,0.028864,0.088352,0.016384,0.194944,0.810784,0.044039,1244819,1244819,415283,33.3609,1920,1080,raygs,triangles,1,off,0,on,-4
1781754702674461794,10604.9,827.053,1.20911,1.1465,1.13357,0.029664,0.08912,0.016384,0.188416,0.809984,0.028449,1244819,1244819,415283,33.3609,1920,1080,raygs,triangles,1,off,0,on,-4
1781754702675837444,10606.2,827.105,1.20904,1.14307,1.12906,0.028256,0.08912,0.016384,0.185344,0.809952,0.032312,1244819,1244819,415283,33.3609,1920,1080,raygs,triangles,1,off,0,on,-4
1781754702677096468,10607.5,825.038,1.21207,1.15078,1.13789,0.034976,0.089984,0.016576,0.186368,0.809984,0.017483,1244819,1244819,415283,33.3609,1920,1080,raygs,triangles,1,off,0,on,-4
1781754702678284609,10608.7,823.845,1.21382,1.148,1.13341,0.031168,0.089504,0.01536,0.187392,0.809984,0.034314,1244819,1244819,415283,33.3609,1920,1080,raygs,triangles,1,off,0,on,-4
1781754702679453431,10609.8,824.114,1.21343,1.14458,1.13126,0.028768,0.089728,0.016224,0.185824,0.81072,0.028732,1244819,1244819,415283,33.3609,1920,1080,raygs,triangles,1,off,0,on,-4
1781754702680671962,10611.1,823.723,1.214,1.1457,1.13293,0.028896,0.089504,0.016384,0.187392,0.810752,0.038772,1244819,1244819,415283,33.3609,1920,1080,raygs,triangles,1,off,0,on,-4
1781754702681825861,10612.2,823.55,1.21426,1.16195,1.14752,0.029792,0.089632,0.01536,0.202752,0.809984,0.026423,1244819,1244819,415283,33.3609,1920,1080,raygs,triangles,1,off,0,on,-4
1781754702682994134,10613.4,826.495,1.20993,1.14448,1.13232,0.028864,0.089696,0.016384,0.186368,0.811008,0.027667,1244819,1244819,415283,33.3609,1920,1080,raygs,triangles,1,off,0,on,-4
1781754702684284329,10614.7,829.402,1.20569,1.14669,1.13466,0.029056,0.089696,0.017408,0.187712,0.810784,0.026131,1244819,1244819,415283,33.3609,1920,1080,raygs,triangles,1,off,0,on,-4
1781754702685439894,10615.8,826.911,1.20932,1.14784,1.13514,0.030944,0.089632,0.016448,0.187392,0.81072,0.021833,1244819,1244819,415283,33.3609,1920,1080,raygs,triangles,1,off,0,on,-4
1781754702686619339,10617,826.535,1.20987,1.14605,1.13325,0.029248,0.090112,0.016384,0.186752,0.810752,0.026122,1244819,1244819,415283,33.3609,1920,1080,raygs,triangles,1,off,0,on,-4
1781754702687812434,10618.2,826.745,1.20956,1.14627,1.13405,0.0288,0.08944,0.016384,0.188416,0.811008,0.03872,1244819,1244819,415283,33.3609,1920,1080,raygs,triangles,1,off,0,on,-4
1781754702689003158,10619.4,826.689,1.20964,1.1473,1.13437,0.030496,0.089088,0.016384,0.188416,0.809984,0.022748,1244819,1244819,415283,33.3609,1920,1080,raygs,triangles,1,off,0,on,-4
1781754702690156981,10620.5,826.576,1.20981,1.14861,1.13747,0.029184,0.089152,0.015616,0.193536,0.809984,0.037101,1244819,1244819,415283,33.3609,1920,1080,raygs,triangles,1,off,0,on,-4
1781754702691310116,10621.7,828.343,1.20723,1.14653,1.1336,0.028704,0.089888,0.016608,0.188416,0.809984,0.020291,1244819,1244819,415283,33.3609,1920,1080,raygs,triangles,1,off,0,on,-4
1781754702692721362,10623.1,828.176,1.20747,1.37901,1.36723,0.029728,0.090272,0.016384,0.41984,0.811008,0.027875,1244819,1244819,415283,33.3609,1920,1080,raygs,triangles,1,off,0,on,-4
1781754702694072390,10624.5,826.079,1.21054,1.28886,1.27565,0.030432,0.09008,0.016448,0.32768,0.811008,0.039475,1244819,1244819,415283,33.3609,1920,1080,raygs,triangles,1,off,0,on,-4
1781754702695214633,10625.6,823.808,1.21388,1.14394,1.13152,0.028128,0.089472,0.016384,0.186752,0.810784,0.016286,1244819,1244819,415283,33.3609,1920,1080,raygs,triangles,1,off,0,on,-4
1781754702696387220,10626.8,824.43,1.21296,1.14746,1.13498,0.029632,0.089856,0.016384,0.188416,0.810688,0.026384,1244819,1244819,415283,33.3609,1920,1080,raygs,triangles,1,off,0,on,-4
1781754702697605599,10628,824.039,1.21354,1.14611,1.13155,0.029216,0.0896,0.01536,0.187392,0.809984,0.039847,1244819,1244819,415283,33.3609,1920,1080,raygs,triangles,1,off,0,on,-4
1781754702698727981,10629.1,823.683,1.21406,1.1448,1.13126,0.028992,0.089536,0.016384,0.186368,0.809984,0.017384,1244819,1244819,415283,33.3609,1920,1080,raygs,triangles,1,off,0,on,-4
1781754702699906446,10630.3,827.138,1.20899,1.14541,1.13258,0.029632,0.089184,0.016384,0.187392,0.809984,0.026456,1244819,1244819,415283,33.3609,1920,1080,raygs,triangles,1,off,0,on,-4
1781754702701211771,10631.6,828.497,1.207,1.14701,1.13434,0.030176,0.089248,0.016384,0.187744,0.810784,0.036495,1244819,1244819,415283,33.3609,1920,1080,raygs,triangles,1,off,0,on,-4
1781754702702366703,10632.8,826.943,1.20927,1.14768,1.1343,0.03088,0.089664,0.016384,0.187392,0.809984,0.020135,1244819,1244819,415283,33.3609,1920,1080,raygs,triangles,1,off,0,on,-4
1781754702703543582,10633.9,826.972,1.20923,1.14701,1.1343,0.030176,0.089408,0.016384,0.187392,0.810944,0.026798,1244819,1244819,415283,33.3609,1920,1080,raygs,triangles,1,off,0,on,-4
1781754702704717645,10635.1,827.007,1.20918,1.14787,1.13546,0.030016,0.089632,0.016384,0.188416,0.811008,0.029732,1244819,1244819,415283,33.3609,1920,1080,raygs,triangles,1,off,0,on,-4
1781754702705901970,10636.3,826.873,1.20938,1.14653,1.13453,0.030272,0.090432,0.016288,0.186528,0.811008,0.029002,1244819,1244819,415283,33.3609,1920,1080,raygs,triangles,1,off,0,on,-4
1781754702707073356,10637.5,827.229,1.20886,1.14915,1.13872,0.03072,0.08912,0.016384,0.192512,0.809984,0.029184,1244819,1244819,415283,33.3609,1920,1080,raygs,triangles,1,off,0,on,-4
1781754702708246511,10638.6,828.223,1.2074,1.14621,1.13478,0.030432,0.089568,0.016384,0.188416,0.809984,0.028823,1244819,1244819,415283,33.3609,1920,1080,raygs,triangles,1,off,0,on,-4
1781754702709650261,10640,828.209,1.20742,1.38205,1.36989,0.030144,0.08944,0.016384,0.422912,0.811008,0.027221,1244819,1244819,415283,33.3609,1920,1080,raygs,triangles,1,off,0,on,-4
1781754702710961441,10641.4,825.71,1.21108,1.2873,1.27418,0.030176,0.089952,0.016384,0.32768,0.809984,0.026468,1244819,1244819,415283,33.3609,1920,1080,raygs,triangles,1,off,0,on,-4
1781754702712131080,10642.5,823.931,1.21369,1.14653,1.13302,0.030336,0.090336,0.01616,0.185344,0.810848,0.025156,1244819,1244819,415283,33.3609,1920,1080,raygs,triangles,1,off,0,on,-4
1781754702713312891,10643.7,824.307,1.21314,1.14534,1.13158,0.028512,0.090336,0.016384,0.186368,0.809984,0.026913,1244819,1244819,415283,33.3609,1920,1080,raygs,triangles,1,off,0,on,-4
1781754702714483723,10644.9,823.741,1.21397,1.14621,1.13242,0.029408,0.089184,0.016384,0.186432,0.811008,0.026101,1244819,1244819,415283,33.3609,1920,1080,raygs,triangles,1,off,0,on,-4
1781754702715654845,10646,824.065,1.2135,1.14707,1.13334,0.028928,0.090272,0.015744,0.187392,0.811008,0.025991,1244819,1244819,415283,33.3609,1920,1080,raygs,triangles,1,off,0,on,-4
1781754702716831075,10647.2,826.617,1.20975,1.14643,1.13318,0.028832,0.089792,0.01616,0.188416,0.809984,0.026453,1244819,1244819,415283,33.3609,1920,1080,raygs,triangles,1,off,0,on,-4
1781754702718134761,10648.5,828.252,1.20736,1.14976,1.13658,0.03024,0.089568,0.01664,0.18944,0.810688,0.026933,1244819,1244819,415283,33.3609,1920,1080,raygs,triangles,1,off,0,on,-4
1781754702719302311,10649.7,826.73,1.20958,1.14611,1.13395,0.029696,0.089472,0.016384,0.188416,0.809984,0.026158,1244819,1244819,415283,33.3609,1920,1080,raygs,triangles,1,off,0,on,-4
1781754702720469907,10650.9,826.866,1.20939,1.14672,1.13443,0.028864,0.088736,0.016384,0.18944,0.811008,0.025467,1244819,1244819,415283,33.3609,1920,1080,raygs,triangles,1,off,0,on,-4
1781754702721657878,10652,826.945,1.20927,1.14733,1.1336,0.029472,0.089344,0.01536,0.188416,0.811008,0.033707,1244819,1244819,415283,33.3609,1920,1080,raygs,triangles,1,off,0,on,-4
1781754702722827083,10653.2,826.854,1.2094,1.1441,1.1327,0.028832,0.089472,0.016384,0.187392,0.810624,0.026839,1244819,1244819,415283,33.3609,1920,1080,raygs,triangles,1,off,0,on,-4
1781754702723994957,10654.4,828.225,1.2074,1.14915,1.14093,0.02928,0.089728,0.016384,0.19456,0.810976,0.026657,1244819,1244819,415283,33.3609,1920,1080,raygs,triangles,1,off,0,on,-4
1781754702725173667,10655.6,829.127,1.20609,1.14816,1.13629,0.030304,0.089472,0.016384,0.18944,0.810688,0.027897,1244819,1244819,415283,33.3609,1920,1080,raygs,triangles,1,off,0,on,-4
1781754702726576052,10657,828.823,1.20653,1.37498,1.3632,0.028896,0.089184,0.016384,0.417792,0.810944,0.026448,1244819,1244819,415283,33.3609,1920,1080,raygs,triangles,1,off,0,on,-4
1781754702727917650,10658.3,828.038,1.20767,1.28493,1.27155,0.029856,0.09072,0.016384,0.324608,0.809984,0.036093,1244819,1244819,415283,33.3609,1920,1080,raygs,triangles,1,off,0,on,-4
1781754702729056361,10659.4,825.442,1.21147,1.1488,1.1344,0.029984,0.090464,0.01568,0.187392,0.81088,0.018117,1244819,1244819,415283,33.3609,1920,1080,raygs,triangles,1,off,0,on,-4
1781754702730264076,10660.7,824.726,1.21252,1.14512,1.13216,0.030336,0.089984,0.016384,0.185472,0.809984,0.035117,1244819,1244819,415283,33.3609,1920,1080,raygs,triangles,1,off,0,on,-4
1781754702731406629,10661.8,823.904,1.21373,1.14598,1.13235,0.028064,0.089504,0.016384,0.188416,0.809984,0.017987,1244819,1244819,415283,33.3609,1920,1080,raygs,triangles,1,off,0,on,-4
1781754702732583699,10663,824.202,1.21329,1.14614,1.13392,0.030336,0.089856,0.016352,0.186368,0.811008,0.026459,1244819,1244819,415283,33.3609,1920,1080,raygs,triangles,1,off,0,on,-4
1781754702733883225,10664.3,826.452,1.20999,1.14723,1.13494,0.030432,0.089728,0.016384,0.187392,0.811008,0.026004,1244819,1244819,415283,33.3609,1920,1080,raygs,triangles,1,off,0,on,-4
1781754702735089250,10665.5,827.032,1.20914,1.14701,1.13446,0.030176,0.089408,0.016384,0.187712,0.810784,0.042294,1244819,1244819,415283,33.3609,1920,1080,raygs,triangles,1,off,0,on,-4
1781754702736264173,10666.7,826.709,1.20962,1.14717,1.13443,0.030048,0.089216,0.016384,0.187776,0.811008,0.026871,1244819,1244819,415283,33.3609,1920,1080,raygs,triangles,1,off,0,on,-4
1781754702737401125,10667.8,826.746,1.20956,1.14512,1.13405,0.030528,0.08976,0.016384,0.187392,0.809984,0.016232,1244819,1244819,415283,33.3609,1920,1080,raygs,triangles,1,off,0,on,-4
1781754702738615698,10669,826.729,1.20959,1.14598,1.13258,0.030176,0.089664,0.016384,0.186368,0.809984,0.043575,1244819,1244819,415283,33.3609,1920,1080,raygs,triangles,1,off,0,on,-4
1781754702739782088,10670.2,826.359,1.21013,1.14682,1.1345,0.030016,0.089696,0.016384,0.188416,0.809984,0.018584,1244819,1244819,415283,33.3609,1920,1080,raygs,triangles,1,off,0,on,-4
1781754702740971057,10671.4,827.876,1.20791,1.15117,1.14109,0.030112,0.089024,0.016384,0.195584,0.809984,0.040483,1244819,1244819,415283,33.3609,1920,1080,raygs,triangles,1,off,0,on,-4
1781754702742354819,10672.7,827.757,1.20808,1.34442,1.33238,0.029952,0.089408,0.016384,0.386048,0.810592,0.031494,1244819,1244819,415283,33.3609,1920,1080,raygs,triangles,1,off,0,on,-4
1781754702743614021,10674,825.127,1.21194,1.28493,1.27075,0.030272,0.08848,0.01536,0.325632,0.811008,0.017265,1244819,1244819,415283,33.3609,1920,1080,raygs,triangles,1,off,0,on,-4
1781754702744801262,10675.2,825.712,1.21108,1.14566,1.13251,0.030208,0.0904,0.015552,0.185344,0.811008,0.033657,1244819,1244819,415283,33.3609,1920,1080,raygs,triangles,1,off,0,on,-4
1781754702745965104,10676.4,825.33,1.21164,1.14611,1.13306,0.030304,0.089248,0.016384,0.186368,0.810752,0.020289,1244819,1244819,415283,33.3609,1920,1080,raygs,triangles,1,off,0,on,-4
1781754702747164867,10677.6,825.955,1.21072,1.14496,1.13216,0.030144,0.08928,0.01536,0.186368,0.811008,0.038645,1244819,1244819,415283,33.3609,1920,1080,raygs,triangles,1,off,0,on,-4
1781754702748345954,10678.7,825.341,1.21162,1.1439,1.13194,0.030272,0.088928,0.016384,0.185344,0.811008,0.030464,1244819,1244819,415283,33.3609,1920,1080,raygs,triangles,1,off,0,on,-4
1781754702749518243,10679.9,827.531,1.20841,1.14461,1.13328,0.028832,0.089856,0.016384,0.187392,0.810816,0.032405,1244819,1244819,415283,33.3609,1920,1080,raygs,triangles,1,off,0,on,-4
1781754702750777457,10681.2,828.672,1.20675,1.14566,1.13363,0.029984,0.089888,0.016384,0.187392,0.809984,0.019755,1244819,1244819,415283,33.3609,1920,1080,raygs,triangles,1,off,0,on,-4
1781754702751939451,10682.3,827.581,1.20834,1.14794,1.13574,0.03056,0.08944,0.016384,0.188416,0.810944,0.026895,1244819,1244819,415283,33.3609,1920,1080,raygs,triangles,1,off,0,on,-4
1781754702753116360,10683.5,827.575,1.20835,1.14819,1.13581,0.030304,0.089696,0.015776,0.18944,0.810592,0.031345,1244819,1244819,415283,33.3609,1920,1080,raygs,triangles,1,off,0,on,-4
1781754702754330508,10684.7,828.169,1.20748,1.14755,1.13306,0.030336,0.089216,0.01536,0.187392,0.810752,0.042476,1244819,1244819,415283,33.3609,1920,1080,raygs,triangles,1,off,0,on,-4
1781754702755461810,10685.9,827.528,1.20842,1.14749,1.13421,0.029984,0.088608,0.016384,0.188416,0.810816,0.020091,1244819,1244819,415283,33.3609,1920,1080,raygs,triangles,1,off,0,on,-4
1781754702756773406,10687.2,827.661,1.20822,1.14787,1.13546,0.030048,0.0896,0.016384,0.18944,0.809984,0.035702,1244819,1244819,415283,33.3609,1920,1080,raygs,triangles,1,off,0,on,-4
1781754702757925332,10688.3,827.784,1.20805,1.14915,1.13779,0.031296,0.089728,0.015712,0.18944,0.811616,0.019136,1244819,1244819,415283,33.3609,1920,1080,raygs,triangles,1,off,0,on,-4
1781754702759288568,10689.7,827.771,1.20806,1.14701,1.13603,0.030432,0.089792,0.016384,0.18944,0.809984,0.026496,1244819,1244819,415283,33.3609,1920,1080,raygs,triangles,1,off,0,on,-4
1781754702760576991,10691,825.717,1.21107,1.15315,1.14048,0.034272,0.089376,0.016384,0.190464,0.809984,0.024515,1244819,1244819,415283,33.3609,1920,1080,raygs,triangles,1,off,0,on,-4
1781754702761749344,10692.1,824.428,1.21296,1.14877,1.13677,0.031584,0.0904,0.016384,0.188416,0.809984,0.024394,1244819,1244819,415283,33.3609,1920,1080,raygs,triangles,1,off,0,on,-4
1781754702762929171,10693.3,824.927,1.21223,1.14701,1.1344,0.030208,0.089024,0.015552,0.188864,0.810752,0.027835,1244819,1244819,415283,33.3609,1920,1080,raygs,triangles,1,off,0,on,-4
1781754702764097083,10694.5,824.372,1.21305,1.14749,1.13411,0.029664,0.089664,0.016384,0.188416,0.809984,0.025067,1244819,1244819,415283,33.3609,1920,1080,raygs,triangles,1,off,0,on,-4
1781754702765291883,10695.7,824.347,1.21308,1.17104,1.15843,0.029632,0.08944,0.016384,0.212992,0.809984,0.024917,1244819,1244819,415283,33.3609,1920,1080,raygs,triangles,1,off,0,on,-4
1781754702766508186,10696.9,826.813,1.20946,1.14803,1.1359,0.030176,0.08992,0.016384,0.188416,0.811008,0.03764,1244819,1244819,415283,33.3609,1920,1080,raygs,triangles,1,off,0,on,-4
1781754702767755443,10698.1,828.311,1.20728,1.14771,1.13523,0.029888,0.089536,0.016384,0.188416,0.811008,0.014607,1244819,1244819,415283,33.3609,1920,1080,raygs,triangles,1,off,0,on,-4
1781754702768933545,10699.3,827.142,1.20898,1.14982,1.13629,0.030944,0.089472,0.016384,0.188544,0.810944,0.02388,1244819,1244819,415283,33.3609,1920,1080,raygs,triangles,1,off,0,on,-4
1781754702770104184,10700.5,826.955,1.20925,1.14698,1.13286,0.030144,0.08896,0.01536,0.188416,0.809984,0.023391,1244819,1244819,415283,33.3609,1920,1080,raygs,triangles,1,off,0,on,-4
1781754702771282368,10701.7,827.271,1.20879,1.14787,1.1359,0.030272,0.089696,0.016384,0.188576,0.810976,0.024766,1244819,1244819,415283,33.3609,1920,1080,raygs,triangles,1,off,0,on,-4
1781754702772450997,10702.8,826.995,1.2092,1.14781,1.13491,0.029856,0.089504,0.01632,0.188416,0.810816,0.025868,1244819,1244819,415283,33.3609,1920,1080,raygs,triangles,1,off,0,on,-4
1781754702773620669,10704,827.03,1.20915,1.14803,1.13414,0.030048,0.089184,0.015648,0.188416,0.810848,0.024422,1244819,1244819,415283,33.3609,1920,1080,raygs,triangles,1,off,0,on,-4
1781754702774802481,10705.2,828.446,1.20708,1.14992,1.13763,0.030016,0.08976,0.016384,0.190464,0.811008,0.027153,1244819,1244819,415283,33.3609,1920,1080,raygs,triangles,1,off,0,on,-4
1781754702776225701,10706.6,828.341,1.20723,1.38637,1.37466,0.029952,0.08928,0.016384,0.428032,0.811008,0.026212,1244819,1244819,415283,33.3609,1920,1080,raygs,triangles,1,off,0,on,-4
1781754702777530429,10707.9,825.594,1.21125,1.28691,1.27328,0.030272,0.08992,0.01536,0.32672,0.811008,0.026063,1244819,1244819,415283,33.3609,1920,1080,raygs,triangles,1,off,0,on,-4
1781754702778696396,10709.1,824.077,1.21348,1.14803,1.13747,0.030208,0.090304,0.016384,0.188576,0.812,0.024354,1244819,1244819,415283,33.3609,1920,1080,raygs,triangles,1,off,0,on,-4
1781754702779864307,10710.3,824.169,1.21334,1.14794,1.13533,0.03008,0.08944,0.016384,0.18944,0.809984,0.024785,1244819,1244819,415283,33.3609,1920,1080,raygs,triangles,1,off,0,on,-4
1781754702781045107,10711.4,824.247,1.21323,1.14701,1.13274,0.030304,0.088736,0.01536,0.187392,0.810944,0.025905,1244819,1244819,415283,33.3609,1920,1080,raygs,triangles,1,off,0,on,-4
1781754702782213216,10712.6,824.188,1.21332,1.14675,1.13267,0.030656,0.08928,0.01536,0.187392,0.809984,0.02731,1244819,1244819,415283,33.3609,1920,1080,raygs,triangles,1,off,0,on,-4
1781754702783389340,10713.8,827.026,1.20915,1.14803,1.13533,0.030176,0.088736,0.016384,0.18944,0.810592,0.026906,1244819,1244819,415283,33.3609,1920,1080,raygs,triangles,1,off,0,on,-4
1781754702784679716,10715.1,828.507,1.20699,1.14944,1.1367,0.029568,0.089248,0.016352,0.190592,0.810944,0.025275,1244819,1244819,415283,33.3609,1920,1080,raygs,triangles,1,off,0,on,-4
1781754702785852898,10716.2,827.011,1.20917,1.14922,1.13664,0.030336,0.089472,0.016384,0.190464,0.809984,0.028591,1244819,1244819,415283,33.3609,1920,1080,raygs,triangles,1,off,0,on,-4
1781754702787105677,10717.5,827.203,1.20889,1.14646,1.13427,0.030688,0.0896,0.015712,0.187392,0.81088,0.047895,1244819,1244819,415283,33.3609,1920,1080,raygs,triangles,1,off,0,on,-4
1781754702788269408,10718.7,826.267,1.21026,1.14733,1.13597,0.030176,0.089984,0.016384,0.188416,0.811008,0.028276,1244819,1244819,415283,33.3609,1920,1080,raygs,triangles,1,off,0,on,-4
1781754702789412812,10719.8,826.455,1.20999,1.14832,1.13562,0.02944,0.089344,0.016384,0.18944,0.811008,0.031565,1244819,1244819,415283,33.3609,1920,1080,raygs,triangles,1,off,0,on,-4
1781754702790575226,10721,826.784,1.20951,1.14826,1.1361,0.030432,0.088832,0.016384,0.18944,0.811008,0.030883,1244819,1244819,415283,33.3609,1920,1080,raygs,triangles,1,off,0,on,-4
1781754702791729102,10722.1,828.348,1.20722,1.14726,1.13344,0.03008,0.089632,0.01536,0.187392,0.810976,0.019795,1244819,1244819,415283,33.3609,1920,1080,raygs,triangles,1,off,0,on,-4
1781754702793157115,10723.5,828.476,1.20704,1.38227,1.36976,0.029952,0.089504,0.016384,0.422912,0.811008,0.03717,1244819,1244819,415283,33.3609,1920,1080,raygs,triangles,1,off,0,on,-4
1781754702794447859,10724.8,825.555,1.21131,1.28682,1.27258,0.030752,0.088672,0.015488,0.32768,0.809984,0.019651,1244819,1244819,415283,33.3609,1920,1080,raygs,triangles,1,off,0,on,-4
1781754702795639738,10726,824.236,1.21324,1.14922,1.1353,0.029312,0.090336,0.016384,0.188416,0.810848,0.035638,1244819,1244819,415283,33.3609,1920,1080,raygs,triangles,1,off,0,on,-4
1781754702796797622,10727.2,823.907,1.21373,1.14582,1.13382,0.030208,0.089472,0.015744,0.188416,0.809984,0.019784,1244819,1244819,415283,33.3609,1920,1080,raygs,triangles,1,off,0,on,-4
1781754702797984745,10728.4,824.24,1.21324,1.14678,1.13446,0.029952,0.089696,0.016416,0.187392,0.811008,0.036222,1244819,1244819,415283,33.3609,1920,1080,raygs,triangles,1,off,0,on,-4
1781754702799139733,10729.5,824.245,1.21323,1.14694,1.1328,0.030112,0.088928,0.01536,0.188416,0.809984,0.019961,1244819,1244819,415283,33.3609,1920,1080,raygs,triangles,1,off,0,on,-4
1781754702800459028,10730.9,826.939,1.20928,1.14922,1.1359,0.030336,0.08976,0.01536,0.190464,0.809984,0.040492,1244819,1244819,415283,33.3609,1920,1080,raygs,triangles,1,off,0,on,-4
1781754702801603404,10732,827.045,1.20912,1.1495,1.13763,0.03056,0.089216,0.016384,0.190464,0.811008,0.017744,1244819,1244819,415283,33.3609,1920,1080,raygs,triangles,1,off,0,on,-4
1781754702802779424,10733.2,827.07,1.20909,1.14765,1.1351,0.029792,0.08944,0.016448,0.188416,0.811008,0.027025,1244819,1244819,415283,33.3609,1920,1080,raygs,triangles,1,off,0,on,-4
1781754702803948433,10734.3,827.295,1.20876,1.14848,1.13574,0.029632,0.089472,0.016384,0.18944,0.810816,0.025914,1244819,1244819,415283,33.3609,1920,1080,raygs,triangles,1,off,0,on,-4
1781754702805137026,10735.5,827.092,1.20905,1.14739,1.13606,0.030592,0.089568,0.016384,0.188736,0.810784,0.035824,1244819,1244819,415283,33.3609,1920,1080,raygs,triangles,1,off,0,on,-4
1781754702806358856,10736.8,827.14,1.20899,1.14739,1.13418,0.030176,0.089216,0.01536,0.188416,0.811008,0.039921,1244819,1244819,415283,33.3609,1920,1080,raygs,triangles,1,off,0,on,-4
1781754702807505747,10737.9,828.021,1.2077,1.14749,1.13443,0.030336,0.08944,0.016384,0.187456,0.810816,0.032066,1244819,1244819,415283,33.3609,1920,1080,raygs,triangles,1,off,0,on,-4
1781754702808654203,10739,828.464,1.20705,1.15078,1.13718,0.029792,0.08832,0.016384,0.19184,0.810848,0.018557,1244819,1244819,415283,33.3609,1920,1080,raygs,triangles,1,off,0,on,-4
1781754702810108885,10740.5,828.678,1.20674,1.39869,1.3865,0.030432,0.089728,0.016384,0.438272,0.81168,0.041231,1244819,1244819,415283,33.3609,1920,1080,raygs,triangles,1,off,0,on,-4
1781754702811427264,10741.8,825.362,1.21159,1.27398,1.26288,0.030336,0.215712,0.01536,0.190464,0.811008,0.030038,1244819,1244819,415283,33.3609,1920,1080,raygs,triangles,1,off,0,on,-4
1781754702812546651,10742.9,823.943,1.21368,1.1463,1.13293,0.030496,0.089088,0.016384,0.186368,0.810592,0.016959,1244819,1244819,415283,33.3609,1920,1080,raygs,triangles,1,off,0,on,-4
1781754702813749222,10744.1,824.33,1.21311,1.14678,1.13494,0.029952,0.089632,0.016384,0.188416,0.81056,0.04511,1244819,1244819,415283,33.3609,1920,1080,raygs,triangles,1,off,0,on,-4
1781754702814880178,10745.3,824.07,1.21349,1.14838,1.13654,0.030528,0.089184,0.016384,0.18944,0.811008,0.016475,1244819,1244819,415283,33.3609,1920,1080,raygs,triangles,1,off,0,on,-4
1781754702816085494,10746.5,827.161,1.20896,1.14656,1.13254,0.029728,0.089056,0.01536,0.188416,0.809984,0.043683,1244819,1244819,415283,33.3609,1920,1080,raygs,triangles,1,off,0,on,-4
1781754702817358382,10747.7,828.049,1.20766,1.14701,1.13475,0.030208,0.089888,0.016384,0.187392,0.81088,0.027874,1244819,1244819,415283,33.3609,1920,1080,raygs,triangles,1,off,0,on,-4
1781754702818521198,10748.9,826.985,1.20921,1.14851,1.13546,0.031264,0.089504,0.016096,0.187808,0.810784,0.020554,1244819,1244819,415283,33.3609,1920,1080,raygs,triangles,1,off,0,on,-4
1781754702819722031,10750.1,826.97,1.20923,1.14749,1.13395,0.029632,0.089536,0.016384,0.188416,0.809984,0.039987,1244819,1244819,415283,33.3609,1920,1080,raygs,triangles,1,off,0,on,-4
1781754702820866077,10751.3,826.856,1.2094,1.14749,1.1337,0.029632,0.089504,0.01616,0.188416,0.809984,0.019132,1244819,1244819,415283,33.3609,1920,1080,raygs,triangles,1,off,0,on,-4
1781754702822078101,10752.5,827.241,1.20884,1.14739,1.13504,0.029568,0.089568,0.016384,0.1888,0.81072,0.041337,1244819,1244819,415283,33.3609,1920,1080,raygs,triangles,1,off,0,on,-4
1781754702823255826,10753.6,826.87,1.20938,1.1481,1.1353,0.03024,0.08944,0.016384,0.188416,0.810816,0.039099,1244819,1244819,415283,33.3609,1920,1080,raygs,triangles,1,off,0,on,-4
1781754702824417546,10754.8,827.838,1.20797,1.14726,1.1335,0.029408,0.089408,0.01536,0.188416,0.810912,0.029386,1244819,1244819,415283,33.3609,1920,1080,raygs,triangles,1,off,0,on,-4
1781754702825753015,10756.1,828.044,1.20767,1.34157,1.32771,0.030208,0.088992,0.015552,0.381952,0.811008,0.016113,1244819,1244819,415283,33.3609,1920,1080,raygs,triangles,1,off,0,on,-4
1781754702827076503,10757.5,826.038,1.2106,1.28797,1.27546,0.029856,0.089504,0.016384,0.328704,0.811008,0.033638,1244819,1244819,415283,33.3609,1920,1080,raygs,triangles,1,off,0,on,-4
1781754702828395824,10758.8,824.746,1.21249,1.14669,1.13501,0.029888,0.09072,0.016384,0.187392,0.810624,0.033691,1244819,1244819,415283,33.3609,1920,1080,raygs,triangles,1,off,0,on,-4
1781754702829538829,10759.9,822.94,1.21516,1.14832,1.13626,0.030432,0.089344,0.016384,0.18944,0.810656,0.017535,1244819,1244819,415283,33.3609,1920,1080,raygs,triangles,1,off,0,on,-4
1781754702830719742,10761.1,824.427,1.21296,1.14858,1.13488,0.029696,0.088352,0.016384,0.190464,0.809984,0.026786,1244819,1244819,415283,33.3609,1920,1080,raygs,triangles,1,off,0,on,-4
1781754702831909670,10762.3,824.357,1.21307,1.15667,1.14326,0.029632,0.089888,0.016384,0.197632,0.809728,0.035903,1244819,1244819,415283,33.3609,1920,1080,raygs,triangles,1,off,0,on,-4
1781754702833111765,10763.5,826.357,1.21013,1.14701,1.13491,0.03056,0.089568,0.016384,0.188416,0.809984,0.037682,1244819,1244819,415283,33.3609,1920,1080,raygs,triangles,1,off,0,on,-4
1781754702834373420,10764.8,827.285,1.20877,1.14826,1.13722,0.0304,0.089984,0.016384,0.18944,0.811008,0.022422,1244819,1244819,415283,33.3609,1920,1080,raygs,triangles,1,off,0,on,-4
1781754702835545219,10765.9,826.254,1.21028,1.14864,1.13571,0.030784,0.08912,0.016384,0.18944,0.809984,0.02677,1244819,1244819,415283,33.3609,1920,1080,raygs,triangles,1,off,0,on,-4
1781754702836732664,10767.1,826.376,1.2101,1.14787,1.13366,0.030048,0.088832,0.01536,0.18944,0.809984,0.032602,1244819,1244819,415283,33.3609,1920,1080,raygs,triangles,1,off,0,on,-4
1781754702837917533,10768.3,826.052,1.21058,1.14762,1.13651,0.02976,0.08976,0.016384,0.189664,0.810944,0.033134,1244819,1244819,415283,33.3609,1920,1080,raygs,triangles,1,off,0,on,-4
1781754702839058063,10769.4,826.282,1.21024,1.14909,1.1368,0.030592,0.09008,0.01568,0.18944,0.811008,0.015439,1244819,1244819,415283,33.3609,1920,1080,raygs,triangles,1,off,0,on,-4
1781754702840288428,10770.7,826.791,1.2095,1.1481,1.13587,0.030272,0.08944,0.015712,0.18944,0.811008,0.038571,1244819,1244819,415283,33.3609,1920,1080,raygs,triangles,1,off,0,on,-4
1781754702841397826,10771.8,827.377,1.20864,1.14746,1.13533,0.03024,0.08928,0.016384,0.188416,0.811008,0.015927,1244819,1244819,415283,33.3609,1920,1080,raygs,triangles,1,off,0,on,-4
1781754702842832000,10773.2,828.027,1.20769,1.38694,1.37619,0.030432,0.088928,0.016224,0.429056,0.811552,0.034001,1244819,1244819,415283,33.3609,1920,1080,raygs,triangles,1,off,0,on,-4
1781754702844123927,10774.5,825.281,1.21171,1.2871,1.276,0.03008,0.089824,0.016384,0.328704,0.811008,0.020186,1244819,1244819,415283,33.3609,1920,1080,raygs,triangles,1,off,0,on,-4
1781754702845318443,10775.7,823.646,1.21411,1.14819,1.13402,0.030368,0.089888,0.01536,0.188416,0.809984,0.035261,1244819,1244819,415283,33.3609,1920,1080,raygs,triangles,1,off,0,on,-4
1781754702846469802,10776.9,823.635,1.21413,1.14614,1.13466,0.030272,0.0896,0.016384,0.188416,0.809984,0.018874,1244819,1244819,415283,33.3609,1920,1080,raygs,triangles,1,off,0,on,-4
1781754702847641498,10778,823.844,1.21382,1.14771,1.1352,0.029856,0.089664,0.016384,0.18864,0.810656,0.025671,1244819,1244819,415283,33.3609,1920,1080,raygs,triangles,1,off,0,on,-4
1781754702848810879,10779.2,823.955,1.21366,1.15187,1.1393,0.029952,0.089888,0.016384,0.192512,0.81056,0.024925,1244819,1244819,415283,33.3609,1920,1080,raygs,triangles,1,off,0,on,-4
1781754702850004124,10780.4,826.807,1.20947,1.14598,1.13379,0.030176,0.08912,0.016384,0.187392,0.81072,0.034467,1244819,1244819,415283,33.3609,1920,1080,raygs,triangles,1,off,0,on,-4
1781754702851280464,10781.7,828.046,1.20766,1.14704,1.13334,0.030208,0.089376,0.01536,0.188416,0.809984,0.019818,1244819,1244819,415283,33.3609,1920,1080,raygs,triangles,1,off,0,on,-4
1781754702852449572,10782.8,826.674,1.20967,1.14858,1.13667,0.031232,0.089472,0.016384,0.188768,0.810816,0.025372,1244819,1244819,415283,33.3609,1920,1080,raygs,triangles,1,off,0,on,-4
1781754702853624140,10784,826.811,1.20947,1.14794,1.13587,0.030112,0.089952,0.016384,0.18944,0.809984,0.024833,1244819,1244819,415283,33.3609,1920,1080,raygs,triangles,1,off,0,on,-4
1781754702854797148,10785.2,826.881,1.20936,1.14832,1.13574,0.030208,0.08912,0.016384,0.18944,0.810592,0.031129,1244819,1244819,415283,33.3609,1920,1080,raygs,triangles,1,off,0,on,-4
1781754702855970232,10786.4,826.735,1.20958,1.14822,1.13523,0.029376,0.089728,0.01568,0.18944,0.811008,0.025496,1244819,1244819,415283,33.3609,1920,1080,raygs,triangles,1,off,0,on,-4
1781754702857134008,10787.5,826.843,1.20942,1.14781,1.13459,0.030208,0.088608,0.01536,0.18944,0.810976,0.025021,1244819,1244819,415283,33.3609,1920,1080,raygs,triangles,1,off,0,on,-4
1781754702858321722,10788.7,828.346,1.20723,1.14966,1.1359,0.030464,0.089056,0.01536,0.190464,0.81056,0.025179,1244819,1244819,415283,33.3609,1920,1080,raygs,triangles,1,off,0,on,-4
1781754702859731421,10790.1,828.117,1.20756,1.38538,1.37248,0.029984,0.089184,0.016384,0.425984,0.810944,0.027164,1244819,1244819,415283,33.3609,1920,1080,raygs,triangles,1,off,0,on,-4
1781754702861039702,10791.4,826.293,1.21022,1.28701,1.27507,0.03056,0.08944,0.016384,0.32768,0.811008,0.025446,1244819,1244819,415283,33.3609,1920,1080,raygs,triangles,1,off,0,on,-4
1781754702862215076,10792.6,824.575,1.21275,1.14816,1.13619,0.030336,0.090144,0.016384,0.188416,0.810912,0.028681,1244819,1244819,415283,33.3609,1920,1080,raygs,triangles,1,off,0,on,-4
1781754702863400073,10793.8,824.148,1.21337,1.14707,1.13613,0.03024,0.09008,0.016384,0.188416,0.811008,0.033916,1244819,1244819,415283,33.3609,1920,1080,raygs,triangles,1,off,0,on,-4
1781754702864548185,10794.9,823.976,1.21363,1.14662,1.13309,0.029792,0.088608,0.01536,0.188416,0.810912,0.019623,1244819,1244819,415283,33.3609,1920,1080,raygs,triangles,1,off,0,on,-4
1781754702865741605,10796.1,824.142,1.21338,1.14685,1.13418,0.02992,0.089632,0.01616,0.187552,0.810912,0.03432,1244819,1244819,415283,33.3609,1920,1080,raygs,triangles,1,off,0,on,-4
1781754702866920004,10797.3,826.705,1.20962,1.14704,1.13594,0.030208,0.08976,0.016384,0.188576,0.811008,0.030663,1244819,1244819,415283,33.3609,1920,1080,raygs,triangles,1,off,0,on,-4
1781754702868186573,10798.6,828.145,1.20752,1.14726,1.13555,0.030432,0.089312,0.016384,0.188416,0.811008,0.019018,1244819,1244819,415283,33.3609,1920,1080,raygs,triangles,1,off,0,on,-4
1781754702869373072,10799.8,827.089,1.20906,1.14832,1.13565,0.030464,0.089632,0.016288,0.188416,0.810848,0.032392,1244819,1244819,415283,33.3609,1920,1080,raygs,triangles,1,off,0,on,-4
1781754702870532560,10800.9,826.891,1.20935,1.14883,1.1353,0.029856,0.089664,0.016352,0.18944,0.809984,0.02549,1244819,1244819,415283,33.3609,1920,1080,raygs,triangles,1,off,0,on,-4
1781754702871708465,10802.1,827.097,1.20905,1.14678,1.13347,0.030176,0.089632,0.016288,0.187392,0.809984,0.025855,1244819,1244819,415283,33.3609,1920,1080,raygs,triangles,1,off,0,on,-4
1781754702872894832,10803.3,826.907,1.20933,1.14771,1.13613,0.029856,0.08944,0.016384,0.18944,0.811008,0.033731,1244819,1244819,415283,33.3609,1920,1080,raygs,triangles,1,off,0,on,-4
1781754702874050912,10804.4,828.317,1.20727,1.15008,1.13651,0.030176,0.089632,0.01536,0.190464,0.81088,0.018839,1244819,1244819,415283,33.3609,1920,1080,raygs,triangles,1,off,0,on,-4
1781754702875279247,10805.7,828.415,1.20713,1.14976,1.13779,0.030496,0.089312,0.016384,0.190784,0.810816,0.04069,1244819,1244819,415283,33.3609,1920,1080,raygs,triangles,1,off,0,on,-4
1781754702876640064,10807,827.727,1.20813,1.38464,1.372,0.03024,0.08976,0.016384,0.42496,0.810656,0.015475,1244819,1244819,415283,33.3609,1920,1080,raygs,triangles,1,off,0,on,-4
1781754702877990314,10808.4,825.569,1.21129,1.2881,1.27302,0.029952,0.089312,0.01536,0.32768,0.81072,0.044009,1244819,1244819,415283,33.3609,1920,1080,raygs,triangles,1,off,0,on,-4
1781754702879128225,10809.5,823.655,1.2141,1.14739,1.13424,0.03056,0.089888,0.015392,0.187392,0.811008,0.016204,1244819,1244819,415283,33.3609,1920,1080,raygs,triangles,1,off,0,on,-4
1781754702880314491,10810.7,824.547,1.21279,1.14675,1.1328,0.02992,0.088576,0.01536,0.188416,0.810528,0.038863,1244819,1244819,415283,33.3609,1920,1080,raygs,triangles,1,off,0,on,-4
1781754702881473942,10811.9,824.12,1.21342,1.14595,1.13286,0.030144,0.08896,0.015456,0.187392,0.810912,0.020265,1244819,1244819,415283,33.3609,1920,1080,raygs,triangles,1,off,0,on,-4
1781754702882637000,10813,824.09,1.21346,1.14528,1.1337,0.030496,0.090464,0.016384,0.186368,0.809984,0.026276,1244819,1244819,415283,33.3609,1920,1080,raygs,triangles,1,off,0,on,-4
1781754702883936827,10814.3,827.421,1.20858,1.14934,1.13539,0.0304,0.089024,0.01536,0.18976,0.810848,0.02679,1244819,1244819,415283,33.3609,1920,1080,raygs,triangles,1,off,0,on,-4
1781754702885099979,10815.5,827.64,1.20826,1.14912,1.13597,0.0312,0.08896,0.016384,0.18944,0.809984,0.024832,1244819,1244819,415283,33.3609,1920,1080,raygs,triangles,1,off,0,on,-4
1781754702886275966,10816.7,827.263,1.20881,1.14765,1.13491,0.029792,0.08944,0.016384,0.188416,0.81088,0.024859,1244819,1244819,415283,33.3609,1920,1080,raygs,triangles,1,off,0,on,-4
1781754702887446341,10817.8,827.656,1.20823,1.14787,1.13446,0.030048,0.089632,0.016384,0.188416,0.809984,0.024843,1244819,1244819,415283,33.3609,1920,1080,raygs,triangles,1,off,0,on,-4
1781754702888635445,10819,827.022,1.20916,1.14787,1.13552,0.030016,0.089696,0.016384,0.188416,0.811008,0.026372,1244819,1244819,415283,33.3609,1920,1080,raygs,triangles,1,off,0,on,-4
1781754702889802618,10820.2,827.048,1.20912,1.14714,1.13498,0.030336,0.089504,0.015584,0.18864,0.810912,0.026282,1244819,1244819,415283,33.3609,1920,1080,raygs,triangles,1,off,0,on,-4
1781754702890976365,10821.4,828.291,1.2073,1.14787,1.13437,0.030016,0.089408,0.01536,0.188864,0.81072,0.02465,1244819,1244819,415283,33.3609,1920,1080,raygs,triangles,1,off,0,on,-4
1781754702892150488,10822.5,828.203,1.20743,1.14826,1.13584,0.030528,0.089536,0.016384,0.18944,0.809952,0.02466,1244819,1244819,415283,33.3609,1920,1080,raygs,triangles,1,off,0,on,-4
1781754702893546175,10823.9,828.502,1.207,1.37789,1.3649,0.030656,0.089056,0.01536,0.418816,0.811008,0.025031,1244819,1244819,415283,33.3609,1920,1080,raygs,triangles,1,off,0,on,-4
1781754702894850188,10825.2,825.67,1.21114,1.27485,1.26282,0.030272,0.215648,0.01536,0.190752,0.810784,0.026009,1244819,1244819,415283,33.3609,1920,1080,raygs,triangles,1,off,0,on,-4
1781754702896024854,10826.4,824.542,1.21279,1.14646,1.13398,0.029632,0.089568,0.016384,0.187392,0.811008,0.025352,1244819,1244819,415283,33.3609,1920,1080,raygs,triangles,1,off,0,on,-4
1781754702897201119,10827.6,824.673,1.2126,1.14672,1.13344,0.029888,0.088864,0.01536,0.188416,0.810912,0.037197,1244819,1244819,415283,33.3609,1920,1080,raygs,triangles,1,off,0,on,-4
1781754702898381884,10828.8,824.388,1.21302,1.14662,1.13235,0.029824,0.08848,0.015648,0.188416,0.809984,0.03251,1244819,1244819,415283,33.3609,1920,1080,raygs,triangles,1,off,0,on,-4
1781754702899533233,10829.9,826.263,1.21027,1.14787,1.13338,0.029888,0.089408,0.015552,0.187616,0.810912,0.018306,1244819,1244819,415283,33.3609,1920,1080,raygs,triangles,1,off,0,on,-4
1781754702900832073,10831.2,828.15,1.20751,1.14813,1.13494,0.030272,0.089152,0.016096,0.18944,0.809984,0.026479,1244819,1244819,415283,33.3609,1920,1080,raygs,triangles,1,off,0,on,-4
1781754702902006677,10832.4,828.381,1.20717,1.14902,1.13642,0.030112,0.089472,0.016384,0.18944,0.811008,0.025268,1244819,1244819,415283,33.3609,1920,1080,raygs,triangles,1,off,0,on,-4
1781754702903186788,10833.6,828.158,1.2075,1.14771,1.13398,0.029856,0.089568,0.01616,0.188416,0.809984,0.028161,1244819,1244819,415283,33.3609,1920,1080,raygs,triangles,1,off,0,on,-4
1781754702904360718,10834.8,827.981,1.20776,1.14848,1.13606,0.030816,0.089824,0.01632,0.188416,0.810688,0.026519,1244819,1244819,415283,33.3609,1920,1080,raygs,triangles,1,off,0,on,-4
1781754702905527984,10835.9,828.193,1.20745,1.14835,1.13446,0.029472,0.089184,0.016384,0.18944,0.809984,0.026042,1244819,1244819,415283,33.3609,1920,1080,raygs,triangles,1,off,0,on,-4
1781754702906702863,10837.1,828.635,1.2068,1.14771,1.13494,0.029856,0.089376,0.016384,0.188704,0.810624,0.026828,1244819,1244819,415283,33.3609,1920,1080,raygs,triangles,1,off,0,on,-4
1781754702907871967,10838.3,829.607,1.20539,1.1488,1.13475,0.02992,0.088736,0.015648,0.190464,0.809984,0.025647,1244819,1244819,415283,33.3609,1920,1080,raygs,triangles,1,off,0,on,-4
1781754702909330710,10839.7,829.599,1.2054,1.348,1.3359,0.030496,0.089152,0.016128,0.38912,0.811008,0.043172,1244819,1244819,415283,33.3609,1920,1080,raygs,triangles,1,off,0,on,-4
1781754702910635614,10841,826.498,1.20992,1.35722,1.34458,0.030496,0.089216,0.01536,0.398784,0.81072,0.016575,1244819,1244819,415283,33.3609,1920,1080,raygs,triangles,1,off,0,on,-4
1781754702911821078,10842.2,824.954,1.21219,1.14672,1.13376,0.030176,0.089856,0.016384,0.186368,0.810976,0.034763,1244819,1244819,415283,33.3609,1920,1080,raygs,triangles,1,off,0,on,-4
1781754702912979893,10843.4,824.697,1.21257,1.14637,1.13286,0.029568,0.089536,0.016384,0.187392,0.809984,0.021343,1244819,1244819,415283,33.3609,1920,1080,raygs,triangles,1,off,0,on,-4
1781754702914205547,10844.6,825.259,1.21174,1.14637,1.13478,0.03056,0.089472,0.016384,0.187392,0.810976,0.046752,1244819,1244819,415283,33.3609,1920,1080,raygs,triangles,1,off,0,on,-4
1781754702915389579,10845.8,824.183,1.21332,1.16352,1.15002,0.029312,0.089504,0.01536,0.204832,0.811008,0.02849,1244819,1244819,415283,33.3609,1920,1080,raygs,triangles,1,off,0,on,-4
1781754702916520721,10846.9,826.949,1.20926,1.14912,1.13584,0.03024,0.089024,0.016384,0.18944,0.810752,0.015636,1244819,1244819,415283,33.3609,1920,1080,raygs,triangles,1,off,0,on,-4
1781754702917839741,10848.2,828.768,1.20661,1.1488,1.13674,0.030336,0.089632,0.016384,0.18944,0.810944,0.04001,1244819,1244819,415283,33.3609,1920,1080,raygs,triangles,1,off,0,on,-4
1781754702918994975,10849.4,827.256,1.20882,1.14816,1.13578,0.030336,0.089696,0.01632,0.188416,0.811008,0.028943,1244819,1244819,415283,33.3609,1920,1080,raygs,triangles,1,off,0,on,-4
1781754702920151035,10850.5,827.242,1.20884,1.14842,1.13453,0.029536,0.08928,0.016288,0.188416,0.811008,0.018639,1244819,1244819,415283,33.3609,1920,1080,raygs,triangles,1,off,0,on,-4
1781754702921388626,10851.8,827.304,1.20875,1.14739,1.13427,0.03056,0.089152,0.01536,0.188416,0.810784,0.03992,1244819,1244819,415283,33.3609,1920,1080,raygs,triangles,1,off,0,on,-4
1781754702922495004,10852.9,826.634,1.20973,1.14544,1.13411,0.03024,0.089344,0.016384,0.187392,0.810752,0.016416,1244819,1244819,415283,33.3609,1920,1080,raygs,triangles,1,off,0,on,-4
1781754702923680545,10854.1,827.466,1.20851,1.14851,1.13603,0.029632,0.089536,0.016416,0.18944,0.811008,0.030711,1244819,1244819,415283,33.3609,1920,1080,raygs,triangles,1,off,0,on,-4
1781754702924866437,10855.3,828.545,1.20694,1.14998,1.13744,0.030112,0.089792,0.016384,0.190464,0.810688,0.036715,1244819,1244819,415283,33.3609,1920,1080,raygs,triangles,1,off,0,on,-4
1781754702926262704,10856.7,828.412,1.20713,1.38781,1.3753,0.0304,0.089472,0.01536,0.429056,0.811008,0.020157,1244819,1244819,415283,33.3609,1920,1080,raygs,triangles,1,off,0,on,-4
1781754702927574536,10858,825.854,1.21087,1.2864,1.2735,0.030336,0.08912,0.016384,0.32768,0.809984,0.026423,1244819,1244819,415283,33.3609,1920,1080,raygs,triangles,1,off,0,on,-4
1781754702928749085,10859.1,824.233,1.21325,1.14739,1.1337,0.030592,0.090272,0.01536,0.187488,0.809984,0.02661,1244819,1244819,415283,33.3609,1920,1080,raygs,triangles,1,off,0,on,-4
1781754702929930314,10860.3,824.205,1.21329,1.14573,1.13315,0.029952,0.088736,0.016384,0.187392,0.810688,0.033115,1244819,1244819,415283,33.3609,1920,1080,raygs,triangles,1,off,0,on,-4
1781754702931095629,10861.5,824.138,1.21339,1.14912,1.13603,0.030336,0.088896,0.016384,0.18944,0.810976,0.026266,1244819,1244819,415283,33.3609,1920,1080,raygs,triangles,1,off,0,on,-4
1781754702932312691,10862.7,824.361,1.21306,1.14717,1.13472,0.030336,0.089472,0.016384,0.18752,0.811008,0.039465,1244819,1244819,415283,33.3609,1920,1080,raygs,triangles,1,off,0,on,-4
1781754702933441772,10863.8,826.642,1.20971,1.14765,1.13434,0.029792,0.08976,0.016384,0.187616,0.810784,0.017643,1244819,1244819,415283,33.3609,1920,1080,raygs,triangles,1,off,0,on,-4
1781754702934763707,10865.2,828.547,1.20693,1.14832,1.13661,0.029408,0.089408,0.01632,0.190464,0.811008,0.042094,1244819,1244819,415283,33.3609,1920,1080,raygs,triangles,1,off,0,on,-4
1781754702935901978,10866.3,827.06,1.2091,1.14883,1.1367,0.030944,0.089952,0.016384,0.188416,0.811008,0.017502,1244819,1244819,415283,33.3609,1920,1080,raygs,triangles,1,off,0,on,-4
1781754702937078283,10867.5,827.432,1.20856,1.14669,1.13456,0.03024,0.089536,0.016384,0.187392,0.811008,0.027144,1244819,1244819,415283,33.3609,1920,1080,raygs,triangles,1,off,0,on,-4
1781754702938308266,10868.7,827.163,1.20895,1.14733,1.13565,0.030208,0.089952,0.016384,0.188416,0.810688,0.040138,1244819,1244819,415283,33.3609,1920,1080,raygs,triangles,1,off,0,on,-4
1781754702939492980,10869.9,826.766,1.20953,1.14835,1.13498,0.030496,0.08912,0.01536,0.18944,0.81056,0.034528,1244819,1244819,415283,33.3609,1920,1080,raygs,triangles,1,off,0,on,-4
1781754702940623558,10871,826.579,1.20981,1.14797,1.13453,0.030112,0.089632,0.016384,0.188416,0.809984,0.030078,1244819,1244819,415283,33.3609,1920,1080,raygs,triangles,1,off,0,on,-4
1781754702941765401,10872.2,828.279,1.20732,1.148,1.13581,0.030176,0.089824,0.016384,0.18944,0.809984,0.015672,1244819,1244819,415283,33.3609,1920,1080,raygs,triangles,1,off,0,on,-4
1781754702943192275,10873.6,828.567,1.2069,1.36362,1.34918,0.029696,0.08976,0.01536,0.403712,0.810656,0.041644,1244819,1244819,415283,33.3609,1920,1080,raygs,triangles,1,off,0,on,-4
1781754702944483127,10874.9,825.62,1.21121,1.28547,1.27165,0.030432,0.08912,0.01536,0.325728,0.811008,0.02532,1244819,1244819,415283,33.3609,1920,1080,raygs,triangles,1,off,0,on,-4
1781754702945679469,10876.1,824.375,1.21304,1.14675,1.13392,0.030336,0.090592,0.01552,0.186464,0.811008,0.036294,1244819,1244819,415283,33.3609,1920,1080,raygs,triangles,1,off,0,on,-4
1781754702946839525,10877.2,824.157,1.21336,1.14819,1.13421,0.030304,0.089408,0.01536,0.188416,0.81072,0.03075,1244819,1244819,415283,33.3609,1920,1080,raygs,triangles,1,off,0,on,-4
1781754702948001330,10878.4,824.221,1.21327,1.14669,1.13427,0.029856,0.089632,0.016384,0.188416,0.809984,0.025712,1244819,1244819,415283,33.3609,1920,1080,raygs,triangles,1,off,0,on,-4
1781754702949163232,10879.6,824.987,1.21214,1.14918,1.13574,0.030336,0.088576,0.016384,0.18944,0.811008,0.020436,1244819,1244819,415283,33.3609,1920,1080,raygs,triangles,1,off,0,on,-4
1781754702950414549,10880.8,827.076,1.20908,1.1488,1.13482,0.029952,0.089632,0.016096,0.188416,0.81072,0.041703,1244819,1244819,415283,33.3609,1920,1080,raygs,triangles,1,off,0,on,-4
1781754702951615628,10882,828.339,1.20723,1.14746,1.1345,0.030272,0.089312,0.016384,0.187808,0.81072,0.015805,1244819,1244819,415283,33.3609,1920,1080,raygs,triangles,1,off,0,on,-4
1781754702952823890,10883.2,827.471,1.2085,1.14877,1.13466,0.031072,0.0888,0.01536,0.18944,0.809984,0.038243,1244819,1244819,415283,33.3609,1920,1080,raygs,triangles,1,off,0,on,-4
1781754702953973902,10884.4,827.426,1.20857,1.14662,1.13546,0.030368,0.08928,0.016384,0.188416,0.811008,0.01909,1244819,1244819,415283,33.3609,1920,1080,raygs,triangles,1,off,0,on,-4
1781754702955186225,10885.6,827.445,1.20854,1.14621,1.1321,0.029376,0.089216,0.01536,0.187392,0.810752,0.041065,1244819,1244819,415283,33.3609,1920,1080,raygs,triangles,1,off,0,on,-4
1781754702956382076,10886.8,826.876,1.20937,1.14934,1.13658,0.030464,0.08912,0.016384,0.189632,0.810976,0.028278,1244819,1244819,415283,33.3609,1920,1080,raygs,triangles,1,off,0,on,-4
1781754702957502089,10887.9,828.144,1.20752,1.14909,1.1369,0.030208,0.088864,0.016384,0.190464,0.810976,0.024255,1244819,1244819,415283,33.3609,1920,1080,raygs,triangles,1,off,0,on,-4
1781754702958667804,10889.1,828.607,1.20684,1.14589,1.1321,0.030112,0.088928,0.01568,0.187392,0.809984,0.020801,1244819,1244819,415283,33.3609,1920,1080,raygs,triangles,1,off,0,on,-4
1781754702960056374,10890.4,828.654,1.20678,1.35123,1.33859,0.029632,0.089504,0.016256,0.392192,0.811008,0.034928,1244819,1244819,415283,33.3609,1920,1080,raygs,triangles,1,off,0,on,-4
1781754702961355515,10891.7,826.262,1.21027,1.28672,1.27277,0.030528,0.089472,0.01536,0.326656,0.810752,0.020533,1244819,1244819,415283,33.3609,1920,1080,raygs,triangles,1,off,0,on,-4
1781754702962537619,10892.9,824.895,1.21228,1.15101,1.1399,0.03008,0.090944,0.016384,0.191488,0.811008,0.02855,1244819,1244819,415283,33.3609,1920,1080,raygs,triangles,1,off,0,on,-4
1781754702963700118,10894.1,824.778,1.21245,1.14589,1.13347,0.030112,0.08928,0.016128,0.187392,0.81056,0.026082,1244819,1244819,415283,33.3609,1920,1080,raygs,triangles,1,off,0,on,-4
1781754702964897234,10895.3,824.872,1.21231,1.14698,1.13459,0.030176,0.089632,0.016384,0.188416,0.809984,0.037164,1244819,1244819,415283,33.3609,1920,1080,raygs,triangles,1,off,0,on,-4
1781754702966060080,10896.5,824.707,1.21255,1.1473,1.13427,0.030496,0.088992,0.016384,0.187392,0.811008,0.029331,1244819,1244819,415283,33.3609,1920,1080,raygs,triangles,1,off,0,on,-4
1781754702967366259,10897.8,827.337,1.2087,1.14797,1.13485,0.030464,0.089792,0.016192,0.188416,0.809984,0.033336,1244819,1244819,415283,33.3609,1920,1080,raygs,triangles,1,off,0,on,-4
1781754702968508045,10898.9,827.328,1.20871,1.1489,1.13674,0.031232,0.089696,0.016384,0.18944,0.809984,0.021296,1244819,1244819,415283,33.3609,1920,1080,raygs,triangles,1,off,0,on,-4
1781754702969746541,10900.1,827.527,1.20842,1.14986,1.13766,0.030176,0.089472,0.016384,0.190656,0.810976,0.043559,1244819,1244819,415283,33.3609,1920,1080,raygs,triangles,1,off,0,on,-4
1781754702970862585,10901.3,826.971,1.20923,1.14848,1.13482,0.0296,0.08944,0.016352,0.18944,0.809984,0.0159,1244819,1244819,415283,33.3609,1920,1080,raygs,triangles,1,off,0,on,-4
1781754702972043504,10902.4,827.66,1.20823,1.14883,1.13504,0.029824,0.089312,0.016384,0.188512,0.811008,0.034032,1244819,1244819,415283,33.3609,1920,1080,raygs,triangles,1,off,0,on,-4
1781754702973220914,10903.6,827.335,1.2087,1.14714,1.13584,0.030336,0.08912,0.016384,0.18944,0.81056,0.035327,1244819,1244819,415283,33.3609,1920,1080,raygs,triangles,1,off,0,on,-4
1781754702974419891,10904.8,828.76,1.20662,1.14627,1.13363,0.030496,0.089376,0.01536,0.188416,0.809984,0.031988,1244819,1244819,415283,33.3609,1920,1080,raygs,triangles,1,off,0,on,-4
1781754702975545174,10905.9,828.512,1.20698,1.14947,1.13658,0.0296,0.08928,0.016192,0.190496,0.811008,0.016103,1244819,1244819,415283,33.3609,1920,1080,raygs,triangles,1,off,0,on,-4
1781754702976927308,10907.3,829.141,1.20607,1.34944,1.33629,0.030528,0.089248,0.016384,0.390144,0.809984,0.026768,1244819,1244819,415283,33.3609,1920,1080,raygs,triangles,1,off,0,on,-4
1781754702978248035,10908.6,826.744,1.20956,1.27651,1.26506,0.030048,0.216576,0.01536,0.191488,0.811584,0.038766,1244819,1244819,415283,33.3609,1920,1080,raygs,triangles,1,off,0,on,-4
1781754702979398730,10909.8,825.007,1.21211,1.14749,1.13395,0.029632,0.089536,0.016384,0.188416,0.809984,0.018917,1244819,1244819,415283,33.3609,1920,1080,raygs,triangles,1,off,0,on,-4
1781754702980580860,10911,825.257,1.21174,1.14704,1.13453,0.030208,0.089152,0.016192,0.188416,0.81056,0.036534,1244819,1244819,415283,33.3609,1920,1080,raygs,triangles,1,off,0,on,-4
1781754702981755595,10912.1,824.983,1.21215,1.14621,1.13354,0.030496,0.089152,0.015648,0.187392,0.810848,0.031193,1244819,1244819,415283,33.3609,1920,1080,raygs,triangles,1,off,0,on,-4
1781754702982929592,10913.3,828.491,1.20701,1.14634,1.13325,0.03056,0.089152,0.01536,0.186368,0.811808,0.028488,1244819,1244819,415283,33.3609,1920,1080,raygs,triangles,1,off,0,on,-4
1781754702984249438,10914.6,830.068,1.20472,1.14646,1.13459,0.030656,0.089024,0.016384,0.187712,0.810816,0.036767,1244819,1244819,415283,33.3609,1920,1080,raygs,triangles,1,off,0,on,-4
1781754702985382687,10915.8,828.469,1.20705,1.15005,1.13677,0.031168,0.089664,0.01536,0.1896,0.810976,0.016626,1244819,1244819,415283,33.3609,1920,1080,raygs,triangles,1,off,0,on,-4
1781754702986572456,10917,828.721,1.20668,1.14867,1.13606,0.0304,0.089856,0.01536,0.18944,0.811008,0.038122,1244819,1244819,415283,33.3609,1920,1080,raygs,triangles,1,off,0,on,-4
1781754702987735085,10918.1,829.216,1.20596,1.14717,1.13344,0.030368,0.089312,0.01536,0.188416,0.809984,0.026724,1244819,1244819,415283,33.3609,1920,1080,raygs,triangles,1,off,0,on,-4
1781754702988938430,10919.3,829.201,1.20598,1.14906,1.1367,0.03024,0.089632,0.016384,0.190464,0.809984,0.03457,1244819,1244819,415283,33.3609,1920,1080,raygs,triangles,1,off,0,on,-4
1781754702990224234,10920.6,828.7,1.20671,1.14717,1.13363,0.030208,0.08864,0.016384,0.188416,0.809984,0.032643,1244819,1244819,415283,33.3609,1920,1080,raygs,triangles,1,off,0,on,-4
1781754702991416103,10921.8,828.96,1.20633,1.14934,1.13584,0.030464,0.089568,0.016384,0.18944,0.809984,0.031477,1244819,1244819,415283,33.3609,1920,1080,raygs,triangles,1,off,0,on,-4
1781754702992703079,10923.1,828.533,1.20695,1.1473,1.13517,0.030496,0.088896,0.016384,0.188416,0.810976,0.01722,1244819,1244819,415283,33.3609,1920,1080,raygs,triangles,1,off,0,on,-4
1781754702994039141,10924.4,827.003,1.20919,1.148,1.13469,0.0312,0.089664,0.016384,0.187456,0.809984,0.031829,1244819,1244819,415283,33.3609,1920,1080,raygs,triangles,1,off,0,on,-4
1781754702995260282,10925.7,825.656,1.21116,1.15149,1.13971,0.03568,0.08912,0.016384,0.18752,0.811008,0.036116,1244819,1244819,415283,33.3609,1920,1080,raygs,triangles,1,off,0,on,-4
1781754702996402072,10926.8,824.718,1.21254,1.14685,1.13264,0.030016,0.088832,0.01536,0.187776,0.810656,0.024568,1244819,1244819,415283,33.3609,1920,1080,raygs,triangles,1,off,0,on,-4
1781754702997570231,10928,825.185,1.21185,1.14646,1.13338,0.030208,0.08944,0.01616,0.186688,0.81088,0.028018,1244819,1244819,415283,33.3609,1920,1080,raygs,triangles,1,off,0,on,-4
1781754702998777092,10929.2,825.299,1.21168,1.16589,1.15158,0.03024,0.089152,0.01536,0.205824,0.811008,0.037044,1244819,1244819,415283,33.3609,1920,1080,raygs,triangles,1,off,0,on,-4
1781754702999973979,10930.4,827.391,1.20862,1.14714,1.13504,0.030336,0.08896,0.016224,0.188608,0.810912,0.030889,1244819,1244819,415283,33.3609,1920,1080,raygs,triangles,1,off,0,on,-4
1781754703001218798,10931.6,828.867,1.20647,1.1505,1.1375,0.030592,0.089056,0.016384,0.190464,0.811008,0.017244,1244819,1244819,415283,33.3609,1920,1080,raygs,triangles,1,off,0,on,-4
1781754703002403310,10932.8,827.948,1.20781,1.14848,1.13667,0.031008,0.089216,0.016384,0.18944,0.810624,0.035183,1244819,1244819,415283,33.3609,1920,1080,raygs,triangles,1,off,0,on,-4
1781754703003565063,10934,827.901,1.20787,1.14829,1.13699,0.030336,0.089984,0.016384,0.18944,0.810848,0.019776,1244819,1244819,415283,33.3609,1920,1080,raygs,triangles,1,off,0,on,-4
1781754703004745173,10935.1,827.863,1.20793,1.14781,1.13578,0.030464,0.089504,0.016384,0.18944,0.809984,0.036099,1244819,1244819,415283,33.3609,1920,1080,raygs,triangles,1,off,0,on,-4
1781754703005966224,10936.4,828.26,1.20735,1.14765,1.1352,0.029792,0.089792,0.016192,0.188416,0.811008,0.039745,1244819,1244819,415283,33.3609,1920,1080,raygs,triangles,1,off,0,on,-4
1781754703007114266,10937.5,827.303,1.20875,1.14723,1.1344,0.030432,0.089184,0.016384,0.188416,0.809984,0.030882,1244819,1244819,415283,33.3609,1920,1080,raygs,triangles,1,off,0,on,-4
1781754703008301326,10938.7,829.291,1.20585,1.14874,1.13462,0.030528,0.089312,0.01536,0.188416,0.811008,0.030519,1244819,1244819,415283,33.3609,1920,1080,raygs,triangles,1,off,0,on,-4
1781754703009677452,10940.1,828.831,1.20652,1.3823,1.36771,0.029984,0.088448,0.01536,0.423936,0.809984,0.025559,1244819,1244819,415283,33.3609,1920,1080,raygs,triangles,1,off,0,on,-4
1781754703011001435,10941.4,826.547,1.20985,1.28848,1.27677,0.030336,0.08976,0.016384,0.329728,0.81056,0.033431,1244819,1244819,415283,33.3609,1920,1080,raygs,triangles,1,off,0,on,-4
1781754703012173086,10942.6,825.386,1.21155,1.14746,1.13504,0.030656,0.089952,0.016384,0.187392,0.810656,0.032356,1244819,1244819,415283,33.3609,1920,1080,raygs,triangles,1,off,0,on,-4
1781754703013370724,10943.8,825.582,1.21127,1.14637,1.13402,0.030048,0.089184,0.016384,0.187392,0.811008,0.030516,1244819,1244819,415283,33.3609,1920,1080,raygs,triangles,1,off,0,on,-4
1781754703014484997,10944.9,824.838,1.21236,1.1481,1.13494,0.03024,0.088896,0.016384,0.18944,0.809984,0.017414,1244819,1244819,415283,33.3609,1920,1080,raygs,triangles,1,off,0,on,-4
1781754703015688263,10946.1,825.126,1.21194,1.14701,1.136,0.0304,0.089792,0.016384,0.188416,0.811008,0.041061,1244819,1244819,415283,33.3609,1920,1080,raygs,triangles,1,off,0,on,-4
1781754703016855059,10947.2,827.7,1.20817,1.1487,1.13523,0.030368,0.089184,0.01552,0.188416,0.811744,0.0276,1244819,1244819,415283,33.3609,1920,1080,raygs,triangles,1,off,0,on,-4
1781754703018149022,10948.5,829.039,1.20622,1.14832,1.13469,0.029472,0.089408,0.016384,0.18944,0.809984,0.03119,1244819,1244819,415283,33.3609,1920,1080,raygs,triangles,1,off,0,on,-4
1781754703019362984,10949.8,828.143,1.20752,1.14685,1.13402,0.03104,0.089568,0.01536,0.187392,0.810656,0.032211,1244819,1244819,415283,33.3609,1920,1080,raygs,triangles,1,off,0,on,-4
1781754703020532828,10950.9,827.323,1.20872,1.14726,1.13334,0.030432,0.088864,0.015648,0.188416,0.809984,0.028444,1244819,1244819,415283,33.3609,1920,1080,raygs,triangles,1,off,0,on,-4
1781754703021671722,10952.1,827.214,1.20888,1.14819,1.13632,0.030336,0.090176,0.016384,0.188416,0.811008,0.028324,1244819,1244819,415283,33.3609,1920,1080,raygs,triangles,1,off,0,on,-4
1781754703022828272,10953.2,827.692,1.20818,1.1457,1.13475,0.030208,0.08976,0.016384,0.188416,0.809984,0.024565,1244819,1244819,415283,33.3609,1920,1080,raygs,triangles,1,off,0,on,-4
1781754703024021223,10954.4,828.584,1.20688,1.14624,1.13434,0.030432,0.089632,0.015744,0.18752,0.811008,0.035598,1244819,1244819,415283,33.3609,1920,1080,raygs,triangles,1,off,0,on,-4
1781754703025164199,10955.6,828.892,1.20643,1.14771,1.13568,0.030304,0.089568,0.016384,0.188416,0.811008,0.016215,1244819,1244819,415283,33.3609,1920,1080,raygs,triangles,1,off,0,on,-4
1781754703026605767,10957,829.183,1.20601,1.38678,1.37283,0.030496,0.088832,0.015488,0.428032,0.809984,0.040725,1244819,1244819,415283,33.3609,1920,1080,raygs,triangles,1,off,0,on,-4
1781754703027893254,10958.3,826.111,1.21049,1.28835,1.27622,0.030336,0.089888,0.016384,0.328704,0.810912,0.018632,1244819,1244819,415283,33.3609,1920,1080,raygs,triangles,1,off,0,on,-4
1781754703029077308,10959.5,825.207,1.21182,1.14832,1.13386,0.029472,0.090464,0.015648,0.187392,0.81088,0.035821,1244819,1244819,415283,33.3609,1920,1080,raygs,triangles,1,off,0,on,-4
1781754703030287821,10960.7,825.303,1.21168,1.14618,1.13187,0.03024,0.088896,0.01536,0.186368,0.811008,0.032987,1244819,1244819,415283,33.3609,1920,1080,raygs,triangles,1,off,0,on,-4
1781754703031413671,10961.8,824.374,1.21304,1.14835,1.1345,0.029472,0.089216,0.01536,0.18944,0.811008,0.01612,1244819,1244819,415283,33.3609,1920,1080,raygs,triangles,1,off,0,on,-4
1781754703032597362,10963,824.813,1.2124,1.14746,1.13405,0.029632,0.0896,0.016416,0.188416,0.809984,0.039071,1244819,1244819,415283,33.3609,1920,1080,raygs,triangles,1,off,0,on,-4
1781754703033764226,10964.2,827.133,1.20899,1.14637,1.13389,0.030592,0.089376,0.01536,0.187584,0.810976,0.020305,1244819,1244819,415283,33.3609,1920,1080,raygs,triangles,1,off,0,on,-4
1781754703035069334,10965.5,828.714,1.20669,1.14762,1.13562,0.030208,0.0896,0.016384,0.188416,0.811008,0.037949,1244819,1244819,415283,33.3609,1920,1080,raygs,triangles,1,off,0,on,-4
1781754703036265693,10966.7,827.304,1.20875,1.14832,1.13738,0.031008,0.08944,0.016384,0.189536,0.811008,0.031902,1244819,1244819,415283,33.3609,1920,1080,raygs,triangles,1,off,0,on,-4
1781754703037483063,10967.9,826.975,1.20923,1.14691,1.13392,0.030144,0.088928,0.01536,0.188608,0.81088,0.027636,1244819,1244819,415283,33.3609,1920,1080,raygs,triangles,1,off,0,on,-4
1781754703038557842,10968.9,826.64,1.20972,1.14771,1.13322,0.029888,0.088544,0.01536,0.18944,0.809984,0.017095,1244819,1244819,415283,33.3609,1920,1080,raygs,triangles,1,off,0,on,-4
1781754703039735844,10970.1,827.7,1.20817,1.14912,1.13674,0.03024,0.08992,0.016384,0.18944,0.810752,0.026012,1244819,1244819,415283,33.3609,1920,1080,raygs,triangles,1,off,0,on,-4
1781754703040907268,10971.3,829.151,1.20605,1.14819,1.13466,0.030368,0.089664,0.01536,0.188416,0.810848,0.025245,1244819,1244819,415283,33.3609,1920,1080,raygs,triangles,1,off,0,on,-4
1781754703042079909,10972.5,829.009,1.20626,1.14883,1.13488,0.030272,0.089824,0.01536,0.18944,0.809984,0.02609,1244819,1244819,415283,33.3609,1920,1080,raygs,triangles,1,off,0,on,-4
1781754703043487382,10973.9,829.612,1.20538,1.3792,1.36614,0.02992,0.08896,0.016416,0.420864,0.809984,0.025503,1244819,1244819,415283,33.3609,1920,1080,raygs,triangles,1,off,0,on,-4
1781754703044791810,10975.2,826.34,1.21016,1.28675,1.27574,0.030656,0.089152,0.016224,0.328704,0.811008,0.024763,1244819,1244819,415283,33.3609,1920,1080,raygs,triangles,1,off,0,on,-4
1781754703045977210,10976.4,824.899,1.21227,1.14966,1.13546,0.030464,0.090432,0.01536,0.188416,0.810784,0.026788,1244819,1244819,415283,33.3609,1920,1080,raygs,triangles,1,off,0,on,-4
1781754703047144743,10977.5,824.794,1.21242,1.14784,1.1353,0.030016,0.089472,0.016384,0.18944,0.809984,0.025534,1244819,1244819,415283,33.3609,1920,1080,raygs,triangles,1,off,0,on,-4
1781754703048319005,10978.7,825.074,1.21201,1.14678,1.13526,0.03024,0.0896,0.016384,0.188416,0.810624,0.026845,1244819,1244819,415283,33.3609,1920,1080,raygs,triangles,1,off,0,on,-4
1781754703049487020,10979.9,824.597,1.21271,1.14659,1.1336,0.030784,0.089056,0.016384,0.187392,0.809984,0.025702,1244819,1244819,415283,33.3609,1920,1080,raygs,triangles,1,off,0,on,-4
1781754703050780327,10981.2,827.012,1.20917,1.14848,1.13629,0.030624,0.089856,0.016384,0.18944,0.809984,0.026735,1244819,1244819,415283,33.3609,1920,1080,raygs,triangles,1,off,0,on,-4
1781754703051986160,10982.4,827.291,1.20877,1.14941,1.13574,0.03056,0.089376,0.016384,0.18944,0.809984,0.040722,1244819,1244819,415283,33.3609,1920,1080,raygs,triangles,1,off,0,on,-4
1781754703053118449,10983.5,826.746,1.20956,1.14733,1.13331,0.030464,0.088992,0.015456,0.188416,0.809984,0.020511,1244819,1244819,415283,33.3609,1920,1080,raygs,triangles,1,off,0,on,-4
1781754703054321617,10984.7,827.399,1.20861,1.14803,1.13578,0.030336,0.089632,0.016384,0.188416,0.811008,0.034434,1244819,1244819,415283,33.3609,1920,1080,raygs,triangles,1,off,0,on,-4
1781754703055470840,10985.9,826.934,1.20929,1.14883,1.13626,0.029952,0.088448,0.016384,0.190464,0.811008,0.019731,1244819,1244819,415283,33.3609,1920,1080,raygs,triangles,1,off,0,on,-4
1781754703056642481,10987,827.197,1.2089,1.14685,1.13395,0.02992,0.08928,0.015712,0.188416,0.810624,0.025426,1244819,1244819,415283,33.3609,1920,1080,raygs,triangles,1,off,0,on,-4
1781754703057811057,10988.2,828.912,1.2064,1.14723,1.13475,0.030432,0.089152,0.015744,0.188416,0.811008,0.025501,1244819,1244819,415283,33.3609,1920,1080,raygs,triangles,1,off,0,on,-4
1781754703059214188,10989.6,828.561,1.20691,1.3697,1.35744,0.030688,0.089088,0.01536,0.411648,0.810656,0.028916,1244819,1244819,415283,33.3609,1920,1080,raygs,triangles,1,off,0,on,-4
1781754703060730830,10991.1,826.056,1.21057,1.28682,1.27366,0.029728,0.089888,0.01536,0.32768,0.811008,0.05146,1244819,1244819,415283,33.3609,1920,1080,raygs,triangles,1,off,0,on,-4
1781754703061839176,10992.2,821.786,1.21686,1.14874,1.13626,0.029856,0.090592,0.016384,0.18944,0.809984,0.037756,1244819,1244819,415283,33.3609,1920,1080,raygs,triangles,1,off,0,on,-4
1781754703063014695,10993.4,822.804,1.21536,1.14701,1.1343,0.030176,0.089216,0.015488,0.188416,0.811008,0.037513,1244819,1244819,415283,33.3609,1920,1080,raygs,triangles,1,off,0,on,-4
1781754703064198413,10994.6,824.041,1.21353,1.14582,1.13274,0.030016,0.089408,0.016384,0.186368,0.81056,0.041264,1244819,1244819,415283,33.3609,1920,1080,raygs,triangles,1,off,0,on,-4
1781754703065366135,10995.8,824.095,1.21345,1.14928,1.1353,0.0304,0.088928,0.01552,0.18944,0.811008,0.036365,1244819,1244819,415283,33.3609,1920,1080,raygs,triangles,1,off,0,on,-4
1781754703066533157,10996.9,825.659,1.21115,1.14605,1.13466,0.030272,0.0896,0.016384,0.187392,0.811008,0.038322,1244819,1244819,415283,33.3609,1920,1080,raygs,triangles,1,off,0,on,-4
1781754703067879025,10998.3,827.428,1.20856,1.14582,1.13373,0.030368,0.088576,0.016384,0.187392,0.811008,0.039941,1244819,1244819,415283,33.3609,1920,1080,raygs,triangles,1,off,0,on,-4
1781754703069003222,10999.4,825.94,1.21074,1.15258,1.13875,0.030656,0.089888,0.01552,0.191808,0.81088,0.03597,1244819,1244819,415283,33.3609,1920,1080,raygs,triangles,1,off,0,on,-4
1781754703070289947,11000.7,826.156,1.21043,1.14624,1.13344,0.02944,0.089248,0.016352,0.188416,0.809984,0.03568,1244819,1244819,415283,33.3609,1920,1080,raygs,triangles,1,off,0,on,-4
1781754703071457803,11001.8,824.893,1.21228,1.14762,1.13565,0.031072,0.08976,0.016224,0.18768,0.810912,0.03531,1244819,1244819,415283,33.3609,1920,1080,raygs,triangles,1,off,0,on,-4
1781754703072735247,11003.1,825.441,1.21147,1.14733,1.13421,0.030112,0.089312,0.016384,0.188416,0.809984,0.037037,1244819,1244819,415283,33.3609,1920,1080,raygs,triangles,1,off,0,on,-4
1781754703073811396,11004.2,824.315,1.21313,1.14739,1.1353,0.029568,0.08992,0.016384,0.18944,0.809984,0.037056,1244819,1244819,415283,33.3609,1920,1080,raygs,triangles,1,off,0,on,-4
1781754703074979470,11005.4,826.445,1.21,1.1504,1.13802,0.030528,0.09008,0.01632,0.190464,0.810624,0.035438,1244819,1244819,415283,33.3609,1920,1080,raygs,triangles,1,off,0,on,-4
1781754703076304958,11006.7,826.514,1.2099,1.14842,1.13424,0.029536,0.089376,0.01616,0.187392,0.811776,0.036102,1244819,1244819,415283,33.3609,1920,1080,raygs,triangles,1,off,0,on,-4
1781754703077647218,11008,824.731,1.21252,1.14867,1.13536,0.030848,0.089536,0.01552,0.188448,0.811008,0.039706,1244819,1244819,415283,33.3609,1920,1080,raygs,triangles,1,off,0,on,-4
1781754703078823308,11009.2,822.885,1.21524,1.15062,1.13834,0.034848,0.089664,0.016288,0.186624,0.810912,0.035171,1244819,1244819,415283,33.3609,1920,1080,raygs,triangles,1,off,0,on,-4
1781754703080007056,11010.4,823.456,1.21439,1.14701,1.13408,0.030304,0.088832,0.01552,0.188416,0.811008,0.035705,1244819,1244819,415283,33.3609,1920,1080,raygs,triangles,1,off,0,on,-4
1781754703081098763,11011.5,822.884,1.21524,1.14938,1.13654,0.029504,0.089184,0.016384,0.190464,0.811008,0.031147,1244819,1244819,415283,33.3609,1920,1080,raygs,triangles,1,off,0,on,-4
1781754703082248959,11012.6,824.129,1.2134,1.17046,1.15645,0.030112,0.088448,0.01536,0.211968,0.81056,0.022666,1244819,1244819,415283,33.3609,1920,1080,raygs,triangles,1,off,0,on,-4
1781754703083414943,11013.8,826.833,1.20943,1.14739,1.13485,0.029536,0.089376,0.016512,0.188416,0.811008,0.020839,1244819,1244819,415283,33.3609,1920,1080,raygs,triangles,1,off,0,on,-4
1781754703084699671,11015.1,828.665,1.20676,1.14675,1.13245,0.029952,0.088736,0.01536,0.188416,0.809984,0.026714,1244819,1244819,415283,33.3609,1920,1080,raygs,triangles,1,off,0,on,-4
1781754703085873732,11016.3,827.436,1.20855,1.14816,1.13613,0.030336,0.089792,0.016384,0.188832,0.810784,0.026861,1244819,1244819,415283,33.3609,1920,1080,raygs,triangles,1,off,0,on,-4
1781754703087040356,11017.4,827.61,1.2083,1.14787,1.13446,0.030016,0.08896,0.01536,0.18944,0.810688,0.024651,1244819,1244819,415283,33.3609,1920,1080,raygs,triangles,1,off,0,on,-4
1781754703088222040,11018.6,827.247,1.20883,1.14851,1.13523,0.030656,0.088768,0.016384,0.18944,0.809984,0.025735,1244819,1244819,415283,33.3609,1920,1080,raygs,triangles,1,off,0,on,-4
1781754703089387076,11019.8,827.318,1.20873,1.14816,1.13674,0.030336,0.089568,0.016384,0.18944,0.811008,0.025072,1244819,1244819,415283,33.3609,1920,1080,raygs,triangles,1,off,0,on,-4
1781754703090565799,11021,827.388,1.20862,1.14842,1.13398,0.029536,0.089216,0.015616,0.188832,0.810784,0.024797,1244819,1244819,415283,33.3609,1920,1080,raygs,triangles,1,off,0,on,-4
1781754703091737558,11022.1,828.566,1.2069,1.14746,1.13434,0.0296,0.08928,0.016384,0.188416,0.810656,0.02564,1244819,1244819,415283,33.3609,1920,1080,raygs,triangles,1,off,0,on,-4
1781754703093081961,11023.5,829.132,1.20608,1.31142,1.29658,0.029728,0.089248,0.01536,0.352256,0.809984,0.025651,1244819,1244819,415283,33.3609,1920,1080,raygs,triangles,1,off,0,on,-4
1781754703094444655,11024.8,827.127,1.209,1.34426,1.3305,0.029792,0.089472,0.016224,0.384,0.811008,0.024566,1244819,1244819,415283,33.3609,1920,1080,raygs,triangles,1,off,0,on,-4
1781754703095618805,11026,824.59,1.21272,1.14918,1.1353,0.030272,0.09024,0.01536,0.18944,0.809984,0.025633,1244819,1244819,415283,33.3609,1920,1080,raygs,triangles,1,off,0,on,-4
1781754703096784425,11027.2,824.435,1.21295,1.14566,1.13363,0.030336,0.088512,0.016384,0.187392,0.811008,0.025429,1244819,1244819,415283,33.3609,1920,1080,raygs,triangles,1,off,0,on,-4
1781754703097954547,11028.3,824.69,1.21258,1.14851,1.13584,0.029664,0.089344,0.016384,0.18944,0.811008,0.024235,1244819,1244819,415283,33.3609,1920,1080,raygs,triangles,1,off,0,on,-4
1781754703099191967,11029.6,824.65,1.21264,1.14803,1.13437,0.030816,0.089312,0.016384,0.187872,0.809984,0.040224,1244819,1244819,415283,33.3609,1920,1080,raygs,triangles,1,off,0,on,-4
1781754703100312740,11030.7,826.652,1.2097,1.14701,1.13501,0.030272,0.089856,0.016384,0.187648,0.810848,0.015615,1244819,1244819,415283,33.3609,1920,1080,raygs,triangles,1,off,0,on,-4
1781754703101601579,11032,828.69,1.20672,1.14963,1.13565,0.030464,0.089184,0.015552,0.190464,0.809984,0.02587,1244819,1244819,415283,33.3609,1920,1080,raygs,triangles,1,off,0,on,-4
1781754703102771279,11033.2,827.464,1.20851,1.14922,1.13558,0.03136,0.08944,0.01536,0.18944,0.809984,0.025805,1244819,1244819,415283,33.3609,1920,1080,raygs,triangles,1,off,0,on,-4
1781754703103950155,11034.3,827.863,1.20793,1.14912,1.13664,0.03024,0.088992,0.016384,0.190464,0.81056,0.025412,1244819,1244819,415283,33.3609,1920,1080,raygs,triangles,1,off,0,on,-4
1781754703105120180,11035.5,827.323,1.20872,1.14742,1.13574,0.0296,0.08928,0.016384,0.189472,0.811008,0.024983,1244819,1244819,415283,33.3609,1920,1080,raygs,triangles,1,off,0,on,-4
1781754703106292531,11036.7,827.423,1.20857,1.14733,1.13504,0.030496,0.08976,0.016384,0.188416,0.809984,0.024846,1244819,1244819,415283,33.3609,1920,1080,raygs,triangles,1,off,0,on,-4
1781754703107463640,11037.9,827.426,1.20857,1.1463,1.13405,0.030496,0.089792,0.016384,0.187392,0.809984,0.024966,1244819,1244819,415283,33.3609,1920,1080,raygs,triangles,1,off,0,on,-4
1781754703108643353,11039,828.833,1.20652,1.14832,1.13488,0.030496,0.0896,0.01536,0.188416,0.811008,0.025321,1244819,1244819,415283,33.3609,1920,1080,raygs,triangles,1,off,0,on,-4
1781754703109980331,11040.4,829.121,1.2061,1.31635,1.30464,0.029536,0.089312,0.016384,0.358528,0.81088,0.024683,1244819,1244819,415283,33.3609,1920,1080,raygs,triangles,1,off,0,on,-4
1781754703111346391,11041.7,827.721,1.20814,1.3385,1.32717,0.030208,0.089696,0.016384,0.379904,0.810976,0.024871,1244819,1244819,415283,33.3609,1920,1080,raygs,triangles,1,off,0,on,-4
1781754703112523730,11042.9,824.337,1.2131,1.14794,1.1352,0.03008,0.090336,0.016384,0.188416,0.809984,0.024376,1244819,1244819,415283,33.3609,1920,1080,raygs,triangles,1,off,0,on,-4
1781754703113689130,11044.1,824.355,1.21307,1.14589,1.13168,0.03024,0.088704,0.01536,0.187392,0.809984,0.023956,1244819,1244819,415283,33.3609,1920,1080,raygs,triangles,1,off,0,on,-4
1781754703114855737,11045.2,824.414,1.21298,1.14499,1.13181,0.030208,0.089184,0.01536,0.186368,0.810688,0.024022,1244819,1244819,415283,33.3609,1920,1080,raygs,triangles,1,off,0,on,-4
1781754703116032336,11046.4,824.497,1.21286,1.14771,1.13549,0.029856,0.089824,0.016384,0.18944,0.809984,0.024333,1244819,1244819,415283,33.3609,1920,1080,raygs,triangles,1,off,0,on,-4
1781754703117324383,11047.7,827.061,1.2091,1.14723,1.13459,0.0304,0.089408,0.016384,0.188416,0.809984,0.023891,1244819,1244819,415283,33.3609,1920,1080,raygs,triangles,1,off,0,on,-4
1781754703118494219,11048.9,827.246,1.20883,1.1473,1.13494,0.03056,0.088832,0.016128,0.188416,0.811008,0.025036,1244819,1244819,415283,33.3609,1920,1080,raygs,triangles,1,off,0,on,-4
1781754703119666133,11050.1,827.424,1.20857,1.14714,1.13466,0.030272,0.0896,0.016384,0.188416,0.809984,0.02502,1244819,1244819,415283,33.3609,1920,1080,raygs,triangles,1,off,0,on,-4
1781754703120839279,11051.2,827.37,1.20865,1.14749,1.13469,0.029632,0.089248,0.016384,0.18944,0.809984,0.025111,1244819,1244819,415283,33.3609,1920,1080,raygs,triangles,1,off,0,on,-4
1781754703122017103,11052.4,827.458,1.20852,1.14803,1.13693,0.030464,0.089632,0.016384,0.18944,0.811008,0.023874,1244819,1244819,415283,33.3609,1920,1080,raygs,triangles,1,off,0,on,-4
1781754703123184481,11053.6,827.287,1.20877,1.14685,1.1335,0.030048,0.088672,0.01536,0.188416,0.811008,0.023713,1244819,1244819,415283,33.3609,1920,1080,raygs,triangles,1,off,0,on,-4
1781754703124358117,11054.7,828.697,1.20671,1.14819,1.13654,0.030336,0.089792,0.016384,0.18944,0.810592,0.024024,1244819,1244819,415283,33.3609,1920,1080,raygs,triangles,1,off,0,on,-4
1781754703125527256,11055.9,829.053,1.2062,1.14701,1.13434,0.030176,0.089312,0.015424,0.188416,0.811008,0.023539,1244819,1244819,415283,33.3609,1920,1080,raygs,triangles,1,off,0,on,-4
1781754703126875334,11057.3,828.72,1.20668,1.31382,1.30102,0.030112,0.088832,0.015744,0.355328,0.811008,0.023496,1244819,1244819,415283,33.3609,1920,1080,raygs,triangles,1,off,0,on,-4
1781754703128216820,11058.6,827.027,1.20915,1.32291,1.31011,0.029952,0.263712,0.01536,0.190464,0.810624,0.02707,1244819,1244819,415283,33.3609,1920,1080,raygs,triangles,1,off,0,on,-4
1781754703129385632,11059.8,824.842,1.21235,1.14554,1.13216,0.029728,0.089696,0.016384,0.186368,0.809984,0.0239,1244819,1244819,415283,33.3609,1920,1080,raygs,triangles,1,off,0,on,-4
1781754703130563711,11061,824.863,1.21232,1.14739,1.13446,0.030048,0.089632,0.016384,0.188416,0.809984,0.025883,1244819,1244819,415283,33.3609,1920,1080,raygs,triangles,1,off,0,on,-4
1781754703131765562,11062.2,824.758,1.21248,1.14912,1.13722,0.030304,0.089952,0.016384,0.1896,0.810976,0.035101,1244819,1244819,415283,33.3609,1920,1080,raygs,triangles,1,off,0,on,-4
1781754703132936944,11063.3,827.003,1.20919,1.14688,1.13424,0.030048,0.089632,0.01632,0.187392,0.810848,0.026488,1244819,1244819,415283,33.3609,1920,1080,raygs,triangles,1,off,0,on,-4
1781754703134274100,11064.7,831.365,1.20284,1.14685,1.13482,0.030016,0.088992,0.016384,0.188416,0.811008,0.03416,1244819,1244819,415283,33.3609,1920,1080,raygs,triangles,1,off,0,on,-4
1781754703135393698,11065.8,828.455,1.20707,1.1489,1.136,0.03104,0.08896,0.01536,0.189728,0.810912,0.017516,1244819,1244819,415283,33.3609,1920,1080,raygs,triangles,1,off,0,on,-4
1781754703136579313,11067,829.301,1.20583,1.14694,1.13446,0.030112,0.089632,0.016352,0.187392,0.810976,0.033386,1244819,1244819,415283,33.3609,1920,1080,raygs,triangles,1,off,0,on,-4
1781754703137744095,11068.1,829.296,1.20584,1.14528,1.1351,0.030496,0.089152,0.016384,0.188416,0.810656,0.028092,1244819,1244819,415283,33.3609,1920,1080,raygs,triangles,1,off,0,on,-4
1781754703138942673,11069.3,829.305,1.20583,1.14771,1.13536,0.030272,0.089376,0.016384,0.188416,0.810912,0.033082,1244819,1244819,415283,33.3609,1920,1080,raygs,triangles,1,off,0,on,-4
1781754703140069656,11070.5,829.048,1.2062,1.14678,1.13341,0.029984,0.08864,0.01536,0.188416,0.811008,0.015905,1244819,1244819,415283,33.3609,1920,1080,raygs,triangles,1,off,0,on,-4
1781754703141263556,11071.7,831.552,1.20257,1.14832,1.13542,0.02944,0.089152,0.016384,0.190464,0.809984,0.032799,1244819,1244819,415283,33.3609,1920,1080,raygs,triangles,1,off,0,on,-4
1781754703142608647,11073,830.727,1.20376,1.3185,1.30646,0.029664,0.089312,0.016384,0.360448,0.810656,0.029069,1244819,1244819,415283,33.3609,1920,1080,raygs,triangles,1,off,0,on,-4
1781754703143994264,11074.4,829.963,1.20487,1.32218,1.30864,0.030496,0.08928,0.01536,0.36352,0.809984,0.036302,1244819,1244819,415283,33.3609,1920,1080,raygs,triangles,1,off,0,on,-4
1781754703145115542,11075.5,827.388,1.20862,1.14842,1.1361,0.03008,0.091264,0.016384,0.187392,0.810976,0.016367,1244819,1244819,415283,33.3609,1920,1080,raygs,triangles,1,off,0,on,-4
1781754703146326223,11076.7,829.375,1.20573,1.14538,1.13264,0.030464,0.089472,0.01536,0.186368,0.810976,0.038666,1244819,1244819,415283,33.3609,1920,1080,raygs,triangles,1,off,0,on,-4
1781754703147474932,11077.9,827.682,1.20819,1.14672,1.13238,0.02992,0.088608,0.01536,0.187584,0.810912,0.022133,1244819,1244819,415283,33.3609,1920,1080,raygs,triangles,1,off,0,on,-4
1781754703148620258,11079,827.949,1.2078,1.14685,1.13533,0.030112,0.08976,0.016384,0.188416,0.810656,0.020005,1244819,1244819,415283,33.3609,1920,1080,raygs,triangles,1,off,0,on,-4
1781754703149809845,11080.2,830.069,1.20472,1.14835,1.13533,0.030528,0.088992,0.01536,0.18944,0.811008,0.02618,1244819,1244819,415283,33.3609,1920,1080,raygs,triangles,1,off,0,on,-4
1781754703151139354,11081.5,831.797,1.20222,1.14685,1.13427,0.03024,0.09008,0.015392,0.187808,0.810752,0.039414,1244819,1244819,415283,33.3609,1920,1080,raygs,triangles,1,off,0,on,-4
1781754703152268657,11082.7,829.961,1.20488,1.14918,1.13574,0.030336,0.089408,0.016384,0.188896,0.81072,0.015855,1244819,1244819,415283,33.3609,1920,1080,raygs,triangles,1,off,0,on,-4
1781754703153569110,11084,830.645,1.20388,1.14912,1.13594,0.03056,0.089792,0.016384,0.188416,0.810784,0.026307,1244819,1244819,415283,33.3609,1920,1080,raygs,triangles,1,off,0,on,-4
1781754703154730409,11085.1,828.104,1.20758,1.14746,1.13507,0.030688,0.08928,0.01568,0.188416,0.811008,0.024207,1244819,1244819,415283,33.3609,1920,1080,raygs,triangles,1,off,0,on,-4
1781754703155915684,11086.3,827.81,1.20801,1.14794,1.13398,0.030144,0.088864,0.01536,0.188832,0.810784,0.02606,1244819,1244819,415283,33.3609,1920,1080,raygs,triangles,1,off,0,on,-4
1781754703157079651,11087.5,827.588,1.20833,1.14685,1.13638,0.030368,0.0896,0.016384,0.18944,0.810592,0.024411,1244819,1244819,415283,33.3609,1920,1080,raygs,triangles,1,off,0,on,-4
1781754703158265591,11088.7,828.998,1.20628,1.14768,1.13424,0.029856,0.0896,0.016384,0.188416,0.809984,0.024975,1244819,1244819,415283,33.3609,1920,1080,raygs,triangles,1,off,0,on,-4
1781754703159668954,11090.1,828.787,1.20658,1.1481,1.13571,0.030272,0.089632,0.016384,0.188416,0.811008,0.040663,1244819,1244819,415283,33.3609,1920,1080,raygs,triangles,1,off,0,on,-4
1781754703160939507,11091.3,825.999,1.21066,1.14922,1.13706,0.03136,0.089888,0.016384,0.18944,0.809984,0.024195,1244819,1244819,415283,33.3609,1920,1080,raygs,triangles,1,off,0,on,-4
1781754703162168812,11092.6,825.114,1.21195,1.15283,1.13885,0.03552,0.089472,0.01536,0.187712,0.810784,0.031231,1244819,1244819,415283,33.3609,1920,1080,raygs,triangles,1,off,0,on,-4
1781754703163320968,11093.7,824.216,1.21327,1.14774,1.13469,0.030176,0.089888,0.01536,0.188416,0.810848,0.026783,1244819,1244819,415283,33.3609,1920,1080,raygs,triangles,1,off,0,on,-4
1781754703164490095,11094.9,824.724,1.21253,1.14848,1.13648,0.030656,0.089184,0.016192,0.18944,0.811008,0.027089,1244819,1244819,415283,33.3609,1920,1080,raygs,triangles,1,off,0,on,-4
1781754703165677255,11096.1,824.707,1.21255,1.16899,1.15613,0.029632,0.089152,0.016384,0.210272,0.810688,0.025432,1244819,1244819,415283,33.3609,1920,1080,raygs,triangles,1,off,0,on,-4
1781754703166848319,11097.2,826.529,1.20988,1.14717,1.13475,0.030336,0.089632,0.016384,0.188416,0.809984,0.024067,1244819,1244819,415283,33.3609,1920,1080,raygs,triangles,1,off,0,on,-4
1781754703168146449,11098.5,828.635,1.2068,1.14883,1.13485,0.029952,0.089376,0.016384,0.188416,0.81072,0.025422,1244819,1244819,415283,33.3609,1920,1080,raygs,triangles,1,off,0,on,-4
1781754703169426537,11099.8,827.215,1.20888,1.14794,1.13526,0.031136,0.08944,0.01536,0.188416,0.810912,0.029488,1244819,1244819,415283,33.3609,1920,1080,raygs,triangles,1,off,0,on,-4
1781754703170590238,11101,825.864,1.21085,1.14832,1.13715,0.030496,0.089696,0.016384,0.189568,0.811008,0.028194,1244819,1244819,415283,33.3609,1920,1080,raygs,triangles,1,off,0,on,-4
1781754703171755086,11102.1,825.98,1.21068,1.14819,1.13702,0.030336,0.089856,0.016384,0.18944,0.811008,0.029127,1244819,1244819,415283,33.3609,1920,1080,raygs,triangles,1,off,0,on,-4
1781754703172914796,11103.3,826.967,1.20924,1.14739,1.13472,0.029536,0.089376,0.016384,0.188416,0.811008,0.02694,1244819,1244819,415283,33.3609,1920,1080,raygs,triangles,1,off,0,on,-4
1781754703174091755,11104.5,826.424,1.21003,1.14858,1.13507,0.030752,0.089376,0.01536,0.188576,0.811008,0.026875,1244819,1244819,415283,33.3609,1920,1080,raygs,triangles,1,off,0,on,-4
1781754703175259605,11105.7,827.699,1.20817,1.14803,1.13648,0.030176,0.089472,0.016384,0.18944,0.811008,0.029939,1244819,1244819,415283,33.3609,1920,1080,raygs,triangles,1,off,0,on,-4
1781754703176636401,11107,827.706,1.20816,1.39027,1.37747,0.029728,0.089408,0.016384,0.431104,0.810848,0.02786,1244819,1244819,415283,33.3609,1920,1080,raygs,triangles,1,off,0,on,-4
1781754703177984651,11108.4,825.476,1.21142,1.28768,1.27392,0.029536,0.089312,0.01536,0.328704,0.811008,0.025284,1244819,1244819,415283,33.3609,1920,1080,raygs,triangles,1,off,0,on,-4
1781754703179152001,11109.5,823.454,1.2144,1.14746,1.13446,0.030304,0.08928,0.01536,0.188736,0.810784,0.029008,1244819,1244819,415283,33.3609,1920,1080,raygs,triangles,1,off,0,on,-4
1781754703180318995,11110.7,823.507,1.21432,1.14691,1.1336,0.030112,0.08976,0.016352,0.187392,0.809984,0.026722,1244819,1244819,415283,33.3609,1920,1080,raygs,triangles,1,off,0,on,-4
1781754703181449662,11111.8,823.576,1.21422,1.14816,1.13402,0.030336,0.088896,0.01536,0.18944,0.809984,0.040486,1244819,1244819,415283,33.3609,1920,1080,raygs,triangles,1,off,0,on,-4
1781754703182653595,11113,824.092,1.21346,1.14707,1.13424,0.030496,0.089984,0.01536,0.188416,0.809984,0.025945,1244819,1244819,415283,33.3609,1920,1080,raygs,triangles,1,off,0,on,-4
1781754703183839437,11114.2,825.609,1.21123,1.14794,1.13613,0.03008,0.08976,0.016256,0.18944,0.810592,0.025573,1244819,1244819,415283,33.3609,1920,1080,raygs,triangles,1,off,0,on,-4
1781754703185125119,11115.5,827.672,1.20821,1.14912,1.13594,0.03024,0.089792,0.01536,0.189568,0.810976,0.02612,1244819,1244819,415283,33.3609,1920,1080,raygs,triangles,1,off,0,on,-4
1781754703186295403,11116.7,826.429,1.21002,1.14851,1.1368,0.030656,0.089312,0.016384,0.18944,0.811008,0.026489,1244819,1244819,415283,33.3609,1920,1080,raygs,triangles,1,off,0,on,-4
1781754703187440688,11117.8,826.352,1.21014,1.14614,1.13571,0.029952,0.089312,0.016384,0.18944,0.810624,0.025255,1244819,1244819,415283,33.3609,1920,1080,raygs,triangles,1,off,0,on,-4
1781754703188628064,11119,826.606,1.20977,1.14669,1.13434,0.029856,0.089696,0.016384,0.188416,0.809984,0.030872,1244819,1244819,415283,33.3609,1920,1080,raygs,triangles,1,off,0,on,-4
1781754703189822149,11120.2,826.452,1.20999,1.14662,1.1353,0.029792,0.089632,0.016384,0.188608,0.81088,0.026359,1244819,1244819,415283,33.3609,1920,1080,raygs,triangles,1,off,0,on,-4
1781754703190994086,11121.4,827.594,1.20832,1.14765,1.13459,0.029984,0.088768,0.015744,0.18944,0.810656,0.025389,1244819,1244819,415283,33.3609,1920,1080,raygs,triangles,1,off,0,on,-4
1781754703192164450,11122.6,827.574,1.20835,1.14698,1.13293,0.030176,0.088992,0.01536,0.188416,0.809984,0.025033,1244819,1244819,415283,33.3609,1920,1080,raygs,triangles,1,off,0,on,-4
1781754703193483708,11123.9,827.607,1.2083,1.38163,1.3704,0.030432,0.089824,0.016384,0.421888,0.811872,0.015427,1244819,1244819,415283,33.3609,1920,1080,raygs,triangles,1,off,0,on,-4
1781754703194849732,11125.2,825.708,1.21108,1.28762,1.27558,0.030496,0.089184,0.016192,0.328704,0.811008,0.065091,1244819,1244819,415283,33.3609,1920,1080,raygs,triangles,1,off,0,on,-4
1781754703195966540,11126.4,823.792,1.2139,1.1489,1.13606,0.030048,0.091584,0.016384,0.187392,0.810656,0.016548,1244819,1244819,415283,33.3609,1920,1080,raygs,triangles,1,off,0,on,-4
1781754703197181462,11127.6,824.066,1.21349,1.14803,1.13478,0.030176,0.089824,0.016256,0.187584,0.810944,0.060792,1244819,1244819,415283,33.3609,1920,1080,raygs,triangles,1,off,0,on,-4
1781754703198345259,11128.7,823.906,1.21373,1.14621,1.13366,0.030272,0.089312,0.01568,0.187392,0.811008,0.040564,1244819,1244819,415283,33.3609,1920,1080,raygs,triangles,1,off,0,on,-4
1781754703199519824,11129.9,823.93,1.2137,1.1473,1.13338,0.029472,0.08976,0.015584,0.187744,0.810816,0.044088,1244819,1244819,415283,33.3609,1920,1080,raygs,triangles,1,off,0,on,-4
1781754703200782919,11131.2,825.908,1.21079,1.14685,1.13408,0.030048,0.089248,0.01536,0.18944,0.809984,0.024271,1244819,1244819,415283,33.3609,1920,1080,raygs,triangles,1,off,0,on,-4
1781754703201975535,11132.4,826.482,1.20995,1.14915,1.1361,0.030272,0.090272,0.016384,0.188416,0.810752,0.040636,1244819,1244819,415283,33.3609,1920,1080,raygs,triangles,1,off,0,on,-4
1781754703203166206,11133.6,826.547,1.20985,1.14826,1.13555,0.030432,0.089696,0.016384,0.188416,0.810624,0.045703,1244819,1244819,415283,33.3609,1920,1080,raygs,triangles,1,off,0,on,-4
1781754703204353430,11134.7,826.306,1.2102,1.14819,1.13456,0.030304,0.089824,0.016384,0.187392,0.810656,0.026409,1244819,1244819,415283,33.3609,1920,1080,raygs,triangles,1,off,0,on,-4
1781754703205511587,11135.9,826.575,1.20981,1.14659,1.13494,0.02976,0.089376,0.016384,0.188416,0.811008,0.051652,1244819,1244819,415283,33.3609,1920,1080,raygs,triangles,1,off,0,on,-4
1781754703206650260,11137,826.735,1.20958,1.14858,1.13389,0.029728,0.089184,0.015552,0.18944,0.809984,0.019508,1244819,1244819,415283,33.3609,1920,1080,raygs,triangles,1,off,0,on,-4
1781754703207876938,11138.3,828.979,1.2063,1.14678,1.13344,0.029952,0.088608,0.016384,0.187488,0.811008,0.058817,1244819,1244819,415283,33.3609,1920,1080,raygs,triangles,1,off,0,on,-4
1781754703209029033,11139.4,827.766,1.20807,1.14922,1.13683,0.030336,0.089632,0.015744,0.190464,0.810656,0.051988,1244819,1244819,415283,33.3609,1920,1080,raygs,triangles,1,off,0,on,-4
1781754703210445613,11140.8,828.155,1.2075,1.36717,1.35466,0.030176,0.089536,0.016384,0.408576,0.809984,0.030904,1244819,1244819,415283,33.3609,1920,1080,raygs,triangles,1,off,0,on,-4
1781754703211680595,11142.1,825.248,1.21176,1.27312,1.26006,0.030336,0.21392,0.01536,0.190464,0.809984,0.018099,1244819,1244819,415283,33.3609,1920,1080,raygs,triangles,1,off,0,on,-4
1781754703212906925,11143.3,824.761,1.21247,1.14787,1.13466,0.0304,0.089536,0.016288,0.187424,0.811008,0.067759,1244819,1244819,415283,33.3609,1920,1080,raygs,triangles,1,off,0,on,-4
1781754703214033120,11144.4,823.738,1.21398,1.14803,1.13558,0.030176,0.088864,0.016384,0.18944,0.81072,0.016351,1244819,1244819,415283,33.3609,1920,1080,raygs,triangles,1,off,0,on,-4
1781754703215241485,11145.6,823.974,1.21363,1.14541,1.13347,0.029632,0.089312,0.016384,0.187392,0.810752,0.058538,1244819,1244819,415283,33.3609,1920,1080,raygs,triangles,1,off,0,on,-4
1781754703216407303,11146.8,825.971,1.2107,1.14835,1.13568,0.030176,0.089696,0.01536,0.18944,0.811008,0.037637,1244819,1244819,415283,33.3609,1920,1080,raygs,triangles,1,off,0,on,-4
1781754703217694474,11148.1,828.644,1.20679,1.14832,1.13565,0.030464,0.089376,0.01536,0.18944,0.811008,0.040479,1244819,1244819,415283,33.3609,1920,1080,raygs,triangles,1,off,0,on,-4
1781754703218899139,11149.3,826.688,1.20965,1.14938,1.13741,0.03152,0.089344,0.016384,0.18944,0.81072,0.050882,1244819,1244819,415283,33.3609,1920,1080,raygs,triangles,1,off,0,on,-4
1781754703220055449,11150.4,826.739,1.20957,1.1481,1.1351,0.03024,0.089056,0.016384,0.188416,0.811008,0.05221,1244819,1244819,415283,33.3609,1920,1080,raygs,triangles,1,off,0,on,-4
1781754703221236046,11151.6,826.664,1.20968,1.14723,1.13411,0.030048,0.08928,0.01536,0.188416,0.811008,0.053646,1244819,1244819,415283,33.3609,1920,1080,raygs,triangles,1,off,0,on,-4
1781754703222417512,11152.8,826.151,1.21043,1.14723,1.13491,0.029408,0.089696,0.016384,0.188416,0.811008,0.031023,1244819,1244819,415283,33.3609,1920,1080,raygs,triangles,1,off,0,on,-4
1781754703223559660,11154,826.279,1.21025,1.14842,1.13658,0.030592,0.090176,0.016384,0.18944,0.809984,0.034951,1244819,1244819,415283,33.3609,1920,1080,raygs,triangles,1,off,0,on,-4
1781754703224702570,11155.1,828.524,1.20697,1.15037,1.13776,0.030464,0.08944,0.016384,0.191488,0.809984,0.020281,1244819,1244819,415283,33.3609,1920,1080,raygs,triangles,1,off,0,on,-4
1781754703226084831,11156.5,828.205,1.20743,1.34378,1.33146,0.030016,0.089248,0.01616,0.385024,0.811008,0.028484,1244819,1244819,415283,33.3609,1920,1080,raygs,triangles,1,off,0,on,-4
1781754703227458907,11157.9,827.044,1.20912,1.28746,1.27376,0.030176,0.08928,0.015488,0.328128,0.810688,0.059212,1244819,1244819,415283,33.3609,1920,1080,raygs,triangles,1,off,0,on,-4
1781754703228572944,11159,824.959,1.21218,1.15014,1.13702,0.030272,0.090144,0.015552,0.18944,0.811616,0.015463,1244819,1244819,415283,33.3609,1920,1080,raygs,triangles,1,off,0,on,-4
1781754703229784984,11160.2,825.616,1.21122,1.14762,1.13408,0.029792,0.089504,0.01536,0.188416,0.811008,0.053733,1244819,1244819,415283,33.3609,1920,1080,raygs,triangles,1,off,0,on,-4
1781754703230975072,11161.4,825.2,1.21183,1.14662,1.13376,0.030272,0.089728,0.016384,0.187392,0.809984,0.027053,1244819,1244819,415283,33.3609,1920,1080,raygs,triangles,1,off,0,on,-4
1781754703232082717,11162.5,825.231,1.21178,1.14816,1.13622,0.030336,0.089632,0.016128,0.18944,0.810688,0.016255,1244819,1244819,415283,33.3609,1920,1080,raygs,triangles,1,off,0,on,-4
1781754703233288434,11163.7,828.484,1.20702,1.14717,1.1352,0.030304,0.089952,0.016384,0.186752,0.811808,0.04694,1244819,1244819,415283,33.3609,1920,1080,raygs,triangles,1,off,0,on,-4
1781754703234550838,11164.9,829.299,1.20584,1.14685,1.13443,0.030016,0.089632,0.016384,0.187392,0.811008,0.020184,1244819,1244819,415283,33.3609,1920,1080,raygs,triangles,1,off,0,on,-4
1781754703235728109,11166.1,828.943,1.20636,1.14934,1.13491,0.030496,0.089632,0.01536,0.18944,0.809984,0.025433,1244819,1244819,415283,33.3609,1920,1080,raygs,triangles,1,off,0,on,-4
1781754703236930570,11167.3,828.513,1.20698,1.14819,1.13504,0.030368,0.089024,0.016224,0.18944,0.809984,0.053032,1244819,1244819,415283,33.3609,1920,1080,raygs,triangles,1,off,0,on,-4
1781754703238115662,11168.5,828.239,1.20738,1.14669,1.13411,0.029856,0.089568,0.016384,0.187392,0.810912,0.044363,1244819,1244819,415283,33.3609,1920,1080,raygs,triangles,1,off,0,on,-4
1781754703239271620,11169.7,828.283,1.20732,1.14787,1.13475,0.030112,0.089856,0.016384,0.188416,0.809984,0.035181,1244819,1244819,415283,33.3609,1920,1080,raygs,triangles,1,off,0,on,-4
1781754703240427013,11170.8,828.507,1.20699,1.14954,1.13757,0.029632,0.089472,0.016384,0.190464,0.811616,0.020467,1244819,1244819,415283,33.3609,1920,1080,raygs,triangles,1,off,0,on,-4
1781754703241618863,11172,830.001,1.20482,1.14678,1.13434,0.029984,0.088768,0.01616,0.188416,0.811008,0.046798,1244819,1244819,415283,33.3609,1920,1080,raygs,triangles,1,off,0,on,-4
1781754703242958719,11173.4,831.143,1.20316,1.34291,1.32938,0.029376,0.089632,0.016384,0.382976,0.811008,0.021472,1244819,1244819,415283,33.3609,1920,1080,raygs,triangles,1,off,0,on,-4
1781754703244359697,11174.8,828.891,1.20643,1.28822,1.27475,0.03008,0.088896,0.016384,0.328704,0.810688,0.043762,1244819,1244819,415283,33.3609,1920,1080,raygs,triangles,1,off,0,on,-4
1781754703245448518,11175.8,826.336,1.21016,1.14918,1.13709,0.030528,0.090816,0.016384,0.188416,0.810944,0.017618,1244819,1244819,415283,33.3609,1920,1080,raygs,triangles,1,off,0,on,-4
1781754703246803454,11177.2,827.07,1.20909,1.14883,1.13472,0.02992,0.08928,0.016096,0.18944,0.809984,0.062533,1244819,1244819,415283,33.3609,1920,1080,raygs,triangles,1,off,0,on,-4
1781754703247986167,11178.4,825.182,1.21185,1.14966,1.1376,0.031808,0.089984,0.016384,0.188416,0.811008,0.059978,1244819,1244819,415283,33.3609,1920,1080,raygs,triangles,1,off,0,on,-4
1781754703249164037,11179.6,825.007,1.21211,1.15696,1.1448,0.029888,0.089728,0.016384,0.19808,0.81072,0.049149,1244819,1244819,415283,33.3609,1920,1080,raygs,triangles,1,off,0,on,-4
1781754703250338296,11180.7,827.178,1.20893,1.14698,1.13494,0.03024,0.089824,0.016384,0.187488,0.811008,0.042939,1244819,1244819,415283,33.3609,1920,1080,raygs,triangles,1,off,0,on,-4
1781754703251575361,11182,829.234,1.20593,1.14669,1.13414,0.029888,0.089472,0.016384,0.188416,0.809984,0.016346,1244819,1244819,415283,33.3609,1920,1080,raygs,triangles,1,off,0,on,-4
1781754703252749564,11183.1,828.335,1.20724,1.14816,1.13536,0.030848,0.089696,0.016416,0.188416,0.809984,0.026558,1244819,1244819,415283,33.3609,1920,1080,raygs,triangles,1,off,0,on,-4
1781754703253964967,11184.4,828.228,1.2074,1.14816,1.1361,0.030016,0.089248,0.016384,0.18944,0.811008,0.062052,1244819,1244819,415283,33.3609,1920,1080,raygs,triangles,1,off,0,on,-4
1781754703255145175,11185.5,827.411,1.20859,1.14739,1.13453,0.03056,0.08912,0.01536,0.18784,0.811648,0.049793,1244819,1244819,415283,33.3609,1920,1080,raygs,triangles,1,off,0,on,-4
1781754703256279281,11186.7,827.656,1.20823,1.14723,1.13491,0.030432,0.089696,0.016384,0.188416,0.809984,0.015156,1244819,1244819,415283,33.3609,1920,1080,raygs,triangles,1,off,0,on,-4
1781754703257493315,11187.9,828.109,1.20757,1.14778,1.13613,0.029952,0.089792,0.016384,0.18944,0.81056,0.059716,1244819,1244819,415283,33.3609,1920,1080,raygs,triangles,1,off,0,on,-4
1781754703258617434,11189,828.997,1.20628,1.14765,1.13485,0.029792,0.089664,0.016288,0.188416,0.810688,0.015868,1244819,1244819,415283,33.3609,1920,1080,raygs,triangles,1,off,0,on,-4
1781754703260010384,11190.4,829.463,1.2056,1.36899,1.35686,0.029952,0.08976,0.016384,0.410784,0.809984,0.027257,1244819,1244819,415283,33.3609,1920,1080,raygs,triangles,1,off,0,on,-4
1781754703261356359,11191.7,826.448,1.21,1.28675,1.27552,0.03024,0.089184,0.016384,0.328704,0.811008,0.061702,1244819,1244819,415283,33.3609,1920,1080,raygs,triangles,1,off,0,on,-4
1781754703262540404,11192.9,825.062,1.21203,1.14813,1.1351,0.03024,0.09008,0.016384,0.188416,0.809984,0.0628,1244819,1244819,415283,33.3609,1920,1080,raygs,triangles,1,off,0,on,-4
1781754703263855010,11194.2,825.089,1.21199,1.14611,1.13491,0.030304,0.089824,0.016384,0.187392,0.811008,0.058704,1244819,1244819,415283,33.3609,1920,1080,raygs,triangles,1,off,0,on,-4
1781754703264963011,11195.4,823.45,1.2144,1.14842,1.13347,0.03056,0.089504,0.01536,0.187392,0.810656,0.015066,1244819,1244819,415283,33.3609,1920,1080,raygs,triangles,1,off,0,on,-4
1781754703266166131,11196.6,823.898,1.21374,1.14685,1.1337,0.030048,0.088704,0.01552,0.18944,0.809984,0.050422,1244819,1244819,415283,33.3609,1920,1080,raygs,triangles,1,off,0,on,-4
1781754703267517018,11197.9,825.668,1.21114,1.1472,1.13562,0.030336,0.089792,0.016384,0.188416,0.810688,0.031084,1244819,1244819,415283,33.3609,1920,1080,raygs,triangles,1,off,0,on,-4
1781754703268592622,11199,825.646,1.21117,1.14803,1.13549,0.0312,0.089504,0.01536,0.188416,0.811008,0.016181,1244819,1244819,415283,33.3609,1920,1080,raygs,triangles,1,off,0,on,-4
1781754703269775115,11200.2,826.338,1.21016,1.14832,1.13574,0.030496,0.08944,0.016384,0.18944,0.809984,0.027097,1244819,1244819,415283,33.3609,1920,1080,raygs,triangles,1,off,0,on,-4
1781754703271023308,11201.4,826.31,1.2102,1.14701,1.13488,0.03088,0.09024,0.016384,0.187552,0.809824,0.072503,1244819,1244819,415283,33.3609,1920,1080,raygs,triangles,1,off,0,on,-4
1781754703272118855,11202.5,825.54,1.21133,1.14723,1.1336,0.0304,0.089344,0.015456,0.188416,0.809984,0.016451,1244819,1244819,415283,33.3609,1920,1080,raygs,triangles,1,off,0,on,-4
1781754703273334224,11203.7,826.264,1.21027,1.14906,1.13514,0.030304,0.088832,0.01536,0.189632,0.811008,0.052042,1244819,1244819,415283,33.3609,1920,1080,raygs,triangles,1,off,0,on,-4
1781754703274463503,11204.9,827.337,1.2087,1.1481,1.13504,0.030272,0.089504,0.015712,0.1888,0.810752,0.015128,1244819,1244819,415283,33.3609,1920,1080,raygs,triangles,1,off,0,on,-4
1781754703275640361,11206,827.559,1.20837,1.1488,1.13763,0.029984,0.089632,0.016384,0.189888,0.811744,0.026634,1244819,1244819,415283,33.3609,1920,1080,raygs,triangles,1,off,0,on,-4
1781754703277080133,11207.5,827.84,1.20796,1.37638,1.36208,0.030112,0.0888,0.015392,0.417792,0.809984,0.050136,1244819,1244819,415283,33.3609,1920,1080,raygs,triangles,1,off,0,on,-4
1781754703278343461,11208.7,825.022,1.21209,1.2753,1.26253,0.030496,0.21616,0.015424,0.18944,0.811008,0.015628,1244819,1244819,415283,33.3609,1920,1080,raygs,triangles,1,off,0,on,-4
1781754703279516370,11209.9,823.691,1.21405,1.1481,1.13488,0.030272,0.089408,0.015584,0.188608,0.811008,0.029524,1244819,1244819,415283,33.3609,1920,1080,raygs,triangles,1,off,0,on,-4
1781754703280730979,11211.1,823.495,1.21434,1.14602,1.1319,0.030336,0.088864,0.01536,0.187392,0.809952,0.062936,1244819,1244819,415283,33.3609,1920,1080,raygs,triangles,1,off,0,on,-4
1781754703281863719,11212.3,823.601,1.21418,1.14704,1.1345,0.030336,0.089344,0.015616,0.188416,0.810784,0.019437,1244819,1244819,415283,33.3609,1920,1080,raygs,triangles,1,off,0,on,-4
1781754703283040020,11213.4,823.625,1.21414,1.14781,1.13558,0.029984,0.089792,0.016384,0.18944,0.809984,0.026156,1244819,1244819,415283,33.3609,1920,1080,raygs,triangles,1,off,0,on,-4
1781754703284448351,11214.8,826.414,1.21005,1.14819,1.13632,0.030336,0.09008,0.016384,0.188864,0.810656,0.047658,1244819,1244819,415283,33.3609,1920,1080,raygs,triangles,1,off,0,on,-4
1781754703285551235,11215.9,824.636,1.21266,1.14755,1.1361,0.03072,0.089568,0.016384,0.188416,0.811008,0.030015,1244819,1244819,415283,33.3609,1920,1080,raygs,triangles,1,off,0,on,-4
1781754703286710257,11217.1,825.762,1.211,1.14816,1.13632,0.029312,0.090176,0.016384,0.18944,0.811008,0.031088,1244819,1244819,415283,33.3609,1920,1080,raygs,triangles,1,off,0,on,-4
1781754703287860714,11218.3,826.016,1.21063,1.14659,1.13418,0.029792,0.0896,0.016384,0.188416,0.809984,0.028519,1244819,1244819,415283,33.3609,1920,1080,raygs,triangles,1,off,0,on,-4
1781754703289016234,11219.4,826.323,1.21018,1.14685,1.13328,0.029984,0.089536,0.016384,0.187392,0.809984,0.018967,1244819,1244819,415283,33.3609,1920,1080,raygs,triangles,1,off,0,on,-4
1781754703290226793,11220.6,826.318,1.21019,1.1488,1.13546,0.030208,0.08944,0.016384,0.18944,0.809984,0.043546,1244819,1244819,415283,33.3609,1920,1080,raygs,triangles,1,off,0,on,-4
1781754703291405445,11221.8,827.167,1.20895,1.14749,1.13373,0.029632,0.089312,0.01536,0.18944,0.809984,0.035673,1244819,1244819,415283,33.3609,1920,1080,raygs,triangles,1,off,0,on,-4
1781754703292786916,11223.2,827.523,1.20843,1.3423,1.32896,0.029888,0.088704,0.01536,0.384,0.811008,0.030503,1244819,1244819,415283,33.3609,1920,1080,raygs,triangles,1,off,0,on,-4
1781754703294068829,11224.5,824.861,1.21233,1.31597,1.30298,0.030176,0.256928,0.01536,0.189536,0.810976,0.016806,1244819,1244819,415283,33.3609,1920,1080,raygs,triangles,1,off,0,on,-4
1781754703295277447,11225.7,823.85,1.21381,1.14816,1.13398,0.030336,0.089312,0.016384,0.187392,0.81056,0.043556,1244819,1244819,415283,33.3609,1920,1080,raygs,triangles,1,off,0,on,-4
1781754703296428899,11226.8,823.492,1.21434,1.14749,1.13437,0.030272,0.089312,0.016384,0.188416,0.809984,0.023014,1244819,1244819,415283,33.3609,1920,1080,raygs,triangles,1,off,0,on,-4
1781754703297624118,11228,823.337,1.21457,1.1488,1.13485,0.029792,0.089504,0.016128,0.188416,0.811008,0.032719,1244819,1244819,415283,33.3609,1920,1080,raygs,triangles,1,off,0,on,-4
1781754703298800997,11229.2,822.872,1.21526,1.14701,1.13594,0.030176,0.090144,0.016384,0.188416,0.810816,0.031666,1244819,1244819,415283,33.3609,1920,1080,raygs,triangles,1,off,0,on,-4
1781754703299978101,11230.4,825.403,1.21153,1.14627,1.13318,0.030432,0.089312,0.016224,0.186368,0.810848,0.030456,1244819,1244819,415283,33.3609,1920,1080,raygs,triangles,1,off,0,on,-4
1781754703301293289,11231.7,827.385,1.20863,1.15072,1.13917,0.030368,0.08992,0.016384,0.190784,0.811712,0.029159,1244819,1244819,415283,33.3609,1920,1080,raygs,triangles,1,off,0,on,-4
1781754703302417480,11232.8,825.211,1.21181,1.14787,1.13744,0.031296,0.089696,0.016384,0.188416,0.811648,0.025451,1244819,1244819,415283,33.3609,1920,1080,raygs,triangles,1,off,0,on,-4
1781754703303582897,11234,826.081,1.21053,1.14739,1.13562,0.029568,0.089312,0.016384,0.18944,0.810912,0.02166,1244819,1244819,415283,33.3609,1920,1080,raygs,triangles,1,off,0,on,-4
1781754703304785918,11235.2,826.333,1.21017,1.14746,1.1337,0.030208,0.0896,0.01536,0.187616,0.810912,0.042176,1244819,1244819,415283,33.3609,1920,1080,raygs,triangles,1,off,0,on,-4
1781754703305971535,11236.4,825.405,1.21153,1.14698,1.13501,0.030912,0.089312,0.016384,0.188416,0.809984,0.032776,1244819,1244819,415283,33.3609,1920,1080,raygs,triangles,1,off,0,on,-4
1781754703307110777,11237.5,825.502,1.21138,1.14614,1.13382,0.030368,0.088864,0.016192,0.187392,0.811008,0.02518,1244819,1244819,415283,33.3609,1920,1080,raygs,triangles,1,off,0,on,-4
1781754703308281296,11238.7,826.992,1.2092,1.14755,1.1352,0.030112,0.089536,0.016384,0.188416,0.810752,0.028938,1244819,1244819,415283,33.3609,1920,1080,raygs,triangles,1,off,0,on,-4
1781754703309689768,11240.1,827.1,1.20904,1.34797,1.33648,0.030432,0.089536,0.016384,0.38912,0.811008,0.03814,1244819,1244819,415283,33.3609,1920,1080,raygs,triangles,1,off,0,on,-4
1781754703311029819,11241.4,824.617,1.21268,1.31376,1.30038,0.030016,0.25456,0.01536,0.190464,0.809984,0.036989,1244819,1244819,415283,33.3609,1920,1080,raygs,triangles,1,off,0,on,-4
1781754703312179472,11242.6,822.82,1.21533,1.14781,1.13533,0.030912,0.089632,0.016384,0.188416,0.809984,0.031062,1244819,1244819,415283,33.3609,1920,1080,raygs,triangles,1,off,0,on,-4
1781754703313337958,11243.7,822.876,1.21525,1.14691,1.13382,0.030464,0.0896,0.016384,0.187392,0.809984,0.027419,1244819,1244819,415283,33.3609,1920,1080,raygs,triangles,1,off,0,on,-4
1781754703314626812,11245,822.993,1.21508,1.14614,1.13462,0.030368,0.089472,0.016384,0.187392,0.811008,0.022856,1244819,1244819,415283,33.3609,1920,1080,raygs,triangles,1,off,0,on,-4
1781754703315816384,11246.2,821.838,1.21679,1.16576,1.15267,0.031168,0.089312,0.016384,0.205824,0.809984,0.027104,1244819,1244819,415283,33.3609,1920,1080,raygs,triangles,1,off,0,on,-4
1781754703316999064,11247.4,823.681,1.21406,1.14598,1.13344,0.030208,0.089472,0.01536,0.187392,0.811008,0.038176,1244819,1244819,415283,33.3609,1920,1080,raygs,triangles,1,off,0,on,-4
1781754703318309685,11248.7,826.03,1.21061,1.14758,1.1345,0.030144,0.089568,0.016384,0.188416,0.809984,0.032563,1244819,1244819,415283,33.3609,1920,1080,raygs,triangles,1,off,0,on,-4
1781754703319442765,11249.8,823.597,1.21419,1.14934,1.13661,0.03152,0.08912,0.016384,0.188832,0.810752,0.016435,1244819,1244819,415283,33.3609,1920,1080,raygs,triangles,1,off,0,on,-4
1781754703320624632,11251,825.94,1.21074,1.15008,1.13805,0.0304,0.089792,0.016384,0.191488,0.809984,0.026497,1244819,1244819,415283,33.3609,1920,1080,raygs,triangles,1,off,0,on,-4
1781754703321796032,11252.2,825.977,1.21069,1.14653,1.13283,0.029696,0.089376,0.01536,0.187392,0.811008,0.02738,1244819,1244819,415283,33.3609,1920,1080,raygs,triangles,1,off,0,on,-4
1781754703323005283,11253.4,826.144,1.21044,1.14749,1.1327,0.029632,0.089216,0.015648,0.188416,0.809792,0.042981,1244819,1244819,415283,33.3609,1920,1080,raygs,triangles,1,off,0,on,-4
1781754703324155118,11254.5,825.676,1.21113,1.14714,1.13315,0.030304,0.089024,0.015712,0.187392,0.81072,0.017129,1244819,1244819,415283,33.3609,1920,1080,raygs,triangles,1,off,0,on,-4
1781754703325345685,11255.7,826.631,1.20973,1.14883,1.13552,0.029856,0.089248,0.016256,0.18944,0.81072,0.039342,1244819,1244819,415283,33.3609,1920,1080,raygs,triangles,1,off,0,on,-4
1781754703326685907,11257.1,826.644,1.20971,1.33968,1.32541,0.030368,0.089056,0.01536,0.379904,0.81072,0.023998,1244819,1244819,415283,33.3609,1920,1080,raygs,triangles,1,off,0,on,-4
1781754703328241477,11258.6,824.723,1.21253,1.32022,1.30701,0.030272,0.260928,0.015392,0.18944,0.810976,0.057753,1244819,1244819,415283,33.3609,1920,1080,raygs,triangles,1,off,0,on,-4
1781754703329345705,11259.7,820.452,1.21884,1.14598,1.13325,0.031232,0.08928,0.01536,0.187392,0.809984,0.036226,1244819,1244819,415283,33.3609,1920,1080,raygs,triangles,1,off,0,on,-4
1781754703330432917,11260.8,821.009,1.21801,1.14803,1.13418,0.030176,0.088992,0.015584,0.18944,0.809984,0.028665,1244819,1244819,415283,33.3609,1920,1080,raygs,triangles,1,off,0,on,-4
1781754703331554003,11261.9,822.583,1.21568,1.14522,1.13226,0.030432,0.089088,0.01536,0.186368,0.811008,0.016644,1244819,1244819,415283,33.3609,1920,1080,raygs,triangles,1,off,0,on,-4
1781754703332719988,11263.1,822.646,1.21559,1.14806,1.13664,0.030336,0.089824,0.016384,0.18944,0.810656,0.026043,1244819,1244819,415283,33.3609,1920,1080,raygs,triangles,1,off,0,on,-4
1781754703333892671,11264.3,825.392,1.21155,1.14819,1.13632,0.030336,0.089152,0.016384,0.190464,0.809984,0.025453,1244819,1244819,415283,33.3609,1920,1080,raygs,triangles,1,off,0,on,-4
1781754703335226347,11265.6,826.947,1.20927,1.14723,1.13523,0.03056,0.088864,0.016384,0.188416,0.811008,0.047645,1244819,1244819,415283,33.3609,1920,1080,raygs,triangles,1,off,0,on,-4
1781754703336411585,11266.8,825.398,1.21154,1.14819,1.13424,0.030336,0.089312,0.016192,0.188416,0.809984,0.034004,1244819,1244819,415283,33.3609,1920,1080,raygs,triangles,1,off,0,on,-4
1781754703337550155,11267.9,826.921,1.2093,1.14749,1.13478,0.029632,0.089344,0.016384,0.188416,0.811008,0.029904,1244819,1244819,415283,33.3609,1920,1080,raygs,triangles,1,off,0,on,-4
1781754703338727308,11269.1,826.805,1.20947,1.14874,1.13501,0.029856,0.089504,0.016224,0.188416,0.811008,0.030345,1244819,1244819,415283,33.3609,1920,1080,raygs,triangles,1,off,0,on,-4
1781754703339891557,11270.3,826.818,1.20946,1.14714,1.13523,0.03024,0.089792,0.015648,0.188672,0.81088,0.026767,1244819,1244819,415283,33.3609,1920,1080,raygs,triangles,1,off,0,on,-4
1781754703341068354,11271.5,828.958,1.20633,1.14755,1.13411,0.029664,0.088768,0.016384,0.188416,0.81088,0.030773,1244819,1244819,415283,33.3609,1920,1080,raygs,triangles,1,off,0,on,-4
1781754703342290874,11272.7,827.938,1.20782,1.14742,1.13478,0.0296,0.089376,0.016384,0.18944,0.809984,0.031113,1244819,1244819,415283,33.3609,1920,1080,raygs,triangles,1,off,0,on,-4
1781754703343617491,11274,827.556,1.20838,1.3433,1.3303,0.029856,0.089248,0.016192,0.384,0.811008,0.029703,1244819,1244819,415283,33.3609,1920,1080,raygs,triangles,1,off,0,on,-4
1781754703344945549,11275.3,826.448,1.21,1.31187,1.2992,0.030048,0.253408,0.015456,0.188416,0.811872,0.026522,1244819,1244819,415283,33.3609,1920,1080,raygs,triangles,1,off,0,on,-4
1781754703346134565,11276.5,823.984,1.21362,1.14749,1.13411,0.030688,0.089088,0.01536,0.188416,0.81056,0.033949,1244819,1244819,415283,33.3609,1920,1080,raygs,triangles,1,off,0,on,-4
1781754703347318660,11277.7,824.113,1.21343,1.1448,1.13203,0.030144,0.088864,0.015648,0.186368,0.811008,0.029611,1244819,1244819,415283,33.3609,1920,1080,raygs,triangles,1,off,0,on,-4
1781754703348452993,11278.8,823.666,1.21408,1.1473,1.13424,0.030496,0.089376,0.01536,0.188416,0.810592,0.023282,1244819,1244819,415283,33.3609,1920,1080,raygs,triangles,1,off,0,on,-4
1781754703349623744,11280,824.051,1.21352,1.14566,1.13376,0.029888,0.089408,0.016384,0.187392,0.810688,0.022068,1244819,1244819,415283,33.3609,1920,1080,raygs,triangles,1,off,0,on,-4
1781754703351129059,11281.5,826.927,1.2093,1.1481,1.13437,0.030272,0.089472,0.01536,0.188416,0.810848,0.052557,1244819,1244819,415283,33.3609,1920,1080,raygs,triangles,1,off,0,on,-4
1781754703352230342,11282.6,823.887,1.21376,1.14922,1.13578,0.030336,0.089248,0.015648,0.189536,0.811008,0.040647,1244819,1244819,415283,33.3609,1920,1080,raygs,triangles,1,off,0,on,-4
1781754703353391725,11283.8,824.998,1.21212,1.14685,1.13379,0.03024,0.088672,0.015456,0.188416,0.811008,0.036594,1244819,1244819,415283,33.3609,1920,1080,raygs,triangles,1,off,0,on,-4
1781754703354566091,11285,825.449,1.21146,1.14842,1.13398,0.029536,0.089536,0.015488,0.18944,0.809984,0.036587,1244819,1244819,415283,33.3609,1920,1080,raygs,triangles,1,off,0,on,-4
1781754703355677770,11286.1,825.131,1.21193,1.1488,1.1376,0.029952,0.089792,0.016384,0.190464,0.811008,0.02907,1244819,1244819,415283,33.3609,1920,1080,raygs,triangles,1,off,0,on,-4
1781754703356897596,11287.3,825.991,1.21067,1.14771,1.13414,0.030368,0.089824,0.015552,0.188416,0.809984,0.015723,1244819,1244819,415283,33.3609,1920,1080,raygs,triangles,1,off,0,on,-4
1781754703358072514,11288.5,828.143,1.20752,1.14771,1.13626,0.030976,0.08944,0.016384,0.188448,0.811008,0.025944,1244819,1244819,415283,33.3609,1920,1080,raygs,triangles,1,off,0,on,-4
1781754703359397844,11289.8,827.412,1.20859,1.14662,1.13405,0.029792,0.089472,0.016384,0.188416,0.809984,0.02661,1244819,1244819,415283,33.3609,1920,1080,raygs,triangles,1,off,0,on,-4
1781754703360793913,11291.2,825.241,1.21177,1.1495,1.13546,0.03136,0.089312,0.01536,0.188416,0.811008,0.053976,1244819,1244819,415283,33.3609,1920,1080,raygs,triangles,1,off,0,on,-4
1781754703361938006,11292.3,822.711,1.21549,1.15123,1.13648,0.035456,0.089312,0.01536,0.186368,0.809984,0.019839,1244819,1244819,415283,33.3609,1920,1080,raygs,triangles,1,off,0,on,-4
1781754703363146702,11293.5,822.712,1.21549,1.14691,1.13325,0.030176,0.089216,0.015456,0.188416,0.809984,0.054619,1244819,1244819,415283,33.3609,1920,1080,raygs,triangles,1,off,0,on,-4
1781754703364363083,11294.8,822.897,1.21522,1.14682,1.13376,0.030176,0.0888,0.01536,0.188416,0.811008,0.02615,1244819,1244819,415283,33.3609,1920,1080,raygs,triangles,1,off,0,on,-4
1781754703365450331,11295.8,822.467,1.21585,1.1481,1.13539,0.03024,0.089344,0.01536,0.18944,0.811008,0.014759,1244819,1244819,415283,33.3609,1920,1080,raygs,triangles,1,off,0,on,-4
1781754703366627229,11297,825.529,1.21134,1.14653,1.13405,0.029728,0.089568,0.016384,0.187584,0.810784,0.025666,1244819,1244819,415283,33.3609,1920,1080,raygs,triangles,1,off,0,on,-4
1781754703367979996,11298.4,826.842,1.20942,1.14749,1.13533,0.030304,0.089312,0.016224,0.188672,0.810816,0.066939,1244819,1244819,415283,33.3609,1920,1080,raygs,triangles,1,off,0,on,-4
1781754703369102386,11299.5,825.327,1.21164,1.1497,1.1384,0.03088,0.089952,0.016384,0.18944,0.811744,0.01644,1244819,1244819,415283,33.3609,1920,1080,raygs,triangles,1,off,0,on,-4
1781754703370313001,11300.7,825.515,1.21136,1.14877,1.13645,0.030496,0.089408,0.016384,0.188416,0.811744,0.050631,1244819,1244819,415283,33.3609,1920,1080,raygs,triangles,1,off,0,on,-4
1781754703371443073,11301.8,825.529,1.21134,1.14819,1.13789,0.030368,0.090048,0.016384,0.18944,0.811648,0.016488,1244819,1244819,415283,33.3609,1920,1080,raygs,triangles,1,off,0,on,-4
1781754703372671902,11303.1,825.904,1.21079,1.14723,1.13606,0.029408,0.089248,0.016384,0.190464,0.81056,0.072835,1244819,1244819,415283,33.3609,1920,1080,raygs,triangles,1,off,0,on,-4
1781754703373794474,11304.2,825.42,1.2115,1.14806,1.136,0.030752,0.089472,0.016256,0.18864,0.81088,0.015873,1244819,1244819,415283,33.3609,1920,1080,raygs,triangles,1,off,0,on,-4
1781754703375018317,11305.4,827.489,1.20848,1.14746,1.13446,0.029472,0.08928,0.016384,0.188416,0.810912,0.056411,1244819,1244819,415283,33.3609,1920,1080,raygs,triangles,1,off,0,on,-4
1781754703376365398,11306.8,826.456,1.20999,1.34291,1.32813,0.029472,0.089152,0.01552,0.384,0.809984,0.041591,1244819,1244819,415283,33.3609,1920,1080,raygs,triangles,1,off,0,on,-4
1781754703377670605,11308.1,824.407,1.21299,1.31597,1.30371,0.030208,0.257952,0.01536,0.18944,0.810752,0.015987,1244819,1244819,415283,33.3609,1920,1080,raygs,triangles,1,off,0,on,-4
1781754703378890316,11309.3,823.142,1.21486,1.1496,1.13536,0.030656,0.08976,0.01552,0.188416,0.811008,0.054859,1244819,1244819,415283,33.3609,1920,1080,raygs,triangles,1,off,0,on,-4
1781754703380058731,11310.5,822.763,1.21542,1.1448,1.13261,0.030208,0.089696,0.016352,0.186368,0.809984,0.047355,1244819,1244819,415283,33.3609,1920,1080,raygs,triangles,1,off,0,on,-4
1781754703381186360,11311.6,822.541,1.21574,1.14518,1.13229,0.0304,0.088992,0.01552,0.186368,0.811008,0.016179,1244819,1244819,415283,33.3609,1920,1080,raygs,triangles,1,off,0,on,-4
1781754703382425977,11312.8,822.84,1.2153,1.16608,1.15405,0.030368,0.089312,0.016384,0.207328,0.810656,0.069855,1244819,1244819,415283,33.3609,1920,1080,raygs,triangles,1,off,0,on,-4
1781754703383902634,11314.3,823.818,1.21386,1.14701,1.13437,0.03008,0.089504,0.016384,0.187392,0.811008,0.046644,1244819,1244819,415283,33.3609,1920,1080,raygs,triangles,1,off,0,on,-4
1781754703385121339,11315.5,822.974,1.2151,1.14928,1.13776,0.030432,0.089472,0.016384,0.190464,0.811008,0.037148,1244819,1244819,415283,33.3609,1920,1080,raygs,triangles,1,off,0,on,-4
1781754703386279001,11316.7,822.322,1.21607,1.14976,1.13674,0.031072,0.089856,0.016384,0.188416,0.811008,0.035562,1244819,1244819,415283,33.3609,1920,1080,raygs,triangles,1,off,0,on,-4
1781754703387446778,11317.8,822.351,1.21603,1.14701,1.136,0.030752,0.08944,0.016384,0.188416,0.811008,0.034918,1244819,1244819,415283,33.3609,1920,1080,raygs,triangles,1,off,0,on,-4
1781754703388616181,11319,823.711,1.21402,1.14803,1.1376,0.030368,0.089696,0.016384,0.190464,0.810688,0.03477,1244819,1244819,415283,33.3609,1920,1080,raygs,triangles,1,off,0,on,-4
1781754703389783797,11320.2,823.972,1.21363,1.14851,1.1359,0.029632,0.08944,0.016384,0.18944,0.811008,0.034396,1244819,1244819,415283,33.3609,1920,1080,raygs,triangles,1,off,0,on,-4
1781754703390958229,11321.3,824.115,1.21342,1.14787,1.13418,0.030016,0.088736,0.01536,0.18944,0.810624,0.034569,1244819,1244819,415283,33.3609,1920,1080,raygs,triangles,1,off,0,on,-4
1781754703392131714,11322.5,825.649,1.21117,1.14906,1.13581,0.030528,0.089472,0.016384,0.188416,0.811008,0.03426,1244819,1244819,415283,33.3609,1920,1080,raygs,triangles,1,off,0,on,-4
1781754703393522382,11323.9,825.176,1.21186,1.32685,1.31434,0.029792,0.089536,0.016384,0.367616,0.811008,0.037471,1244819,1244819,415283,33.3609,1920,1080,raygs,triangles,1,off,0,on,-4
1781754703394842699,11325.2,822.758,1.21542,1.32189,1.30838,0.029952,0.088608,0.187776,0.191488,0.81056,0.035371,1244819,1244819,415283,33.3609,1920,1080,raygs,triangles,1,off,0,on,-4
1781754703396018528,11326.4,821.146,1.21781,1.14835,1.13606,0.030496,0.08976,0.016384,0.188416,0.811008,0.041648,1244819,1244819,415283,33.3609,1920,1080,raygs,triangles,1,off,0,on,-4
1781754703397182394,11327.6,821.497,1.21729,1.14717,1.1352,0.030368,0.089888,0.016384,0.187744,0.810816,0.034534,1244819,1244819,415283,33.3609,1920,1080,raygs,triangles,1,off,0,on,-4
1781754703398356215,11328.7,821.454,1.21735,1.14749,1.13475,0.029664,0.089312,0.016192,0.188672,0.810912,0.03523,1244819,1244819,415283,33.3609,1920,1080,raygs,triangles,1,off,0,on,-4
1781754703399522272,11329.9,821.535,1.21723,1.14864,1.13482,0.030816,0.089152,0.01536,0.188544,0.810944,0.034489,1244819,1244819,415283,33.3609,1920,1080,raygs,triangles,1,off,0,on,-4
1781754703400695440,11331.1,823.848,1.21382,1.14701,1.13558,0.030464,0.089344,0.016384,0.188416,0.810976,0.034429,1244819,1244819,415283,33.3609,1920,1080,raygs,triangles,1,off,0,on,-4
1781754703402000398,11332.4,828.247,1.20737,1.14682,1.13328,0.029984,0.088512,0.01536,0.188416,0.811008,0.036292,1244819,1244819,415283,33.3609,1920,1080,raygs,triangles,1,off,0,on,-4
1781754703403160992,11333.6,825.847,1.21088,1.14858,1.1369,0.03072,0.08976,0.016384,0.18944,0.810592,0.033715,1244819,1244819,415283,33.3609,1920,1080,raygs,triangles,1,off,0,on,-4
1781754703404350143,11334.7,824.77,1.21246,1.14944,1.13571,0.030624,0.08896,0.01552,0.189888,0.81072,0.03322,1244819,1244819,415283,33.3609,1920,1080,raygs,triangles,1,off,0,on,-4
1781754703405414301,11335.8,824.114,1.21342,1.14701,1.13472,0.030176,0.089792,0.016384,0.187392,0.810976,0.026392,1244819,1244819,415283,33.3609,1920,1080,raygs,triangles,1,off,0,on,-4
1781754703406583266,11337,825.434,1.21148,1.14726,1.13446,0.030432,0.089088,0.01552,0.188416,0.811008,0.027552,1244819,1244819,415283,33.3609,1920,1080,raygs,triangles,1,off,0,on,-4
1781754703407736322,11338.1,825.629,1.2112,1.1479,1.13571,0.03008,0.0888,0.016384,0.190464,0.809984,0.019913,1244819,1244819,415283,33.3609,1920,1080,raygs,triangles,1,off,0,on,-4
1781754703408909563,11339.3,827.581,1.20834,1.14819,1.13466,0.030336,0.089472,0.01536,0.188736,0.810752,0.025827,1244819,1244819,415283,33.3609,1920,1080,raygs,triangles,1,off,0,on,-4
1781754703410312466,11340.7,827.681,1.2082,1.37872,1.36586,0.030496,0.089152,0.016352,0.418976,0.81088,0.025366,1244819,1244819,415283,33.3609,1920,1080,raygs,triangles,1,off,0,on,-4
1781754703411618926,11342,824.736,1.21251,1.28688,1.27312,0.029792,0.08928,0.01536,0.328704,0.809984,0.026038,1244819,1244819,415283,33.3609,1920,1080,raygs,triangles,1,off,0,on,-4
1781754703412807960,11343.2,823.307,1.21461,1.14714,1.13418,0.030496,0.090144,0.016384,0.186368,0.810784,0.026361,1244819,1244819,415283,33.3609,1920,1080,raygs,triangles,1,off,0,on,-4
1781754703413971920,11344.4,822.967,1.21512,1.14717,1.13325,0.030336,0.089152,0.01536,0.187392,0.811008,0.024684,1244819,1244819,415283,33.3609,1920,1080,raygs,triangles,1,off,0,on,-4
1781754703415145703,11345.5,823.105,1.21491,1.14637,1.13443,0.03024,0.089408,0.016384,0.187392,0.811008,0.025229,1244819,1244819,415283,33.3609,1920,1080,raygs,triangles,1,off,0,on,-4
1781754703416378470,11346.8,823.674,1.21407,1.14653,1.13494,0.029728,0.089408,0.016384,0.188416,0.811008,0.040416,1244819,1244819,415283,33.3609,1920,1080,raygs,triangles,1,off,0,on,-4
1781754703417631847,11348,824.669,1.21261,1.14918,1.13696,0.030336,0.08944,0.015712,0.190464,0.811008,0.024527,1244819,1244819,415283,33.3609,1920,1080,raygs,triangles,1,off,0,on,-4
1781754703418809904,11349.2,825.541,1.21133,1.14886,1.13469,0.03104,0.088992,0.01536,0.188416,0.81088,0.02805,1244819,1244819,415283,33.3609,1920,1080,raygs,triangles,1,off,0,on,-4
1781754703419961213,11350.4,825.655,1.21116,1.14819,1.13638,0.030336,0.090112,0.016384,0.188832,0.81072,0.019384,1244819,1244819,415283,33.3609,1920,1080,raygs,triangles,1,off,0,on,-4
1781754703421136528,11351.5,826.014,1.21063,1.14717,1.13498,0.030368,0.089152,0.01536,0.18944,0.810656,0.02531,1244819,1244819,415283,33.3609,1920,1080,raygs,triangles,1,off,0,on,-4
1781754703422307842,11352.7,825.629,1.2112,1.14765,1.13315,0.029792,0.089312,0.01552,0.187712,0.810816,0.025177,1244819,1244819,415283,33.3609,1920,1080,raygs,triangles,1,off,0,on,-4
1781754703423473253,11353.9,825.682,1.21112,1.14787,1.13584,0.030304,0.089632,0.016384,0.188512,0.811008,0.024825,1244819,1244819,415283,33.3609,1920,1080,raygs,triangles,1,off,0,on,-4
1781754703424651848,11355,829.988,1.20484,1.14906,1.13702,0.030208,0.089856,0.016384,0.18992,0.810656,0.024661,1244819,1244819,415283,33.3609,1920,1080,raygs,triangles,1,off,0,on,-4
1781754703425823481,11356.2,828.821,1.20653,1.15056,1.1376,0.029632,0.089312,0.016128,0.191616,0.810912,0.025053,1244819,1244819,415283,33.3609,1920,1080,raygs,triangles,1,off,0,on,-4
1781754703427240768,11357.6,828.695,1.20672,1.3953,1.38362,0.029536,0.089568,0.016256,0.437248,0.811008,0.024404,1244819,1244819,415283,33.3609,1920,1080,raygs,triangles,1,off,0,on,-4
1781754703428545490,11358.9,825.927,1.21076,1.27446,1.26192,0.029664,0.215424,0.01536,0.190464,0.811008,0.025827,1244819,1244819,415283,33.3609,1920,1080,raygs,triangles,1,off,0,on,-4
1781754703429714519,11360.1,823.613,1.21416,1.14717,1.1352,0.030368,0.08928,0.016384,0.188416,0.810752,0.025954,1244819,1244819,415283,33.3609,1920,1080,raygs,triangles,1,off,0,on,-4
1781754703430879116,11361.3,824.163,1.21335,1.14646,1.1327,0.029632,0.088288,0.016384,0.188416,0.809984,0.02461,1244819,1244819,415283,33.3609,1920,1080,raygs,triangles,1,off,0,on,-4
1781754703432048779,11362.4,824.28,1.21318,1.14691,1.13341,0.030112,0.089536,0.01536,0.188416,0.809984,0.023959,1244819,1244819,415283,33.3609,1920,1080,raygs,triangles,1,off,0,on,-4
1781754703433251623,11363.6,826.155,1.21043,1.14701,1.13478,0.030208,0.089632,0.016384,0.188576,0.809984,0.036325,1244819,1244819,415283,33.3609,1920,1080,raygs,triangles,1,off,0,on,-4
1781754703434526557,11364.9,828,1.20773,1.14787,1.13475,0.0304,0.089568,0.016384,0.188416,0.809984,0.019223,1244819,1244819,415283,33.3609,1920,1080,raygs,triangles,1,off,0,on,-4
1781754703435696317,11366.1,826.69,1.20964,1.14912,1.13667,0.031264,0.089888,0.016384,0.188416,0.81072,0.025577,1244819,1244819,415283,33.3609,1920,1080,raygs,triangles,1,off,0,on,-4
1781754703436879091,11367.3,826.987,1.20921,1.15008,1.13667,0.030144,0.089664,0.016384,0.189824,0.810656,0.026188,1244819,1244819,415283,33.3609,1920,1080,raygs,triangles,1,off,0,on,-4
1781754703438053711,11368.4,827.351,1.20868,1.14595,1.13395,0.030368,0.089024,0.01616,0.187392,0.811008,0.02568,1244819,1244819,415283,33.3609,1920,1080,raygs,triangles,1,off,0,on,-4
1781754703439226938,11369.6,826.663,1.20968,1.14771,1.13501,0.030528,0.089728,0.01568,0.188416,0.810656,0.025571,1244819,1244819,415283,33.3609,1920,1080,raygs,triangles,1,off,0,on,-4
1781754703440453999,11370.8,826.539,1.20986,1.1481,1.13485,0.030816,0.089408,0.016224,0.188416,0.809984,0.039725,1244819,1244819,415283,33.3609,1920,1080,raygs,triangles,1,off,0,on,-4
1781754703441560006,11372,827.839,1.20796,1.14896,1.13683,0.030432,0.089568,0.016384,0.190464,0.809984,0.016257,1244819,1244819,415283,33.3609,1920,1080,raygs,triangles,1,off,0,on,-4
1781754703442938205,11373.3,828.235,1.20739,1.34186,1.32874,0.030496,0.088896,0.016384,0.381952,0.811008,0.024648,1244819,1244819,415283,33.3609,1920,1080,raygs,triangles,1,off,0,on,-4
1781754703444260674,11374.7,826.13,1.21046,1.28643,1.27222,0.030336,0.088864,0.01536,0.32768,0.809984,0.031104,1244819,1244819,415283,33.3609,1920,1080,raygs,triangles,1,off,0,on,-4
1781754703445445076,11375.8,824.091,1.21346,1.14723,1.13402,0.0304,0.089856,0.01536,0.187392,0.811008,0.030542,1244819,1244819,415283,33.3609,1920,1080,raygs,triangles,1,off,0,on,-4
1781754703446654739,11377,824.445,1.21294,1.14787,1.13549,0.030016,0.08976,0.016384,0.188416,0.810912,0.032567,1244819,1244819,415283,33.3609,1920,1080,raygs,triangles,1,off,0,on,-4
1781754703447790165,11378.2,823.59,1.2142,1.1471,1.13379,0.030464,0.089728,0.016224,0.187392,0.809984,0.026264,1244819,1244819,415283,33.3609,1920,1080,raygs,triangles,1,off,0,on,-4
1781754703448958544,11379.3,824.473,1.2129,1.14614,1.13418,0.0304,0.089856,0.016384,0.186816,0.81072,0.028213,1244819,1244819,415283,33.3609,1920,1080,raygs,triangles,1,off,0,on,-4
1781754703450112271,11380.5,826.52,1.20989,1.1463,1.13443,0.030496,0.089152,0.016384,0.187392,0.811008,0.019787,1244819,1244819,415283,33.3609,1920,1080,raygs,triangles,1,off,0,on,-4
1781754703451400255,11381.8,828.412,1.20713,1.14986,1.13805,0.030528,0.089792,0.015648,0.190464,0.811616,0.026068,1244819,1244819,415283,33.3609,1920,1080,raygs,triangles,1,off,0,on,-4
1781754703452575013,11383,827.559,1.20837,1.14835,1.13747,0.0304,0.089536,0.016384,0.18944,0.811712,0.027789,1244819,1244819,415283,33.3609,1920,1080,raygs,triangles,1,off,0,on,-4
1781754703453743982,11384.1,827.432,1.20856,1.14998,1.13654,0.030112,0.0896,0.016384,0.190464,0.809984,0.025964,1244819,1244819,415283,33.3609,1920,1080,raygs,triangles,1,off,0,on,-4
1781754703454972016,11385.4,827.13,1.209,1.14803,1.13459,0.03024,0.089472,0.015712,0.188416,0.810752,0.039383,1244819,1244819,415283,33.3609,1920,1080,raygs,triangles,1,off,0,on,-4
1781754703456221008,11386.6,828.152,1.20751,1.14909,1.13555,0.030144,0.089824,0.01616,0.18944,0.809984,0.015553,1244819,1244819,415283,33.3609,1920,1080,raygs,triangles,1,off,0,on,-4
1781754703457391538,11387.8,830.104,1.20467,1.14906,1.13549,0.0312,0.08912,0.015616,0.188544,0.811008,0.024381,1244819,1244819,415283,33.3609,1920,1080,raygs,triangles,1,off,0,on,-4
1781754703458558433,11388.9,830.577,1.20398,1.1473,1.13395,0.030464,0.089568,0.01552,0.188416,0.809984,0.024157,1244819,1244819,415283,33.3609,1920,1080,raygs,triangles,1,off,0,on,-4
1781754703459889691,11390.3,830.45,1.20417,1.14678,1.13562,0.030016,0.089856,0.01632,0.188416,0.811008,0.024043,1244819,1244819,415283,33.3609,1920,1080,raygs,triangles,1,off,0,on,-4
1781754703461226231,11391.6,828.465,1.20705,1.14973,1.13539,0.03088,0.0896,0.015616,0.188416,0.81088,0.024506,1244819,1244819,415283,33.3609,1920,1080,raygs,triangles,1,off,0,on,-4
1781754703462391994,11392.8,826.648,1.2097,1.15142,1.13696,0.034592,0.089632,0.01536,0.187392,0.809984,0.02359,1244819,1244819,415283,33.3609,1920,1080,raygs,triangles,1,off,0,on,-4
1781754703463567196,11394,826.689,1.20964,1.14755,1.13344,0.029696,0.089152,0.01536,0.188416,0.810816,0.025326,1244819,1244819,415283,33.3609,1920,1080,raygs,triangles,1,off,0,on,-4
1781754703464745846,11395.1,826.66,1.20969,1.14851,1.13542,0.030304,0.089312,0.016384,0.188416,0.811008,0.030094,1244819,1244819,415283,33.3609,1920,1080,raygs,triangles,1,off,0,on,-4
1781754703465929653,11396.3,826.573,1.20981,1.16016,1.14618,0.030048,0.089152,0.01536,0.201728,0.809888,0.024554,1244819,1244819,415283,33.3609,1920,1080,raygs,triangles,1,off,0,on,-4
1781754703467096400,11397.5,829.035,1.20622,1.14803,1.13578,0.030144,0.08896,0.016224,0.18944,0.811008,0.024133,1244819,1244819,415283,33.3609,1920,1080,raygs,triangles,1,off,0,on,-4
1781754703468397101,11398.8,830.739,1.20375,1.14835,1.13459,0.029472,0.089312,0.01536,0.18944,0.811008,0.025212,1244819,1244819,415283,33.3609,1920,1080,raygs,triangles,1,off,0,on,-4
1781754703469563704,11400,829.271,1.20588,1.14688,1.13376,0.031072,0.089184,0.016128,0.187392,0.809984,0.024866,1244819,1244819,415283,33.3609,1920,1080,raygs,triangles,1,off,0,on,-4
1781754703470736661,11401.1,829.304,1.20583,1.14739,1.13546,0.03056,0.089088,0.016384,0.188416,0.811008,0.02429,1244819,1244819,415283,33.3609,1920,1080,raygs,triangles,1,off,0,on,-4
1781754703471906570,11402.3,829.29,1.20585,1.14938,1.13638,0.030496,0.089056,0.01536,0.190464,0.811008,0.023494,1244819,1244819,415283,33.3609,1920,1080,raygs,triangles,1,off,0,on,-4
1781754703473083262,11403.5,829.241,1.20592,1.14598,1.13379,0.030176,0.089856,0.016384,0.187392,0.809984,0.024831,1244819,1244819,415283,33.3609,1920,1080,raygs,triangles,1,off,0,on,-4
1781754703474332228,11404.7,828.529,1.20696,1.14704,1.13344,0.030304,0.089376,0.01536,0.187392,0.811008,0.040794,1244819,1244819,415283,33.3609,1920,1080,raygs,triangles,1,off,0,on,-4
1781754703475441807,11405.8,829.764,1.20516,1.14848,1.13494,0.029632,0.089664,0.01536,0.18944,0.810848,0.017502,1244819,1244819,415283,33.3609,1920,1080,raygs,triangles,1,off,0,on,-4
1781754703476824795,11407.2,830.429,1.2042,1.35488,1.34157,0.030208,0.088704,0.01536,0.396288,0.811008,0.025778,1244819,1244819,415283,33.3609,1920,1080,raygs,triangles,1,off,0,on,-4
1781754703478128709,11408.5,828.138,1.20753,1.28656,1.27261,0.030304,0.08896,0.01568,0.326656,0.811008,0.025469,1244819,1244819,415283,33.3609,1920,1080,raygs,triangles,1,off,0,on,-4
1781754703479304853,11409.7,825.282,1.21171,1.1495,1.13731,0.030752,0.090752,0.016384,0.188416,0.811008,0.024976,1244819,1244819,415283,33.3609,1920,1080,raygs,triangles,1,off,0,on,-4
1781754703480528526,11410.9,825.123,1.21194,1.1457,1.1337,0.030336,0.0896,0.016384,0.186368,0.811008,0.041966,1244819,1244819,415283,33.3609,1920,1080,raygs,triangles,1,off,0,on,-4
1781754703481675456,11412.1,824.112,1.21343,1.14646,1.13286,0.029632,0.089472,0.016384,0.186368,0.811008,0.025901,1244819,1244819,415283,33.3609,1920,1080,raygs,triangles,1,off,0,on,-4
1781754703482820155,11413.2,824.549,1.21278,1.14701,1.13434,0.030176,0.089632,0.016384,0.187392,0.810752,0.018146,1244819,1244819,415283,33.3609,1920,1080,raygs,triangles,1,off,0,on,-4
1781754703483991793,11414.4,827.472,1.2085,1.14778,1.13552,0.029952,0.088736,0.016384,0.18944,0.811008,0.025936,1244819,1244819,415283,33.3609,1920,1080,raygs,triangles,1,off,0,on,-4
1781754703485378735,11415.8,829.006,1.20626,1.14803,1.13501,0.030848,0.089184,0.016384,0.187616,0.810976,0.040699,1244819,1244819,415283,33.3609,1920,1080,raygs,triangles,1,off,0,on,-4
1781754703486513370,11416.9,826.606,1.20977,1.14998,1.13731,0.031136,0.089344,0.01536,0.190464,0.811008,0.04869,1244819,1244819,415283,33.3609,1920,1080,raygs,triangles,1,off,0,on,-4
1781754703487692172,11418.1,826.979,1.20922,1.1473,1.13469,0.030496,0.088832,0.016384,0.188416,0.81056,0.049735,1244819,1244819,415283,33.3609,1920,1080,raygs,triangles,1,off,0,on,-4
1781754703488865393,11419.3,826.948,1.20927,1.14739,1.13386,0.029504,0.089568,0.01536,0.188416,0.811008,0.051625,1244819,1244819,415283,33.3609,1920,1080,raygs,triangles,1,off,0,on,-4
1781754703489994278,11420.4,827.733,1.20812,1.14643,1.13347,0.029632,0.08928,0.015552,0.188416,0.810592,0.016984,1244819,1244819,415283,33.3609,1920,1080,raygs,triangles,1,off,0,on,-4
1781754703491210240,11421.6,828.957,1.20634,1.14982,1.1377,0.030272,0.089568,0.016384,0.191488,0.809984,0.062097,1244819,1244819,415283,33.3609,1920,1080,raygs,triangles,1,off,0,on,-4
1781754703492373789,11422.8,828.659,1.20677,1.14525,1.13331,0.030144,0.089408,0.016384,0.187392,0.809984,0.041955,1244819,1244819,415283,33.3609,1920,1080,raygs,triangles,1,off,0,on,-4
1781754703493716287,11424.1,828.536,1.20695,1.3593,1.34682,0.030496,0.089568,0.01536,0.400384,0.811008,0.016665,1244819,1244819,415283,33.3609,1920,1080,raygs,triangles,1,off,0,on,-4
1781754703495210553,11425.6,825.292,1.21169,1.28467,1.27078,0.029632,0.089152,0.01536,0.325632,0.811008,0.053847,1244819,1244819,415283,33.3609,1920,1080,raygs,triangles,1,off,0,on,-4
1781754703496326046,11426.7,822.651,1.21558,1.14592,1.13485,0.030112,0.089952,0.016384,0.188416,0.809984,0.035403,1244819,1244819,415283,33.3609,1920,1080,raygs,triangles,1,off,0,on,-4
1781754703497491460,11427.9,823.271,1.21467,1.14701,1.13597,0.030272,0.089888,0.016384,0.188416,0.811008,0.03435,1244819,1244819,415283,33.3609,1920,1080,raygs,triangles,1,off,0,on,-4
1781754703498665174,11429.1,823.433,1.21443,1.14707,1.13485,0.030112,0.089216,0.016096,0.188416,0.811008,0.035962,1244819,1244819,415283,33.3609,1920,1080,raygs,triangles,1,off,0,on,-4
1781754703499834839,11430.2,823.409,1.21446,1.14739,1.13379,0.029568,0.089344,0.015456,0.188416,0.811008,0.034817,1244819,1244819,415283,33.3609,1920,1080,raygs,triangles,1,off,0,on,-4
1781754703501130651,11431.5,826.216,1.21034,1.148,1.13482,0.030176,0.088896,0.01536,0.18944,0.810944,0.034779,1244819,1244819,415283,33.3609,1920,1080,raygs,triangles,1,off,0,on,-4
1781754703502231568,11432.6,826.233,1.21031,1.15014,1.13693,0.031296,0.09008,0.016384,0.188416,0.810752,0.030963,1244819,1244819,415283,33.3609,1920,1080,raygs,triangles,1,off,0,on,-4
1781754703503370261,11433.8,827.328,1.20871,1.14627,1.13338,0.03008,0.089536,0.01536,0.188416,0.809984,0.022929,1244819,1244819,415283,33.3609,1920,1080,raygs,triangles,1,off,0,on,-4
1781754703504578426,11435,827.648,1.20824,1.1473,1.13363,0.029472,0.089664,0.016384,0.187392,0.81072,0.032269,1244819,1244819,415283,33.3609,1920,1080,raygs,triangles,1,off,0,on,-4
1781754703505742106,11436.1,827.216,1.20887,1.14701,1.13482,0.030272,0.088864,0.01616,0.188512,0.811008,0.027595,1244819,1244819,415283,33.3609,1920,1080,raygs,triangles,1,off,0,on,-4
1781754703506917360,11437.3,827.676,1.2082,1.14646,1.13478,0.029632,0.089472,0.016384,0.188416,0.81088,0.027846,1244819,1244819,415283,33.3609,1920,1080,raygs,triangles,1,off,0,on,-4
1781754703508083204,11438.5,828.868,1.20647,1.14835,1.13475,0.030496,0.089376,0.015456,0.18944,0.809984,0.028012,1244819,1244819,415283,33.3609,1920,1080,raygs,triangles,1,off,0,on,-4
1781754703509216515,11439.6,828.879,1.20645,1.15024,1.13658,0.030336,0.089024,0.015744,0.191488,0.809984,0.017153,1244819,1244819,415283,33.3609,1920,1080,raygs,triangles,1,off,0,on,-4
1781754703510648103,11441,829.492,1.20556,1.4016,1.3895,0.030368,0.089472,0.016288,0.442368,0.811008,0.028729,1244819,1244819,415283,33.3609,1920,1080,raygs,triangles,1,off,0,on,-4
1781754703511953195,11442.3,826.546,1.20985,1.27264,1.26,0.029856,0.214336,0.01536,0.18944,0.811008,0.026991,1244819,1244819,415283,33.3609,1920,1080,raygs,triangles,1,off,0,on,-4
1781754703513154989,11443.5,825.068,1.21202,1.14701,1.13482,0.03088,0.089152,0.016384,0.187392,0.811008,0.039419,1244819,1244819,415283,33.3609,1920,1080,raygs,triangles,1,off,0,on,-4
1781754703514307540,11444.7,825.236,1.21177,1.14598,1.13504,0.030336,0.089728,0.016384,0.187616,0.810976,0.024659,1244819,1244819,415283,33.3609,1920,1080,raygs,triangles,1,off,0,on,-4
1781754703515456998,11445.8,824.77,1.21246,1.14614,1.13443,0.030304,0.089344,0.016384,0.187392,0.811008,0.020551,1244819,1244819,415283,33.3609,1920,1080,raygs,triangles,1,off,0,on,-4
1781754703516660526,11447.1,827.403,1.2086,1.14714,1.13606,0.030336,0.08992,0.016384,0.188416,0.811008,0.035779,1244819,1244819,415283,33.3609,1920,1080,raygs,triangles,1,off,0,on,-4
1781754703517925426,11448.3,828.764,1.20662,1.14701,1.13386,0.030176,0.088768,0.016384,0.187744,0.810784,0.017818,1244819,1244819,415283,33.3609,1920,1080,raygs,triangles,1,off,0,on,-4
1781754703519097546,11449.5,827.839,1.20796,1.148,1.13619,0.030144,0.09024,0.016384,0.188416,0.811008,0.025982,1244819,1244819,415283,33.3609,1920,1080,raygs,triangles,1,off,0,on,-4
1781754703520280679,11450.7,828.318,1.20727,1.14774,1.13386,0.030496,0.0896,0.01536,0.188416,0.809984,0.027491,1244819,1244819,415283,33.3609,1920,1080,raygs,triangles,1,off,0,on,-4
1781754703521445287,11451.8,827.727,1.20813,1.14813,1.13597,0.030592,0.089568,0.016384,0.18944,0.809984,0.026424,1244819,1244819,415283,33.3609,1920,1080,raygs,triangles,1,off,0,on,-4
1781754703522697325,11453.1,827.756,1.20808,1.14771,1.13424,0.030912,0.089568,0.01536,0.187392,0.811008,0.046514,1244819,1244819,415283,33.3609,1920,1080,raygs,triangles,1,off,0,on,-4
1781754703523934005,11454.3,826.378,1.2101,1.14787,1.13472,0.030016,0.088896,0.016384,0.188416,0.811008,0.024224,1244819,1244819,415283,33.3609,1920,1080,raygs,triangles,1,off,0,on,-4
1781754703525092662,11455.5,827.113,1.20902,1.14922,1.13834,0.031424,0.09008,0.016384,0.18944,0.811008,0.020001,1244819,1244819,415283,33.3609,1920,1080,raygs,triangles,1,off,0,on,-4
1781754703526421560,11456.8,827.089,1.20906,1.14746,1.13424,0.030144,0.089312,0.01536,0.188416,0.811008,0.02624,1244819,1244819,415283,33.3609,1920,1080,raygs,triangles,1,off,0,on,-4
1781754703527749124,11458.1,825.283,1.21171,1.148,1.13341,0.031168,0.089504,0.01536,0.187392,0.809984,0.026703,1244819,1244819,415283,33.3609,1920,1080,raygs,triangles,1,off,0,on,-4
1781754703528942165,11459.3,824.149,1.21337,1.15158,1.13917,0.034752,0.089632,0.016384,0.188416,0.809984,0.033139,1244819,1244819,415283,33.3609,1920,1080,raygs,triangles,1,off,0,on,-4
1781754703530091444,11460.5,825.048,1.21205,1.14787,1.13616,0.030048,0.089696,0.016384,0.18944,0.810592,0.018613,1244819,1244819,415283,33.3609,1920,1080,raygs,triangles,1,off,0,on,-4
1781754703531315294,11461.7,825.042,1.21206,1.14765,1.1351,0.029792,0.089664,0.016384,0.188416,0.810848,0.036139,1244819,1244819,415283,33.3609,1920,1080,raygs,triangles,1,off,0,on,-4
1781754703532441008,11462.8,824.612,1.21269,1.15434,1.14144,0.030336,0.089152,0.01536,0.195584,0.811008,0.015149,1244819,1244819,415283,33.3609,1920,1080,raygs,triangles,1,off,0,on,-4
1781754703533633814,11464,826.819,1.20945,1.14835,1.1337,0.029472,0.08944,0.01536,0.18944,0.809984,0.030661,1244819,1244819,415283,33.3609,1920,1080,raygs,triangles,1,off,0,on,-4
1781754703534915079,11465.3,828.397,1.20715,1.14762,1.1335,0.03072,0.089024,0.01536,0.188416,0.809984,0.025701,1244819,1244819,415283,33.3609,1920,1080,raygs,triangles,1,off,0,on,-4
1781754703536077055,11466.5,827.069,1.20909,1.14646,1.13206,0.030656,0.088672,0.01536,0.187392,0.809984,0.024853,1244819,1244819,415283,33.3609,1920,1080,raygs,triangles,1,off,0,on,-4
1781754703537249323,11467.6,827.278,1.20878,1.14749,1.13478,0.029664,0.089312,0.016384,0.188416,0.811008,0.024384,1244819,1244819,415283,33.3609,1920,1080,raygs,triangles,1,off,0,on,-4
1781754703538419407,11468.8,827.457,1.20852,1.14701,1.13453,0.030208,0.089536,0.016384,0.188416,0.809984,0.024639,1244819,1244819,415283,33.3609,1920,1080,raygs,triangles,1,off,0,on,-4
1781754703539603770,11470,827.436,1.20855,1.14682,1.13472,0.029984,0.089952,0.016384,0.187392,0.811008,0.024651,1244819,1244819,415283,33.3609,1920,1080,raygs,triangles,1,off,0,on,-4
1781754703540763388,11471.2,827.273,1.20879,1.14627,1.13379,0.030496,0.08896,0.016384,0.187392,0.81056,0.024247,1244819,1244819,415283,33.3609,1920,1080,raygs,triangles,1,off,0,on,-4
1781754703541944598,11472.3,828.828,1.20652,1.14832,1.13552,0.030496,0.089216,0.016384,0.18944,0.809984,0.025561,1244819,1244819,415283,33.3609,1920,1080,raygs,triangles,1,off,0,on,-4
1781754703543354820,11473.7,828.738,1.20665,1.38678,1.37366,0.030336,0.089952,0.016384,0.427008,0.809984,0.025052,1244819,1244819,415283,33.3609,1920,1080,raygs,triangles,1,off,0,on,-4
1781754703544661095,11475.1,826.078,1.21054,1.28595,1.27155,0.029856,0.088832,0.01536,0.326656,0.810848,0.024997,1244819,1244819,415283,33.3609,1920,1080,raygs,triangles,1,off,0,on,-4
1781754703545831197,11476.2,824.395,1.21301,1.14733,1.13462,0.029504,0.089312,0.016384,0.188416,0.811008,0.024475,1244819,1244819,415283,33.3609,1920,1080,raygs,triangles,1,off,0,on,-4
1781754703547002808,11477.4,825.203,1.21182,1.1463,1.13267,0.030496,0.08944,0.01536,0.187392,0.809984,0.023876,1244819,1244819,415283,33.3609,1920,1080,raygs,triangles,1,off,0,on,-4
1781754703548178055,11478.6,825.514,1.21137,1.14669,1.13456,0.030368,0.089504,0.016384,0.187392,0.810912,0.024178,1244819,1244819,415283,33.3609,1920,1080,raygs,triangles,1,off,0,on,-4
1781754703549357803,11479.7,824.684,1.21259,1.15565,1.14218,0.030624,0.0896,0.01536,0.196608,0.809984,0.023826,1244819,1244819,415283,33.3609,1920,1080,raygs,triangles,1,off,0,on,-4
1781754703550527187,11480.9,827.033,1.20914,1.14832,1.13504,0.030496,0.088736,0.01536,0.18944,0.811008,0.024491,1244819,1244819,415283,33.3609,1920,1080,raygs,triangles,1,off,0,on,-4
1781754703551823934,11482.2,828.506,1.20699,1.1473,1.13366,0.030368,0.088896,0.016384,0.187392,0.810624,0.024085,1244819,1244819,415283,33.3609,1920,1080,raygs,triangles,1,off,0,on,-4
1781754703552994664,11483.4,827.149,1.20897,1.1495,1.13638,0.030944,0.088608,0.016384,0.18944,0.811008,0.023838,1244819,1244819,415283,33.3609,1920,1080,raygs,triangles,1,off,0,on,-4
1781754703554166981,11484.6,827.925,1.20784,1.14787,1.13539,0.030016,0.089568,0.016384,0.188416,0.811008,0.024238,1244819,1244819,415283,33.3609,1920,1080,raygs,triangles,1,off,0,on,-4
1781754703555344126,11485.7,827.361,1.20866,1.14902,1.13795,0.030272,0.08992,0.016384,0.190464,0.810912,0.02439,1244819,1244819,415283,33.3609,1920,1080,raygs,triangles,1,off,0,on,-4
1781754703556520558,11486.9,827.071,1.20909,1.14714,1.13472,0.030336,0.0896,0.016384,0.188416,0.809984,0.025488,1244819,1244819,415283,33.3609,1920,1080,raygs,triangles,1,off,0,on,-4
1781754703557689425,11488.1,827.087,1.20906,1.14749,1.13389,0.030304,0.089824,0.01536,0.188416,0.809984,0.024922,1244819,1244819,415283,33.3609,1920,1080,raygs,triangles,1,off,0,on,-4
1781754703558862907,11489.3,829.725,1.20522,1.14934,1.1369,0.030496,0.089856,0.016384,0.18944,0.81072,0.024536,1244819,1244819,415283,33.3609,1920,1080,raygs,triangles,1,off,0,on,-4
1781754703560277366,11490.7,829.175,1.20602,1.38301,1.36899,0.030304,0.089312,0.015456,0.423936,0.809984,0.024205,1244819,1244819,415283,33.3609,1920,1080,raygs,triangles,1,off,0,on,-4
1781754703561583860,11492,826.508,1.20991,1.28934,1.27686,0.030208,0.089536,0.016384,0.329728,0.811008,0.024486,1244819,1244819,415283,33.3609,1920,1080,raygs,triangles,1,off,0,on,-4
1781754703562754793,11493.1,824.929,1.21223,1.14848,1.13718,0.029632,0.091744,0.016384,0.18944,0.809984,0.023752,1244819,1244819,415283,33.3609,1920,1080,raygs,triangles,1,off,0,on,-4
1781754703563928546,11494.3,824.615,1.21269,1.14803,1.13389,0.030176,0.088928,0.01536,0.18944,0.809984,0.023569,1244819,1244819,415283,33.3609,1920,1080,raygs,triangles,1,off,0,on,-4
1781754703565119051,11495.5,824.82,1.21239,1.14659,1.1329,0.030816,0.0896,0.01536,0.186368,0.810752,0.026654,1244819,1244819,415283,33.3609,1920,1080,raygs,triangles,1,off,0,on,-4
1781754703566286565,11496.7,824.632,1.21266,1.14781,1.13584,0.029952,0.089472,0.016384,0.18944,0.810592,0.024627,1244819,1244819,415283,33.3609,1920,1080,raygs,triangles,1,off,0,on,-4
1781754703567455555,11497.8,827.916,1.20785,1.14851,1.13568,0.029632,0.089504,0.016384,0.18944,0.81072,0.025237,1244819,1244819,415283,33.3609,1920,1080,raygs,triangles,1,off,0,on,-4
1781754703568753171,11499.1,830.634,1.2039,1.14701,1.13398,0.030176,0.089024,0.016384,0.188416,0.809984,0.02552,1244819,1244819,415283,33.3609,1920,1080,raygs,triangles,1,off,0,on,-4
1781754703569917690,11500.3,828.498,1.207,1.14858,1.13677,0.030752,0.089408,0.016128,0.189472,0.811008,0.024778,1244819,1244819,415283,33.3609,1920,1080,raygs,triangles,1,off,0,on,-4
1781754703571086468,11501.5,828.643,1.20679,1.14701,1.13283,0.030464,0.088608,0.01536,0.188416,0.809984,0.024157,1244819,1244819,415283,33.3609,1920,1080,raygs,triangles,1,off,0,on,-4
1781754703572262512,11502.7,828.524,1.20697,1.14746,1.13507,0.030336,0.08928,0.016384,0.188416,0.810656,0.024784,1244819,1244819,415283,33.3609,1920,1080,raygs,triangles,1,off,0,on,-4
1781754703573444207,11503.8,828.456,1.20706,1.1481,1.1359,0.030592,0.089632,0.016256,0.188416,0.811008,0.025041,1244819,1244819,415283,33.3609,1920,1080,raygs,triangles,1,off,0,on,-4
1781754703574663502,11505.1,829.886,1.20499,1.14842,1.13558,0.03056,0.089216,0.016384,0.18944,0.809984,0.038819,1244819,1244819,415283,33.3609,1920,1080,raygs,triangles,1,off,0,on,-4
1781754703575808723,11506.2,828.396,1.20715,1.14733,1.13443,0.029472,0.089152,0.016384,0.188416,0.811008,0.021853,1244819,1244819,415283,33.3609,1920,1080,raygs,triangles,1,off,0,on,-4
1781754703577228695,11507.6,828.208,1.20743,1.38752,1.37379,0.030048,0.089504,0.016352,0.427008,0.81088,0.028714,1244819,1244819,415283,33.3609,1920,1080,raygs,triangles,1,off,0,on,-4
1781754703578528867,11508.9,825.926,1.21076,1.28714,1.27482,0.030464,0.08944,0.016384,0.328704,0.809824,0.018954,1244819,1244819,415283,33.3609,1920,1080,raygs,triangles,1,off,0,on,-4
1781754703579716452,11510.1,824.224,1.21326,1.14685,1.13213,0.029888,0.089504,0.01536,0.187392,0.809984,0.038718,1244819,1244819,415283,33.3609,1920,1080,raygs,triangles,1,off,0,on,-4
1781754703580904890,11511.3,824.203,1.21329,1.1479,1.13424,0.029728,0.089696,0.015392,0.188416,0.811008,0.031623,1244819,1244819,415283,33.3609,1920,1080,raygs,triangles,1,off,0,on,-4
1781754703582035990,11512.4,823.9,1.21374,1.14701,1.13459,0.030208,0.0896,0.016384,0.188416,0.809984,0.01516,1244819,1244819,415283,33.3609,1920,1080,raygs,triangles,1,off,0,on,-4
1781754703583211281,11513.6,823.698,1.21404,1.14557,1.13136,0.029792,0.089856,0.01536,0.186368,0.809984,0.028656,1244819,1244819,415283,33.3609,1920,1080,raygs,triangles,1,off,0,on,-4
1781754703584525744,11514.9,826.72,1.2096,1.15053,1.13629,0.029632,0.089728,0.01536,0.190656,0.810912,0.03343,1244819,1244819,415283,33.3609,1920,1080,raygs,triangles,1,off,0,on,-4
1781754703585664614,11516.1,826.76,1.20954,1.14909,1.1359,0.031264,0.089472,0.015744,0.18944,0.809984,0.016328,1244819,1244819,415283,33.3609,1920,1080,raygs,triangles,1,off,0,on,-4
1781754703586895558,11517.3,827.343,1.20869,1.14867,1.13411,0.029792,0.08944,0.015456,0.18944,0.809984,0.041851,1244819,1244819,415283,33.3609,1920,1080,raygs,triangles,1,off,0,on,-4
1781754703588022505,11518.4,826.544,1.20986,1.14874,1.1367,0.03024,0.089632,0.016384,0.190464,0.809984,0.015544,1244819,1244819,415283,33.3609,1920,1080,raygs,triangles,1,off,0,on,-4
1781754703589225768,11519.6,826.614,1.20975,1.14966,1.1369,0.030656,0.089632,0.016384,0.18944,0.810784,0.038566,1244819,1244819,415283,33.3609,1920,1080,raygs,triangles,1,off,0,on,-4
1781754703590374887,11520.8,826.835,1.20943,1.1463,1.13354,0.030496,0.08928,0.01536,0.187392,0.811008,0.020868,1244819,1244819,415283,33.3609,1920,1080,raygs,triangles,1,off,0,on,-4
1781754703591575935,11522,827.995,1.20774,1.14787,1.13584,0.030304,0.089728,0.016384,0.18944,0.809984,0.035673,1244819,1244819,415283,33.3609,1920,1080,raygs,triangles,1,off,0,on,-4
1781754703592715396,11523.1,827.788,1.20804,1.14979,1.13827,0.02992,0.089568,0.016384,0.190464,0.811936,0.017919,1244819,1244819,415283,33.3609,1920,1080,raygs,triangles,1,off,0,on,-4
1781754703594095548,11524.5,828.254,1.20736,1.34992,1.33773,0.030336,0.088832,0.016384,0.391168,0.811008,0.025312,1244819,1244819,415283,33.3609,1920,1080,raygs,triangles,1,off,0,on,-4
1781754703595532560,11525.9,825.804,1.21094,1.27574,1.26438,0.029888,0.21664,0.01536,0.191488,0.811008,0.024983,1244819,1244819,415283,33.3609,1920,1080,raygs,triangles,1,off,0,on,-4
1781754703596920981,11527.3,823.665,1.21409,1.14765,1.13421,0.030816,0.089632,0.016384,0.187392,0.809984,0.051443,1244819,1244819,415283,33.3609,1920,1080,raygs,triangles,1,off,0,on,-4
1781754703598017807,11528.4,821.782,1.21687,1.14653,1.13315,0.029696,0.089696,0.016384,0.187392,0.809984,0.036913,1244819,1244819,415283,33.3609,1920,1080,raygs,triangles,1,off,0,on,-4
1781754703599186126,11529.6,822.731,1.21546,1.1463,1.13533,0.030112,0.0896,0.016384,0.188416,0.810816,0.036572,1244819,1244819,415283,33.3609,1920,1080,raygs,triangles,1,off,0,on,-4
1781754703600369244,11530.8,824.479,1.21289,1.14598,1.13363,0.030432,0.089152,0.015648,0.187392,0.811008,0.039576,1244819,1244819,415283,33.3609,1920,1080,raygs,triangles,1,off,0,on,-4
1781754703601671605,11532.1,826.102,1.2105,1.14672,1.13254,0.029888,0.088864,0.01536,0.18784,0.810592,0.037469,1244819,1244819,415283,33.3609,1920,1080,raygs,triangles,1,off,0,on,-4
1781754703602818297,11533.2,824.685,1.21258,1.14954,1.13568,0.031104,0.089056,0.01536,0.18944,0.81072,0.037844,1244819,1244819,415283,33.3609,1920,1080,raygs,triangles,1,off,0,on,-4
1781754703603983596,11534.4,824.946,1.2122,1.1463,1.13472,0.03008,0.08928,0.016384,0.188416,0.81056,0.035863,1244819,1244819,415283,33.3609,1920,1080,raygs,triangles,1,off,0,on,-4
1781754703605068631,11535.5,825.416,1.21151,1.14813,1.13398,0.030272,0.088928,0.01536,0.188416,0.811008,0.02733,1244819,1244819,415283,33.3609,1920,1080,raygs,triangles,1,off,0,on,-4
1781754703606202045,11536.6,826.261,1.21027,1.14646,1.13325,0.029664,0.089952,0.01536,0.187392,0.81088,0.017826,1244819,1244819,415283,33.3609,1920,1080,raygs,triangles,1,off,0,on,-4
1781754703607371543,11537.8,827.033,1.20914,1.14922,1.13661,0.030368,0.089184,0.015584,0.190464,0.811008,0.024998,1244819,1244819,415283,33.3609,1920,1080,raygs,triangles,1,off,0,on,-4
1781754703608596033,11539,828.306,1.20728,1.14595,1.1328,0.030176,0.088992,0.015456,0.187392,0.810784,0.037815,1244819,1244819,415283,33.3609,1920,1080,raygs,triangles,1,off,0,on,-4
1781754703609949251,11540.3,827.503,1.20845,1.38467,1.36982,0.030144,0.088928,0.01536,0.425408,0.809984,0.01624,1244819,1244819,415283,33.3609,1920,1080,raygs,triangles,1,off,0,on,-4
1781754703611268531,11541.7,825.462,1.21144,1.28656,1.27443,0.030816,0.089632,0.01632,0.326656,0.811008,0.025777,1244819,1244819,415283,33.3609,1920,1080,raygs,triangles,1,off,0,on,-4
1781754703612441223,11542.8,823.899,1.21374,1.14835,1.13539,0.030496,0.090112,0.01536,0.188416,0.811008,0.025777,1244819,1244819,415283,33.3609,1920,1080,raygs,triangles,1,off,0,on,-4
1781754703613618093,11544,823.976,1.21363,1.14704,1.13354,0.03024,0.089568,0.01536,0.188416,0.809952,0.026568,1244819,1244819,415283,33.3609,1920,1080,raygs,triangles,1,off,0,on,-4
1781754703614781155,11545.2,823.884,1.21376,1.14512,1.13478,0.030368,0.089024,0.016352,0.188416,0.810624,0.024848,1244819,1244819,415283,33.3609,1920,1080,raygs,triangles,1,off,0,on,-4
1781754703615973468,11546.4,823.974,1.21363,1.16922,1.15488,0.029888,0.088704,0.01536,0.210944,0.809984,0.02464,1244819,1244819,415283,33.3609,1920,1080,raygs,triangles,1,off,0,on,-4
1781754703617207569,11547.6,826.392,1.21008,1.1463,1.13507,0.030528,0.089184,0.016384,0.188416,0.81056,0.042684,1244819,1244819,415283,33.3609,1920,1080,raygs,triangles,1,off,0,on,-4
1781754703618445614,11548.8,827.246,1.20883,1.14762,1.13555,0.030304,0.08944,0.016384,0.18944,0.809984,0.01644,1244819,1244819,415283,33.3609,1920,1080,raygs,triangles,1,off,0,on,-4
1781754703619622437,11550,826.45,1.20999,1.14698,1.13427,0.030816,0.089696,0.01552,0.187392,0.810848,0.025899,1244819,1244819,415283,33.3609,1920,1080,raygs,triangles,1,off,0,on,-4
1781754703620785993,11551.2,826.433,1.21002,1.14707,1.13421,0.03024,0.089376,0.01536,0.188416,0.810816,0.025012,1244819,1244819,415283,33.3609,1920,1080,raygs,triangles,1,off,0,on,-4
1781754703621954535,11552.3,826.603,1.20977,1.14614,1.13293,0.030336,0.089216,0.01536,0.187392,0.810624,0.025496,1244819,1244819,415283,33.3609,1920,1080,raygs,triangles,1,off,0,on,-4
1781754703623139920,11553.5,826.625,1.20974,1.14707,1.13331,0.03024,0.089344,0.01536,0.187392,0.810976,0.027055,1244819,1244819,415283,33.3609,1920,1080,raygs,triangles,1,off,0,on,-4
1781754703624310177,11554.7,826.472,1.20996,1.14998,1.13802,0.0304,0.0896,0.016384,0.190784,0.810848,0.025252,1244819,1244819,415283,33.3609,1920,1080,raygs,triangles,1,off,0,on,-4
1781754703625478200,11555.9,827.96,1.20779,1.14758,1.1343,0.029728,0.089728,0.01536,0.18848,0.811008,0.025984,1244819,1244819,415283,33.3609,1920,1080,raygs,triangles,1,off,0,on,-4
1781754703626888507,11557.3,827.985,1.20775,1.38858,1.37523,0.03008,0.088704,0.01536,0.43008,0.811008,0.025598,1244819,1244819,415283,33.3609,1920,1080,raygs,triangles,1,off,0,on,-4
1781754703628204762,11558.6,825.406,1.21152,1.28643,1.27293,0.030336,0.089568,0.01536,0.32768,0.809984,0.027906,1244819,1244819,415283,33.3609,1920,1080,raygs,triangles,1,off,0,on,-4
1781754703629368062,11559.8,823.778,1.21392,1.14598,1.13398,0.030208,0.090144,0.016384,0.186368,0.81088,0.024313,1244819,1244819,415283,33.3609,1920,1080,raygs,triangles,1,off,0,on,-4
1781754703630534654,11560.9,823.857,1.2138,1.14416,1.13139,0.030432,0.089248,0.01536,0.186368,0.809984,0.02377,1244819,1244819,415283,33.3609,1920,1080,raygs,triangles,1,off,0,on,-4
1781754703631708136,11562.1,823.899,1.21374,1.1479,1.13469,0.030208,0.08992,0.01616,0.188416,0.809984,0.024451,1244819,1244819,415283,33.3609,1920,1080,raygs,triangles,1,off,0,on,-4
1781754703632884715,11563.3,823.936,1.21369,1.14928,1.13606,0.03072,0.089536,0.016384,0.18944,0.809984,0.023437,1244819,1244819,415283,33.3609,1920,1080,raygs,triangles,1,off,0,on,-4
1781754703634154758,11564.5,826.597,1.20978,1.14746,1.13568,0.029632,0.088576,0.016384,0.18944,0.811648,0.040995,1244819,1244819,415283,33.3609,1920,1080,raygs,triangles,1,off,0,on,-4
1781754703635376403,11565.8,826.863,1.20939,1.1463,1.13312,0.030048,0.089312,0.01536,0.188416,0.809984,0.017521,1244819,1244819,415283,33.3609,1920,1080,raygs,triangles,1,off,0,on,-4
1781754703636582699,11567,826.231,1.21031,1.14982,1.13875,0.031104,0.089824,0.016352,0.190464,0.811008,0.054322,1244819,1244819,415283,33.3609,1920,1080,raygs,triangles,1,off,0,on,-4
1781754703637714984,11568.1,826.188,1.21038,1.14659,1.13389,0.02976,0.089344,0.016384,0.188416,0.809984,0.016348,1244819,1244819,415283,33.3609,1920,1080,raygs,triangles,1,off,0,on,-4
1781754703638886858,11569.3,826.574,1.20981,1.14659,1.13306,0.02976,0.088576,0.016384,0.187392,0.810944,0.026082,1244819,1244819,415283,33.3609,1920,1080,raygs,triangles,1,off,0,on,-4
1781754703640057090,11570.4,826.536,1.20987,1.1463,1.13354,0.030496,0.088992,0.01552,0.18768,0.810848,0.025886,1244819,1244819,415283,33.3609,1920,1080,raygs,triangles,1,off,0,on,-4
1781754703641250095,11571.6,826.523,1.20989,1.14659,1.13274,0.029792,0.088608,0.01536,0.188416,0.81056,0.046001,1244819,1244819,415283,33.3609,1920,1080,raygs,triangles,1,off,0,on,-4
1781754703642404750,11572.8,827.863,1.20793,1.14787,1.13555,0.030016,0.089888,0.016224,0.188416,0.811008,0.019755,1244819,1244819,415283,33.3609,1920,1080,raygs,triangles,1,off,0,on,-4
1781754703643808618,11574.2,827.691,1.20818,1.37875,1.36624,0.030496,0.088896,0.01536,0.420864,0.810624,0.030476,1244819,1244819,415283,33.3609,1920,1080,raygs,triangles,1,off,0,on,-4
1781754703645146142,11575.5,824.998,1.21212,1.28557,1.2727,0.030496,0.089184,0.01536,0.326656,0.811008,0.046328,1244819,1244819,415283,33.3609,1920,1080,raygs,triangles,1,off,0,on,-4
1781754703646342683,11576.7,823.49,1.21434,1.14982,1.13651,0.02992,0.08976,0.016384,0.18944,0.811008,0.064024,1244819,1244819,415283,33.3609,1920,1080,raygs,triangles,1,off,0,on,-4
1781754703647515923,11577.9,823.259,1.21469,1.14672,1.13363,0.030592,0.08928,0.01536,0.187392,0.811008,0.043918,1244819,1244819,415283,33.3609,1920,1080,raygs,triangles,1,off,0,on,-4
1781754703648641979,11579,823.578,1.21421,1.14781,1.13654,0.029952,0.08976,0.016384,0.18944,0.811008,0.018502,1244819,1244819,415283,33.3609,1920,1080,raygs,triangles,1,off,0,on,-4
1781754703649853476,11580.2,823.621,1.21415,1.14794,1.13485,0.030432,0.089632,0.016384,0.188416,0.809984,0.052477,1244819,1244819,415283,33.3609,1920,1080,raygs,triangles,1,off,0,on,-4
1781754703651029814,11581.4,826.172,1.2104,1.14733,1.13549,0.030496,0.08912,0.016384,0.189504,0.809984,0.044571,1244819,1244819,415283,33.3609,1920,1080,raygs,triangles,1,off,0,on,-4
1781754703652281813,11582.7,827.75,1.20809,1.14765,1.13398,0.029792,0.089408,0.016384,0.188416,0.809984,0.016422,1244819,1244819,415283,33.3609,1920,1080,raygs,triangles,1,off,0,on,-4
1781754703653520378,11583.9,826.65,1.2097,1.15155,1.13837,0.031744,0.088768,0.016384,0.191488,0.809984,0.041152,1244819,1244819,415283,33.3609,1920,1080,raygs,triangles,1,off,0,on,-4
1781754703654647079,11585,826.251,1.21029,1.14787,1.13536,0.030048,0.089504,0.016384,0.18944,0.809984,0.038123,1244819,1244819,415283,33.3609,1920,1080,raygs,triangles,1,off,0,on,-4
1781754703655795925,11586.2,826.6,1.20977,1.14723,1.13571,0.030432,0.089856,0.016384,0.188416,0.810624,0.019545,1244819,1244819,415283,33.3609,1920,1080,raygs,triangles,1,off,0,on,-4
1781754703656973238,11587.4,826.609,1.20976,1.14739,1.13533,0.029536,0.08944,0.016384,0.18944,0.810528,0.025626,1244819,1244819,415283,33.3609,1920,1080,raygs,triangles,1,off,0,on,-4
1781754703658169521,11588.6,828.01,1.20771,1.14954,1.13725,0.030336,0.089312,0.016384,0.190464,0.810752,0.046949,1244819,1244819,415283,33.3609,1920,1080,raygs,triangles,1,off,0,on,-4
1781754703659389786,11589.8,827.784,1.20805,1.14771,1.13389,0.030464,0.089408,0.015616,0.188416,0.809984,0.038156,1244819,1244819,415283,33.3609,1920,1080,raygs,triangles,1,off,0,on,-4
1781754703660735883,11591.1,827.627,1.20827,1.34611,1.33283,0.030656,0.088736,0.01536,0.387072,0.811008,0.040924,1244819,1244819,415283,33.3609,1920,1080,raygs,triangles,1,off,0,on,-4
1781754703662011400,11592.4,825.359,1.21159,1.2895,1.27744,0.030336,0.088928,0.016384,0.331168,0.810624,0.016356,1244819,1244819,415283,33.3609,1920,1080,raygs,triangles,1,off,0,on,-4
1781754703663321524,11593.7,824.173,1.21334,1.14813,1.1361,0.030272,0.09008,0.01632,0.18944,0.809984,0.04682,1244819,1244819,415283,33.3609,1920,1080,raygs,triangles,1,off,0,on,-4
1781754703664408688,11594.8,822.609,1.21564,1.14787,1.13581,0.030304,0.09008,0.016384,0.187392,0.811648,0.043605,1244819,1244819,415283,33.3609,1920,1080,raygs,triangles,1,off,0,on,-4
1781754703665555334,11595.9,823.809,1.21387,1.14669,1.13424,0.030272,0.089376,0.016192,0.187392,0.811008,0.039116,1244819,1244819,415283,33.3609,1920,1080,raygs,triangles,1,off,0,on,-4
1781754703666744078,11597.1,823.807,1.21388,1.14685,1.13459,0.030176,0.089728,0.016288,0.187616,0.810784,0.045459,1244819,1244819,415283,33.3609,1920,1080,raygs,triangles,1,off,0,on,-4
1781754703668062169,11598.5,825.839,1.21089,1.14723,1.13594,0.030432,0.089696,0.016384,0.188416,0.811008,0.030446,1244819,1244819,415283,33.3609,1920,1080,raygs,triangles,1,off,0,on,-4
1781754703669253403,11599.6,827.524,1.20842,1.1497,1.13824,0.030848,0.089312,0.016384,0.19072,0.810976,0.030864,1244819,1244819,415283,33.3609,1920,1080,raygs,triangles,1,off,0,on,-4
1781754703670401776,11600.8,829.82,1.20508,1.1473,1.13648,0.03088,0.089632,0.016384,0.188832,0.810752,0.043684,1244819,1244819,415283,33.3609,1920,1080,raygs,triangles,1,off,0,on,-4
1781754703671530761,11601.9,829.231,1.20594,1.14874,1.13667,0.030272,0.089568,0.016384,0.18944,0.811008,0.017533,1244819,1244819,415283,33.3609,1920,1080,raygs,triangles,1,off,0,on,-4
1781754703672752253,11603.1,829.541,1.20549,1.14954,1.13568,0.029632,0.089408,0.016384,0.18944,0.810816,0.055959,1244819,1244819,415283,33.3609,1920,1080,raygs,triangles,1,off,0,on,-4
1781754703673876327,11604.3,829.399,1.20569,1.14646,1.13434,0.03008,0.089472,0.016384,0.188416,0.809984,0.015877,1244819,1244819,415283,33.3609,1920,1080,raygs,triangles,1,off,0,on,-4
1781754703675097260,11605.5,831.157,1.20314,1.15037,1.13626,0.030368,0.08896,0.01536,0.190624,0.810944,0.065352,1244819,1244819,415283,33.3609,1920,1080,raygs,triangles,1,off,0,on,-4
1781754703676465109,11606.9,830.462,1.20415,1.32224,1.30922,0.030336,0.088992,0.016384,0.36352,0.809984,0.029457,1244819,1244819,415283,33.3609,1920,1080,raygs,triangles,1,off,0,on,-4
1781754703677817442,11608.2,827.987,1.20775,1.32144,1.30864,0.029536,0.089216,0.187392,0.192512,0.809984,0.030441,1244819,1244819,415283,33.3609,1920,1080,raygs,triangles,1,off,0,on,-4
1781754703678912210,11609.3,824.858,1.21233,1.14701,1.13232,0.030048,0.089536,0.01536,0.187392,0.809984,0.016481,1244819,1244819,415283,33.3609,1920,1080,raygs,triangles,1,off,0,on,-4
1781754703680089919,11610.5,824.877,1.2123,1.14653,1.13373,0.030752,0.089152,0.015424,0.187392,0.811008,0.026007,1244819,1244819,415283,33.3609,1920,1080,raygs,triangles,1,off,0,on,-4
1781754703681343472,11611.7,824.962,1.21218,1.14749,1.1337,0.029632,0.089216,0.016448,0.188416,0.809984,0.038843,1244819,1244819,415283,33.3609,1920,1080,raygs,triangles,1,off,0,on,-4
1781754703682437374,11612.8,824.769,1.21246,1.14717,1.13558,0.030336,0.08944,0.016384,0.188416,0.811008,0.017358,1244819,1244819,415283,33.3609,1920,1080,raygs,triangles,1,off,0,on,-4
1781754703683652784,11614,827.521,1.20843,1.14867,1.13424,0.029792,0.089472,0.015488,0.188512,0.810976,0.054435,1244819,1244819,415283,33.3609,1920,1080,raygs,triangles,1,off,0,on,-4
1781754703684980393,11615.4,828.866,1.20647,1.14733,1.13546,0.030496,0.089152,0.016384,0.188416,0.811008,0.031526,1244819,1244819,415283,33.3609,1920,1080,raygs,triangles,1,off,0,on,-4
1781754703686104253,11616.5,827.006,1.20918,1.14896,1.1367,0.031104,0.089792,0.01536,0.18944,0.811008,0.040227,1244819,1244819,415283,33.3609,1920,1080,raygs,triangles,1,off,0,on,-4
1781754703687313343,11617.7,827.69,1.20818,1.1481,1.13517,0.030272,0.089088,0.016384,0.18944,0.809984,0.061326,1244819,1244819,415283,33.3609,1920,1080,raygs,triangles,1,off,0,on,-4
1781754703688466071,11618.9,827.182,1.20892,1.14765,1.13469,0.030816,0.089152,0.01536,0.188416,0.810944,0.042009,1244819,1244819,415283,33.3609,1920,1080,raygs,triangles,1,off,0,on,-4
1781754703689632594,11620,827.641,1.20825,1.14835,1.13546,0.030496,0.089152,0.01536,0.18944,0.811008,0.05299,1244819,1244819,415283,33.3609,1920,1080,raygs,triangles,1,off,0,on,-4
1781754703690797211,11621.2,828.511,1.20698,1.14723,1.13418,0.030432,0.088992,0.016384,0.188416,0.809952,0.043699,1244819,1244819,415283,33.3609,1920,1080,raygs,triangles,1,off,0,on,-4
1781754703691935583,11622.3,829.312,1.20582,1.14714,1.13354,0.030336,0.08896,0.016192,0.187392,0.810656,0.015629,1244819,1244819,415283,33.3609,1920,1080,raygs,triangles,1,off,0,on,-4
1781754703693360502,11623.8,829.581,1.20543,1.32157,1.3097,0.030656,0.089088,0.016384,0.361888,0.81168,0.039068,1244819,1244819,415283,33.3609,1920,1080,raygs,triangles,1,off,0,on,-4
1781754703694651563,11625,826.649,1.2097,1.33872,1.32595,0.029376,0.08928,0.016384,0.380928,0.809984,0.017717,1244819,1244819,415283,33.3609,1920,1080,raygs,triangles,1,off,0,on,-4
1781754703695847797,11626.2,825.229,1.21179,1.14835,1.13552,0.030496,0.090112,0.01536,0.188704,0.810848,0.046372,1244819,1244819,415283,33.3609,1920,1080,raygs,triangles,1,off,0,on,-4
1781754703696990508,11627.4,825.266,1.21173,1.148,1.13568,0.030176,0.089312,0.015744,0.18944,0.811008,0.020114,1244819,1244819,415283,33.3609,1920,1080,raygs,triangles,1,off,0,on,-4
1781754703698204909,11628.6,825.4,1.21153,1.14826,1.13472,0.030432,0.08912,0.015744,0.18944,0.809984,0.051357,1244819,1244819,415283,33.3609,1920,1080,raygs,triangles,1,off,0,on,-4
1781754703699365838,11629.8,824.985,1.21214,1.17062,1.15754,0.030208,0.088992,0.01536,0.211968,0.811008,0.019275,1244819,1244819,415283,33.3609,1920,1080,raygs,triangles,1,off,0,on,-4
1781754703700570214,11631,827.507,1.20845,1.14822,1.13613,0.030368,0.088928,0.016384,0.18944,0.811008,0.047337,1244819,1244819,415283,33.3609,1920,1080,raygs,triangles,1,off,0,on,-4
1781754703701918566,11632.3,829.096,1.20613,1.14662,1.1337,0.029792,0.08912,0.016384,0.187392,0.811008,0.037871,1244819,1244819,415283,33.3609,1920,1080,raygs,triangles,1,off,0,on,-4
1781754703703057583,11633.4,826.884,1.20936,1.14874,1.13715,0.030912,0.089824,0.016384,0.18944,0.810592,0.05788,1244819,1244819,415283,33.3609,1920,1080,raygs,triangles,1,off,0,on,-4
1781754703704216755,11634.6,827.196,1.2089,1.14803,1.1344,0.030176,0.08944,0.01536,0.18944,0.809984,0.051328,1244819,1244819,415283,33.3609,1920,1080,raygs,triangles,1,off,0,on,-4
1781754703705403503,11635.8,827.468,1.20851,1.1481,1.13606,0.030272,0.089856,0.016384,0.189568,0.809984,0.046158,1244819,1244819,415283,33.3609,1920,1080,raygs,triangles,1,off,0,on,-4
1781754703706578411,11637,827.322,1.20872,1.14541,1.13254,0.029536,0.089504,0.016128,0.187392,0.809984,0.047479,1244819,1244819,415283,33.3609,1920,1080,raygs,triangles,1,off,0,on,-4
1781754703707754862,11638.1,828.595,1.20686,1.14835,1.13421,0.030144,0.08912,0.01536,0.189632,0.809952,0.057097,1244819,1244819,415283,33.3609,1920,1080,raygs,triangles,1,off,0,on,-4
1781754703708870706,11639.3,829.191,1.206,1.14771,1.13674,0.030208,0.089696,0.016384,0.18944,0.811008,0.017224,1244819,1244819,415283,33.3609,1920,1080,raygs,triangles,1,off,0,on,-4
1781754703710295619,11640.7,829.852,1.20503,1.31952,1.30765,0.030656,0.089152,0.016384,0.360448,0.811008,0.039088,1244819,1244819,415283,33.3609,1920,1080,raygs,triangles,1,off,0,on,-4
1781754703711576136,11642,826.759,1.20954,1.33837,1.32611,0.030528,0.089376,0.016192,0.3792,0.810816,0.016497,1244819,1244819,415283,33.3609,1920,1080,raygs,triangles,1,off,0,on,-4
1781754703712757330,11643.1,825.425,1.2115,1.14723,1.13507,0.030144,0.090336,0.016384,0.187392,0.810816,0.031108,1244819,1244819,415283,33.3609,1920,1080,raygs,triangles,1,off,0,on,-4
1781754703713966272,11644.4,825.304,1.21167,1.14618,1.13504,0.030432,0.089824,0.016384,0.187392,0.811008,0.058249,1244819,1244819,415283,33.3609,1920,1080,raygs,triangles,1,off,0,on,-4
1781754703715090932,11645.5,825.117,1.21195,1.14829,1.13366,0.029408,0.089312,0.01536,0.18864,0.810944,0.020018,1244819,1244819,415283,33.3609,1920,1080,raygs,triangles,1,off,0,on,-4
1781754703716320224,11646.7,825.377,1.21157,1.14733,1.13424,0.030496,0.08896,0.01536,0.188416,0.811008,0.065315,1244819,1244819,415283,33.3609,1920,1080,raygs,triangles,1,off,0,on,-4
1781754703717452878,11647.8,827.776,1.20806,1.14624,1.13264,0.029408,0.089472,0.016384,0.187392,0.809984,0.021304,1244819,1244819,415283,33.3609,1920,1080,raygs,triangles,1,off,0,on,-4
1781754703718802578,11649.2,829.621,1.20537,1.14867,1.13571,0.030112,0.088608,0.016384,0.189792,0.810816,0.054776,1244819,1244819,415283,33.3609,1920,1080,raygs,triangles,1,off,0,on,-4
1781754703719936195,11650.3,827.998,1.20773,1.14986,1.13846,0.030976,0.089632,0.016384,0.190464,0.811008,0.039221,1244819,1244819,415283,33.3609,1920,1080,raygs,triangles,1,off,0,on,-4
1781754703721120014,11651.5,828.51,1.20699,1.14742,1.13357,0.030592,0.089344,0.01536,0.187392,0.81088,0.056665,1244819,1244819,415283,33.3609,1920,1080,raygs,triangles,1,off,0,on,-4
1781754703722282615,11652.7,828.118,1.20756,1.14739,1.13597,0.030624,0.089856,0.016384,0.188416,0.810688,0.043486,1244819,1244819,415283,33.3609,1920,1080,raygs,triangles,1,off,0,on,-4
1781754703723427323,11653.8,828.397,1.20715,1.14755,1.13638,0.03072,0.089856,0.016384,0.188416,0.811008,0.019447,1244819,1244819,415283,33.3609,1920,1080,raygs,triangles,1,off,0,on,-4
1781754703724645209,11655,828.667,1.20676,1.14915,1.13619,0.030272,0.09008,0.016384,0.188448,0.811008,0.052791,1244819,1244819,415283,33.3609,1920,1080,raygs,triangles,1,off,0,on,-4
1781754703725819773,11656.2,829.299,1.20584,1.14957,1.13715,0.029664,0.089504,0.016384,0.190624,0.810976,0.052998,1244819,1244819,415283,33.3609,1920,1080,raygs,triangles,1,off,0,on,-4
1781754703727188487,11657.6,829.962,1.20487,1.3313,1.31693,0.030176,0.088672,0.01536,0.372736,0.809984,0.049094,1244819,1244819,415283,33.3609,1920,1080,raygs,triangles,1,off,0,on,-4
1781754703728467712,11658.9,827.002,1.20919,1.30096,1.28922,0.030016,0.0896,0.168128,0.190464,0.811008,0.018805,1244819,1244819,415283,33.3609,1920,1080,raygs,triangles,1,off,0,on,-4
1781754703729713938,11660.1,825.628,1.2112,1.14659,1.13542,0.030816,0.089152,0.016384,0.18944,0.809632,0.038925,1244819,1244819,415283,33.3609,1920,1080,raygs,triangles,1,off,0,on,-4
1781754703730807453,11661.2,824.924,1.21223,1.14794,1.1352,0.030176,0.089216,0.01536,0.18944,0.811008,0.016836,1244819,1244819,415283,33.3609,1920,1080,raygs,triangles,1,off,0,on,-4
1781754703732020221,11662.4,825.889,1.21082,1.1481,1.1353,0.030304,0.089184,0.01536,0.190464,0.809984,0.053678,1244819,1244819,415283,33.3609,1920,1080,raygs,triangles,1,off,0,on,-4
1781754703733344402,11663.7,826.144,1.21044,1.14717,1.13424,0.030368,0.089344,0.01536,0.187392,0.811776,0.04003,1244819,1244819,415283,33.3609,1920,1080,raygs,triangles,1,off,0,on,-4
1781754703734607080,11665,824.804,1.21241,1.14922,1.13597,0.030208,0.088928,0.016384,0.190464,0.809984,0.041154,1244819,1244819,415283,33.3609,1920,1080,raygs,triangles,1,off,0,on,-4
1781754703735897096,11666.3,826.202,1.21036,1.14794,1.13427,0.031104,0.089664,0.01536,0.187392,0.810752,0.036787,1244819,1244819,415283,33.3609,1920,1080,raygs,triangles,1,off,0,on,-4
1781754703737044903,11667.4,826.504,1.20992,1.14746,1.13642,0.031136,0.089472,0.016384,0.18944,0.809984,0.035211,1244819,1244819,415283,33.3609,1920,1080,raygs,triangles,1,off,0,on,-4
1781754703738215929,11668.6,825.754,1.21101,1.14832,1.13613,0.030464,0.089248,0.01536,0.18944,0.811616,0.039112,1244819,1244819,415283,33.3609,1920,1080,raygs,triangles,1,off,0,on,-4
1781754703739395785,11669.8,825.483,1.21141,1.14646,1.13373,0.029632,0.089312,0.016384,0.187392,0.811008,0.035131,1244819,1244819,415283,33.3609,1920,1080,raygs,triangles,1,off,0,on,-4
1781754703740566323,11671,825.716,1.21107,1.1473,1.13456,0.030464,0.08912,0.015424,0.188608,0.810944,0.038058,1244819,1244819,415283,33.3609,1920,1080,raygs,triangles,1,off,0,on,-4
1781754703741731773,11672.1,827.311,1.20873,1.14739,1.13523,0.029536,0.089984,0.016384,0.188416,0.810912,0.034808,1244819,1244819,415283,33.3609,1920,1080,raygs,triangles,1,off,0,on,-4
1781754703743084393,11673.5,827.64,1.20826,1.15158,1.13741,0.03024,0.089312,0.01536,0.192512,0.809984,0.034763,1244819,1244819,415283,33.3609,1920,1080,raygs,triangles,1,off,0,on,-4
1781754703744386110,11674.8,825.232,1.21178,1.15242,1.13949,0.034592,0.089728,0.016384,0.187776,0.811008,0.034376,1244819,1244819,415283,33.3609,1920,1080,raygs,triangles,1,off,0,on,-4
1781754703745556432,11675.9,823.481,1.21436,1.1489,1.13434,0.031072,0.089344,0.01552,0.188416,0.809984,0.035285,1244819,1244819,415283,33.3609,1920,1080,raygs,triangles,1,off,0,on,-4
1781754703746735778,11677.1,823.841,1.21383,1.14653,1.13261,0.029728,0.089024,0.01536,0.18784,0.810656,0.03448,1244819,1244819,415283,33.3609,1920,1080,raygs,triangles,1,off,0,on,-4
1781754703747897865,11678.3,823.398,1.21448,1.1488,1.13475,0.030272,0.088608,0.01536,0.189504,0.811008,0.034438,1244819,1244819,415283,33.3609,1920,1080,raygs,triangles,1,off,0,on,-4
1781754703749073546,11679.5,823.887,1.21376,1.14906,1.1352,0.030272,0.088864,0.015616,0.18944,0.811008,0.034325,1244819,1244819,415283,33.3609,1920,1080,raygs,triangles,1,off,0,on,-4
1781754703750247943,11680.6,826.187,1.21038,1.14602,1.13414,0.030208,0.089152,0.016384,0.188416,0.809984,0.034146,1244819,1244819,415283,33.3609,1920,1080,raygs,triangles,1,off,0,on,-4
1781754703751568638,11682,828.098,1.20759,1.14902,1.13478,0.030176,0.089984,0.015584,0.188416,0.810624,0.037478,1244819,1244819,415283,33.3609,1920,1080,raygs,triangles,1,off,0,on,-4
1781754703752719818,11683.1,825.812,1.21093,1.1481,1.1368,0.031264,0.089056,0.016384,0.18944,0.810656,0.035484,1244819,1244819,415283,33.3609,1920,1080,raygs,triangles,1,off,0,on,-4
1781754703753887253,11684.3,825.96,1.21071,1.14717,1.1351,0.030432,0.088864,0.016384,0.188416,0.811008,0.034422,1244819,1244819,415283,33.3609,1920,1080,raygs,triangles,1,off,0,on,-4
1781754703755056716,11685.4,826.856,1.2094,1.14755,1.13302,0.029696,0.089664,0.01536,0.187392,0.810912,0.033742,1244819,1244819,415283,33.3609,1920,1080,raygs,triangles,1,off,0,on,-4
1781754703756234148,11686.6,826.15,1.21043,1.14819,1.13619,0.029312,0.090272,0.016384,0.18944,0.810784,0.034206,1244819,1244819,415283,33.3609,1920,1080,raygs,triangles,1,off,0,on,-4
1781754703757409267,11687.8,826.409,1.21005,1.14662,1.13411,0.029792,0.089664,0.016384,0.187392,0.81088,0.034139,1244819,1244819,415283,33.3609,1920,1080,raygs,triangles,1,off,0,on,-4
1781754703758582825,11689,828.16,1.2075,1.14922,1.13574,0.030336,0.088928,0.01536,0.190464,0.810656,0.034087,1244819,1244819,415283,33.3609,1920,1080,raygs,triangles,1,off,0,on,-4
1781754703759998672,11690.4,827.608,1.2083,1.38163,1.36848,0.030304,0.088736,0.01536,0.423072,0.811008,0.034948,1244819,1244819,415283,33.3609,1920,1080,raygs,triangles,1,off,0,on,-4
1781754703761323073,11691.7,825.202,1.21182,1.28774,1.27654,0.030144,0.089472,0.016384,0.329728,0.810816,0.035779,1244819,1244819,415283,33.3609,1920,1080,raygs,triangles,1,off,0,on,-4
1781754703762537619,11692.9,823.227,1.21473,1.14877,1.13674,0.030176,0.089728,0.016384,0.18944,0.811008,0.037322,1244819,1244819,415283,33.3609,1920,1080,raygs,triangles,1,off,0,on,-4
1781754703763648261,11694,822.654,1.21558,1.14781,1.13542,0.029984,0.089632,0.016384,0.188416,0.811008,0.036004,1244819,1244819,415283,33.3609,1920,1080,raygs,triangles,1,off,0,on,-4
1781754703764814818,11695.2,823.33,1.21458,1.14819,1.13542,0.030368,0.089536,0.016384,0.188416,0.81072,0.033819,1244819,1244819,415283,33.3609,1920,1080,raygs,triangles,1,off,0,on,-4
1781754703765988139,11696.4,823.154,1.21484,1.14662,1.13466,0.029856,0.089376,0.016384,0.188416,0.810624,0.034129,1244819,1244819,415283,33.3609,1920,1080,raygs,triangles,1,off,0,on,-4
1781754703767119532,11697.5,825.949,1.21073,1.1471,1.13485,0.030592,0.089632,0.016384,0.187392,0.810848,0.035111,1244819,1244819,415283,33.3609,1920,1080,raygs,triangles,1,off,0,on,-4
1781754703768402739,11698.8,827.902,1.20787,1.14781,1.13581,0.03056,0.089472,0.016384,0.188608,0.810784,0.030147,1244819,1244819,415283,33.3609,1920,1080,raygs,triangles,1,off,0,on,-4
1781754703769553445,11699.9,826.823,1.20945,1.14922,1.13594,0.030336,0.089792,0.01536,0.18944,0.811008,0.044639,1244819,1244819,415283,33.3609,1920,1080,raygs,triangles,1,off,0,on,-4
1781754703770725866,11701.1,826.867,1.20938,1.14781,1.13571,0.029824,0.089504,0.016384,0.18944,0.81056,0.046816,1244819,1244819,415283,33.3609,1920,1080,raygs,triangles,1,off,0,on,-4
1781754703771886252,11702.3,827.292,1.20876,1.14528,1.13328,0.030496,0.089152,0.016256,0.186368,0.811008,0.04083,1244819,1244819,415283,33.3609,1920,1080,raygs,triangles,1,off,0,on,-4
1781754703773033551,11703.4,827.625,1.20828,1.14922,1.13574,0.030336,0.090144,0.01536,0.188896,0.811008,0.019743,1244819,1244819,415283,33.3609,1920,1080,raygs,triangles,1,off,0,on,-4
1781754703774246347,11704.6,827.733,1.20812,1.14762,1.13293,0.029792,0.08944,0.01536,0.188416,0.80992,0.057215,1244819,1244819,415283,33.3609,1920,1080,raygs,triangles,1,off,0,on,-4
1781754703775380805,11705.8,829.591,1.20541,1.14637,1.13437,0.029536,0.089408,0.016384,0.188416,0.810624,0.015944,1244819,1244819,415283,33.3609,1920,1080,raygs,triangles,1,off,0,on,-4
1781754703776814704,11707.2,829.429,1.20565,1.38352,1.37085,0.030176,0.089344,0.01536,0.42496,0.811008,0.048126,1244819,1244819,415283,33.3609,1920,1080,raygs,triangles,1,off,0,on,-4
1781754703778103153,11708.5,826.444,1.21,1.28762,1.27453,0.030496,0.08896,0.016384,0.32768,0.811008,0.019156,1244819,1244819,415283,33.3609,1920,1080,raygs,triangles,1,off,0,on,-4
1781754703779334642,11709.7,825.101,1.21197,1.15002,1.13664,0.030112,0.090816,0.016384,0.188416,0.810912,0.07007,1244819,1244819,415283,33.3609,1920,1080,raygs,triangles,1,off,0,on,-4
1781754703780488475,11710.9,824.597,1.21271,1.14893,1.13677,0.030048,0.089888,0.016384,0.190464,0.809984,0.052204,1244819,1244819,415283,33.3609,1920,1080,raygs,triangles,1,off,0,on,-4
1781754703781664136,11712.1,824.88,1.2123,1.14832,1.13523,0.029472,0.089504,0.016224,0.18944,0.810592,0.059083,1244819,1244819,415283,33.3609,1920,1080,raygs,triangles,1,off,0,on,-4
1781754703782843169,11713.2,824.396,1.21301,1.16835,1.1553,0.030336,0.089696,0.016384,0.208896,0.809984,0.045912,1244819,1244819,415283,33.3609,1920,1080,raygs,triangles,1,off,0,on,-4
1781754703784026954,11714.4,827.027,1.20915,1.14614,1.13293,0.030336,0.088992,0.01536,0.187392,0.810848,0.045973,1244819,1244819,415283,33.3609,1920,1080,raygs,triangles,1,off,0,on,-4
1781754703785324639,11715.7,828.206,1.20743,1.14723,1.13587,0.030432,0.089696,0.016384,0.188416,0.810944,0.043654,1244819,1244819,415283,33.3609,1920,1080,raygs,triangles,1,off,0,on,-4
1781754703786519495,11716.9,826.893,1.20935,1.14906,1.1377,0.0312,0.090144,0.016192,0.18944,0.81072,0.066233,1244819,1244819,415283,33.3609,1920,1080,raygs,triangles,1,off,0,on,-4
1781754703787674314,11718.1,826.878,1.20937,1.14906,1.13594,0.030272,0.088832,0.016384,0.18944,0.811008,0.054817,1244819,1244819,415283,33.3609,1920,1080,raygs,triangles,1,off,0,on,-4
1781754703788854173,11719.2,826.805,1.20947,1.14851,1.13443,0.030656,0.088992,0.01536,0.18944,0.809984,0.061963,1244819,1244819,415283,33.3609,1920,1080,raygs,triangles,1,off,0,on,-4
1781754703790020340,11720.4,827.087,1.20906,1.14723,1.13379,0.030112,0.089824,0.01536,0.188512,0.809984,0.056408,1244819,1244819,415283,33.3609,1920,1080,raygs,triangles,1,off,0,on,-4
1781754703791193336,11721.6,826.933,1.20929,1.14698,1.13456,0.029152,0.089152,0.016128,0.188416,0.811712,0.058944,1244819,1244819,415283,33.3609,1920,1080,raygs,triangles,1,off,0,on,-4
1781754703792396327,11722.8,828.818,1.20654,1.1489,1.13466,0.030176,0.088672,0.01536,0.190464,0.809984,0.033865,1244819,1244819,415283,33.3609,1920,1080,raygs,triangles,1,off,0,on,-4
1781754703793707784,11724.1,827.988,1.20775,1.32525,1.31296,0.0304,0.08944,0.01536,0.366784,0.810976,0.041833,1244819,1244819,415283,33.3609,1920,1080,raygs,triangles,1,off,0,on,-4
1781754703795048790,11725.4,826.488,1.20994,1.31792,1.30474,0.030112,0.088736,0.182752,0.192512,0.810624,0.038645,1244819,1244819,415283,33.3609,1920,1080,raygs,triangles,1,off,0,on,-4
1781754703796220928,11726.6,824.51,1.21284,1.14669,1.13485,0.030912,0.089152,0.016384,0.188416,0.809984,0.047883,1244819,1244819,415283,33.3609,1920,1080,raygs,triangles,1,off,0,on,-4
1781754703797425940,11727.8,824.295,1.21316,1.14685,1.13507,0.030016,0.089696,0.016384,0.188416,0.81056,0.033994,1244819,1244819,415283,33.3609,1920,1080,raygs,triangles,1,off,0,on,-4
1781754703798592260,11729,824.37,1.21305,1.14816,1.13437,0.030304,0.089504,0.01536,0.188416,0.810784,0.032551,1244819,1244819,415283,33.3609,1920,1080,raygs,triangles,1,off,0,on,-4
1781754703799736491,11730.1,824.415,1.21298,1.14829,1.13482,0.03072,0.089632,0.016192,0.187552,0.81072,0.037313,1244819,1244819,415283,33.3609,1920,1080,raygs,triangles,1,off,0,on,-4
1781754703800929410,11731.3,827.094,1.20905,1.14816,1.13398,0.030688,0.088512,0.01536,0.18944,0.809984,0.053023,1244819,1244819,415283,33.3609,1920,1080,raygs,triangles,1,off,0,on,-4
1781754703802229738,11732.6,828.144,1.20752,1.1481,1.136,0.030272,0.088896,0.016384,0.18944,0.811008,0.063579,1244819,1244819,415283,33.3609,1920,1080,raygs,triangles,1,off,0,on,-4
1781754703803408679,11733.8,827.435,1.20855,1.14896,1.13462,0.031488,0.088576,0.01536,0.188416,0.810784,0.028248,1244819,1244819,415283,33.3609,1920,1080,raygs,triangles,1,off,0,on,-4
1781754703804558894,11735,826.544,1.20986,1.14595,1.13347,0.030144,0.089568,0.016384,0.187392,0.809984,0.052675,1244819,1244819,415283,33.3609,1920,1080,raygs,triangles,1,off,0,on,-4
1781754703805754385,11736.1,827.131,1.209,1.14701,1.1336,0.030272,0.0888,0.015456,0.188416,0.810656,0.069786,1244819,1244819,415283,33.3609,1920,1080,raygs,triangles,1,off,0,on,-4
1781754703806869403,11737.3,830.105,1.20467,1.14874,1.13635,0.029824,0.089792,0.016288,0.18944,0.811008,0.016969,1244819,1244819,415283,33.3609,1920,1080,raygs,triangles,1,off,0,on,-4
1781754703808123345,11738.5,830.551,1.20402,1.14637,1.13344,0.030592,0.088832,0.015712,0.187392,0.810912,0.042719,1244819,1244819,415283,33.3609,1920,1080,raygs,triangles,1,off,0,on,-4
1781754703809470939,11739.9,830.872,1.20356,1.1465,1.13427,0.029696,0.0896,0.016576,0.187392,0.811008,0.019716,1244819,1244819,415283,33.3609,1920,1080,raygs,triangles,1,off,0,on,-4
1781754703810800779,11741.2,828.498,1.207,1.15203,1.13776,0.0352,0.0888,0.01536,0.188416,0.809984,0.053501,1244819,1244819,415283,33.3609,1920,1080,raygs,triangles,1,off,0,on,-4
1781754703811961803,11742.4,826.783,1.20951,1.14928,1.1359,0.031776,0.090176,0.01536,0.187616,0.810976,0.039098,1244819,1244819,415283,33.3609,1920,1080,raygs,triangles,1,off,0,on,-4
1781754703813156095,11743.5,827.055,1.20911,1.14598,1.13267,0.030176,0.08896,0.01616,0.187392,0.809984,0.054543,1244819,1244819,415283,33.3609,1920,1080,raygs,triangles,1,off,0,on,-4
1781754703814344408,11744.7,826.717,1.2096,1.14598,1.13446,0.030176,0.089696,0.016384,0.187392,0.810816,0.028624,1244819,1244819,415283,33.3609,1920,1080,raygs,triangles,1,off,0,on,-4
1781754703815490058,11745.9,826.509,1.20991,1.14726,1.13405,0.029408,0.089184,0.016096,0.188416,0.810944,0.044082,1244819,1244819,415283,33.3609,1920,1080,raygs,triangles,1,off,0,on,-4
1781754703816626049,11747,828.886,1.20644,1.14803,1.13597,0.030272,0.089856,0.016384,0.1888,0.810656,0.015988,1244819,1244819,415283,33.3609,1920,1080,raygs,triangles,1,off,0,on,-4
1781754703817870417,11748.3,830.61,1.20393,1.14771,1.13514,0.029888,0.089664,0.016384,0.188416,0.810784,0.041742,1244819,1244819,415283,33.3609,1920,1080,raygs,triangles,1,off,0,on,-4
1781754703819129006,11749.5,829.978,1.20485,1.27709,1.26368,0.030272,0.089376,0.015584,0.318464,0.809984,0.038224,1244819,1244819,415283,33.3609,1920,1080,raygs,triangles,1,off,0,on,-4
1781754703820281887,11750.7,829.057,1.20619,1.14749,1.13379,0.030656,0.089152,0.015584,0.188416,0.809984,0.020562,1244819,1244819,415283,33.3609,1920,1080,raygs,triangles,1,off,0,on,-4
1781754703821483658,11751.9,828.776,1.2066,1.15088,1.13894,0.030976,0.091136,0.016384,0.190464,0.809984,0.051895,1244819,1244819,415283,33.3609,1920,1080,raygs,triangles,1,off,0,on,-4
1781754703822617370,11753,828.842,1.2065,1.1481,1.13581,0.030272,0.089728,0.016384,0.188416,0.811008,0.016429,1244819,1244819,415283,33.3609,1920,1080,raygs,triangles,1,off,0,on,-4
1781754703823820331,11754.2,829.151,1.20605,1.14986,1.13651,0.029952,0.088896,0.016384,0.190464,0.810816,0.048712,1244819,1244819,415283,33.3609,1920,1080,raygs,triangles,1,off,0,on,-4
1781754703824962421,11755.4,830.699,1.20381,1.14755,1.13376,0.029696,0.08928,0.01536,0.188416,0.811008,0.019229,1244819,1244819,415283,33.3609,1920,1080,raygs,triangles,1,off,0,on,-4
1781754703826378188,11756.8,830.32,1.20436,1.14739,1.13418,0.030048,0.089344,0.016384,0.188416,0.809984,0.02832,1244819,1244819,415283,33.3609,1920,1080,raygs,triangles,1,off,0,on,-4
1781754703827712583,11758.1,827.718,1.20814,1.15267,1.14144,0.035872,0.08976,0.016384,0.188416,0.811008,0.068238,1244819,1244819,415283,33.3609,1920,1080,raygs,triangles,1,off,0,on,-4
1781754703828828572,11759.2,826.046,1.21059,1.14874,1.13558,0.031552,0.089312,0.016384,0.188416,0.80992,0.015707,1244819,1244819,415283,33.3609,1920,1080,raygs,triangles,1,off,0,on,-4
1781754703830029471,11760.4,826.631,1.20973,1.14781,1.1359,0.030112,0.089792,0.016384,0.188832,0.810784,0.045983,1244819,1244819,415283,33.3609,1920,1080,raygs,triangles,1,off,0,on,-4
1781754703831220277,11761.6,826.531,1.20988,1.14934,1.13725,0.030496,0.090144,0.016384,0.18944,0.810784,0.048681,1244819,1244819,415283,33.3609,1920,1080,raygs,triangles,1,off,0,on,-4
1781754703832379151,11762.8,825.895,1.21081,1.14566,1.13402,0.029856,0.089376,0.016384,0.187392,0.811008,0.038495,1244819,1244819,415283,33.3609,1920,1080,raygs,triangles,1,off,0,on,-4
1781754703833549960,11763.9,829.205,1.20597,1.1463,1.13261,0.029504,0.089344,0.016384,0.187392,0.809984,0.041027,1244819,1244819,415283,33.3609,1920,1080,raygs,triangles,1,off,0,on,-4
1781754703834746807,11765.1,830.999,1.20337,1.14803,1.13571,0.030208,0.088864,0.015584,0.190464,0.810592,0.048035,1244819,1244819,415283,33.3609,1920,1080,raygs,triangles,1,off,0,on,-4
1781754703835995083,11766.4,831.209,1.20307,1.27581,1.26339,0.029952,0.089632,0.016384,0.31744,0.809984,0.016272,1244819,1244819,415283,33.3609,1920,1080,raygs,triangles,1,off,0,on,-4
1781754703837213301,11767.6,829.383,1.20571,1.1463,1.13421,0.030496,0.088928,0.016384,0.188416,0.809984,0.067472,1244819,1244819,415283,33.3609,1920,1080,raygs,triangles,1,off,0,on,-4
1781754703838381660,11768.8,828.966,1.20632,1.14755,1.13405,0.029728,0.09056,0.016384,0.187392,0.809984,0.048562,1244819,1244819,415283,33.3609,1920,1080,raygs,triangles,1,off,0,on,-4
1781754703839557436,11769.9,828.929,1.20638,1.14806,1.13635,0.030208,0.089728,0.016384,0.18944,0.810592,0.04462,1244819,1244819,415283,33.3609,1920,1080,raygs,triangles,1,off,0,on,-4
1781754703840691547,11771.1,828.454,1.20707,1.14906,1.13674,0.030496,0.089696,0.016384,0.18944,0.81072,0.016163,1244819,1244819,415283,33.3609,1920,1080,raygs,triangles,1,off,0,on,-4
1781754703841870994,11772.3,829.914,1.20494,1.15021,1.13805,0.030752,0.088416,0.016384,0.191488,0.811008,0.0265,1244819,1244819,415283,33.3609,1920,1080,raygs,triangles,1,off,0,on,-4
1781754703843285251,11773.7,829.57,1.20544,1.14883,1.13555,0.029984,0.089632,0.016384,0.188864,0.810688,0.04946,1244819,1244819,415283,33.3609,1920,1080,raygs,triangles,1,off,0,on,-4
1781754703844601489,11775,826.936,1.20928,1.1504,1.13827,0.035616,0.08992,0.016384,0.186368,0.809984,0.065164,1244819,1244819,415283,33.3609,1920,1080,raygs,triangles,1,off,0,on,-4
1781754703845774274,11776.2,825.156,1.21189,1.14912,1.13603,0.031264,0.089984,0.01536,0.188416,0.811008,0.057986,1244819,1244819,415283,33.3609,1920,1080,raygs,triangles,1,off,0,on,-4
1781754703846896757,11777.3,825.068,1.21202,1.14816,1.13581,0.030336,0.089664,0.016384,0.18944,0.809984,0.015648,1244819,1244819,415283,33.3609,1920,1080,raygs,triangles,1,off,0,on,-4
1781754703848157067,11778.5,825.505,1.21138,1.1456,1.13338,0.030304,0.089344,0.016192,0.186528,0.811008,0.038773,1244819,1244819,415283,33.3609,1920,1080,raygs,triangles,1,off,0,on,-4
1781754703849293540,11779.7,824.607,1.2127,1.14749,1.13491,0.029632,0.088832,0.01536,0.18944,0.811648,0.058415,1244819,1244819,415283,33.3609,1920,1080,raygs,triangles,1,off,0,on,-4
1781754703850413452,11780.8,827.813,1.208,1.14602,1.13392,0.030208,0.089952,0.016384,0.187392,0.809984,0.016365,1244819,1244819,415283,33.3609,1920,1080,raygs,triangles,1,off,0,on,-4
1781754703851787032,11782.2,829.721,1.20522,1.14637,1.13459,0.030592,0.089152,0.016448,0.187392,0.811008,0.044283,1244819,1244819,415283,33.3609,1920,1080,raygs,triangles,1,off,0,on,-4
1781754703852943797,11783.3,828.071,1.20763,1.14918,1.13734,0.030944,0.089568,0.016384,0.18944,0.811008,0.028281,1244819,1244819,415283,33.3609,1920,1080,raygs,triangles,1,off,0,on,-4
1781754703854056209,11784.4,828.092,1.2076,1.14816,1.13677,0.030304,0.089664,0.016384,0.18944,0.810976,0.016057,1244819,1244819,415283,33.3609,1920,1080,raygs,triangles,1,off,0,on,-4
1781754703855270649,11785.7,828.561,1.20691,1.14746,1.13443,0.029632,0.08944,0.016416,0.188416,0.810528,0.055533,1244819,1244819,415283,33.3609,1920,1080,raygs,triangles,1,off,0,on,-4
1781754703856434570,11786.8,828.427,1.20711,1.14787,1.13552,0.030016,0.089696,0.016384,0.18944,0.809984,0.03977,1244819,1244819,415283,33.3609,1920,1080,raygs,triangles,1,off,0,on,-4
1781754703857624460,11788,828.703,1.20671,1.15117,1.13802,0.03024,0.088896,0.016384,0.192512,0.809984,0.050502,1244819,1244819,415283,33.3609,1920,1080,raygs,triangles,1,off,0,on,-4
1781754703858790158,11789.2,829.82,1.20508,1.14678,1.13546,0.02992,0.089728,0.016384,0.188416,0.811008,0.043689,1244819,1244819,415283,33.3609,1920,1080,raygs,triangles,1,off,0,on,-4
1781754703860158838,11790.6,830.245,1.20446,1.37872,1.36678,0.030112,0.08944,0.016384,0.41984,0.811008,0.016335,1244819,1244819,415283,33.3609,1920,1080,raygs,triangles,1,off,0,on,-4
1781754703861519080,11791.9,827.538,1.2084,1.28659,1.27382,0.029472,0.08928,0.01632,0.328128,0.810624,0.060186,1244819,1244819,415283,33.3609,1920,1080,raygs,triangles,1,off,0,on,-4
1781754703862674669,11793.1,825.735,1.21104,1.14765,1.13331,0.030368,0.090336,0.015616,0.186368,0.810624,0.040134,1244819,1244819,415283,33.3609,1920,1080,raygs,triangles,1,off,0,on,-4
1781754703863853345,11794.2,825.831,1.2109,1.1473,1.13338,0.029472,0.08928,0.016384,0.187392,0.810848,0.047022,1244819,1244819,415283,33.3609,1920,1080,raygs,triangles,1,off,0,on,-4
1781754703865074607,11795.5,825.77,1.21099,1.14582,1.13402,0.030016,0.089248,0.016384,0.187488,0.81088,0.02916,1244819,1244819,415283,33.3609,1920,1080,raygs,triangles,1,off,0,on,-4
1781754703866368598,11796.8,825.493,1.2114,1.17136,1.15782,0.029984,0.089344,0.015712,0.211968,0.810816,0.036125,1244819,1244819,415283,33.3609,1920,1080,raygs,triangles,1,off,0,on,-4
1781754703867374601,11797.8,825.76,1.21101,1.14778,1.13533,0.029952,0.089568,0.016384,0.188416,0.811008,0.027383,1244819,1244819,415283,33.3609,1920,1080,raygs,triangles,1,off,0,on,-4
1781754703868641453,11799,829.606,1.20539,1.14797,1.13587,0.030112,0.089344,0.016384,0.18944,0.810592,0.018727,1244819,1244819,415283,33.3609,1920,1080,raygs,triangles,1,off,0,on,-4
1781754703869815722,11800.2,828.517,1.20698,1.14874,1.13632,0.030848,0.08864,0.016384,0.18944,0.811008,0.026321,1244819,1244819,415283,33.3609,1920,1080,raygs,triangles,1,off,0,on,-4
1781754703870982273,11801.4,828.879,1.20645,1.14944,1.13536,0.030496,0.089056,0.01536,0.18944,0.811008,0.026301,1244819,1244819,415283,33.3609,1920,1080,raygs,triangles,1,off,0,on,-4
1781754703872150803,11802.5,828.87,1.20646,1.14848,1.1351,0.029632,0.089664,0.016384,0.18944,0.809984,0.025108,1244819,1244819,415283,33.3609,1920,1080,raygs,triangles,1,off,0,on,-4
1781754703873335080,11803.7,828.631,1.20681,1.148,1.13552,0.030176,0.089536,0.016384,0.18944,0.809984,0.026524,1244819,1244819,415283,33.3609,1920,1080,raygs,triangles,1,off,0,on,-4
1781754703874498953,11804.9,828.713,1.20669,1.14595,1.13446,0.030176,0.089664,0.016384,0.187392,0.810848,0.025649,1244819,1244819,415283,33.3609,1920,1080,raygs,triangles,1,off,0,on,-4
1781754703875666411,11806.1,830.308,1.20437,1.14704,1.13507,0.03024,0.089024,0.016384,0.188416,0.811008,0.024936,1244819,1244819,415283,33.3609,1920,1080,raygs,triangles,1,off,0,on,-4
1781754703877040849,11807.4,830.439,1.20418,1.35274,1.33949,0.030112,0.088736,0.01536,0.393632,0.811648,0.024106,1244819,1244819,415283,33.3609,1920,1080,raygs,triangles,1,off,0,on,-4
1781754703878350284,11808.7,827.887,1.20789,1.27603,1.26387,0.030272,0.089856,0.016384,0.316576,0.810784,0.026733,1244819,1244819,415283,33.3609,1920,1080,raygs,triangles,1,off,0,on,-4
1781754703879519067,11809.9,826.576,1.20981,1.14739,1.13514,0.030432,0.090048,0.016384,0.187552,0.81072,0.024146,1244819,1244819,415283,33.3609,1920,1080,raygs,triangles,1,off,0,on,-4
1781754703880686524,11811.1,826.143,1.21044,1.14573,1.13123,0.029952,0.088736,0.01536,0.186368,0.810816,0.023981,1244819,1244819,415283,33.3609,1920,1080,raygs,triangles,1,off,0,on,-4
1781754703881865219,11812.3,827.1,1.20904,1.14691,1.13539,0.030112,0.089472,0.016384,0.188416,0.811008,0.024824,1244819,1244819,415283,33.3609,1920,1080,raygs,triangles,1,off,0,on,-4
1781754703883061659,11813.5,829.035,1.20622,1.14762,1.13459,0.030816,0.088992,0.016384,0.187392,0.811008,0.033687,1244819,1244819,415283,33.3609,1920,1080,raygs,triangles,1,off,0,on,-4
1781754703884229964,11814.6,830.433,1.20419,1.14813,1.13578,0.030272,0.089696,0.016384,0.188416,0.811008,0.020581,1244819,1244819,415283,33.3609,1920,1080,raygs,triangles,1,off,0,on,-4
1781754703885526660,11815.9,830.079,1.2047,1.148,1.13606,0.030144,0.089088,0.016384,0.18944,0.811008,0.032802,1244819,1244819,415283,33.3609,1920,1080,raygs,triangles,1,off,0,on,-4
1781754703886687385,11817.1,829.136,1.20607,1.14944,1.13696,0.031296,0.090176,0.016384,0.188416,0.810688,0.019413,1244819,1244819,415283,33.3609,1920,1080,raygs,triangles,1,off,0,on,-4
1781754703887859288,11818.3,829.172,1.20602,1.14749,1.13434,0.030528,0.089184,0.016384,0.188416,0.809824,0.025754,1244819,1244819,415283,33.3609,1920,1080,raygs,triangles,1,off,0,on,-4
1781754703889170426,11819.6,828.894,1.20643,1.14758,1.13555,0.030048,0.088608,0.016384,0.189664,0.810848,0.028436,1244819,1244819,415283,33.3609,1920,1080,raygs,triangles,1,off,0,on,-4
1781754703890326445,11820.7,827.117,1.20902,1.1504,1.13712,0.03152,0.089504,0.015552,0.189536,0.811008,0.02387,1244819,1244819,415283,33.3609,1920,1080,raygs,triangles,1,off,0,on,-4
1781754703891565211,11822,827.575,1.20835,1.14669,1.13283,0.030368,0.089504,0.015584,0.187392,0.809984,0.041083,1244819,1244819,415283,33.3609,1920,1080,raygs,triangles,1,off,0,on,-4
1781754703892830649,11823.2,828.2,1.20744,1.14739,1.13466,0.030208,0.089504,0.01536,0.1888,0.810784,0.016825,1244819,1244819,415283,33.3609,1920,1080,raygs,triangles,1,off,0,on,-4
1781754703894173818,11824.6,827.159,1.20896,1.14765,1.13389,0.030816,0.089312,0.016384,0.187392,0.809984,0.026497,1244819,1244819,415283,33.3609,1920,1080,raygs,triangles,1,off,0,on,-4
1781754703895348226,11825.7,825.384,1.21156,1.15107,1.13888,0.035296,0.089824,0.016384,0.187392,0.809984,0.026166,1244819,1244819,415283,33.3609,1920,1080,raygs,triangles,1,off,0,on,-4
1781754703896518372,11826.9,825.032,1.21207,1.14832,1.13459,0.029472,0.08944,0.016256,0.188416,0.811008,0.025174,1244819,1244819,415283,33.3609,1920,1080,raygs,triangles,1,off,0,on,-4
1781754703897691312,11828.1,825.13,1.21193,1.14618,1.13197,0.030368,0.088864,0.01536,0.187392,0.809984,0.026206,1244819,1244819,415283,33.3609,1920,1080,raygs,triangles,1,off,0,on,-4
1781754703898859512,11829.3,825.293,1.21169,1.14701,1.1335,0.030176,0.088992,0.01536,0.188416,0.81056,0.02593,1244819,1244819,415283,33.3609,1920,1080,raygs,triangles,1,off,0,on,-4
1781754703900033024,11830.4,827.813,1.208,1.14755,1.13418,0.029696,0.089152,0.01536,0.188416,0.811552,0.024642,1244819,1244819,415283,33.3609,1920,1080,raygs,triangles,1,off,0,on,-4
1781754703901206466,11831.6,829.441,1.20563,1.14678,1.13536,0.030272,0.089632,0.016384,0.188416,0.810656,0.029361,1244819,1244819,415283,33.3609,1920,1080,raygs,triangles,1,off,0,on,-4
1781754703902517842,11832.9,828.964,1.20632,1.27942,1.26768,0.030496,0.089312,0.016352,0.320512,0.811008,0.027169,1244819,1244819,415283,33.3609,1920,1080,raygs,triangles,1,off,0,on,-4
1781754703903680422,11834.1,827.521,1.20843,1.14566,1.1344,0.030432,0.08912,0.016384,0.187744,0.81072,0.024248,1244819,1244819,415283,33.3609,1920,1080,raygs,triangles,1,off,0,on,-4
1781754703904871928,11835.3,828.181,1.20746,1.14813,1.1361,0.03056,0.089728,0.016384,0.188416,0.811008,0.0274,1244819,1244819,415283,33.3609,1920,1080,raygs,triangles,1,off,0,on,-4
1781754703906034074,11836.4,827.508,1.20845,1.14717,1.1359,0.030336,0.089152,0.016384,0.188416,0.811616,0.025394,1244819,1244819,415283,33.3609,1920,1080,raygs,triangles,1,off,0,on,-4
1781754703907204736,11837.6,827.609,1.2083,1.14746,1.13453,0.030624,0.08912,0.01536,0.188416,0.811008,0.027727,1244819,1244819,415283,33.3609,1920,1080,raygs,triangles,1,off,0,on,-4
1781754703908373550,11838.8,827.829,1.20798,1.1481,1.13549,0.030336,0.089632,0.016384,0.188416,0.81072,0.023703,1244819,1244819,415283,33.3609,1920,1080,raygs,triangles,1,off,0,on,-4
1781754703909794168,11840.2,828.964,1.20632,1.14992,1.13818,0.030016,0.089344,0.01632,0.191488,0.811008,0.02428,1244819,1244819,415283,33.3609,1920,1080,raygs,triangles,1,off,0,on,-4
1781754703911080246,11841.5,826.422,1.21004,1.1536,1.14154,0.035776,0.090144,0.016384,0.188416,0.810816,0.023703,1244819,1244819,415283,33.3609,1920,1080,raygs,triangles,1,off,0,on,-4
1781754703912253517,11842.6,825.174,1.21187,1.1479,1.13408,0.031072,0.089504,0.016128,0.187392,0.809984,0.025141,1244819,1244819,415283,33.3609,1920,1080,raygs,triangles,1,off,0,on,-4
1781754703913487383,11843.9,825.255,1.21175,1.1463,1.13318,0.030112,0.089312,0.01536,0.187392,0.811008,0.037354,1244819,1244819,415283,33.3609,1920,1080,raygs,triangles,1,off,0,on,-4
1781754703914599316,11845,824.402,1.213,1.14781,1.13427,0.030144,0.089344,0.01536,0.18944,0.809984,0.015001,1244819,1244819,415283,33.3609,1920,1080,raygs,triangles,1,off,0,on,-4
1781754703915777815,11846.2,824.631,1.21266,1.14717,1.1337,0.030336,0.089504,0.01536,0.188512,0.809984,0.025378,1244819,1244819,415283,33.3609,1920,1080,raygs,triangles,1,off,0,on,-4
1781754703916953517,11847.3,827.547,1.20839,1.14771,1.13635,0.029856,0.089664,0.016384,0.18944,0.811008,0.026449,1244819,1244819,415283,33.3609,1920,1080,raygs,triangles,1,off,0,on,-4
1781754703918296809,11848.7,829.126,1.20609,1.14762,1.1353,0.030112,0.089632,0.016256,0.188416,0.81088,0.037717,1244819,1244819,415283,33.3609,1920,1080,raygs,triangles,1,off,0,on,-4
1781754703919406960,11849.8,827.352,1.20868,1.14755,1.13504,0.03072,0.089536,0.016384,0.187392,0.811008,0.015118,1244819,1244819,415283,33.3609,1920,1080,raygs,triangles,1,off,0,on,-4
1781754703920600401,11851,827.762,1.20808,1.14851,1.13549,0.029664,0.090016,0.016384,0.18944,0.809984,0.026639,1244819,1244819,415283,33.3609,1920,1080,raygs,triangles,1,off,0,on,-4
1781754703921764618,11852.2,828.184,1.20746,1.14659,1.13517,0.02976,0.0896,0.016384,0.188416,0.811008,0.026125,1244819,1244819,415283,33.3609,1920,1080,raygs,triangles,1,off,0,on,-4
1781754703922964918,11853.4,827.692,1.20818,1.14659,1.1345,0.03024,0.089472,0.016384,0.187392,0.811008,0.035928,1244819,1244819,415283,33.3609,1920,1080,raygs,triangles,1,off,0,on,-4
1781754703924112464,11854.5,827.253,1.20882,1.14717,1.1353,0.030336,0.089312,0.016576,0.188416,0.810656,0.020683,1244819,1244819,415283,33.3609,1920,1080,raygs,triangles,1,off,0,on,-4
1781754703925287862,11855.7,829.504,1.20554,1.15139,1.13808,0.030624,0.089312,0.015648,0.191488,0.811008,0.025921,1244819,1244819,415283,33.3609,1920,1080,raygs,triangles,1,off,0,on,-4
1781754703926633178,11857,829.096,1.20613,1.32378,1.31053,0.030176,0.08944,0.01536,0.364544,0.811008,0.026064,1244819,1244819,415283,33.3609,1920,1080,raygs,triangles,1,off,0,on,-4
1781754703928006545,11858.4,826.749,1.20956,1.31523,1.30234,0.030496,0.088992,0.1824,0.190464,0.809984,0.03464,1244819,1244819,415283,33.3609,1920,1080,raygs,triangles,1,off,0,on,-4
1781754703929141793,11859.5,824.987,1.21214,1.1489,1.13523,0.029952,0.08848,0.016384,0.18944,0.810976,0.017584,1244819,1244819,415283,33.3609,1920,1080,raygs,triangles,1,off,0,on,-4
1781754703930330746,11860.7,825.001,1.21212,1.14717,1.13328,0.029312,0.089184,0.016384,0.188416,0.809984,0.025557,1244819,1244819,415283,33.3609,1920,1080,raygs,triangles,1,off,0,on,-4
1781754703931491490,11861.9,825.22,1.2118,1.14637,1.13373,0.030592,0.089344,0.01536,0.1864,0.812032,0.024882,1244819,1244819,415283,33.3609,1920,1080,raygs,triangles,1,off,0,on,-4
1781754703932659410,11863.1,825.169,1.21187,1.14762,1.13405,0.029696,0.089568,0.016384,0.188416,0.809984,0.024406,1244819,1244819,415283,33.3609,1920,1080,raygs,triangles,1,off,0,on,-4
1781754703933832112,11864.2,827.68,1.2082,1.14806,1.13482,0.030176,0.088672,0.016384,0.188576,0.811008,0.025255,1244819,1244819,415283,33.3609,1920,1080,raygs,triangles,1,off,0,on,-4
1781754703935132194,11865.5,829.509,1.20553,1.1488,1.13626,0.029952,0.089728,0.016384,0.18944,0.810752,0.029217,1244819,1244819,415283,33.3609,1920,1080,raygs,triangles,1,off,0,on,-4
1781754703936301129,11866.7,827.84,1.20796,1.14784,1.13363,0.03104,0.088832,0.01536,0.188416,0.809984,0.025281,1244819,1244819,415283,33.3609,1920,1080,raygs,triangles,1,off,0,on,-4
1781754703937469516,11867.9,828.185,1.20746,1.1488,1.13488,0.030688,0.089152,0.015616,0.18944,0.809984,0.024855,1244819,1244819,415283,33.3609,1920,1080,raygs,triangles,1,off,0,on,-4
1781754703938639025,11869,828.742,1.20665,1.14701,1.13402,0.030208,0.089024,0.01536,0.188416,0.811008,0.024355,1244819,1244819,415283,33.3609,1920,1080,raygs,triangles,1,off,0,on,-4
1781754703939811447,11870.2,830.375,1.20427,1.14835,1.1351,0.0304,0.088896,0.016384,0.18944,0.809984,0.024011,1244819,1244819,415283,33.3609,1920,1080,raygs,triangles,1,off,0,on,-4
1781754703940990734,11871.4,828.407,1.20714,1.14848,1.13456,0.030656,0.08896,0.01536,0.188576,0.811008,0.024811,1244819,1244819,415283,33.3609,1920,1080,raygs,triangles,1,off,0,on,-4
1781754703942162615,11872.6,829.118,1.2061,1.14717,1.13517,0.030368,0.08928,0.016448,0.188416,0.810656,0.024621,1244819,1244819,415283,33.3609,1920,1080,raygs,triangles,1,off,0,on,-4
1781754703943566376,11874,829.09,1.20614,1.38374,1.36976,0.030368,0.089088,0.01536,0.423936,0.811008,0.024053,1244819,1244819,415283,33.3609,1920,1080,raygs,triangles,1,off,0,on,-4
1781754703944878117,11875.3,826.748,1.20956,1.28816,1.27507,0.03072,0.08928,0.016384,0.328704,0.809984,0.023711,1244819,1244819,415283,33.3609,1920,1080,raygs,triangles,1,off,0,on,-4
1781754703946064034,11876.5,825.051,1.21205,1.14717,1.13597,0.030336,0.091776,0.01632,0.186688,0.810848,0.024344,1244819,1244819,415283,33.3609,1920,1080,raygs,triangles,1,off,0,on,-4
1781754703947237566,11877.6,824.765,1.21247,1.14717,1.1351,0.030368,0.088864,0.016384,0.18848,0.811008,0.02515,1244819,1244819,415283,33.3609,1920,1080,raygs,triangles,1,off,0,on,-4
1781754703948403406,11878.8,824.679,1.21259,1.1479,1.13325,0.03008,0.08864,0.01536,0.188416,0.810752,0.024395,1244819,1244819,415283,33.3609,1920,1080,raygs,triangles,1,off,0,on,-4
1781754703949607114,11880,824.739,1.2125,1.1703,1.15699,0.02992,0.089344,0.01568,0.211392,0.810656,0.024646,1244819,1244819,415283,33.3609,1920,1080,raygs,triangles,1,off,0,on,-4
1781754703950880825,11881.3,826.553,1.20984,1.1489,1.13674,0.030208,0.089696,0.016384,0.190464,0.809984,0.043972,1244819,1244819,415283,33.3609,1920,1080,raygs,triangles,1,off,0,on,-4
1781754703952095955,11882.5,827.162,1.20895,1.1472,1.13504,0.030464,0.088768,0.016384,0.188416,0.811008,0.024326,1244819,1244819,415283,33.3609,1920,1080,raygs,triangles,1,off,0,on,-4
1781754703953258743,11883.7,826.599,1.20978,1.14906,1.13498,0.0312,0.088992,0.01536,0.188416,0.811008,0.020014,1244819,1244819,415283,33.3609,1920,1080,raygs,triangles,1,off,0,on,-4
1781754703954427719,11884.8,826.484,1.20995,1.14803,1.13434,0.030176,0.089376,0.01536,0.18944,0.809984,0.025892,1244819,1244819,415283,33.3609,1920,1080,raygs,triangles,1,off,0,on,-4
1781754703955602409,11886,826.623,1.20974,1.14733,1.13594,0.030496,0.08896,0.016352,0.18944,0.810688,0.029397,1244819,1244819,415283,33.3609,1920,1080,raygs,triangles,1,off,0,on,-4
1781754703956767740,11887.2,826.888,1.20935,1.1488,1.13546,0.030464,0.089472,0.016384,0.188416,0.81072,0.024664,1244819,1244819,415283,33.3609,1920,1080,raygs,triangles,1,off,0,on,-4
1781754703957941197,11888.3,827.167,1.20895,1.14787,1.13565,0.030048,0.089792,0.016384,0.18944,0.809984,0.026774,1244819,1244819,415283,33.3609,1920,1080,raygs,triangles,1,off,0,on,-4
1781754703959114187,11889.5,828.39,1.20716,1.14922,1.13616,0.030336,0.090016,0.016384,0.18944,0.809984,0.024713,1244819,1244819,415283,33.3609,1920,1080,raygs,triangles,1,off,0,on,-4
1781754703960485666,11890.9,828.522,1.20697,1.34589,1.33443,0.030496,0.089824,0.016384,0.387072,0.810656,0.024414,1244819,1244819,415283,33.3609,1920,1080,raygs,triangles,1,off,0,on,-4
1781754703961794255,11892.2,826.22,1.21033,1.2879,1.27491,0.030272,0.08944,0.01536,0.328992,0.810848,0.024315,1244819,1244819,415283,33.3609,1920,1080,raygs,triangles,1,off,0,on,-4
1781754703962984109,11893.4,826.141,1.21045,1.14554,1.13376,0.030752,0.090112,0.016384,0.1856,0.810912,0.027616,1244819,1244819,415283,33.3609,1920,1080,raygs,triangles,1,off,0,on,-4
1781754703964155025,11894.5,826.146,1.21044,1.14653,1.13299,0.029664,0.089568,0.016384,0.187392,0.809984,0.025626,1244819,1244819,415283,33.3609,1920,1080,raygs,triangles,1,off,0,on,-4
1781754703965337595,11895.7,826.463,1.20997,1.14685,1.13283,0.030048,0.089184,0.01536,0.187392,0.810848,0.026755,1244819,1244819,415283,33.3609,1920,1080,raygs,triangles,1,off,0,on,-4
1781754703966502851,11896.9,827.632,1.20827,1.14896,1.13536,0.03008,0.08944,0.016384,0.188704,0.810752,0.02546,1244819,1244819,415283,33.3609,1920,1080,raygs,triangles,1,off,0,on,-4
1781754703967683195,11898.1,829.469,1.20559,1.14938,1.13725,0.03008,0.089408,0.016288,0.18944,0.812032,0.030126,1244819,1244819,415283,33.3609,1920,1080,raygs,triangles,1,off,0,on,-4
1781754703969059292,11899.5,829.41,1.20568,1.14902,1.13693,0.030176,0.090304,0.016384,0.18944,0.810624,0.043929,1244819,1244819,415283,33.3609,1920,1080,raygs,triangles,1,off,0,on,-4
1781754703970143655,11900.5,827.221,1.20887,1.14976,1.13814,0.03088,0.089408,0.016384,0.190464,0.811008,0.018697,1244819,1244819,415283,33.3609,1920,1080,raygs,triangles,1,off,0,on,-4
1781754703971443993,11901.8,828.112,1.20757,1.14755,1.13539,0.030016,0.089568,0.016384,0.188416,0.811008,0.026972,1244819,1244819,415283,33.3609,1920,1080,raygs,triangles,1,off,0,on,-4
1781754703972614221,11903,826.687,1.20965,1.14848,1.13587,0.030624,0.08944,0.016384,0.188416,0.811008,0.026323,1244819,1244819,415283,33.3609,1920,1080,raygs,triangles,1,off,0,on,-4
1781754703973779735,11904.2,826.74,1.20957,1.14659,1.1353,0.030176,0.089632,0.016384,0.188416,0.810688,0.025424,1244819,1244819,415283,33.3609,1920,1080,raygs,triangles,1,off,0,on,-4
1781754703974971404,11905.4,826.55,1.20985,1.14938,1.13734,0.029472,0.089312,0.016384,0.191488,0.810688,0.028028,1244819,1244819,415283,33.3609,1920,1080,raygs,triangles,1,off,0,on,-4
1781754703976372477,11906.8,828.211,1.20742,1.15056,1.13763,0.030656,0.089024,0.01648,0.190464,0.811008,0.03607,1244819,1244819,415283,33.3609,1920,1080,raygs,triangles,1,off,0,on,-4
1781754703977604424,11908,825.687,1.21111,1.14998,1.13619,0.034176,0.089248,0.015648,0.186368,0.810752,0.015335,1244819,1244819,415283,33.3609,1920,1080,raygs,triangles,1,off,0,on,-4
1781754703978780350,11909.2,824.951,1.21219,1.1489,1.13578,0.031264,0.089728,0.016384,0.188416,0.809984,0.025471,1244819,1244819,415283,33.3609,1920,1080,raygs,triangles,1,off,0,on,-4
1781754703979951725,11910.3,824.8,1.21241,1.14742,1.13635,0.030208,0.089312,0.016384,0.18944,0.811008,0.025751,1244819,1244819,415283,33.3609,1920,1080,raygs,triangles,1,off,0,on,-4
1781754703981130676,11911.5,824.886,1.21229,1.14717,1.13418,0.030432,0.088768,0.015552,0.188416,0.811008,0.027654,1244819,1244819,415283,33.3609,1920,1080,raygs,triangles,1,off,0,on,-4
1781754703982322959,11912.7,824.745,1.2125,1.14557,1.13139,0.029792,0.088864,0.01536,0.187392,0.809984,0.034429,1244819,1244819,415283,33.3609,1920,1080,raygs,triangles,1,off,0,on,-4
1781754703983503815,11913.9,827.467,1.20851,1.14874,1.13648,0.03008,0.089568,0.016384,0.189504,0.810944,0.026537,1244819,1244819,415283,33.3609,1920,1080,raygs,triangles,1,off,0,on,-4
1781754703984686477,11915.1,828.656,1.20677,1.14896,1.13603,0.03008,0.089056,0.016448,0.190464,0.809984,0.030109,1244819,1244819,415283,33.3609,1920,1080,raygs,triangles,1,off,0,on,-4
1781754703985968891,11916.4,828.519,1.20697,1.27981,1.26742,0.029888,0.089568,0.016384,0.321024,0.81056,0.016356,1244819,1244819,415283,33.3609,1920,1080,raygs,triangles,1,off,0,on,-4
1781754703987132204,11917.5,827.7,1.20817,1.14803,1.13376,0.030176,0.089024,0.01536,0.188416,0.810784,0.025692,1244819,1244819,415283,33.3609,1920,1080,raygs,triangles,1,off,0,on,-4
1781754703988338320,11918.7,827.548,1.20839,1.14938,1.13549,0.030528,0.090176,0.01536,0.18944,0.809984,0.039131,1244819,1244819,415283,33.3609,1920,1080,raygs,triangles,1,off,0,on,-4
1781754703989482988,11919.9,827.088,1.20906,1.14758,1.13504,0.029696,0.089536,0.016384,0.188416,0.811008,0.016629,1244819,1244819,415283,33.3609,1920,1080,raygs,triangles,1,off,0,on,-4
1781754703990696067,11921.1,827.243,1.20883,1.1479,1.13578,0.03024,0.089728,0.016384,0.18944,0.809984,0.038299,1244819,1244819,415283,33.3609,1920,1080,raygs,triangles,1,off,0,on,-4
1781754703991812780,11922.2,828.785,1.20658,1.14749,1.13347,0.029632,0.08928,0.01616,0.188416,0.809984,0.015648,1244819,1244819,415283,33.3609,1920,1080,raygs,triangles,1,off,0,on,-4
1781754703993287661,11923.7,828.533,1.20695,1.15168,1.13738,0.029728,0.089792,0.01536,0.192512,0.809984,0.038918,1244819,1244819,415283,33.3609,1920,1080,raygs,triangles,1,off,0,on,-4
1781754703994551620,11924.9,825.606,1.21123,1.15242,1.14038,0.035584,0.088992,0.016384,0.188416,0.811008,0.02597,1244819,1244819,415283,33.3609,1920,1080,raygs,triangles,1,off,0,on,-4
1781754703995710892,11926.1,824.632,1.21266,1.1489,1.13629,0.03104,0.089472,0.016384,0.188416,0.810976,0.026971,1244819,1244819,415283,33.3609,1920,1080,raygs,triangles,1,off,0,on,-4
1781754703996872179,11927.3,824.861,1.21233,1.1463,1.13453,0.030496,0.08912,0.016384,0.187712,0.810816,0.02351,1244819,1244819,415283,33.3609,1920,1080,raygs,triangles,1,off,0,on,-4
1781754703998059826,11928.5,824.94,1.21221,1.14806,1.13392,0.030272,0.089824,0.01536,0.18784,0.810624,0.026198,1244819,1244819,415283,33.3609,1920,1080,raygs,triangles,1,off,0,on,-4
1781754703999254723,11929.6,824.632,1.21266,1.14675,1.13574,0.030176,0.08976,0.016384,0.188416,0.811008,0.026261,1244819,1244819,415283,33.3609,1920,1080,raygs,triangles,1,off,0,on,-4
1781754704000430567,11930.8,826.478,1.20995,1.14864,1.1344,0.030336,0.089344,0.01568,0.188416,0.810624,0.025303,1244819,1244819,415283,33.3609,1920,1080,raygs,triangles,1,off,0,on,-4
1781754704001690834,11932.1,828.35,1.20722,1.14934,1.13475,0.030496,0.088736,0.01536,0.18944,0.81072,0.025538,1244819,1244819,415283,33.3609,1920,1080,raygs,triangles,1,off,0,on,-4
1781754704002858229,11933.2,827.363,1.20866,1.14701,1.13382,0.0312,0.088992,0.01536,0.187392,0.81088,0.022623,1244819,1244819,415283,33.3609,1920,1080,raygs,triangles,1,off,0,on,-4
1781754704003995397,11934.4,827.468,1.20851,1.14803,1.13651,0.030208,0.088896,0.016384,0.18944,0.811584,0.021743,1244819,1244819,415283,33.3609,1920,1080,raygs,triangles,1,off,0,on,-4
1781754704005176706,11935.6,827.501,1.20846,1.14819,1.13382,0.029312,0.089728,0.01536,0.188416,0.811008,0.02438,1244819,1244819,415283,33.3609,1920,1080,raygs,triangles,1,off,0,on,-4
1781754704006347306,11936.7,827.384,1.20863,1.14675,1.13523,0.03024,0.0896,0.016384,0.188416,0.810592,0.027131,1244819,1244819,415283,33.3609,1920,1080,raygs,triangles,1,off,0,on,-4
1781754704007519867,11937.9,827.495,1.20847,1.14717,1.13392,0.030336,0.088992,0.016384,0.188416,0.809792,0.025831,1244819,1244819,415283,33.3609,1920,1080,raygs,triangles,1,off,0,on,-4
1781754704008688780,11939.1,828.92,1.20639,1.1479,1.13536,0.029984,0.089568,0.016384,0.188416,0.811008,0.024578,1244819,1244819,415283,33.3609,1920,1080,raygs,triangles,1,off,0,on,-4
1781754704010108085,11940.5,828.719,1.20668,1.38934,1.37798,0.030176,0.089632,0.016384,0.431104,0.810688,0.024446,1244819,1244819,415283,33.3609,1920,1080,raygs,triangles,1,off,0,on,-4
1781754704011442353,11941.8,825.984,1.21068,1.2873,1.27485,0.030208,0.089312,0.015616,0.328704,0.811008,0.027327,1244819,1244819,415283,33.3609,1920,1080,raygs,triangles,1,off,0,on,-4
1781754704012599923,11943,823.94,1.21368,1.14778,1.13565,0.030368,0.090496,0.016384,0.187392,0.811008,0.025487,1244819,1244819,415283,33.3609,1920,1080,raygs,triangles,1,off,0,on,-4
1781754704013765906,11944.2,824.218,1.21327,1.14646,1.13408,0.029664,0.089632,0.016384,0.188416,0.809984,0.025565,1244819,1244819,415283,33.3609,1920,1080,raygs,triangles,1,off,0,on,-4
1781754704014937839,11945.3,824.468,1.2129,1.14608,1.13123,0.029248,0.089248,0.01536,0.187392,0.809984,0.024766,1244819,1244819,415283,33.3609,1920,1080,raygs,triangles,1,off,0,on,-4
1781754704016115538,11946.5,824.5,1.21286,1.14778,1.1345,0.029952,0.088736,0.01536,0.18944,0.811008,0.025452,1244819,1244819,415283,33.3609,1920,1080,raygs,triangles,1,off,0,on,-4
1781754704017280714,11947.7,826.783,1.20951,1.14701,1.13494,0.030176,0.089888,0.016384,0.187712,0.810784,0.024245,1244819,1244819,415283,33.3609,1920,1080,raygs,triangles,1,off,0,on,-4
1781754704018568128,11949,828.479,1.20703,1.1481,1.13507,0.030272,0.088992,0.016384,0.18944,0.809984,0.024386,1244819,1244819,415283,33.3609,1920,1080,raygs,triangles,1,off,0,on,-4
1781754704019740807,11950.1,827.849,1.20795,1.1488,1.13741,0.030944,0.089632,0.016384,0.18944,0.811008,0.024336,1244819,1244819,415283,33.3609,1920,1080,raygs,triangles,1,off,0,on,-4
1781754704020919848,11951.3,827.77,1.20807,1.14835,1.13603,0.030528,0.088992,0.01536,0.190464,0.810688,0.024933,1244819,1244819,415283,33.3609,1920,1080,raygs,triangles,1,off,0,on,-4
1781754704022090596,11952.5,827.342,1.20869,1.14698,1.13501,0.030272,0.090016,0.016384,0.187392,0.810944,0.024366,1244819,1244819,415283,33.3609,1920,1080,raygs,triangles,1,off,0,on,-4
1781754704023266185,11953.7,827.741,1.20811,1.14819,1.13514,0.030336,0.088992,0.01536,0.18944,0.811008,0.024371,1244819,1244819,415283,33.3609,1920,1080,raygs,triangles,1,off,0,on,-4
1781754704024444213,11954.8,829.052,1.2062,1.14893,1.13699,0.030464,0.0896,0.016384,0.18976,0.810784,0.024375,1244819,1244819,415283,33.3609,1920,1080,raygs,triangles,1,off,0,on,-4
1781754704025612694,11956,829.242,1.20592,1.14566,1.13414,0.029888,0.089472,0.016384,0.188416,0.809984,0.024521,1244819,1244819,415283,33.3609,1920,1080,raygs,triangles,1,off,0,on,-4
1781754704027032504,11957.4,829.552,1.20547,1.38227,1.37104,0.029952,0.08976,0.016384,0.423936,0.811008,0.027671,1244819,1244819,415283,33.3609,1920,1080,raygs,triangles,1,off,0,on,-4
1781754704028362816,11958.8,826.362,1.21012,1.28675,1.27389,0.030112,0.089312,0.015584,0.327904,0.810976,0.031669,1244819,1244819,415283,33.3609,1920,1080,raygs,triangles,1,off,0,on,-4
1781754704029500758,11959.9,824.79,1.21243,1.14582,1.1328,0.030144,0.089792,0.01536,0.186496,0.811008,0.017687,1244819,1244819,415283,33.3609,1920,1080,raygs,triangles,1,off,0,on,-4
1781754704030682397,11961.1,824.924,1.21223,1.1465,1.13402,0.029664,0.089472,0.016384,0.187488,0.811008,0.024537,1244819,1244819,415283,33.3609,1920,1080,raygs,triangles,1,off,0,on,-4
1781754704031850259,11962.2,824.842,1.21235,1.14717,1.13424,0.030336,0.089504,0.01536,0.188416,0.810624,0.024124,1244819,1244819,415283,33.3609,1920,1080,raygs,triangles,1,off,0,on,-4
1781754704033037000,11963.4,825.157,1.21189,1.16355,1.15024,0.030464,0.088768,0.01536,0.204832,0.810816,0.024184,1244819,1244819,415283,33.3609,1920,1080,raygs,triangles,1,off,0,on,-4
1781754704034215344,11964.6,827.265,1.2088,1.14842,1.13648,0.03056,0.08976,0.015712,0.18944,0.811008,0.027268,1244819,1244819,415283,33.3609,1920,1080,raygs,triangles,1,off,0,on,-4
1781754704035513014,11965.9,828.778,1.2066,1.14906,1.13488,0.030176,0.088992,0.015552,0.18944,0.81072,0.025628,1244819,1244819,415283,33.3609,1920,1080,raygs,triangles,1,off,0,on,-4
1781754704036679927,11967.1,827.278,1.20878,1.14774,1.13466,0.03088,0.088992,0.016384,0.187392,0.811008,0.024283,1244819,1244819,415283,33.3609,1920,1080,raygs,triangles,1,off,0,on,-4
1781754704037850213,11968.2,827.623,1.20828,1.14851,1.13603,0.029632,0.089568,0.016384,0.190464,0.809984,0.023956,1244819,1244819,415283,33.3609,1920,1080,raygs,triangles,1,off,0,on,-4
1781754704039025225,11969.4,827.681,1.20819,1.14787,1.13693,0.030016,0.089472,0.016384,0.18944,0.811616,0.025428,1244819,1244819,415283,33.3609,1920,1080,raygs,triangles,1,off,0,on,-4
1781754704040200297,11970.6,827.273,1.20879,1.14598,1.13216,0.030176,0.089248,0.01536,0.187392,0.809984,0.027206,1244819,1244819,415283,33.3609,1920,1080,raygs,triangles,1,off,0,on,-4
1781754704041376247,11971.8,827.368,1.20865,1.14829,1.1361,0.030304,0.088832,0.016384,0.189824,0.810752,0.024629,1244819,1244819,415283,33.3609,1920,1080,raygs,triangles,1,off,0,on,-4
1781754704042548383,11972.9,829.619,1.20537,1.14787,1.13597,0.030368,0.089216,0.016384,0.18944,0.81056,0.023621,1244819,1244819,415283,33.3609,1920,1080,raygs,triangles,1,off,0,on,-4
1781754704043945484,11974.3,828.661,1.20677,1.3657,1.35261,0.0304,0.089312,0.016384,0.406528,0.809984,0.024165,1244819,1244819,415283,33.3609,1920,1080,raygs,triangles,1,off,0,on,-4
1781754704045278660,11975.7,827.603,1.20831,1.2873,1.27366,0.030176,0.089376,0.015424,0.328704,0.809984,0.027365,1244819,1244819,415283,33.3609,1920,1080,raygs,triangles,1,off,0,on,-4
1781754704046448870,11976.8,825.663,1.21115,1.14835,1.13517,0.030528,0.089984,0.016256,0.187392,0.811008,0.025779,1244819,1244819,415283,33.3609,1920,1080,raygs,triangles,1,off,0,on,-4
1781754704047607189,11978,825.86,1.21086,1.14803,1.13533,0.030016,0.08944,0.016384,0.188704,0.810784,0.025431,1244819,1244819,415283,33.3609,1920,1080,raygs,triangles,1,off,0,on,-4
1781754704048777200,11979.2,826.024,1.21062,1.14637,1.13235,0.03056,0.089056,0.01536,0.187392,0.809984,0.025141,1244819,1244819,415283,33.3609,1920,1080,raygs,triangles,1,off,0,on,-4
1781754704049959130,11980.4,828.412,1.20713,1.14669,1.1328,0.029888,0.089152,0.01536,0.187392,0.811008,0.028338,1244819,1244819,415283,33.3609,1920,1080,raygs,triangles,1,off,0,on,-4
1781754704051160465,11981.6,829.287,1.20586,1.14819,1.13712,0.030464,0.089856,0.016384,0.189568,0.810848,0.036125,1244819,1244819,415283,33.3609,1920,1080,raygs,triangles,1,off,0,on,-4
1781754704052484480,11982.9,829.14,1.20607,1.14848,1.13712,0.03008,0.08944,0.016384,0.18944,0.811776,0.033825,1244819,1244819,415283,33.3609,1920,1080,raygs,triangles,1,off,0,on,-4
1781754704053604771,11984,827.344,1.20869,1.14896,1.13542,0.031104,0.08896,0.01536,0.18944,0.81056,0.017234,1244819,1244819,415283,33.3609,1920,1080,raygs,triangles,1,off,0,on,-4
1781754704054776788,11985.2,827.857,1.20794,1.14835,1.13354,0.029472,0.08928,0.01536,0.188416,0.811008,0.027372,1244819,1244819,415283,33.3609,1920,1080,raygs,triangles,1,off,0,on,-4
1781754704055942802,11986.3,827.995,1.20774,1.14746,1.13462,0.030592,0.089056,0.015552,0.188416,0.811008,0.027212,1244819,1244819,415283,33.3609,1920,1080,raygs,triangles,1,off,0,on,-4
1781754704057111791,11987.5,828.211,1.20742,1.14714,1.1352,0.030336,0.089248,0.016192,0.188416,0.811008,0.02671,1244819,1244819,415283,33.3609,1920,1080,raygs,triangles,1,off,0,on,-4
1781754704058293624,11988.7,828.21,1.20742,1.14787,1.13488,0.030368,0.089728,0.01536,0.188416,0.811008,0.02622,1244819,1244819,415283,33.3609,1920,1080,raygs,triangles,1,off,0,on,-4
1781754704059619550,11990,829.567,1.20545,1.14707,1.13395,0.030528,0.08864,0.01536,0.188416,0.811008,0.046372,1244819,1244819,415283,33.3609,1920,1080,raygs,triangles,1,off,0,on,-4
1781754704060892256,11991.3,827.789,1.20804,1.39936,1.38848,0.030336,0.090304,0.016384,0.440544,0.810912,0.015805,1244819,1244819,415283,33.3609,1920,1080,raygs,triangles,1,off,0,on,-4
1781754704062218616,11992.6,826.754,1.20955,1.30314,1.29133,0.029664,0.089312,0.171008,0.190464,0.81088,0.029413,1244819,1244819,415283,33.3609,1920,1080,raygs,triangles,1,off,0,on,-4
1781754704063389431,11993.8,824.985,1.21214,1.14819,1.13565,0.03136,0.089152,0.015712,0.188416,0.811008,0.025677,1244819,1244819,415283,33.3609,1920,1080,raygs,triangles,1,off,0,on,-4
1781754704064583186,11995,825.172,1.21187,1.14896,1.13773,0.030112,0.08976,0.016384,0.190464,0.811008,0.031966,1244819,1244819,415283,33.3609,1920,1080,raygs,triangles,1,off,0,on,-4
1781754704065732233,11996.1,824.667,1.21261,1.14598,1.1353,0.030208,0.089696,0.016384,0.188416,0.810592,0.019058,1244819,1244819,415283,33.3609,1920,1080,raygs,triangles,1,off,0,on,-4
1781754704066904790,11997.3,828.02,1.2077,1.14832,1.13645,0.030496,0.090176,0.016352,0.18944,0.809984,0.024852,1244819,1244819,415283,33.3609,1920,1080,raygs,triangles,1,off,0,on,-4
1781754704068206258,11998.6,829.017,1.20625,1.14851,1.13398,0.029664,0.089248,0.015648,0.18944,0.809984,0.027855,1244819,1244819,415283,33.3609,1920,1080,raygs,triangles,1,off,0,on,-4
1781754704069376080,11999.8,827.393,1.20862,1.14976,1.13587,0.03088,0.089376,0.016384,0.188416,0.810816,0.02491,1244819,1244819,415283,33.3609,1920,1080,raygs,triangles,1,off,0,on,-4
1781754704070546652,12000.9,827.26,1.20881,1.14835,1.1369,0.030144,0.08992,0.016384,0.18944,0.811008,0.02529,1244819,1244819,415283,33.3609,1920,1080,raygs,triangles,1,off,0,on,-4
